#!ascii label  , from subject sub-01_ses-005 vox2ras=TkReg
1037
120503  24.361  -4.815  -2.837 0.2500000000
120512  25.064  -4.929  -3.434 0.2500000000
119375  25.508  -5.455  -3.433 0.7500000000
122960  23.704  -2.601  -3.825 0.2500000000
122950  23.678  -3.117  -3.470 0.1250000000
121705  24.170  -3.638  -3.504 0.2500000000
120513  24.666  -4.287  -3.596 0.2500000000
120522  25.290  -4.613  -4.093 0.7500000000
118179  25.991  -5.566  -4.010 0.8750000000
119389  25.583  -5.098  -3.964 0.8750000000
237540  26.433  -5.982  -4.086 0.8750000000
121717  24.127  -3.153  -4.153 0.3750000000
121716  24.735  -3.655  -4.095 0.3750000000
121715  25.394  -3.622  -4.591 0.8750000000
236320  25.139  -4.116  -4.258 0.7500000000
120533  27.084  -4.168  -4.863 1.0000000000
225012  26.388  -4.079  -4.894 1.0000000000
120521  25.725  -4.277  -4.663 0.8750000000
119387  26.637  -5.445  -4.425 1.0000000000
209397  25.783  -4.784  -4.386 0.8750000000
119386  27.414  -5.665  -4.740 1.0000000000
124248  23.757  -2.072  -4.180 0.2500000000
124247  24.217  -2.607  -4.777 0.7500000000
122972  25.217  -2.574  -5.010 0.8750000000
122971  25.681  -3.034  -4.951 0.8750000000
122959  24.950  -3.085  -4.541 0.7500000000
228264  27.509  -3.682  -5.331 1.0000000000
121729  26.772  -3.580  -5.191 1.0000000000
122970  26.317  -2.968  -5.556 1.0000000000
120531  28.322  -4.654  -5.372 1.0000000000
120532  27.731  -4.479  -5.338 1.0000000000
119399  27.923  -5.149  -5.067 1.0000000000
120519  27.267  -4.852  -4.668 1.0000000000
206710  23.288  -2.181  -3.571 0.1250000000
124265  25.721  -2.083  -5.315 1.0000000000
124266  24.881  -2.088  -5.067 0.8750000000
213695  25.867  -2.610  -5.347 1.0000000000
121727  28.626  -3.435  -5.723 1.0000000000
230483  28.000  -3.052  -5.547 1.0000000000
122969  27.196  -3.021  -5.492 1.0000000000
122982  26.872  -2.542  -5.919 1.0000000000
211131  28.751  -4.032  -5.400 1.0000000000
121728  28.167  -3.940  -5.551 1.0000000000
200018  30.656  -3.880  -5.296 1.0000000000
236153  29.435  -4.035  -5.162 1.0000000000
130652  22.070  2.114  -4.320 0.2500000000
124249  23.264  -1.688  -3.706 0.2500000000
125497  23.759  -1.472  -4.337 0.3750000000
125514  24.840  -1.500  -5.056 1.0000000000
125515  24.308  -1.194  -4.793 0.6250000000
217657  25.351  -1.665  -5.228 1.0000000000
124284  26.864  -2.057  -5.960 1.0000000000
125512  26.343  -1.803  -5.671 1.0000000000
122980  29.393  -2.397  -6.024 1.0000000000
221021  28.024  -2.365  -5.910 1.0000000000
125531  27.364  -1.583  -6.244 1.0000000000
124280  30.039  -2.069  -6.588 1.0000000000
122968  30.412  -3.052  -5.605 1.0000000000
122978  30.550  -2.424  -6.132 1.0000000000
130671  22.799  1.897  -4.910 0.5000000000
129371  22.285  1.420  -4.441 0.3750000000
128120  23.182  0.600  -4.770 0.3750000000
128137  23.642  -0.070  -4.814 0.5000000000
199058  23.830  0.589  -5.136 0.5000000000
128135  25.240  0.400  -5.417 0.8750000000
126844  25.171  -0.303  -5.283 1.0000000000
128151  25.567  0.728  -5.721 1.0000000000
125548  27.162  -0.875  -6.681 1.0000000000
126843  25.965  -0.489  -5.585 1.0000000000
125545  29.140  -1.113  -6.687 1.0000000000
125547  27.716  -1.242  -6.614 1.0000000000
202701  30.574  -1.202  -6.709 1.0000000000
125530  29.918  -1.564  -6.893 1.0000000000
124263  31.256  -2.092  -5.873 0.8750000000
131886  22.595  2.625  -4.903 0.5000000000
129370  23.018  1.275  -4.867 0.5000000000
201772  23.408  1.706  -5.340 0.6250000000
129405  24.641  1.477  -5.999 0.6250000000
129404  25.314  1.230  -6.086 1.0000000000
128136  24.517  0.314  -5.206 0.7500000000
128150  25.996  0.500  -5.971 1.0000000000
198444  29.485  0.633  -7.093 1.0000000000
129419  28.877  0.612  -7.152 1.0000000000
198386  28.059  -0.194  -7.433 1.0000000000
200235  27.437  -0.166  -7.216 1.0000000000
128159  29.752  -0.017  -6.992 1.0000000000
126875  29.209  -0.389  -6.950 1.0000000000
126876  28.552  -0.569  -6.977 1.0000000000
128148  30.839  0.440  -6.612 0.8750000000
229321  30.536  -0.257  -6.641 1.0000000000
126860  31.476  -0.677  -6.543 0.8750000000
130670  23.174  2.313  -5.542 0.5000000000
130684  24.293  2.092  -5.933 0.8750000000
130708  26.870  2.461  -7.790 1.0000000000
209775  26.154  1.660  -7.023 1.0000000000
129418  29.082  1.305  -7.076 1.0000000000
216720  28.110  1.689  -8.032 1.0000000000
205979  27.007  0.547  -6.954 1.0000000000
131926  29.123  2.800  -8.167 1.0000000000
129402  31.095  1.066  -6.464 1.0000000000
129416  30.505  1.099  -6.889 1.0000000000
130696  29.942  2.062  -7.509 1.0000000000
130695  30.394  1.740  -7.142 1.0000000000
131885  23.135  3.133  -5.488 0.5000000000
131898  23.873  2.718  -5.897 0.8750000000
211879  24.549  2.594  -6.301 1.0000000000
134379  26.933  4.255  -8.452 1.0000000000
203286  26.539  2.994  -7.780 1.0000000000
131913  25.443  2.961  -7.158 1.0000000000
135583  29.250  4.827  -8.213 1.0000000000
133171  28.859  3.505  -8.389 1.0000000000
207911  29.506  3.963  -7.134 1.0000000000
134378  29.080  4.068  -7.758 1.0000000000
131896  30.496  2.834  -7.057 1.0000000000
133143  29.309  3.391  -7.726 1.0000000000
215188  30.755  2.183  -6.695 0.8750000000
206585  25.644  7.037  -7.084 1.0000000000
217411  25.316  6.233  -6.133 0.3750000000
228468  25.857  6.434  -7.820 0.8750000000
227306  25.715  4.825  -8.213 1.0000000000
135594  28.850  5.093  -8.582 1.0000000000
134394  28.393  4.681  -8.478 1.0000000000
139316  24.893  7.576  -6.571 0.8750000000
139315  25.845  7.684  -7.394 1.0000000000
138118  26.102  7.167  -8.020 1.0000000000
208266  26.932  7.356  -8.561 1.0000000000
135597  27.064  5.682  -8.986 1.0000000000
136884  28.467  5.732  -8.707 1.0000000000
136872  28.524  6.310  -8.754 1.0000000000
136871  29.071  5.524  -8.354 1.0000000000
140484  24.538  8.179  -6.409 0.7500000000
139330  26.675  7.818  -8.206 1.0000000000
139329  27.324  7.830  -9.177 1.0000000000
139327  28.439  7.492  -9.469 1.0000000000
229049  28.174  7.315  -9.861 1.0000000000
138115  28.340  6.920  -9.580 1.0000000000
140502  26.196  8.240  -7.822 1.0000000000
238207  27.187  8.059  -8.734 1.0000000000
139328  28.195  7.773  -9.898 1.0000000000
145997  24.392  12.856  -4.511 0.1250000000
220793  24.100  13.275  -4.060 0.1250000000
146033  24.726  12.684  -5.106 0.2500000000
147109  24.284  13.195  -4.659 0.1250000000
209602  25.058  12.911  -5.977 0.3750000000
148222  24.510  13.938  -5.049 0.2500000000
147132  24.749  13.386  -7.238 0.5000000000
147120  24.721  13.781  -6.433 0.2500000000
148244  24.096  14.357  -7.391 0.3750000000
148219  24.115  13.603  -4.346 0.2500000000
148233  24.732  14.178  -5.911 0.2500000000
149389  24.357  15.046  -5.990 0.2500000000
148232  24.351  14.671  -6.708 0.2500000000
149394  23.240  15.509  -7.179 0.2500000000
227594  23.566  15.052  -7.451 0.3750000000
149399  23.667  15.148  -8.164 0.3750000000
149398  23.341  15.601  -7.955 0.2500000000
232831  23.791  -3.533  -3.054 0.1250000000
120530  29.237  -4.753  -5.025 1.0000000000
130683  24.758  2.009  -6.333 0.8750000000
131927  28.483  2.758  -8.535 1.0000000000
119355  24.475  -5.380  -2.237 0.1250000000
118167  25.348  -5.868  -3.024 0.6250000000
118165  26.660  -6.470  -3.882 0.7500000000
122940  23.583  -3.041  -2.960 0.1250000000
116966  27.044  -7.032  -3.627 1.0000000000
120494  23.954  -4.436  -2.645 0.1250000000
118177  27.815  -6.206  -4.442 1.0000000000
119397  29.412  -5.759  -5.083 1.0000000000
119395  30.536  -5.010  -4.804 1.0000000000
125498  23.128  -1.130  -4.029 0.3750000000
128121  22.552  0.415  -4.229 0.2500000000
126828  22.597  -0.156  -4.060 0.2500000000
122967  30.949  -2.766  -5.671 0.8750000000
126859  32.100  -0.326  -6.538 0.8750000000
125511  31.363  -1.380  -6.395 0.8750000000
129401  31.585  1.163  -5.961 0.8750000000
136845  25.020  6.337  -5.658 0.1250000000
136861  24.863  5.940  -5.998 0.1250000000
236827  22.864  3.633  -5.267 0.3750000000
133130  24.046  3.824  -6.471 0.6250000000
133142  29.827  3.434  -7.057 1.0000000000
130681  31.203  1.712  -6.257 0.8750000000
138108  25.317  6.753  -6.270 0.5000000000
136860  25.230  5.813  -6.668 0.3750000000
135572  25.337  5.258  -6.986 0.8750000000
135570  29.443  5.142  -7.749 1.0000000000
136858  29.267  5.729  -7.428 1.0000000000
138106  29.238  6.475  -7.086 1.0000000000
138114  28.724  7.007  -8.779 1.0000000000
141570  25.122  8.797  -6.904 0.8750000000
141584  26.526  8.892  -8.465 1.0000000000
140516  27.645  8.803  -9.331 1.0000000000
231843  28.160  8.358  -8.766 1.0000000000
145988  25.170  12.878  -3.833 0.1250000000
146007  24.802  12.087  -4.827 0.1250000000
220697  24.791  11.551  -6.570 0.6250000000
147151  24.674  13.116  -8.307 0.5000000000
147100  24.158  13.211  -4.260 0.2500000000
148257  23.906  14.191  -8.566 0.5000000000
149382  24.300  14.223  -3.948 0.2500000000
149385  24.424  14.474  -4.778 0.2500000000
149388  24.195  15.520  -5.628 0.1250000000
149393  23.131  15.981  -7.938 0.2500000000
149407  23.724  15.005  -9.116 0.3750000000
149397  24.300  16.116  -8.424 0.2500000000
215228  23.420  15.953  -6.713 0.1250000000
119366  24.887  -5.430  -2.926 0.3750000000
121696  24.110  -4.055  -2.979 0.1250000000
118166  26.032  -6.028  -3.436 0.7500000000
119388  26.065  -5.130  -4.307 0.8750000000
118178  27.007  -6.109  -4.334 1.0000000000
121730  26.037  -3.607  -5.010 1.0000000000
120520  26.373  -4.715  -4.688 1.0000000000
119385  28.205  -5.819  -4.842 1.0000000000
119398  28.679  -5.365  -5.057 1.0000000000
124267  24.213  -1.972  -4.851 0.8750000000
124264  26.261  -2.437  -5.851 1.0000000000
121736  29.090  -3.018  -5.762 1.0000000000
122981  27.501  -2.593  -5.821 1.0000000000
124283  27.413  -2.188  -6.087 1.0000000000
121725  29.935  -3.601  -5.314 1.0000000000
120529  30.134  -4.433  -5.036 1.0000000000
126827  23.033  -0.538  -4.333 0.3750000000
126826  23.688  -0.835  -4.565 0.5000000000
126845  24.381  -0.500  -4.946 0.8750000000
125513  25.460  -1.080  -5.344 1.0000000000
125533  26.254  -1.142  -5.582 1.0000000000
122979  30.022  -2.543  -6.037 1.0000000000
124282  28.731  -2.049  -6.049 1.0000000000
124291  28.737  -1.572  -6.389 1.0000000000
124281  29.398  -1.839  -6.560 1.0000000000
124279  30.675  -1.866  -6.514 1.0000000000
129386  24.278  1.031  -5.432 0.6250000000
128134  25.754  0.142  -5.546 1.0000000000
129403  25.879  0.988  -6.228 1.0000000000
126877  27.860  -0.736  -6.979 1.0000000000
126862  26.563  -0.679  -6.155 1.0000000000
207638  26.254  -0.014  -6.071 1.0000000000
125544  29.849  -0.747  -6.768 1.0000000000
206985  31.314  -0.085  -6.514 0.8750000000
213721  32.007  -1.533  -6.048 0.8750000000
130682  25.163  1.730  -6.471 1.0000000000
129421  26.668  1.196  -7.060 1.0000000000
129417  29.792  1.358  -7.059 1.0000000000
226685  29.199  0.153  -7.115 1.0000000000
227359  27.600  0.621  -7.216 1.0000000000
129433  28.464  1.281  -7.146 1.0000000000
131929  27.199  2.851  -8.297 1.0000000000
131912  26.056  2.391  -7.318 1.0000000000
200681  27.495  2.121  -8.297 1.0000000000
130697  26.794  1.775  -7.614 1.0000000000
129432  28.745  2.165  -8.126 1.0000000000
129420  27.272  1.082  -7.220 1.0000000000
130707  28.112  2.226  -8.590 1.0000000000
131911  29.860  2.683  -7.624 1.0000000000
235965  30.467  2.304  -7.419 1.0000000000
133131  23.717  3.522  -6.010 0.6250000000
131897  24.214  3.260  -6.461 0.7500000000
133144  25.199  3.465  -7.017 1.0000000000
238261  25.932  3.102  -7.514 1.0000000000
201769  26.259  4.056  -8.280 1.0000000000
200105  27.471  3.443  -8.384 1.0000000000
134380  26.176  4.630  -8.454 1.0000000000
134395  27.601  4.860  -8.599 1.0000000000
133160  27.843  4.108  -8.290 1.0000000000
215067  29.621  4.635  -7.518 1.0000000000
134393  28.877  4.419  -8.352 1.0000000000
133159  28.168  3.433  -8.472 1.0000000000
138107  25.374  6.362  -6.997 0.7500000000
136859  25.569  5.809  -7.305 1.0000000000
134381  25.744  4.270  -7.978 1.0000000000
135596  27.492  5.620  -9.054 1.0000000000
135585  25.462  4.712  -7.494 1.0000000000
135584  26.461  5.312  -8.160 1.0000000000
135595  28.123  5.421  -8.703 1.0000000000
140483  25.373  8.194  -7.065 0.8750000000
136873  26.620  5.965  -8.327 1.0000000000
138117  26.766  6.720  -8.533 1.0000000000
138129  27.949  6.667  -9.812 1.0000000000
138128  28.058  6.138  -9.380 1.0000000000
136886  27.341  6.371  -9.107 1.0000000000
209078  28.973  6.355  -8.011 1.0000000000
212557  27.001  8.288  -8.686 1.0000000000
138116  27.608  7.182  -9.612 1.0000000000
140501  27.813  8.365  -9.635 1.0000000000
145989  24.307  13.060  -3.947 0.1250000000
146008  24.342  12.834  -4.682 0.1250000000
148216  24.041  13.523  -3.883 0.2500000000
147121  24.732  13.415  -5.434 0.2500000000
146021  24.737  12.118  -5.225 0.3750000000
237867  24.834  12.365  -5.575 0.5000000000
146032  25.255  12.648  -6.798 0.7500000000
149406  23.541  15.642  -8.620 0.2500000000
119344  24.549  -5.648  -1.793 0.1250000000
118144  24.762  -5.876  -1.753 0.1250000000
118155  25.537  -6.408  -2.865 0.6250000000
116977  27.436  -6.661  -4.065 1.0000000000
136846  23.973  5.936  -5.770 0.5000000000
134357  23.805  4.382  -5.978 0.6250000000
134382  25.410  4.077  -7.074 0.8750000000
134356  24.270  4.269  -6.486 0.7500000000
135573  24.687  5.512  -6.437 0.7500000000
135558  24.307  5.014  -6.077 0.8750000000
134368  24.884  4.654  -6.743 1.0000000000
135571  25.764  5.244  -7.642 1.0000000000
140503  25.788  8.656  -7.538 1.0000000000
141601  27.267  9.193  -9.223 1.0000000000
140515  27.707  8.751  -9.414 1.0000000000
144871  24.820  11.476  -4.976 0.3750000000
144889  24.912  11.972  -7.157 0.7500000000
144880  24.679  12.111  -6.165 0.7500000000
146048  25.170  12.559  -7.743 0.7500000000
148256  24.448  15.712  -8.578 0.2500000000
199660  23.862  15.451  -8.992 0.3750000000
112291  26.893  -9.638  -1.876 0.7500000000
113442  28.470  -9.728  -1.617 0.7500000000
112292  26.353  -9.734  -2.175 0.7500000000
236533  26.292  -9.435  -2.327 0.7500000000
113458  28.093  -9.165  -2.040 0.7500000000
113459  27.344  -9.167  -2.099 0.7500000000
113471  27.225  -8.831  -2.371 0.7500000000
114614  26.943  -8.628  -2.484 0.7500000000
113457  28.579  -8.639  -2.353 0.7500000000
114593  27.787  -8.833  -2.485 0.7500000000
114613  27.544  -8.541  -2.793 0.7500000000
200415  26.617  -7.488  -2.885 0.7500000000
116953  26.322  -6.839  -3.274 0.6250000000
115761  27.910  -8.139  -3.368 0.7500000000
115775  27.235  -7.583  -3.343 0.8750000000
225252  29.339  -8.182  -2.575 0.7500000000
114611  28.808  -8.474  -3.097 0.7500000000
224860  28.576  -8.320  -3.415 0.7500000000
115774  27.943  -7.335  -3.758 0.8750000000
200748  29.732  -7.724  -3.103 0.7500000000
115772  29.203  -7.694  -3.871 0.7500000000
116965  28.842  -7.265  -4.022 0.8750000000
116976  28.298  -6.778  -4.286 0.8750000000
118164  30.147  -6.566  -4.360 0.7500000000
116974  29.697  -6.819  -4.720 0.8750000000
118175  29.556  -6.424  -5.097 0.8750000000
119374  30.842  -5.450  -3.995 0.8750000000
119384  30.357  -5.743  -4.854 0.8750000000
120518  30.982  -4.666  -4.747 0.8750000000
120528  30.774  -4.440  -5.001 0.8750000000
121703  32.276  -3.421  -3.592 0.3750000000
121713  31.901  -3.581  -4.462 0.6250000000
121724  31.494  -3.518  -4.908 0.7500000000
121714  31.059  -4.046  -5.017 0.7500000000
122939  32.724  -2.990  -3.515 0.5000000000
121712  32.471  -3.232  -4.195 0.5000000000
225895  32.668  -2.430  -4.756 0.7500000000
122966  31.587  -2.795  -5.296 0.7500000000
125459  33.548  -1.299  -3.666 0.1250000000
124229  33.440  -2.143  -3.993 0.3750000000
124245  32.620  -2.024  -4.994 0.6250000000
226555  32.308  -1.629  -5.476 0.6250000000
125510  32.257  -1.056  -5.662 0.6250000000
126761  34.083  -0.738  -2.484 0.1250000000
126776  33.647  -0.679  -3.060 0.1250000000
126824  33.226  -0.147  -4.254 0.1250000000
215361  33.362  0.124  -3.700 0.1250000000
214746  32.442  0.059  -5.357 0.6250000000
213326  32.223  0.603  -5.348 0.6250000000
219523  31.894  0.687  -5.782 0.7500000000
219584  33.481  -0.021  -3.151 0.1250000000
129336  33.489  1.514  -3.094 0.1250000000
129369  32.474  1.590  -4.483 0.1250000000
228734  32.228  1.745  -5.025 0.5000000000
129384  31.987  1.194  -5.414 0.6250000000
130668  31.631  1.857  -5.517 0.7500000000
128077  33.692  0.431  -2.826 0.1250000000
231032  32.259  2.056  -4.543 0.5000000000
131866  31.609  2.836  -4.579 0.5000000000
130647  31.352  2.555  -5.175 0.6250000000
130669  31.078  2.350  -5.877 0.7500000000
141562  24.889  9.306  -6.337 0.5000000000
210316  25.380  9.460  -7.149 0.7500000000
133114  30.864  3.418  -5.132 0.6250000000
134354  30.318  3.990  -5.871 0.6250000000
203707  30.075  3.992  -6.576 0.8750000000
198798  30.873  4.504  -4.465 0.5000000000
134340  30.760  4.075  -5.096 0.6250000000
134341  30.547  4.692  -5.651 0.6250000000
135557  30.165  4.990  -6.182 0.7500000000
134367  29.997  4.565  -6.784 0.8750000000
222770  28.973  7.051  -7.632 0.8750000000
139326  28.697  7.523  -8.124 0.8750000000
136843  29.809  5.595  -6.024 0.7500000000
138093  29.310  6.561  -6.212 0.8750000000
212860  29.094  7.123  -6.646 0.8750000000
139314  29.105  7.741  -7.141 0.8750000000
140498  28.792  8.135  -7.483 0.8750000000
203963  30.659  5.062  -4.113 0.3750000000
135542  30.700  4.873  -4.952 0.5000000000
136814  29.997  5.812  -4.659 0.5000000000
138092  29.534  6.126  -5.890 0.6250000000
136797  30.704  5.648  -3.539 0.2500000000
136813  30.220  5.673  -4.080 0.3750000000
136829  29.835  5.999  -5.340 0.5000000000
142661  25.111  9.946  -6.533 0.6250000000
231757  25.428  10.039  -7.299 0.7500000000
141585  25.737  9.090  -7.648 0.8750000000
142668  25.937  9.628  -8.241 0.8750000000
140500  28.271  8.127  -9.469 0.8750000000
140514  27.923  8.607  -9.002 0.7500000000
141569  28.644  9.156  -7.377 0.8750000000
138083  29.414  7.208  -5.856 0.7500000000
138072  30.122  6.230  -4.200 0.3750000000
138073  29.899  6.585  -4.714 0.5000000000
141561  29.206  9.043  -6.221 0.7500000000
138063  30.439  6.269  -3.684 0.2500000000
230556  24.719  10.351  -6.134 0.6250000000
141602  26.563  9.415  -8.936 0.8750000000
142692  27.365  9.370  -9.029 0.8750000000
142694  26.427  9.830  -9.234 0.7500000000
141599  27.633  8.877  -9.504 0.8750000000
142667  28.757  9.722  -7.184 0.7500000000
140471  29.329  8.432  -5.917 0.5000000000
140457  29.941  8.631  -4.340 0.2500000000
223875  29.595  8.772  -4.903 0.5000000000
139287  29.540  8.006  -4.697 0.5000000000
220272  30.381  7.456  -3.447 0.2500000000
143694  24.840  10.968  -5.954 0.5000000000
144898  25.404  11.264  -7.534 0.6250000000
143708  25.694  10.696  -8.777 0.7500000000
143722  26.417  10.149  -9.879 0.7500000000
143734  26.615  10.419  -10.663 0.7500000000
144905  26.614  10.193  -10.053 0.7500000000
222452  26.579  10.142  -9.674 0.7500000000
144922  26.441  11.000  -10.274 0.7500000000
142679  27.225  9.996  -9.045 0.7500000000
143707  27.823  10.488  -8.135 0.7500000000
144897  27.238  10.600  -8.979 0.7500000000
237474  28.754  10.404  -6.105 0.5000000000
143693  28.552  10.715  -6.482 0.3750000000
202167  28.359  10.252  -6.886 0.6250000000
141546  29.840  9.267  -4.551 0.2500000000
142652  29.267  9.811  -5.292 0.3750000000
211929  29.345  10.420  -5.481 0.3750000000
144888  25.311  11.659  -8.303 0.6250000000
144907  25.569  11.061  -9.608 0.7500000000
144921  26.497  10.774  -10.414 0.7500000000
223172  26.831  10.950  -9.645 0.7500000000
229064  27.298  11.439  -8.575 0.6250000000
144887  28.684  11.479  -6.570 0.3750000000
230868  28.275  11.675  -7.020 0.3750000000
215009  29.831  10.400  -4.414 0.1250000000
144869  29.936  11.544  -5.106 0.1250000000
144870  29.434  11.419  -5.686 0.2500000000
146071  25.097  11.623  -10.469 0.7500000000
144906  26.580  10.589  -10.578 0.7500000000
146062  27.501  12.091  -7.854 0.3750000000
146047  28.872  12.218  -6.728 0.2500000000
144896  27.687  11.424  -7.729 0.6250000000
147108  30.558  12.733  -5.500 0.1250000000
146030  30.064  12.522  -5.704 0.1250000000
144859  30.264  11.325  -4.459 0.1250000000
227908  24.894  12.180  -9.205 0.6250000000
146082  25.520  11.585  -10.949 0.3750000000
146081  25.904  12.268  -10.595 0.3750000000
147170  27.858  13.271  -8.324 0.2500000000
146069  27.103  11.968  -8.775 0.3750000000
146070  26.583  11.657  -9.965 0.3750000000
147129  29.851  13.284  -6.489 0.1250000000
147131  28.787  12.653  -7.221 0.3750000000
146061  28.197  12.156  -7.292 0.3750000000
147117  31.586  13.281  -5.506 0.1250000000
146031  29.598  12.586  -6.198 0.1250000000
148307  23.353  13.664  -11.002 0.3750000000
219740  24.087  13.294  -9.514 0.3750000000
226695  24.422  12.551  -10.211 0.3750000000
146096  24.617  12.745  -12.115 0.3750000000
146072  24.390  12.449  -11.154 0.3750000000
147185  26.392  13.290  -10.462 0.3750000000
147197  25.765  13.126  -11.590 0.3750000000
146095  24.993  12.422  -11.632 0.3750000000
148279  27.483  13.593  -9.121 0.3750000000
147150  27.588  12.603  -8.261 0.3750000000
147172  26.583  12.701  -9.815 0.3750000000
149404  30.726  14.322  -8.029 0.1250000000
147148  28.995  13.190  -7.406 0.1250000000
148255  28.635  13.474  -7.972 0.2500000000
148229  30.861  13.753  -6.482 0.1250000000
148329  24.707  14.079  -11.605 0.2500000000
148351  26.036  14.189  -12.293 0.2500000000
148352  25.360  13.786  -12.361 0.3750000000
146097  24.226  12.893  -12.158 0.3750000000
148306  27.017  13.987  -10.299 0.1250000000
148328  26.478  14.022  -11.759 0.3750000000
148305  27.973  14.142  -9.557 0.1250000000
147184  26.888  13.335  -9.566 0.2500000000
149434  29.951  14.861  -9.384 0.1250000000
148278  28.290  13.791  -8.695 0.1250000000
149419  23.623  14.354  -10.171 0.3750000000
149440  23.890  13.918  -11.002 0.3750000000
149486  25.713  14.442  -12.340 0.2500000000
148327  26.802  14.521  -11.361 0.1250000000
149462  26.834  14.671  -11.329 0.1250000000
148326  27.333  14.644  -10.896 0.1250000000
203140  27.229  14.942  -11.255 0.1250000000
207439  30.443  14.973  -9.768 0.1250000000
149460  28.615  14.874  -10.749 0.1250000000
150562  27.836  15.387  -10.184 0.1250000000
149485  27.933  15.077  -11.647 0.1250000000
150571  27.917  15.040  -11.310 0.1250000000
149483  29.937  15.160  -11.022 0.1250000000
149482  30.736  14.889  -10.543 0.1250000000
116975  29.139  -6.794  -4.722 0.8750000000
120511  31.083  -4.772  -4.252 0.6250000000
131867  31.130  3.101  -4.861 0.6250000000
136844  29.416  5.936  -6.549 0.8750000000
139296  29.436  7.847  -5.507 0.5000000000
138064  30.122  6.870  -3.903 0.3750000000
143700  25.201  10.699  -6.791 0.6250000000
143709  25.532  10.393  -7.947 0.8750000000
213304  26.087  10.155  -8.846 0.7500000000
142693  26.911  9.710  -9.114 0.8750000000
207925  26.879  9.913  -9.278 0.7500000000
142678  27.681  9.614  -8.694 0.7500000000
141555  29.212  9.035  -5.438 0.5000000000
206355  29.062  9.521  -5.806 0.5000000000
142666  28.965  9.616  -6.371 0.7500000000
141547  29.493  9.336  -4.978 0.5000000000
148276  29.576  14.332  -8.487 0.1250000000
148350  26.402  14.532  -12.017 0.2500000000
149461  27.685  14.994  -11.265 0.1250000000
149484  29.078  15.191  -11.093 0.1250000000
232549  32.732  -0.090  -4.718 0.5000000000
126825  32.433  -0.590  -5.135 0.6250000000
125529  32.216  -0.881  -6.550 0.7500000000
133100  31.405  3.435  -4.325 0.3750000000
134325  31.082  3.993  -4.377 0.3750000000
135521  30.950  5.063  -3.469 0.2500000000
140481  29.263  8.452  -6.758 0.7500000000
148277  28.908  14.168  -9.246 0.1250000000
135510  31.324  5.534  -3.043 0.1250000000
111063  27.018  -10.527  -1.165 0.7500000000
112278  26.580  -10.175  -1.523 0.7500000000
112279  26.045  -9.932  -1.538 0.7500000000
113443  25.881  -9.303  -1.884 0.7500000000
112276  28.004  -10.113  -1.272 0.7500000000
200997  27.744  -9.740  -1.801 0.7500000000
201831  28.903  -9.315  -1.051 0.7500000000
227479  26.192  -7.523  -2.330 0.6250000000
115763  26.579  -8.093  -2.485 0.7500000000
203119  29.262  -8.561  -1.797 0.6250000000
228430  29.916  -7.686  -2.368 0.7500000000
205320  30.244  -7.203  -2.644 0.6250000000
118163  30.541  -6.182  -3.711 0.6250000000
119373  31.260  -4.958  -3.491 0.5000000000
120502  31.779  -4.511  -2.926 0.3750000000
120510  31.660  -4.396  -3.806 0.5000000000
206819  33.060  -2.995  -2.813 0.1250000000
124207  33.975  -1.893  -2.634 0.1250000000
125458  33.906  -1.364  -2.899 0.1250000000
126760  34.457  -0.719  -1.892 0.1250000000
128067  33.967  0.548  -2.356 0.1250000000
129316  34.070  1.232  -2.159 0.1250000000
130619  33.836  1.724  -2.513 0.1250000000
141571  24.463  8.658  -6.216 0.3750000000
130608  33.420  2.301  -2.804 0.1250000000
130627  32.970  1.950  -3.455 0.1250000000
133089  31.829  3.526  -3.721 0.1250000000
134324  31.344  3.891  -3.906 0.2500000000
134313  31.057  4.454  -3.780 0.2500000000
143695  24.432  10.306  -5.462 0.5000000000
138062  30.900  7.142  -2.933 0.1250000000
136785  30.939  6.329  -3.040 0.2500000000
141528  30.976  9.147  -3.005 0.1250000000
143672  30.596  10.984  -3.987 0.1250000000
144858  30.860  11.595  -4.185 0.1250000000
227664  24.816  11.577  -5.785 0.3750000000
146004  31.773  12.416  -4.253 0.1250000000
148228  31.601  13.726  -6.159 0.1250000000
147106  32.089  13.154  -5.102 0.1250000000
149413  31.042  14.543  -8.681 0.1250000000
149457  31.932  14.713  -9.682 0.1250000000
230213  24.301  14.071  -3.542 0.1250000000
149438  25.396  14.624  -9.814 0.2500000000
149416  26.385  14.887  -9.184 0.1250000000
150557  27.234  15.227  -8.592 0.1250000000
151724  28.066  15.616  -11.474 0.1250000000
150583  28.307  15.542  -11.726 0.1250000000
228373  28.720  15.740  -12.198 0.1250000000
205537  31.050  -3.414  -5.405 0.7500000000
133129  30.490  3.481  -6.497 0.7500000000
131895  30.773  2.890  -6.249 0.7500000000
216775  28.333  7.982  -8.449 0.8750000000
118188  29.849  -6.001  -5.011 0.8750000000
238085  26.768  -7.260  -3.326 0.7500000000
220447  28.524  -6.351  -4.672 0.8750000000
128133  32.180  0.147  -6.036 0.6250000000
135569  29.740  5.216  -6.916 0.8750000000
141600  27.679  8.810  -9.590 0.8750000000
148280  23.721  14.056  -9.956 0.3750000000
149417  25.142  14.913  -8.870 0.1250000000
113460  26.638  -9.263  -2.354 0.7500000000
112277  27.238  -10.031  -1.391 0.7500000000
112257  28.494  -9.815  -0.793 0.7500000000
113441  28.752  -9.047  -1.709 0.7500000000
114594  26.235  -8.820  -2.303 0.7500000000
114612  28.178  -8.542  -2.991 0.7500000000
116954  25.940  -6.993  -2.496 0.6250000000
115762  27.179  -8.120  -2.905 0.7500000000
115760  29.153  -8.082  -3.456 0.7500000000
115773  28.668  -7.959  -3.739 0.8750000000
116963  29.820  -7.067  -4.099 0.7500000000
116952  30.012  -7.240  -3.466 0.7500000000
118173  30.510  -5.987  -4.521 0.7500000000
118174  30.020  -6.316  -4.870 0.8750000000
119365  30.959  -5.596  -3.190 0.6250000000
121695  32.441  -3.400  -3.029 0.2500000000
120509  32.048  -3.908  -3.328 0.5000000000
120517  31.467  -4.149  -4.496 0.6250000000
122958  32.096  -3.096  -4.743 0.7500000000
124230  33.025  -2.331  -4.493 0.5000000000
124184  33.585  -2.388  -2.821 0.1250000000
125479  33.300  -0.806  -4.142 0.2500000000
125495  32.746  -0.741  -4.529 0.3750000000
125496  32.555  -1.278  -5.033 0.6250000000
220613  33.780  -0.101  -2.627 0.1250000000
220603  34.078  -0.075  -2.001 0.1250000000
126777  33.481  -0.462  -3.723 0.1250000000
235943  32.922  0.205  -4.423 0.5000000000
128096  32.901  0.589  -3.948 0.1250000000
129350  33.100  1.223  -3.535 0.1250000000
128119  32.589  0.496  -4.707 0.5000000000
129335  33.791  1.035  -2.734 0.1250000000
128097  32.700  1.376  -3.919 0.1250000000
130628  32.448  2.006  -3.996 0.1250000000
131865  32.119  2.567  -4.226 0.1250000000
131884  30.913  2.938  -5.449 0.6250000000
133128  30.650  3.459  -5.682 0.6250000000
135543  30.166  5.313  -5.338 0.6250000000
139301  29.354  7.813  -6.321 0.7500000000
141568  29.038  9.135  -6.853 0.7500000000
138082  29.610  6.622  -5.494 0.5000000000
141583  28.073  9.221  -8.184 0.7500000000
209121  29.885  7.332  -4.373 0.3750000000
142660  28.622  10.138  -6.394 0.6250000000
222137  28.140  10.012  -7.701 0.7500000000
140466  29.399  8.411  -5.270 0.5000000000
141539  30.212  9.225  -4.037 0.1250000000
140449  30.313  8.621  -3.751 0.1250000000
139279  30.159  7.932  -4.047 0.2500000000
218578  30.538  8.119  -3.523 0.1250000000
143706  28.156  10.528  -7.188 0.6250000000
144879  29.030  11.259  -6.145 0.3750000000
215366  28.162  11.065  -7.120 0.3750000000
142645  29.641  9.847  -4.720 0.1250000000
143684  29.547  10.940  -5.294 0.3750000000
213811  26.330  11.127  -10.623 0.3750000000
221675  29.231  11.852  -6.149 0.3750000000
143673  29.840  10.928  -4.724 0.1250000000
146020  29.791  11.997  -5.717 0.1250000000
146006  30.527  11.883  -4.737 0.1250000000
147130  29.250  12.966  -6.798 0.2500000000
147118  30.895  13.300  -5.864 0.1250000000
146018  30.829  12.453  -4.985 0.1250000000
147119  30.190  13.033  -5.959 0.1250000000
147173  23.610  13.177  -10.738 0.3750000000
147149  28.255  12.808  -7.711 0.2500000000
148242  30.232  13.812  -6.840 0.1250000000
205888  29.888  13.867  -7.498 0.1250000000
148243  29.595  13.466  -7.110 0.1250000000
147186  23.630  12.894  -11.684 0.3750000000
147171  27.069  12.802  -8.960 0.3750000000
148252  31.085  14.137  -7.459 0.1250000000
148253  30.091  14.196  -7.999 0.1250000000
149414  30.212  14.640  -8.638 0.1250000000
149433  30.526  14.842  -9.120 0.1250000000
207644  29.059  13.892  -8.326 0.1250000000
148240  32.029  13.922  -6.808 0.1250000000
227834  25.572  14.505  -11.151 0.2500000000
149439  24.409  14.355  -10.521 0.2500000000
231764  26.327  14.603  -11.742 0.2500000000
149436  28.242  14.617  -10.289 0.1250000000
149459  29.575  14.855  -10.229 0.1250000000
232673  29.990  14.935  -10.524 0.1250000000
149437  26.522  14.749  -10.626 0.1250000000
150572  27.164  14.979  -11.027 0.1250000000
149458  31.229  14.765  -9.786 0.1250000000
150556  27.980  15.287  -8.956 0.1250000000
150563  27.176  14.951  -9.722 0.1250000000
111064  26.621  -10.815  -1.050 0.7500000000
112259  27.566  -10.487  -0.937 0.7500000000
114595  25.999  -7.879  -2.014 0.5000000000
237038  30.479  -6.578  -2.512 0.6250000000
131850  32.854  2.585  -3.123 0.1250000000
131832  33.475  2.967  -2.381 0.1250000000
201821  32.473  2.557  -3.601 0.1250000000
142635  30.461  9.818  -3.724 0.1250000000
149412  31.799  14.537  -8.549 0.1250000000
149432  31.544  14.647  -9.175 0.1250000000
111065  26.039  -10.603  -1.191 0.7500000000
205977  25.124  -8.865  -1.395 0.5000000000
111027  27.398  -11.179  -0.090 0.6250000000
111049  27.720  -10.752  -0.298 0.6250000000
112237  29.046  -9.967  0.388 0.3750000000
211679  28.592  -10.119  -0.162 0.6250000000
199065  29.722  -9.101  -0.048 0.2500000000
113424  29.428  -8.965  -0.689 0.3750000000
119364  31.360  -5.133  -2.718 0.3750000000
142662  24.546  9.757  -5.826 0.3750000000
144881  24.750  11.021  -5.222 0.2500000000
202654  24.636  11.984  -5.320 0.2500000000
111050  27.110  -10.950  -0.692 0.6250000000
114581  29.662  -8.498  -1.116 0.5000000000
116944  30.315  -7.373  -1.861 0.5000000000
228801  30.589  -6.819  -1.983 0.3750000000
111025  29.181  -10.517  0.834 0.5000000000
111026  28.635  -10.539  0.375 0.6250000000
118153  30.646  -6.121  -2.812 0.5000000000
109709  27.287  -11.694  0.348 0.6250000000
113426  24.840  -9.202  -0.880 0.3750000000
112280  25.576  -10.121  -1.178 0.3750000000
109727  26.868  -11.440  -0.277 0.6250000000
111051  26.250  -11.138  -0.716 0.6250000000
236809  28.971  -11.020  1.208 0.3750000000
111007  28.626  -10.883  0.855 0.5000000000
216351  29.748  -10.366  1.065 0.3750000000
114557  30.299  -8.759  0.097 0.2500000000
113410  30.062  -9.338  0.590 0.2500000000
202242  30.153  -8.042  -0.859 0.2500000000
115742  30.456  -7.581  -1.214 0.3750000000
116934  30.777  -7.081  -1.380 0.2500000000
119354  30.932  -5.601  -2.382 0.2500000000
119353  31.513  -5.328  -2.055 0.2500000000
126808  22.495  -0.147  -3.828 0.1250000000
215298  22.379  3.390  -4.996 0.2500000000
121685  32.639  -3.986  -1.953 0.2500000000
228705  23.719  5.379  -5.713 0.3750000000
133116  22.527  4.251  -5.096 0.2500000000
130653  21.623  1.587  -3.806 0.1250000000
126807  22.690  -0.777  -3.753 0.2500000000
116945  25.210  -6.508  -1.997 0.2500000000
134342  23.197  4.897  -5.425 0.3750000000
203722  29.808  -7.913  -1.638 0.5000000000
203927  25.445  -9.541  -1.242 0.5000000000
112258  28.127  -10.354  -0.616 0.6250000000
113425  29.137  -9.577  -0.313 0.5000000000
236128  29.222  -8.896  -1.282 0.5000000000
120492  31.757  -4.862  -2.330 0.2500000000
114596  25.478  -8.477  -1.875 0.3750000000
236938  26.647  -11.182  -0.625 0.6250000000
115752  25.261  -7.611  -1.538 0.3750000000
118143  30.795  -6.231  -2.131 0.2500000000
109708  28.007  -11.052  0.448 0.6250000000
236075  28.238  -10.588  -0.058 0.5000000000
113411  29.493  -9.547  0.324 0.2500000000
112236  29.555  -9.867  0.804 0.2500000000
113409  30.746  -9.006  0.517 0.2500000000
114570  29.950  -8.565  -0.459 0.3750000000
111006  29.581  -10.900  1.287 0.3750000000
108426  28.479  -11.465  1.170 0.3750000000
109694  27.988  -11.827  0.676 0.5000000000
115733  30.728  -7.756  -0.650 0.2500000000
118133  30.955  -6.446  -1.452 0.2500000000
126787  22.847  -1.035  -3.727 0.1250000000
216249  25.789  -12.666  0.337 0.5000000000
108427  28.226  -12.260  1.133 0.2500000000
107050  27.943  -12.811  1.192 0.3750000000
108428  27.416  -12.336  0.939 0.5000000000
109711  25.975  -12.162  -0.043 0.5000000000
107070  25.342  -12.997  0.512 0.3750000000
109712  25.414  -12.043  -0.137 0.5000000000
109728  26.387  -11.613  -0.379 0.5000000000
111052  25.589  -10.986  -0.685 0.3750000000
107054  24.175  -13.608  0.664 0.1250000000
107053  24.906  -13.481  0.533 0.3750000000
111053  24.717  -10.634  -0.513 0.2500000000
104457  24.814  -14.826  1.858 0.1250000000
105692  24.927  -13.886  0.956 0.2500000000
214082  25.501  -13.455  0.854 0.3750000000
234069  28.558  -13.345  1.637 0.2500000000
107052  26.762  -13.552  0.685 0.3750000000
105674  24.019  -14.531  1.792 0.1250000000
229783  26.150  -13.748  0.668 0.3750000000
108449  24.126  -12.218  0.522 0.1250000000
109731  24.375  -11.075  -0.028 0.1250000000
134312  31.551  4.131  -3.434 0.1250000000
111066  25.349  -10.492  -0.938 0.3750000000
109710  26.524  -11.913  0.125 0.5000000000
108445  26.792  -12.211  0.551 0.5000000000
112260  24.871  -9.864  -0.793 0.2500000000
108410  29.173  -12.437  1.764 0.2500000000
107069  26.053  -13.167  0.500 0.5000000000
108446  26.279  -12.532  0.282 0.5000000000
108447  25.538  -12.544  0.116 0.5000000000
108429  26.775  -12.830  0.674 0.3750000000
107051  27.349  -13.129  1.062 0.3750000000
108448  25.016  -12.474  0.232 0.2500000000
109713  24.708  -11.770  0.130 0.1250000000
109730  25.128  -11.374  -0.316 0.1250000000
109729  25.854  -11.567  -0.378 0.5000000000
233256  24.211  -14.013  1.149 0.1250000000
105693  23.610  -13.861  1.269 0.1250000000
108430  23.945  -12.890  0.710 0.1250000000
107055  23.475  -13.113  1.158 0.1250000000
107071  24.630  -13.022  0.458 0.1250000000
104476  24.661  -14.221  1.550 0.1250000000
105689  27.273  -13.827  1.137 0.2500000000
104474  25.781  -14.575  1.488 0.2500000000
104473  26.379  -14.630  1.246 0.2500000000
107033  28.005  -13.426  1.415 0.2500000000
104475  25.284  -14.282  1.629 0.1250000000
105690  26.611  -14.111  0.917 0.2500000000
105691  25.831  -14.092  1.037 0.2500000000
104455  26.037  -15.027  1.669 0.1250000000
116946  24.927  -6.946  -1.434 0.1250000000
140472  24.035  8.180  -5.826 0.1250000000
139317  24.301  7.819  -6.036 0.1250000000
141563  24.299  9.029  -5.626 0.1250000000
140467  24.062  8.351  -5.381 0.1250000000
141556  23.868  9.108  -5.046 0.1250000000
209003  24.081  10.122  -4.781 0.1250000000
141549  24.207  9.230  -4.344 0.1250000000
142646  23.863  9.556  -4.404 0.1250000000
143685  24.495  10.607  -4.708 0.1250000000
139303  23.919  7.758  -5.615 0.1250000000
143675  24.287  10.038  -4.261 0.1250000000
143664  24.752  10.179  -3.773 0.1250000000
138094  25.089  6.531  -5.707 0.1250000000
139302  24.559  7.306  -5.870 0.1250000000
133117  21.828  3.922  -4.390 0.1250000000
212824  24.338  -7.713  -0.589 0.1250000000
234765  23.284  5.981  -5.624 0.1250000000
139290  24.322  7.960  -5.178 0.1250000000
141548  24.906  9.074  -4.432 0.1250000000
142637  24.776  9.834  -3.639 0.1250000000
143663  25.618  10.307  -3.278 0.1250000000
118156  24.935  -5.937  -2.506 0.1250000000
115751  25.684  -7.170  -1.859 0.1250000000
142653  23.969  9.696  -5.119 0.1250000000
114582  24.952  -8.063  -1.097 0.1250000000
114583  24.586  -8.537  -0.604 0.1250000000
134343  22.592  5.234  -5.042 0.1250000000
115743  24.595  -7.323  -1.007 0.1250000000
116935  24.485  -6.796  -0.944 0.1250000000
115734  24.093  -7.165  -0.626 0.1250000000
140460  24.340  8.738  -4.947 0.1250000000
142638  24.082  9.549  -3.802 0.1250000000
141541  24.431  9.420  -3.910 0.1250000000
144837  25.806  11.036  -2.857 0.1250000000
109692  30.023  -11.368  1.657 0.1250000000
111005  31.039  -10.550  1.480 0.1250000000
112218  30.139  -9.895  1.080 0.1250000000
113395  30.670  -9.484  0.971 0.1250000000
114555  31.333  -8.742  0.530 0.1250000000
114569  30.506  -8.239  -0.301 0.1250000000
115719  31.025  -7.913  -0.090 0.1250000000
200751  30.915  -7.347  -0.927 0.1250000000
116905  32.719  -6.902  0.486 0.1250000000
116922  31.718  -6.983  -0.228 0.1250000000
116933  31.147  -6.723  -0.740 0.1250000000
118118  32.555  -5.738  -0.051 0.1250000000
119343  31.694  -5.464  -1.376 0.1250000000
119325  33.076  -5.143  -0.146 0.1250000000
119326  32.547  -5.138  -0.584 0.1250000000
120480  32.403  -4.589  -1.585 0.1250000000
105671  28.465  -13.801  1.911 0.1250000000
105673  27.051  -14.441  1.377 0.1250000000
107032  29.068  -13.245  1.889 0.1250000000
107031  29.728  -12.760  2.106 0.1250000000
109674  31.095  -11.557  2.017 0.1250000000
109675  30.509  -11.837  1.877 0.1250000000
233864  31.164  -10.102  1.355 0.1250000000
113393  32.532  -9.400  1.333 0.1250000000
114554  31.931  -8.251  0.729 0.1250000000
115718  31.687  -7.629  0.137 0.1250000000
115716  33.050  -7.308  0.896 0.1250000000
118100  33.220  -5.695  0.328 0.1250000000
120479  32.803  -4.255  -1.259 0.1250000000
203005  33.193  -3.995  -0.949 0.1250000000
120458  33.554  -4.560  -0.185 0.1250000000
220026  32.831  -3.643  -2.549 0.1250000000
109693  29.227  -11.611  1.556 0.1250000000
110992  30.686  -11.108  1.813 0.1250000000
119352  31.962  -4.959  -1.785 0.1250000000
113394  31.169  -9.215  0.819 0.1250000000
118132  31.415  -6.050  -1.012 0.1250000000
108411  28.558  -12.834  1.491 0.1250000000
105672  27.716  -14.107  1.679 0.1250000000
108409  30.343  -12.400  2.219 0.1250000000
112215  31.927  -9.741  1.214 0.1250000000
229407  31.367  -8.203  0.279 0.1250000000
114538  31.797  -9.123  0.973 0.1250000000
235283  32.165  -6.020  -0.236 0.1250000000
116906  32.229  -7.153  0.114 0.1250000000
118101  32.960  -6.333  0.351 0.1250000000
118131  32.023  -5.651  -0.649 0.1250000000
120465  33.006  -4.529  -0.641 0.1250000000
119314  33.649  -5.061  0.237 0.1250000000
104452  28.052  -14.408  2.284 0.1250000000
105670  29.085  -13.824  2.210 0.1250000000
110989  32.647  -10.598  2.043 0.1250000000
230268  33.901  -4.092  -0.172 0.1250000000
105651  29.330  -14.104  2.722 0.1250000000
109673  31.715  -11.466  2.036 0.1250000000
109676  29.852  -12.101  1.803 0.1250000000
112197  31.568  -10.202  1.494 0.1250000000
112216  31.285  -9.687  1.168 0.1250000000
112217  30.751  -10.028  1.263 0.1250000000
114537  32.374  -8.668  1.148 0.1250000000
114556  30.908  -8.503  0.130 0.1250000000
115717  32.410  -7.521  0.596 0.1250000000
115732  31.268  -7.457  -0.500 0.1250000000
115759  29.608  -7.649  -3.827 0.7500000000
116921  32.261  -6.445  0.084 0.1250000000
116964  29.435  -7.295  -4.287 0.8750000000
118119  31.718  -6.277  -0.409 0.1250000000
118142  31.242  -5.871  -1.738 0.2500000000
118154  30.316  -6.659  -3.131 0.6250000000
118176  28.984  -6.116  -4.947 0.8750000000
119342  32.204  -5.084  -1.172 0.1250000000
119383  30.720  -5.297  -4.582 0.8750000000
119396  29.928  -5.320  -4.901 1.0000000000
120464  33.524  -4.020  -0.535 0.1250000000
120466  32.580  -4.718  -1.043 0.1250000000
120491  32.107  -4.444  -2.186 0.2500000000
120501  32.291  -3.964  -2.646 0.2500000000
121684  33.099  -3.387  -2.105 0.1250000000
121704  31.985  -3.817  -4.013 0.6250000000
121726  29.201  -3.501  -5.542 1.0000000000
121735  29.659  -2.950  -5.628 1.0000000000
121737  28.654  -2.712  -5.794 1.0000000000
122948  33.317  -2.518  -3.478 0.5000000000
122949  33.063  -2.690  -4.113 0.5000000000
122957  32.641  -2.736  -4.539 0.7500000000
124208  33.709  -1.967  -3.293 0.1250000000
124246  32.328  -2.561  -5.009 0.7500000000
124262  32.057  -2.121  -5.495 0.6250000000
124292  28.023  -1.803  -6.376 1.0000000000
125480  33.070  -1.534  -4.423 0.6250000000
125532  26.820  -1.352  -5.984 1.0000000000
125546  28.331  -1.167  -6.655 1.0000000000
126842  32.296  -0.416  -5.986 0.6250000000
126861  26.783  -0.137  -6.660 1.0000000000
128078  33.380  0.684  -3.267 0.1250000000
128104  22.172  0.317  -3.696 0.1250000000
128122  21.954  0.938  -3.952 0.1250000000
128147  31.587  0.422  -6.258 0.7500000000
128149  26.398  0.614  -6.525 1.0000000000
128158  30.144  0.516  -6.956 1.0000000000
128160  28.685  -0.010  -7.269 1.0000000000
128161  28.228  0.493  -7.367 1.0000000000
129383  32.333  1.112  -4.880 0.5000000000
129385  24.996  0.943  -5.508 1.0000000000
129387  23.630  1.134  -5.213 0.5000000000
129406  23.973  1.554  -5.660 0.6250000000
129422  26.152  1.206  -6.707 1.0000000000
129423  25.719  1.485  -6.536 1.0000000000
129434  27.889  1.190  -7.282 1.0000000000
129435  27.397  1.512  -7.761 1.0000000000
130646  31.926  2.281  -4.868 0.5000000000
130694  30.790  1.558  -6.726 0.8750000000
130698  25.168  2.349  -6.785 0.8750000000
130706  29.422  2.307  -7.860 1.0000000000
131839  33.007  2.898  -2.754 0.1250000000
131851  32.126  2.996  -3.760 0.1250000000
131852  31.776  3.047  -4.086 0.3750000000
131914  24.829  3.060  -6.780 1.0000000000
131928  27.829  2.721  -8.631 1.0000000000
133101  31.043  3.604  -4.744 0.6250000000
133115  23.335  3.952  -5.439 0.3750000000
133145  24.634  3.787  -6.769 0.6250000000
133161  26.754  3.527  -8.213 1.0000000000
133162  26.079  3.586  -7.925 1.0000000000
133163  25.654  3.554  -7.424 1.0000000000
133172  28.414  4.017  -8.217 1.0000000000
134355  30.240  4.468  -6.206 0.8750000000
134396  26.883  5.049  -8.721 1.0000000000
135520  31.300  4.716  -3.103 0.1250000000
135531  30.295  5.341  -4.598 0.5000000000
135544  22.987  5.951  -5.357 0.1250000000
136885  27.666  6.090  -9.374 1.0000000000
139295  29.685  7.268  -5.110 0.5000000000
140448  30.665  8.619  -3.196 0.1250000000
140482  28.843  8.696  -7.195 0.8750000000
140499  28.211  8.538  -7.910 0.8750000000
141538  30.564  9.194  -3.494 0.1250000000
142644  30.066  9.822  -4.248 0.1250000000
142659  29.028  10.101  -5.876 0.5000000000
143662  30.225  10.424  -3.912 0.1250000000
143674  29.437  10.420  -4.899 0.1250000000
143692  29.136  10.768  -5.855 0.3750000000
145996  25.278  12.610  -4.327 0.1250000000
146005  31.160  12.154  -4.475 0.1250000000
146017  31.406  12.738  -4.703 0.1250000000
146019  30.279  12.184  -5.291 0.1250000000
146083  24.537  12.555  -11.805 0.3750000000
146105  24.727  13.140  -12.271 0.3750000000
147096  24.227  13.321  -3.736 0.1250000000
147107  31.140  12.941  -5.247 0.1250000000
147116  32.202  13.406  -5.700 0.1250000000
147198  25.179  13.134  -12.125 0.3750000000
147209  25.878  13.741  -12.290 0.2500000000
148230  30.396  13.473  -6.305 0.1250000000
148231  23.491  16.010  -8.425 0.2500000000
148241  31.353  13.935  -6.886 0.1250000000
148254  29.299  13.663  -7.685 0.1250000000
148330  23.962  13.396  -11.814 0.3750000000
148353  24.627  13.371  -12.270 0.3750000000
149392  23.272  16.420  -8.448 0.2500000000
149403  31.425  14.381  -7.993 0.1250000000
149415  29.589  14.663  -9.058 0.1250000000
149418  24.036  14.870  -9.576 0.2500000000
149435  29.165  14.693  -9.816 0.1250000000
150582  29.321  15.529  -11.623 0.1250000000
150584  27.907  15.307  -11.757 0.1250000000
198492  30.453  14.115  -7.430 0.1250000000
201279  22.997  0.039  -4.428 0.2500000000
208347  26.180  5.690  -7.717 1.0000000000
211842  28.685  -12.078  1.543 0.2500000000
212512  31.761  14.110  -7.416 0.1250000000
216459  30.288  -10.615  1.356 0.3750000000
219442  29.249  1.873  -7.467 1.0000000000
220982  22.642  0.931  -4.415 0.3750000000
221377  24.845  -0.910  -5.074 1.0000000000
222224  25.860  -1.548  -5.397 1.0000000000
226531  25.656  1.937  -6.805 1.0000000000
230387  24.899  13.803  -12.178 0.3750000000
230425  26.995  1.385  -7.475 1.0000000000
230695  23.753  2.069  -5.688 0.8750000000
231452  28.665  1.779  -7.511 1.0000000000
231988  30.504  6.823  -3.348 0.2500000000
232721  30.787  13.978  -7.005 0.1250000000
233197  29.587  14.002  -7.971 0.1250000000
233214  31.638  13.040  -5.006 0.1250000000
233866  30.266  -1.750  -6.854 1.0000000000
234290  32.564  1.016  -4.347 0.1250000000
234534  31.443  -10.619  1.666 0.1250000000
234817  27.809  0.102  -7.454 1.0000000000
234865  30.171  -6.759  -3.764 0.6250000000
237057  30.088  7.388  -3.904 0.3750000000
238269  30.146  10.817  -4.288 0.1250000000
239027  30.978  14.753  -9.293 0.1250000000
