#!ascii label  , from subject sub-03_ses-010.long.sub-03 vox2ras=TkReg
2033
155173  -54.027  37.719  3.490 0.0000000000
175273  -48.438  57.265  2.614 0.0000000000
167060  -44.903  49.195  0.487 0.0000000000
232575  -51.110  42.388  -8.415 0.0000000000
226872  -51.527  53.444  -5.263 0.0000000000
168059  -48.221  49.384  -8.628 0.0000000000
163950  -47.906  45.019  -12.612 0.0000000000
162259  -44.574  43.557  -6.755 0.0000000000
153075  -48.388  36.094  12.414 0.0000000000
154217  -51.575  36.776  6.913 0.0000000000
179043  -44.258  61.137  0.309 0.0000000000
175336  -45.939  56.610  -2.261 0.0000000000
176202  -49.185  58.031  -8.118 0.0000000000
161344  -51.005  43.119  1.712 0.0000000000
172088  -43.658  53.030  -3.579 0.0000000000
164629  -49.379  46.707  -3.702 0.0000000000
162199  -52.659  43.573  -1.332 0.0000000000
160530  -48.429  42.178  -2.060 0.0000000000
209177  -43.448  40.717  0.004 0.0000000000
156093  -54.419  37.998  -0.738 0.0000000000
216413  -49.203  51.825  -9.676 0.0000000000
168956  -51.111  49.362  -10.555 0.0000000000
168085  -47.966  48.837  -11.745 0.0000000000
229701  -44.351  45.295  -9.991 0.0000000000
153101  -50.241  36.373  10.120 0.0000000000
153148  -48.087  36.317  7.982 0.0000000000
212486  -41.824  62.414  -0.469 0.0000000000
176172  -47.992  57.611  -5.378 0.0000000000
160446  -48.461  41.773  2.274 0.0000000000
164584  -47.690  46.260  1.328 0.0000000000
176066  -44.329  57.372  3.198 0.0000000000
235478  -46.200  55.227  -0.291 0.0000000000
163103  -48.567  44.485  -9.837 0.0000000000
164695  -47.236  45.990  -7.509 0.0000000000
163895  -51.897  45.311  -6.930 0.0000000000
164622  -52.019  47.566  -3.035 0.0000000000
162233  -51.618  44.521  -5.268 0.0000000000
160532  -50.887  42.585  -1.748 0.0000000000
160574  -49.052  42.420  -5.243 0.0000000000
161411  -44.172  42.970  -2.933 0.0000000000
230635  -50.262  55.496  -0.451 0.0000000000
172923  -48.584  54.256  -3.135 0.0000000000
223447  -51.305  52.196  -5.971 0.0000000000
165511  -50.286  46.955  -11.706 0.0000000000
227263  -48.241  42.103  -11.475 0.0000000000
161503  -47.841  42.603  -8.355 0.0000000000
161554  -44.806  42.563  -10.635 0.0000000000
162284  -41.426  42.472  -8.340 0.0000000000
218484  -52.381  35.214  12.270 0.0000000000
154180  -54.209  36.185  9.450 0.0000000000
155130  -54.565  38.047  6.796 0.0000000000
224231  -37.926  60.980  -0.913 0.0000000000
178278  -42.263  60.247  1.641 0.0000000000
178262  -46.426  61.364  3.643 0.0000000000
176112  -48.491  57.819  0.596 0.0000000000
176149  -49.455  57.054  -2.516 0.0000000000
174553  -49.128  55.966  -6.715 0.0000000000
212310  -49.550  55.266  -11.644 0.0000000000
176976  -49.634  57.123  -10.690 0.0000000000
156034  -48.747  38.315  4.567 0.0000000000
156905  -51.499  39.251  4.234 0.0000000000
230454  -54.225  40.947  4.190 0.0000000000
167992  -43.378  49.551  -2.365 0.0000000000
170519  -46.357  51.388  -6.084 0.0000000000
167122  -45.733  47.946  -4.898 0.0000000000
166224  -47.299  48.596  -1.130 0.0000000000
166208  -50.561  48.414  -0.268 0.0000000000
163811  -53.048  44.958  1.673 0.0000000000
224459  -54.162  41.464  1.552 0.0000000000
238161  -53.245  40.875  -0.640 0.0000000000
158702  -49.957  40.275  0.502 0.0000000000
157825  -47.139  39.622  0.485 0.0000000000
160564  -46.990  42.582  -4.354 0.0000000000
159594  -45.798  41.624  -0.936 0.0000000000
156942  -45.018  39.121  0.773 0.0000000000
154248  -54.803  36.307  4.627 0.0000000000
154277  -54.887  36.243  2.084 0.0000000000
213087  -54.110  37.915  1.507 0.0000000000
171401  -48.228  52.323  -11.512 0.0000000000
204533  -49.254  50.051  -11.322 0.0000000000
168954  -47.633  50.247  -11.231 0.0000000000
227242  -46.229  48.480  -10.365 0.0000000000
166199  -46.321  48.637  1.200 0.0000000000
176068  -46.141  57.291  3.087 0.0000000000
220496  -50.231  42.713  -9.404 0.0000000000
162286  -50.436  43.656  -8.428 0.0000000000
161527  -51.576  43.674  -7.859 0.0000000000
163047  -52.476  44.892  -6.824 0.0000000000
161474  -51.907  43.408  -6.896 0.0000000000
161460  -50.589  42.976  -5.798 0.0000000000
160592  -50.434  42.367  -7.005 0.0000000000
173740  -51.621  54.283  -3.151 0.0000000000
172076  -51.245  53.779  -2.957 0.0000000000
171334  -51.637  52.706  -5.516 0.0000000000
166351  -49.816  47.599  -12.635 0.0000000000
167181  -51.015  48.593  -10.666 0.0000000000
164748  -49.658  45.882  -13.100 0.0000000000
163125  -49.179  44.544  -12.372 0.0000000000
222503  -47.901  43.916  -12.580 0.0000000000
160680  -46.524  42.326  -11.267 0.0000000000
163117  -45.869  43.612  -11.463 0.0000000000
163930  -43.293  44.418  -9.678 0.0000000000
153136  -50.916  36.242  8.683 0.0000000000
153119  -52.427  36.325  10.035 0.0000000000
199377  -53.438  36.783  8.511 0.0000000000
154203  -54.481  36.845  8.130 0.0000000000
155112  -53.255  37.534  6.913 0.0000000000
180515  -43.229  62.151  -0.155 0.0000000000
214909  -41.557  61.312  0.280 0.0000000000
179769  -43.912  61.871  1.278 0.0000000000
178271  -43.914  60.919  2.658 0.0000000000
178281  -44.724  61.299  1.661 0.0000000000
175323  -44.312  56.537  -1.199 0.0000000000
176093  -45.914  57.742  1.366 0.0000000000
175314  -47.497  57.187  -0.606 0.0000000000
176121  -49.036  57.334  -0.185 0.0000000000
200035  -47.710  57.214  -2.416 0.0000000000
176198  -48.828  58.061  -6.267 0.0000000000
176189  -49.257  57.263  -5.596 0.0000000000
175426  -49.039  56.784  -7.347 0.0000000000
212187  -48.957  55.574  -9.422 0.0000000000
175473  -49.502  56.576  -10.068 0.0000000000
175490  -50.043  56.624  -11.157 0.0000000000
176229  -49.405  57.834  -9.652 0.0000000000
159510  -44.162  41.344  3.849 0.0000000000
157752  -44.415  39.534  4.505 0.0000000000
157754  -45.868  39.356  4.376 0.0000000000
155148  -47.192  37.643  4.977 0.0000000000
157772  -47.036  39.728  3.818 0.0000000000
161342  -49.436  42.575  1.707 0.0000000000
158660  -49.602  40.240  3.115 0.0000000000
159525  -51.568  41.344  2.805 0.0000000000
205038  -52.824  40.167  4.347 0.0000000000
160434  -52.887  42.304  2.883 0.0000000000
172059  -42.394  53.566  -2.517 0.0000000000
170476  -41.631  51.775  -2.942 0.0000000000
169707  -43.168  51.688  -3.746 0.0000000000
171330  -48.801  52.273  -6.556 0.0000000000
172109  -47.474  53.673  -4.483 0.0000000000
169752  -47.392  51.046  -7.136 0.0000000000
163866  -48.552  45.724  -5.248 0.0000000000
165460  -46.617  46.859  -6.133 0.0000000000
227110  -47.344  46.549  -4.050 0.0000000000
165429  -46.646  47.394  -3.236 0.0000000000
165420  -48.318  47.276  -2.662 0.0000000000
167095  -48.999  48.971  -0.627 0.0000000000
212900  -50.228  48.536  -1.865 0.0000000000
235353  -51.519  45.210  -1.880 0.0000000000
164604  -52.243  46.013  -0.077 0.0000000000
162991  -52.787  44.593  -0.226 0.0000000000
162180  -54.024  43.608  1.504 0.0000000000
161374  -53.714  42.777  -0.159 0.0000000000
238121  -53.773  40.912  -0.462 0.0000000000
160510  -52.919  42.119  -1.060 0.0000000000
199672  -49.572  42.458  -1.945 0.0000000000
159599  -50.308  41.821  -0.771 0.0000000000
159578  -49.025  41.416  -0.434 0.0000000000
158700  -48.451  40.346  0.521 0.0000000000
159577  -47.705  41.258  -0.390 0.0000000000
161501  -46.172  43.151  -8.012 0.0000000000
161470  -47.017  42.799  -6.213 0.0000000000
222564  -45.785  43.383  -5.572 0.0000000000
160503  -43.564  41.992  -1.329 0.0000000000
160526  -44.896  42.250  -1.929 0.0000000000
159574  -44.522  41.063  -0.432 0.0000000000
158696  -45.326  40.057  0.295 0.0000000000
157821  -44.163  39.898  0.592 0.0000000000
156933  -44.021  38.348  1.038 0.0000000000
151183  -55.061  34.351  7.366 0.0000000000
155212  -53.956  37.860  -0.784 0.0000000000
172150  -50.561  52.957  -7.335 0.0000000000
171361  -51.388  51.629  -8.043 0.0000000000
170566  -50.317  51.314  -9.259 0.0000000000
233590  -49.835  49.040  -11.841 0.0000000000
213979  -48.009  47.274  -12.214 0.0000000000
227884  -46.056  45.362  -11.164 0.0000000000
166330  -46.608  47.294  -10.858 0.0000000000
153088  -49.726  36.480  11.801 0.0000000000
153099  -48.634  36.474  10.139 0.0000000000
153165  -50.277  36.417  7.483 0.0000000000
179797  -44.792  61.926  -1.986 0.0000000000
198951  -46.742  56.831  -3.616 0.0000000000
176926  -48.120  58.827  -7.137 0.0000000000
177642  -49.007  59.201  -8.221 0.0000000000
159539  -47.100  41.710  2.548 0.0000000000
162174  -47.880  43.786  1.448 0.0000000000
163806  -49.180  45.117  1.155 0.0000000000
172893  -44.972  54.570  -2.225 0.0000000000
164713  -48.045  46.267  -9.565 0.0000000000
166318  -47.310  47.325  -8.487 0.0000000000
163925  -48.028  44.879  -8.376 0.0000000000
163894  -49.525  44.951  -6.485 0.0000000000
163868  -50.444  45.796  -5.524 0.0000000000
164631  -51.631  47.423  -4.380 0.0000000000
164657  -52.694  46.879  -5.518 0.0000000000
163023  -52.410  46.085  -4.519 0.0000000000
163016  -51.190  45.032  -2.918 0.0000000000
161395  -51.683  43.310  -1.862 0.0000000000
161433  -50.400  43.666  -3.877 0.0000000000
204775  -49.632  42.823  -4.274 0.0000000000
160557  -48.440  42.280  -3.829 0.0000000000
161441  -44.449  43.473  -4.367 0.0000000000
167945  -42.398  49.123  0.009 0.0000000000
174496  -49.696  56.374  1.275 0.0000000000
226201  -48.748  55.508  0.433 0.0000000000
223441  -50.059  54.907  -1.059 0.0000000000
172111  -49.947  53.354  -4.422 0.0000000000
170545  -50.026  51.142  -7.383 0.0000000000
169776  -51.402  50.822  -8.432 0.0000000000
237675  -50.884  49.323  -9.473 0.0000000000
167172  -49.516  48.662  -9.874 0.0000000000
163943  -49.100  44.946  -11.192 0.0000000000
161563  -49.051  42.979  -11.437 0.0000000000
160662  -48.979  41.890  -10.236 0.0000000000
199393  -49.348  42.013  -8.568 0.0000000000
160643  -47.792  41.941  -10.348 0.0000000000
161542  -45.848  42.374  -9.808 0.0000000000
197941  -44.137  42.835  -8.781 0.0000000000
212929  -44.517  43.877  -10.759 0.0000000000
161539  -43.345  42.414  -9.533 0.0000000000
153090  -51.539  36.258  11.837 0.0000000000
153093  -53.683  35.885  10.909 0.0000000000
152163  -54.384  35.167  9.837 0.0000000000
153153  -54.977  35.767  8.019 0.0000000000
154235  -54.830  36.792  6.833 0.0000000000
155152  -54.471  38.077  5.187 0.0000000000
177587  -38.525  59.148  -0.022 0.0000000000
178305  -40.355  60.156  0.261 0.0000000000
177561  -41.289  58.703  1.793 0.0000000000
177542  -43.005  58.915  2.983 0.0000000000
176804  -45.501  59.824  4.091 0.0000000000
176807  -47.459  59.332  4.292 0.0000000000
226157  -43.173  59.413  0.445 0.0000000000
176846  -44.732  59.135  1.732 0.0000000000
177555  -47.431  59.623  2.889 0.0000000000
176827  -48.975  58.305  2.565 0.0000000000
176114  -49.617  57.224  0.536 0.0000000000
175328  -50.060  56.460  -0.974 0.0000000000
174523  -50.697  55.479  -3.914 0.0000000000
175384  -48.753  57.301  -4.244 0.0000000000
175398  -49.827  56.452  -4.779 0.0000000000
172955  -50.627  54.223  -5.668 0.0000000000
172981  -49.006  53.991  -8.270 0.0000000000
215618  -48.804  53.898  -10.494 0.0000000000
173042  -49.444  55.559  -12.819 0.0000000000
203633  -49.814  56.219  -12.453 0.0000000000
177662  -49.093  59.038  -9.277 0.0000000000
233075  -48.578  36.797  6.013 0.0000000000
155125  -50.537  37.178  6.059 0.0000000000
158641  -48.470  39.960  3.493 0.0000000000
213937  -50.410  38.608  4.530 0.0000000000
155144  -51.709  37.902  5.792 0.0000000000
156875  -53.215  39.190  5.494 0.0000000000
157745  -54.055  39.678  5.284 0.0000000000
156906  -54.313  39.410  4.261 0.0000000000
167973  -43.720  49.250  -1.081 0.0000000000
172883  -47.631  54.870  -1.397 0.0000000000
172904  -46.115  54.429  -2.912 0.0000000000
172106  -45.257  52.891  -4.389 0.0000000000
207892  -46.590  48.261  -7.098 0.0000000000
168889  -45.666  49.604  -5.796 0.0000000000
168863  -44.708  50.298  -4.680 0.0000000000
168002  -44.517  49.268  -3.864 0.0000000000
167102  -45.432  48.631  -1.680 0.0000000000
220082  -45.736  49.268  -0.139 0.0000000000
166206  -47.946  49.051  0.450 0.0000000000
166203  -49.039  47.684  0.742 0.0000000000
163808  -50.789  45.379  1.255 0.0000000000
166245  -51.552  48.188  -1.649 0.0000000000
164593  -52.086  46.282  0.865 0.0000000000
162167  -52.053  44.162  1.756 0.0000000000
161336  -53.688  42.814  2.729 0.0000000000
159545  -54.560  41.865  2.951 0.0000000000
157804  -54.009  40.091  2.057 0.0000000000
156936  -54.192  39.437  0.496 0.0000000000
207234  -54.127  39.328  -0.703 0.0000000000
156949  -52.801  38.978  -0.038 0.0000000000
159601  -52.167  41.849  -0.881 0.0000000000
158720  -51.770  40.975  -0.180 0.0000000000
156935  -51.158  38.646  0.944 0.0000000000
156073  -49.599  38.480  0.955 0.0000000000
198840  -48.093  38.379  0.931 0.0000000000
229222  -48.789  42.230  -7.276 0.0000000000
202901  -47.959  42.210  -5.180 0.0000000000
199424  -47.900  42.293  -3.326 0.0000000000
161431  -45.634  43.020  -4.096 0.0000000000
232603  -46.237  42.314  -2.439 0.0000000000
159608  -46.875  41.970  -1.561 0.0000000000
158715  -46.430  40.448  -0.015 0.0000000000
157824  -46.061  39.307  0.567 0.0000000000
155174  -54.376  36.921  3.675 0.0000000000
154267  -54.795  36.126  2.932 0.0000000000
154266  -54.238  36.895  2.723 0.0000000000
155185  -54.397  37.047  1.596 0.0000000000
155184  -53.886  37.724  2.481 0.0000000000
171400  -47.977  52.323  -11.761 0.0000000000
238042  -48.090  51.594  -11.398 0.0000000000
235521  -47.752  51.253  -11.442 0.0000000000
216657  -45.810  48.114  1.477 0.0000000000
167049  -45.752  48.851  1.068 0.0000000000
176069  -47.052  57.365  3.150 0.0000000000
175271  -46.675  56.894  2.641 0.0000000000
174480  -47.863  56.250  1.650 0.0000000000
202042  -50.997  42.441  -8.760 0.0000000000
162306  -51.264  43.099  -8.477 0.0000000000
161526  -51.549  42.959  -8.037 0.0000000000
161489  -52.097  43.592  -7.414 0.0000000000
160594  -51.505  42.763  -7.647 0.0000000000
160593  -51.079  42.516  -7.404 0.0000000000
204461  -50.633  42.305  -7.572 0.0000000000
173749  -51.707  54.155  -3.716 0.0000000000
172097  -51.870  53.536  -3.876 0.0000000000
172135  -51.592  53.089  -5.364 0.0000000000
165529  -48.836  46.513  -12.945 0.0000000000
165531  -49.693  47.153  -12.947 0.0000000000
164742  -49.150  45.836  -13.115 0.0000000000
163957  -48.806  45.095  -13.012 0.0000000000
163124  -47.588  44.165  -12.483 0.0000000000
163123  -46.724  43.701  -12.030 0.0000000000
163949  -47.120  44.614  -12.059 0.0000000000
152099  -49.077  35.805  12.574 0.0000000000
153152  -51.468  36.366  8.196 0.0000000000
153137  -51.702  36.356  8.930 0.0000000000
154200  -52.100  36.635  7.623 0.0000000000
205710  -53.613  37.154  7.929 0.0000000000
154218  -52.903  37.044  7.357 0.0000000000
179793  -44.360  61.753  -0.462 0.0000000000
179791  -43.524  61.945  0.416 0.0000000000
179770  -44.378  61.674  0.840 0.0000000000
179032  -44.349  61.761  1.653 0.0000000000
178293  -44.476  61.206  1.014 0.0000000000
175350  -44.796  56.427  -2.753 0.0000000000
222663  -44.106  56.477  -1.861 0.0000000000
219117  -44.775  56.395  -1.699 0.0000000000
175325  -45.996  56.676  -1.097 0.0000000000
175337  -46.419  56.777  -1.753 0.0000000000
212875  -47.340  57.137  -1.822 0.0000000000
227984  -46.756  56.877  -2.424 0.0000000000
225441  -49.203  57.873  -7.305 0.0000000000
203538  -49.240  57.410  -6.935 0.0000000000
209589  -49.093  57.394  -7.777 0.0000000000
175439  -49.007  56.790  -8.369 0.0000000000
176228  -49.140  57.355  -8.728 0.0000000000
175458  -49.412  57.162  -9.750 0.0000000000
176211  -49.276  57.921  -9.017 0.0000000000
198746  -44.019  42.034  3.559 0.0000000000
231258  -44.958  41.269  3.668 0.0000000000
232623  -45.232  40.075  4.228 0.0000000000
158638  -45.997  40.438  3.743 0.0000000000
157771  -46.301  39.788  3.924 0.0000000000
161343  -50.278  42.837  1.735 0.0000000000
160447  -50.102  42.164  2.021 0.0000000000
160448  -51.147  42.485  2.051 0.0000000000
159544  -51.900  42.000  2.564 0.0000000000
231058  -51.735  43.179  1.976 0.0000000000
172901  -43.863  54.024  -2.684 0.0000000000
172087  -43.095  52.973  -3.381 0.0000000000
171283  -42.597  52.703  -3.343 0.0000000000
171294  -43.258  52.396  -3.663 0.0000000000
168911  -48.405  50.478  -8.071 0.0000000000
170521  -47.785  52.143  -6.538 0.0000000000
168910  -47.545  50.134  -7.706 0.0000000000
164653  -49.115  45.970  -4.753 0.0000000000
164652  -48.232  46.039  -4.653 0.0000000000
164640  -48.793  46.265  -4.154 0.0000000000
218456  -47.650  46.775  -3.487 0.0000000000
165431  -48.993  47.052  -2.955 0.0000000000
165410  -48.789  47.664  -2.286 0.0000000000
165432  -50.123  47.215  -3.241 0.0000000000
163008  -51.941  44.310  -1.684 0.0000000000
162999  -51.848  45.195  -1.285 0.0000000000
163001  -53.035  43.812  -0.757 0.0000000000
162193  -53.446  43.372  -0.319 0.0000000000
162200  -53.113  42.986  -1.107 0.0000000000
160511  -53.481  42.026  -0.611 0.0000000000
161381  -52.914  42.550  -1.209 0.0000000000
160531  -49.021  42.249  -1.833 0.0000000000
160507  -49.355  42.157  -1.435 0.0000000000
160506  -48.808  42.011  -1.273 0.0000000000
159597  -48.393  41.630  -0.688 0.0000000000
159610  -48.122  41.957  -1.383 0.0000000000
161483  -45.312  43.507  -6.981 0.0000000000
161484  -46.086  43.324  -7.108 0.0000000000
161468  -45.280  43.536  -6.107 0.0000000000
159591  -43.661  41.499  -0.925 0.0000000000
159592  -44.290  41.442  -0.902 0.0000000000
159573  -43.865  41.066  -0.437 0.0000000000
158694  -44.155  40.590  0.082 0.0000000000
205989  -43.521  40.228  0.334 0.0000000000
157820  -43.395  39.644  0.643 0.0000000000
217960  -55.366  34.698  6.133 0.0000000000
155219  -54.260  37.291  -1.049 0.0000000000
171359  -50.112  52.337  -8.415 0.0000000000
171369  -50.739  51.618  -8.670 0.0000000000
168970  -48.991  49.536  -11.608 0.0000000000
168971  -49.773  49.364  -11.558 0.0000000000
210047  -48.871  48.607  -12.072 0.0000000000
226699  -48.780  48.125  -12.316 0.0000000000
167198  -48.164  48.257  -12.006 0.0000000000
234108  -47.170  47.291  -11.334 0.0000000000
166335  -47.092  47.843  -11.044 0.0000000000
167178  -45.995  48.093  -10.156 0.0000000000
153097  -47.270  36.545  9.779 0.0000000000
153149  -49.459  36.329  8.241 0.0000000000
153163  -48.858  36.331  7.752 0.0000000000
180517  -44.379  62.504  -1.127 0.0000000000
176918  -47.715  58.298  -6.879 0.0000000000
177639  -47.863  59.262  -7.415 0.0000000000
177638  -46.746  59.388  -7.574 0.0000000000
164582  -47.073  46.224  1.535 0.0000000000
162975  -47.380  44.861  1.344 0.0000000000
163804  -47.704  45.270  1.344 0.0000000000
162977  -48.414  44.178  1.281 0.0000000000
215684  -48.742  45.704  1.189 0.0000000000
229451  -42.971  57.798  3.236 0.0000000000
172881  -45.335  54.728  -1.514 0.0000000000
232760  -48.242  45.244  -9.813 0.0000000000
163932  -47.903  45.680  -9.431 0.0000000000
163094  -48.530  44.301  -8.908 0.0000000000
163077  -50.924  44.174  -7.762 0.0000000000
163076  -49.795  44.187  -7.859 0.0000000000
232039  -51.117  45.084  -6.825 0.0000000000
163046  -50.463  45.170  -6.448 0.0000000000
163879  -51.371  45.570  -6.441 0.0000000000
164656  -52.082  46.984  -5.381 0.0000000000
163880  -51.974  45.989  -6.373 0.0000000000
214021  -52.440  45.189  -5.920 0.0000000000
163870  -52.607  45.954  -5.696 0.0000000000
163031  -52.384  45.689  -5.158 0.0000000000
163015  -51.827  45.669  -3.804 0.0000000000
163022  -51.680  45.080  -4.449 0.0000000000
162209  -50.917  44.454  -3.652 0.0000000000
162221  -50.745  44.146  -4.495 0.0000000000
161459  -50.146  42.670  -5.794 0.0000000000
161445  -49.966  42.843  -5.089 0.0000000000
160568  -49.274  42.563  -4.723 0.0000000000
226776  -48.973  42.454  -4.055 0.0000000000
160567  -48.735  42.325  -4.599 0.0000000000
174497  -49.981  55.928  0.298 0.0000000000
173707  -49.787  55.722  0.412 0.0000000000
173727  -50.335  55.125  -0.738 0.0000000000
171310  -51.029  52.979  -4.734 0.0000000000
172112  -50.785  53.314  -4.153 0.0000000000
171332  -50.638  52.308  -5.844 0.0000000000
171331  -49.793  52.282  -6.117 0.0000000000
170533  -50.258  51.533  -6.894 0.0000000000
170568  -51.373  50.856  -8.519 0.0000000000
170546  -51.557  51.673  -7.977 0.0000000000
168935  -51.434  49.923  -9.314 0.0000000000
165512  -50.537  47.235  -11.766 0.0000000000
168078  -51.148  48.810  -10.189 0.0000000000
166332  -50.453  47.957  -10.865 0.0000000000
168068  -50.086  49.208  -9.505 0.0000000000
166331  -49.930  47.471  -10.858 0.0000000000
165502  -49.266  46.869  -10.760 0.0000000000
164735  -49.483  45.541  -11.772 0.0000000000
162342  -48.730  43.076  -12.109 0.0000000000
213608  -49.046  43.726  -11.886 0.0000000000
161570  -48.851  42.616  -11.619 0.0000000000
160674  -49.389  42.236  -10.487 0.0000000000
224877  -48.542  42.052  -11.083 0.0000000000
160661  -48.542  41.854  -10.350 0.0000000000
159675  -47.755  41.937  -10.839 0.0000000000
160669  -45.123  42.462  -10.827 0.0000000000
232771  -46.157  41.978  -10.304 0.0000000000
160640  -45.067  42.458  -9.938 0.0000000000
207900  -45.188  42.505  -9.538 0.0000000000
164717  -45.398  45.580  -10.467 0.0000000000
163941  -45.562  45.075  -10.849 0.0000000000
163937  -44.922  44.883  -10.421 0.0000000000
163092  -42.164  43.285  -9.002 0.0000000000
163101  -42.935  43.568  -9.732 0.0000000000
222693  -50.101  36.463  11.060 0.0000000000
153089  -50.606  36.287  11.905 0.0000000000
232143  -50.984  36.340  10.883 0.0000000000
227178  -53.157  36.318  9.890 0.0000000000
153103  -53.030  36.235  10.716 0.0000000000
153104  -53.736  36.066  10.394 0.0000000000
153105  -53.974  35.627  10.595 0.0000000000
153140  -54.367  35.863  9.560 0.0000000000
208486  -55.018  35.420  8.603 0.0000000000
153141  -54.711  35.764  9.101 0.0000000000
155114  -54.430  37.722  7.208 0.0000000000
154221  -54.733  36.816  7.397 0.0000000000
155131  -54.752  37.563  6.454 0.0000000000
233853  -54.711  37.187  5.844 0.0000000000
156011  -54.655  38.338  6.289 0.0000000000
179785  -36.684  61.448  -0.999 0.0000000000
212229  -36.080  60.862  -0.869 0.0000000000
179051  -37.497  60.508  -0.861 0.0000000000
178301  -37.394  59.570  -0.565 0.0000000000
179052  -38.241  60.298  -0.698 0.0000000000
181202  -41.314  62.969  -0.809 0.0000000000
209044  -41.068  62.188  -0.454 0.0000000000
179040  -41.710  60.769  0.619 0.0000000000
233747  -41.169  60.859  0.298 0.0000000000
178289  -41.370  60.133  0.923 0.0000000000
178288  -40.747  59.770  0.712 0.0000000000
177562  -41.816  59.320  1.838 0.0000000000
177550  -42.226  58.840  2.393 0.0000000000
178269  -42.566  59.836  2.113 0.0000000000
178260  -45.188  61.625  3.260 0.0000000000
178243  -44.926  60.467  3.541 0.0000000000
178228  -46.042  60.777  4.113 0.0000000000
217551  -46.563  59.175  4.210 0.0000000000
178230  -47.001  60.594  4.160 0.0000000000
176845  -44.064  58.904  1.234 0.0000000000
176866  -44.135  58.177  1.156 0.0000000000
176094  -46.969  57.827  1.270 0.0000000000
176848  -46.515  58.363  2.005 0.0000000000
176850  -48.521  58.382  1.797 0.0000000000
177557  -48.607  59.026  2.949 0.0000000000
176851  -49.017  58.195  1.776 0.0000000000
176852  -49.216  57.884  1.354 0.0000000000
217445  -49.073  57.807  0.753 0.0000000000
176130  -49.269  57.197  -1.220 0.0000000000
176131  -49.579  57.042  -0.931 0.0000000000
176150  -49.781  56.857  -2.024 0.0000000000
175341  -50.321  56.034  -1.873 0.0000000000
175370  -49.990  56.500  -3.118 0.0000000000
175382  -47.050  56.958  -4.385 0.0000000000
175367  -47.679  57.102  -3.704 0.0000000000
231632  -48.437  57.379  -4.491 0.0000000000
175418  -49.436  56.280  -5.955 0.0000000000
176190  -49.467  56.853  -5.120 0.0000000000
174541  -49.831  55.772  -5.421 0.0000000000
173759  -50.321  55.226  -4.913 0.0000000000
173778  -50.041  54.744  -5.912 0.0000000000
172963  -49.427  54.306  -6.992 0.0000000000
209293  -48.928  54.571  -7.882 0.0000000000
173804  -49.121  55.284  -10.110 0.0000000000
172990  -48.877  54.447  -9.853 0.0000000000
172998  -49.210  54.934  -10.847 0.0000000000
172189  -48.817  53.572  -11.351 0.0000000000
213389  -49.168  54.215  -12.152 0.0000000000
173027  -49.444  54.967  -12.280 0.0000000000
176270  -49.996  56.848  -11.166 0.0000000000
174638  -49.993  56.079  -12.337 0.0000000000
175504  -49.755  56.342  -12.042 0.0000000000
175503  -48.837  56.190  -12.005 0.0000000000
227414  -48.871  57.090  -10.943 0.0000000000
177650  -49.168  59.091  -8.775 0.0000000000
154239  -46.169  36.876  5.679 0.0000000000
226303  -47.875  37.799  4.906 0.0000000000
155139  -47.698  37.327  5.239 0.0000000000
154243  -48.978  37.208  5.625 0.0000000000
154231  -49.298  36.709  6.331 0.0000000000
232033  -49.759  37.663  5.274 0.0000000000
159540  -47.743  41.671  2.422 0.0000000000
158658  -47.782  40.737  3.235 0.0000000000
159523  -48.250  41.140  2.768 0.0000000000
157777  -50.878  39.535  3.780 0.0000000000
157776  -50.027  39.339  3.725 0.0000000000
203555  -51.166  38.810  4.636 0.0000000000
156024  -50.973  38.380  5.048 0.0000000000
156036  -51.629  38.691  5.046 0.0000000000
156007  -52.390  38.134  5.949 0.0000000000
156874  -52.375  38.867  5.228 0.0000000000
158643  -53.761  41.123  4.029 0.0000000000
157758  -53.265  40.064  4.881 0.0000000000
157780  -54.155  40.480  4.408 0.0000000000
157760  -54.278  39.968  4.847 0.0000000000
158644  -54.425  41.010  4.104 0.0000000000
209885  -42.670  50.644  -2.930 0.0000000000
167982  -42.503  49.583  -1.511 0.0000000000
172897  -48.986  54.725  -1.741 0.0000000000
173724  -48.057  55.076  -0.735 0.0000000000
172896  -48.125  54.726  -1.957 0.0000000000
171320  -46.744  52.676  -5.575 0.0000000000
172093  -46.952  53.942  -3.992 0.0000000000
171309  -46.290  52.885  -5.009 0.0000000000
172091  -45.547  53.498  -4.030 0.0000000000
171308  -45.635  52.541  -4.828 0.0000000000
165490  -47.071  46.863  -8.114 0.0000000000
219762  -46.922  48.447  -7.676 0.0000000000
165482  -46.804  47.070  -7.447 0.0000000000
166280  -45.997  47.686  -5.512 0.0000000000
167138  -46.038  48.500  -6.163 0.0000000000
168020  -45.624  48.905  -5.661 0.0000000000
221026  -45.129  50.376  -5.119 0.0000000000
168877  -45.004  49.830  -4.865 0.0000000000
168009  -44.625  49.748  -4.384 0.0000000000
209892  -45.176  48.463  -4.073 0.0000000000
165418  -46.934  47.530  -2.473 0.0000000000
166237  -45.859  48.211  -2.145 0.0000000000
167103  -46.015  48.560  -1.416 0.0000000000
167090  -45.575  49.022  -0.958 0.0000000000
167092  -46.898  49.029  -0.655 0.0000000000
167062  -46.678  49.162  0.383 0.0000000000
167093  -47.588  49.033  -0.570 0.0000000000
167081  -49.912  48.934  -0.482 0.0000000000
167065  -49.186  48.927  0.069 0.0000000000
167066  -49.824  48.422  0.114 0.0000000000
206092  -49.812  46.574  1.108 0.0000000000
165381  -50.653  46.811  0.998 0.0000000000
208762  -52.285  47.669  -3.617 0.0000000000
165422  -51.683  47.771  -3.059 0.0000000000
165412  -51.622  47.724  -2.162 0.0000000000
236750  -52.854  45.267  0.888 0.0000000000
164603  -51.922  46.505  0.169 0.0000000000
164590  -52.480  45.576  1.293 0.0000000000
163810  -52.413  45.246  1.628 0.0000000000
162981  -52.911  44.911  1.845 0.0000000000
162168  -52.853  43.850  2.035 0.0000000000
162973  -53.426  44.287  1.940 0.0000000000
160462  -54.181  42.043  1.490 0.0000000000
161348  -54.166  42.763  2.437 0.0000000000
160451  -54.424  42.268  2.393 0.0000000000
158675  -54.276  41.026  2.326 0.0000000000
206457  -54.078  40.252  1.093 0.0000000000
158685  -54.119  40.672  0.917 0.0000000000
224462  -53.596  40.741  -0.659 0.0000000000
233582  -53.830  40.006  -0.476 0.0000000000
158705  -53.539  39.744  -0.574 0.0000000000
157832  -53.477  39.301  -0.462 0.0000000000
158704  -52.773  40.050  -0.327 0.0000000000
161394  -50.837  43.145  -2.291 0.0000000000
160533  -51.727  42.724  -1.572 0.0000000000
229117  -51.586  42.260  -1.271 0.0000000000
159579  -50.780  41.293  -0.283 0.0000000000
208489  -50.832  40.517  0.308 0.0000000000
157830  -51.294  39.871  0.575 0.0000000000
157829  -50.371  39.830  0.714 0.0000000000
156934  -50.363  38.626  0.990 0.0000000000
157828  -49.556  39.748  0.714 0.0000000000
158699  -47.718  40.129  0.518 0.0000000000
156947  -48.315  39.044  0.916 0.0000000000
156946  -47.636  38.715  0.801 0.0000000000
230719  -47.627  38.087  0.718 0.0000000000
156945  -47.227  39.036  0.589 0.0000000000
199363  -48.566  42.201  -8.427 0.0000000000
160603  -49.035  42.053  -7.849 0.0000000000
160602  -48.423  42.314  -7.678 0.0000000000
161457  -46.865  42.767  -5.537 0.0000000000
161458  -47.502  42.515  -5.730 0.0000000000
160572  -47.267  42.471  -5.024 0.0000000000
160556  -47.918  42.212  -3.975 0.0000000000
204219  -47.328  42.431  -3.698 0.0000000000
161429  -44.199  43.296  -3.601 0.0000000000
161412  -44.738  42.965  -3.144 0.0000000000
159606  -45.343  41.933  -1.435 0.0000000000
160527  -45.599  42.232  -2.151 0.0000000000
159607  -46.140  42.002  -1.676 0.0000000000
160528  -46.778  42.152  -2.332 0.0000000000
228398  -46.430  41.707  -1.078 0.0000000000
159595  -47.071  41.586  -0.832 0.0000000000
211826  -46.306  41.174  -0.501 0.0000000000
157822  -44.897  39.736  0.595 0.0000000000
158697  -45.901  39.983  0.244 0.0000000000
156943  -45.578  38.886  0.746 0.0000000000
198885  -45.581  38.302  0.746 0.0000000000
153180  -55.118  35.639  4.718 0.0000000000
153188  -55.149  35.520  3.968 0.0000000000
153219  -55.454  35.586  1.216 0.0000000000
171376  -48.643  52.495  -10.486 0.0000000000
205008  -48.983  51.638  -10.315 0.0000000000
169822  -48.938  50.754  -11.165 0.0000000000
218717  -48.617  50.139  -11.420 0.0000000000
206605  -47.729  49.459  -11.351 0.0000000000
168084  -47.324  48.954  -11.220 0.0000000000
237359  -47.227  49.375  -11.107 0.0000000000
165373  -46.757  46.933  1.616 0.0000000000
165377  -46.956  47.605  1.381 0.0000000000
176067  -45.247  57.336  3.091 0.0000000000
175270  -45.786  56.895  2.598 0.0000000000
173704  -46.761  55.458  0.185 0.0000000000
204537  -49.622  43.150  -9.940 0.0000000000
163104  -49.099  43.744  -9.500 0.0000000000
162305  -50.790  43.123  -8.768 0.0000000000
162287  -51.303  43.612  -8.118 0.0000000000
163079  -52.222  44.597  -7.361 0.0000000000
163897  -52.327  45.186  -6.918 0.0000000000
162273  -52.486  43.998  -7.125 0.0000000000
162261  -52.436  44.159  -6.835 0.0000000000
162260  -51.877  43.699  -6.514 0.0000000000
162247  -51.323  43.656  -5.916 0.0000000000
161473  -51.230  43.049  -6.493 0.0000000000
161472  -50.561  42.701  -6.244 0.0000000000
160583  -50.127  42.536  -6.251 0.0000000000
173728  -50.838  55.078  -1.406 0.0000000000
172887  -50.689  54.904  -1.506 0.0000000000
230360  -51.475  53.842  -3.049 0.0000000000
172113  -51.329  53.299  -3.921 0.0000000000
171333  -51.535  52.383  -5.872 0.0000000000
168096  -50.378  48.761  -12.022 0.0000000000
168957  -51.302  49.157  -10.255 0.0000000000
166352  -50.521  47.684  -12.288 0.0000000000
165523  -50.572  47.254  -12.040 0.0000000000
165522  -50.246  46.679  -12.084 0.0000000000
163951  -49.458  45.025  -12.374 0.0000000000
163136  -49.210  45.157  -13.082 0.0000000000
204642  -48.792  43.899  -12.452 0.0000000000
160687  -47.758  42.617  -12.056 0.0000000000
160681  -47.377  42.185  -11.578 0.0000000000
161575  -47.176  42.923  -12.094 0.0000000000
161567  -45.835  42.535  -11.262 0.0000000000
162326  -44.905  42.660  -11.013 0.0000000000
163931  -43.761  44.849  -9.872 0.0000000000
152103  -51.798  35.293  12.412 0.0000000000
202112  -50.886  36.269  9.933 0.0000000000
202113  -51.638  36.266  10.195 0.0000000000
238274  -51.866  36.301  9.549 0.0000000000
153138  -52.479  36.399  9.327 0.0000000000
154189  -53.961  36.551  9.026 0.0000000000
154190  -54.478  36.419  8.911 0.0000000000
154202  -54.114  36.894  8.365 0.0000000000
155104  -54.193  37.287  7.642 0.0000000000
155113  -53.922  37.752  7.048 0.0000000000
180509  -37.960  62.190  -0.764 0.0000000000
181203  -42.584  62.568  -0.546 0.0000000000
180513  -41.664  61.818  -0.049 0.0000000000
179790  -42.679  61.798  0.429 0.0000000000
179042  -43.042  61.607  0.977 0.0000000000
179029  -42.648  61.013  1.369 0.0000000000
178270  -43.307  60.570  2.365 0.0000000000
179024  -43.535  61.380  2.020 0.0000000000
179026  -44.614  61.669  2.603 0.0000000000
177552  -45.656  61.581  2.501 0.0000000000
175322  -43.541  56.582  -1.357 0.0000000000
176108  -44.438  57.447  0.695 0.0000000000
175312  -45.500  56.817  -0.384 0.0000000000
175303  -46.132  57.034  0.048 0.0000000000
175305  -48.019  57.341  0.041 0.0000000000
176120  -48.817  57.571  0.195 0.0000000000
175315  -48.429  57.340  -0.488 0.0000000000
175338  -48.237  57.334  -1.798 0.0000000000
176139  -49.046  57.230  -2.407 0.0000000000
176187  -48.412  57.843  -5.799 0.0000000000
176173  -48.584  57.666  -5.291 0.0000000000
225194  -49.124  57.690  -6.084 0.0000000000
175417  -49.327  56.841  -6.520 0.0000000000
173787  -49.035  55.227  -7.356 0.0000000000
174575  -48.977  56.099  -7.916 0.0000000000
174589  -49.070  56.212  -9.147 0.0000000000
174605  -49.365  55.910  -10.188 0.0000000000
174621  -50.026  56.260  -11.691 0.0000000000
174606  -49.893  56.389  -10.890 0.0000000000
176247  -49.630  56.978  -10.238 0.0000000000
220853  -43.048  43.254  3.285 0.0000000000
161331  -43.378  42.511  3.503 0.0000000000
202208  -43.539  41.184  4.017 0.0000000000
158627  -44.160  40.211  4.343 0.0000000000
156021  -46.010  37.847  4.984 0.0000000000
156883  -46.754  38.512  4.552 0.0000000000
225928  -47.186  38.713  4.314 0.0000000000
156884  -47.801  38.712  4.347 0.0000000000
161341  -48.641  42.392  1.815 0.0000000000
159541  -49.063  41.321  2.543 0.0000000000
159542  -49.889  41.509  2.342 0.0000000000
211835  -50.565  41.104  2.674 0.0000000000
157794  -51.054  40.089  3.416 0.0000000000
157757  -52.397  39.593  4.473 0.0000000000
158663  -52.198  41.007  3.348 0.0000000000
235693  -53.076  41.251  3.698 0.0000000000
158664  -53.712  41.684  3.715 0.0000000000
171282  -42.012  52.376  -3.099 0.0000000000
169697  -42.763  51.243  -3.357 0.0000000000
168853  -43.150  50.514  -3.261 0.0000000000
230687  -49.042  53.381  -4.697 0.0000000000
172094  -47.823  54.015  -3.701 0.0000000000
172124  -48.105  53.328  -5.059 0.0000000000
171329  -47.244  52.413  -6.079 0.0000000000
169751  -46.752  51.068  -6.688 0.0000000000
163876  -47.986  45.552  -6.387 0.0000000000
164681  -46.960  46.404  -6.430 0.0000000000
164666  -47.069  46.421  -5.744 0.0000000000
165450  -46.644  46.800  -5.447 0.0000000000
165449  -46.155  47.415  -4.731 0.0000000000
166271  -45.887  47.709  -4.184 0.0000000000
165430  -46.966  46.916  -3.711 0.0000000000
220983  -47.148  47.136  -3.140 0.0000000000
166240  -47.682  48.007  -1.574 0.0000000000
166225  -47.991  48.618  -1.068 0.0000000000
166241  -48.402  48.106  -1.612 0.0000000000
166227  -49.683  48.840  -1.233 0.0000000000
222158  -50.462  48.962  -1.539 0.0000000000
210904  -51.740  46.792  -2.793 0.0000000000
229563  -51.590  47.135  -2.281 0.0000000000
163836  -51.442  46.143  -1.798 0.0000000000
163829  -52.339  45.288  -0.525 0.0000000000
163822  -52.978  44.767  0.568 0.0000000000
162179  -53.737  44.131  1.732 0.0000000000
162184  -53.519  43.871  0.500 0.0000000000
161363  -53.992  42.917  0.740 0.0000000000
160475  -54.041  42.243  0.892 0.0000000000
158706  -54.045  40.664  0.134 0.0000000000
160488  -53.590  41.460  -0.573 0.0000000000
159583  -53.430  41.092  -0.640 0.0000000000
159582  -53.190  41.167  -0.671 0.0000000000
161393  -50.123  42.783  -2.307 0.0000000000
160509  -50.710  42.174  -1.266 0.0000000000
160508  -49.945  42.159  -1.315 0.0000000000
208495  -49.776  41.365  -0.358 0.0000000000
158701  -49.237  40.387  0.484 0.0000000000
224498  -48.799  40.689  0.340 0.0000000000
232772  -48.038  40.563  0.337 0.0000000000
158716  -47.632  40.722  0.132 0.0000000000
161502  -47.021  42.962  -8.233 0.0000000000
161486  -47.747  42.660  -7.445 0.0000000000
161485  -46.914  42.962  -7.142 0.0000000000
233596  -46.560  43.009  -5.954 0.0000000000
161456  -46.312  43.119  -5.483 0.0000000000
160540  -43.839  42.729  -2.366 0.0000000000
160541  -44.500  42.670  -2.434 0.0000000000
160525  -44.139  42.241  -1.764 0.0000000000
160505  -44.628  41.861  -1.344 0.0000000000
159593  -45.023  41.478  -0.808 0.0000000000
159576  -45.559  41.069  -0.465 0.0000000000
159575  -45.029  40.999  -0.381 0.0000000000
158695  -44.772  40.290  0.312 0.0000000000
227859  -44.504  39.323  0.776 0.0000000000
230290  -44.541  38.755  0.938 0.0000000000
156941  -43.879  39.112  0.916 0.0000000000
156940  -43.226  39.134  0.980 0.0000000000
151182  -54.887  34.270  7.909 0.0000000000
172142  -50.975  53.165  -6.599 0.0000000000
172143  -51.577  52.777  -6.332 0.0000000000
171350  -51.285  52.197  -7.540 0.0000000000
170567  -50.920  50.992  -9.121 0.0000000000
169795  -51.043  50.488  -9.501 0.0000000000
169807  -50.235  50.413  -10.348 0.0000000000
168955  -50.312  49.785  -10.906 0.0000000000
168972  -50.549  49.149  -11.424 0.0000000000
167199  -49.479  48.156  -12.399 0.0000000000
165521  -48.591  47.182  -12.597 0.0000000000
165520  -48.019  46.606  -12.463 0.0000000000
163942  -46.615  45.183  -11.590 0.0000000000
165519  -47.384  46.436  -11.982 0.0000000000
165508  -46.850  46.663  -11.410 0.0000000000
229326  -45.608  46.138  -10.358 0.0000000000
167179  -46.500  47.948  -10.495 0.0000000000
166329  -45.957  47.413  -10.245 0.0000000000
154135  -48.555  36.333  12.318 0.0000000000
225605  -48.412  36.580  11.847 0.0000000000
153087  -49.020  36.506  11.220 0.0000000000
153100  -49.454  36.417  10.339 0.0000000000
153098  -47.932  36.471  9.905 0.0000000000
153115  -48.984  36.414  9.455 0.0000000000
153116  -49.664  36.405  9.432 0.0000000000
153135  -50.179  36.292  8.471 0.0000000000
153151  -50.637  36.319  8.033 0.0000000000
154199  -51.094  36.474  7.513 0.0000000000
215283  -42.900  63.291  -1.088 0.0000000000
180516  -44.004  62.222  -0.698 0.0000000000
210621  -44.295  61.983  -0.839 0.0000000000
179062  -44.227  61.456  -0.784 0.0000000000
227553  -46.406  56.735  -2.996 0.0000000000
176186  -47.664  57.657  -5.959 0.0000000000
176197  -48.132  58.031  -6.349 0.0000000000
176919  -48.493  58.427  -6.756 0.0000000000
176928  -48.946  58.761  -7.609 0.0000000000
176934  -49.164  58.679  -8.118 0.0000000000
177641  -48.705  59.246  -7.797 0.0000000000
178366  -48.349  59.795  -7.903 0.0000000000
162173  -47.332  44.191  1.392 0.0000000000
161340  -48.035  42.998  1.694 0.0000000000
161351  -48.862  43.035  1.404 0.0000000000
162175  -49.109  43.824  1.247 0.0000000000
162176  -50.007  43.984  1.344 0.0000000000
172892  -44.266  54.454  -2.185 0.0000000000
172902  -44.518  54.175  -2.845 0.0000000000
166323  -48.329  47.460  -9.536 0.0000000000
167163  -47.963  48.535  -8.769 0.0000000000
224276  -47.656  47.223  -9.018 0.0000000000
164706  -47.276  46.170  -8.269 0.0000000000
163910  -47.534  45.432  -7.943 0.0000000000
163075  -48.743  44.360  -8.036 0.0000000000
163911  -48.232  44.969  -7.566 0.0000000000
163893  -48.564  45.155  -6.773 0.0000000000
163877  -48.862  45.365  -5.934 0.0000000000
163867  -49.464  45.575  -5.303 0.0000000000
164654  -50.077  46.081  -4.933 0.0000000000
164630  -50.478  46.963  -3.979 0.0000000000
164642  -50.808  46.763  -4.652 0.0000000000
224868  -52.544  47.527  -4.700 0.0000000000
165435  -52.709  47.520  -4.335 0.0000000000
227586  -52.542  46.192  -6.018 0.0000000000
163858  -52.819  46.776  -4.979 0.0000000000
164632  -52.531  47.346  -3.797 0.0000000000
163845  -51.886  46.330  -3.347 0.0000000000
227392  -51.412  44.823  -2.222 0.0000000000
162204  -51.575  44.039  -2.177 0.0000000000
161396  -52.264  43.394  -1.619 0.0000000000
161415  -51.042  43.908  -2.714 0.0000000000
161414  -50.410  43.491  -3.143 0.0000000000
162220  -50.182  43.300  -4.422 0.0000000000
161432  -49.944  43.146  -3.681 0.0000000000
161413  -49.873  43.009  -3.001 0.0000000000
160548  -49.418  42.692  -2.733 0.0000000000
160558  -48.910  42.465  -3.270 0.0000000000
160546  -48.408  42.316  -2.931 0.0000000000
162246  -44.609  43.597  -5.900 0.0000000000
162231  -43.895  43.627  -4.980 0.0000000000
161440  -43.771  43.525  -4.267 0.0000000000
161410  -43.544  43.092  -3.044 0.0000000000
160524  -43.427  42.402  -1.808 0.0000000000
159590  -42.985  41.729  -0.930 0.0000000000
159572  -43.203  41.170  -0.430 0.0000000000
175291  -48.994  56.947  2.094 0.0000000000
174494  -48.492  55.935  1.278 0.0000000000
173706  -49.440  55.649  0.593 0.0000000000
173716  -49.363  55.362  0.051 0.0000000000
210879  -49.366  54.705  -2.284 0.0000000000
172909  -50.924  54.129  -2.527 0.0000000000
172908  -50.063  54.473  -2.573 0.0000000000
172095  -49.301  53.757  -4.087 0.0000000000
223258  -49.699  53.083  -4.944 0.0000000000
170532  -49.145  51.620  -7.070 0.0000000000
168923  -48.938  50.045  -8.535 0.0000000000
171343  -51.669  52.207  -6.728 0.0000000000
170536  -51.599  51.736  -6.975 0.0000000000
169754  -50.926  51.144  -7.262 0.0000000000
168070  -51.399  49.475  -9.738 0.0000000000
169775  -51.214  50.595  -8.121 0.0000000000
169765  -50.896  50.809  -7.663 0.0000000000
169774  -50.637  50.429  -8.237 0.0000000000
168061  -49.515  49.615  -9.040 0.0000000000
168060  -48.931  49.004  -9.261 0.0000000000
165497  -48.490  46.743  -10.061 0.0000000000
164719  -48.845  46.319  -10.649 0.0000000000
224222  -48.909  44.493  -10.632 0.0000000000
163944  -49.275  44.721  -11.948 0.0000000000
163112  -49.084  44.136  -11.374 0.0000000000
163113  -49.120  43.762  -10.443 0.0000000000
162322  -49.778  42.822  -10.004 0.0000000000
160663  -49.846  42.180  -9.786 0.0000000000
160646  -50.304  42.215  -9.205 0.0000000000
199484  -49.993  42.005  -8.420 0.0000000000
199600  -49.075  42.032  -9.225 0.0000000000
160622  -48.587  42.102  -9.188 0.0000000000
217411  -47.622  42.161  -9.791 0.0000000000
210473  -47.132  41.976  -10.705 0.0000000000
199253  -46.434  42.028  -10.176 0.0000000000
161524  -46.996  42.549  -9.249 0.0000000000
207753  -46.102  42.752  -8.958 0.0000000000
161500  -44.743  42.920  -8.460 0.0000000000
162271  -44.348  43.137  -7.821 0.0000000000
211956  -45.969  44.613  -11.285 0.0000000000
163110  -44.810  43.298  -11.015 0.0000000000
162321  -44.432  43.124  -10.793 0.0000000000
163102  -43.536  43.989  -10.087 0.0000000000
162319  -43.443  43.135  -10.153 0.0000000000
161552  -43.718  42.633  -10.008 0.0000000000
154137  -49.945  36.191  12.360 0.0000000000
153076  -51.311  36.045  12.294 0.0000000000
153077  -52.026  35.999  12.274 0.0000000000
198872  -51.887  36.300  11.113 0.0000000000
153092  -53.005  36.051  11.490 0.0000000000
152133  -53.243  35.399  11.670 0.0000000000
151135  -53.991  34.870  10.554 0.0000000000
151166  -54.510  34.751  9.377 0.0000000000
152166  -55.110  34.735  8.376 0.0000000000
153154  -55.219  35.067  8.104 0.0000000000
153174  -55.290  34.965  6.821 0.0000000000
154204  -54.704  36.600  7.860 0.0000000000
153166  -54.977  36.016  7.297 0.0000000000
153173  -55.036  35.667  6.330 0.0000000000
230587  -54.814  36.457  5.364 0.0000000000
200380  -54.599  37.174  5.273 0.0000000000
155151  -54.243  37.858  4.351 0.0000000000
210920  -39.122  61.797  -0.584 0.0000000000
222720  -41.157  61.598  -0.121 0.0000000000
179789  -40.218  61.110  -0.213 0.0000000000
179053  -39.087  60.417  -0.404 0.0000000000
178304  -39.610  59.919  -0.057 0.0000000000
177573  -39.767  58.784  0.611 0.0000000000
176864  -40.145  58.331  1.231 0.0000000000
176844  -41.062  58.088  2.124 0.0000000000
176824  -42.819  58.173  3.184 0.0000000000
176825  -43.550  58.321  3.527 0.0000000000
178258  -43.441  59.882  2.870 0.0000000000
177535  -44.180  59.294  3.575 0.0000000000
176816  -44.656  58.492  3.828 0.0000000000
176806  -46.126  58.395  3.833 0.0000000000
176046  -46.993  58.534  3.956 0.0000000000
176054  -47.986  58.244  3.675 0.0000000000
178292  -43.812  60.191  0.589 0.0000000000
178280  -44.334  60.391  1.131 0.0000000000
177564  -45.052  60.836  1.983 0.0000000000
177553  -46.165  60.850  2.917 0.0000000000
176847  -45.533  58.664  2.023 0.0000000000
176834  -46.241  59.437  2.569 0.0000000000
178274  -46.946  60.380  3.163 0.0000000000
177544  -48.008  59.683  3.159 0.0000000000
176819  -48.648  58.898  3.296 0.0000000000
176071  -48.572  57.883  2.955 0.0000000000
176081  -49.249  57.633  2.146 0.0000000000
175298  -49.789  56.691  1.287 0.0000000000
175306  -49.947  56.259  0.387 0.0000000000
211436  -49.345  57.287  0.060 0.0000000000
176132  -49.899  56.686  -0.541 0.0000000000
175317  -50.188  56.145  -0.536 0.0000000000
174512  -50.466  55.807  -1.609 0.0000000000
173739  -51.351  54.802  -3.453 0.0000000000
173748  -51.322  54.734  -4.107 0.0000000000
175352  -47.245  56.947  -3.030 0.0000000000
175354  -48.653  57.265  -2.980 0.0000000000
176148  -49.086  57.155  -3.067 0.0000000000
176164  -48.998  57.253  -4.597 0.0000000000
176165  -49.394  57.014  -4.370 0.0000000000
231159  -49.978  56.511  -3.767 0.0000000000
174522  -50.236  55.788  -4.535 0.0000000000
174532  -50.700  55.173  -4.428 0.0000000000
172956  -51.257  53.728  -5.443 0.0000000000
172974  -50.078  53.608  -6.902 0.0000000000
172160  -49.576  53.106  -8.104 0.0000000000
172170  -49.247  52.967  -8.914 0.0000000000
229310  -48.786  54.790  -9.027 0.0000000000
219655  -48.895  53.831  -8.931 0.0000000000
172178  -48.732  52.828  -9.696 0.0000000000
235925  -48.657  53.191  -10.514 0.0000000000
211935  -48.409  52.847  -11.404 0.0000000000
173837  -50.238  55.992  -12.385 0.0000000000
174648  -49.454  55.514  -12.992 0.0000000000
176935  -49.290  58.506  -8.654 0.0000000000
176946  -49.301  58.546  -9.124 0.0000000000
176957  -49.265  57.786  -9.978 0.0000000000
153171  -47.142  36.350  6.776 0.0000000000
225298  -47.154  37.202  5.286 0.0000000000
200319  -47.994  36.594  6.032 0.0000000000
226601  -48.496  36.473  6.520 0.0000000000
154215  -49.047  36.404  7.050 0.0000000000
154232  -50.184  36.812  6.411 0.0000000000
154233  -50.929  37.009  6.453 0.0000000000
158657  -47.081  40.824  3.285 0.0000000000
157773  -47.836  39.734  3.749 0.0000000000
156902  -48.912  38.998  4.041 0.0000000000
157792  -49.494  39.721  3.410 0.0000000000
157775  -49.285  39.300  3.706 0.0000000000
156887  -49.776  38.391  4.438 0.0000000000
156023  -50.507  37.940  5.255 0.0000000000
155126  -51.191  37.476  5.985 0.0000000000
154234  -51.611  37.201  6.422 0.0000000000
155128  -52.843  37.786  6.380 0.0000000000
156008  -53.228  38.360  6.173 0.0000000000
156009  -53.959  38.589  6.426 0.0000000000
156889  -52.828  39.433  5.032 0.0000000000
156876  -53.878  39.400  5.712 0.0000000000
156864  -54.531  38.905  6.043 0.0000000000
156038  -54.550  38.860  5.349 0.0000000000
156037  -54.366  38.856  4.814 0.0000000000
156049  -54.204  38.510  4.092 0.0000000000
167971  -42.229  49.475  -0.907 0.0000000000
167957  -43.458  49.250  -0.498 0.0000000000
203314  -44.582  49.334  0.039 0.0000000000
173693  -48.057  55.595  0.745 0.0000000000
173713  -46.961  55.247  -0.327 0.0000000000
172906  -47.767  54.432  -2.810 0.0000000000
172905  -46.886  54.508  -2.880 0.0000000000
223040  -45.956  54.806  -1.363 0.0000000000
172903  -45.307  54.241  -2.967 0.0000000000
172919  -45.247  53.789  -3.619 0.0000000000
171296  -44.639  52.637  -4.213 0.0000000000
168051  -47.320  49.447  -7.926 0.0000000000
168909  -46.926  49.762  -7.393 0.0000000000
216794  -46.457  50.390  -6.592 0.0000000000
166300  -46.330  48.144  -6.603 0.0000000000
168899  -46.048  49.525  -6.296 0.0000000000
220243  -45.892  51.065  -5.641 0.0000000000
226972  -45.377  50.941  -5.244 0.0000000000
170500  -45.153  51.479  -4.907 0.0000000000
171306  -44.391  52.083  -4.320 0.0000000000
169720  -44.023  51.082  -4.236 0.0000000000
168855  -43.935  49.966  -3.818 0.0000000000
168001  -44.115  49.406  -3.324 0.0000000000
167116  -45.155  48.284  -3.253 0.0000000000
167109  -44.797  48.627  -2.833 0.0000000000
167994  -44.364  49.018  -2.487 0.0000000000
167089  -44.998  49.005  -1.303 0.0000000000
226724  -44.960  49.168  -0.480 0.0000000000
167061  -45.593  49.257  0.545 0.0000000000
222666  -46.218  49.168  0.773 0.0000000000
166200  -46.896  48.346  1.214 0.0000000000
165378  -48.019  47.623  1.074 0.0000000000
214812  -48.330  49.192  0.180 0.0000000000
166202  -48.580  48.103  0.802 0.0000000000
165379  -48.601  47.134  0.972 0.0000000000
164586  -49.041  46.417  1.109 0.0000000000
163807  -49.953  45.223  1.133 0.0000000000
162177  -50.848  44.213  1.438 0.0000000000
165421  -50.836  47.627  -2.882 0.0000000000
166243  -50.948  48.673  -1.867 0.0000000000
166229  -51.265  48.589  -1.281 0.0000000000
165402  -51.634  47.575  -1.252 0.0000000000
165397  -51.590  47.247  -0.484 0.0000000000
166209  -51.041  47.703  -0.044 0.0000000000
164592  -51.468  46.573  0.960 0.0000000000
163809  -51.663  45.431  1.453 0.0000000000
161354  -51.421  43.764  1.652 0.0000000000
161345  -52.616  43.292  2.164 0.0000000000
160450  -53.090  42.757  2.583 0.0000000000
160436  -53.983  42.401  3.145 0.0000000000
162171  -53.987  43.315  2.099 0.0000000000
160437  -54.336  42.283  3.087 0.0000000000
159528  -54.467  41.904  3.545 0.0000000000
157796  -54.472  40.700  3.413 0.0000000000
156914  -54.172  39.614  3.111 0.0000000000
156057  -54.023  38.598  3.307 0.0000000000
156065  -53.937  38.572  2.168 0.0000000000
156076  -54.205  38.578  0.762 0.0000000000
229332  -54.358  38.855  -0.232 0.0000000000
157834  -54.138  39.852  -0.093 0.0000000000
156952  -54.295  39.116  -0.528 0.0000000000
156089  -54.303  38.741  -0.669 0.0000000000
156088  -54.279  38.584  -0.667 0.0000000000
233970  -52.905  38.468  0.008 0.0000000000
201397  -52.510  42.705  -1.383 0.0000000000
159602  -52.898  41.702  -0.944 0.0000000000
159581  -52.629  41.259  -0.649 0.0000000000
159600  -51.216  41.869  -0.782 0.0000000000
159580  -51.723  41.488  -0.502 0.0000000000
158721  -52.673  40.653  -0.429 0.0000000000
202762  -52.101  39.813  0.222 0.0000000000
157815  -51.828  39.232  0.548 0.0000000000
231824  -51.281  38.245  0.824 0.0000000000
156074  -50.746  38.067  0.851 0.0000000000
156084  -49.449  37.697  0.748 0.0000000000
157827  -48.808  39.750  0.818 0.0000000000
197926  -48.778  38.280  0.949 0.0000000000
160604  -49.669  41.986  -7.925 0.0000000000
160590  -49.332  42.278  -7.328 0.0000000000
233226  -49.203  42.355  -6.200 0.0000000000
161471  -47.634  42.572  -6.544 0.0000000000
160580  -48.205  42.323  -5.995 0.0000000000
204666  -48.531  42.265  -5.109 0.0000000000
160566  -48.210  42.145  -4.531 0.0000000000
160529  -47.872  42.165  -2.582 0.0000000000
161455  -45.227  43.446  -5.329 0.0000000000
160542  -45.168  42.603  -2.634 0.0000000000
160554  -46.107  42.717  -3.605 0.0000000000
160555  -46.694  42.628  -3.806 0.0000000000
160544  -46.654  42.483  -3.098 0.0000000000
211942  -47.358  42.044  -2.168 0.0000000000
229559  -47.840  42.055  -1.957 0.0000000000
159596  -47.764  41.711  -0.919 0.0000000000
208814  -47.018  40.940  -0.188 0.0000000000
158698  -47.057  40.302  0.261 0.0000000000
158714  -45.853  40.563  -0.133 0.0000000000
224006  -46.536  39.788  0.356 0.0000000000
200700  -46.688  39.109  0.569 0.0000000000
151154  -54.205  34.910  9.994 0.0000000000
151172  -54.936  34.478  8.635 0.0000000000
151173  -55.063  34.378  7.902 0.0000000000
152104  -52.779  35.370  12.109 0.0000000000
152153  -54.093  35.255  10.680 0.0000000000
152161  -54.234  35.240  10.289 0.0000000000
152165  -54.814  35.059  9.112 0.0000000000
152168  -55.199  34.601  7.761 0.0000000000
152170  -55.211  34.455  7.123 0.0000000000
153041  -48.918  36.155  12.529 0.0000000000
153042  -49.484  36.036  12.619 0.0000000000
153044  -51.177  35.735  12.440 0.0000000000
153045  -51.755  35.789  12.401 0.0000000000
153046  -52.278  35.606  12.301 0.0000000000
153078  -52.753  35.759  12.007 0.0000000000
153079  -53.329  35.627  11.519 0.0000000000
153091  -52.325  36.142  11.775 0.0000000000
153102  -52.305  36.314  10.660 0.0000000000
153117  -50.395  36.261  9.235 0.0000000000
153118  -51.217  36.244  9.389 0.0000000000
153120  -53.816  36.273  9.675 0.0000000000
153121  -54.039  36.054  9.854 0.0000000000
153122  -54.236  35.473  10.144 0.0000000000
153139  -53.244  36.491  9.159 0.0000000000
153150  -50.007  36.327  7.948 0.0000000000
153161  -47.602  36.271  7.369 0.0000000000
153162  -48.311  36.315  7.240 0.0000000000
153164  -49.572  36.343  7.561 0.0000000000
153167  -55.279  35.103  7.559 0.0000000000
153172  -47.809  36.359  6.665 0.0000000000
153177  -55.068  35.701  5.470 0.0000000000
154136  -49.138  36.402  12.288 0.0000000000
154168  -47.636  36.699  10.487 0.0000000000
154188  -52.475  36.550  8.520 0.0000000000
154191  -54.751  36.228  8.495 0.0000000000
154201  -52.937  36.776  7.963 0.0000000000
154216  -49.830  36.504  6.950 0.0000000000
154219  -53.646  37.403  7.396 0.0000000000
154220  -54.515  37.193  7.571 0.0000000000
154230  -47.315  36.538  6.105 0.0000000000
154240  -46.871  36.860  5.625 0.0000000000
154241  -47.549  36.884  5.617 0.0000000000
154242  -48.189  37.025  5.608 0.0000000000
154244  -49.877  37.180  5.892 0.0000000000
154245  -54.830  36.623  6.083 0.0000000000
154256  -54.718  36.139  3.814 0.0000000000
155111  -52.362  37.205  6.710 0.0000000000
155115  -54.644  37.457  7.112 0.0000000000
155127  -52.019  37.604  6.169 0.0000000000
155129  -53.626  38.070  6.663 0.0000000000
155138  -46.532  37.355  5.163 0.0000000000
155140  -48.359  37.476  5.220 0.0000000000
155141  -48.958  37.655  5.140 0.0000000000
155142  -50.505  37.556  5.646 0.0000000000
155143  -51.134  37.914  5.490 0.0000000000
155145  -54.667  37.880  5.840 0.0000000000
155149  -48.544  37.932  4.879 0.0000000000
155150  -49.318  38.063  4.734 0.0000000000
155163  -54.483  37.063  4.524 0.0000000000
155999  -54.278  38.179  6.807 0.0000000000
156010  -54.420  38.588  6.494 0.0000000000
156022  -46.638  38.034  4.840 0.0000000000
156025  -51.840  38.372  5.467 0.0000000000
156026  -52.780  38.649  5.713 0.0000000000
156027  -53.581  38.965  6.014 0.0000000000
156028  -54.671  38.585  5.746 0.0000000000
156033  -48.125  38.262  4.588 0.0000000000
156035  -50.137  38.154  4.849 0.0000000000
156085  -50.284  37.518  0.624 0.0000000000
156086  -51.411  37.830  0.533 0.0000000000
156087  -53.437  38.189  -0.354 0.0000000000
156863  -54.136  39.001  6.085 0.0000000000
156877  -54.270  39.291  5.713 0.0000000000
156878  -54.546  39.067  5.645 0.0000000000
156885  -48.502  38.683  4.337 0.0000000000
156886  -49.178  38.542  4.341 0.0000000000
156888  -51.975  39.038  4.743 0.0000000000
156890  -53.603  39.813  5.354 0.0000000000
156891  -54.388  39.413  5.270 0.0000000000
156901  -48.157  39.172  4.099 0.0000000000
156903  -49.752  38.850  4.079 0.0000000000
156904  -50.610  39.043  4.164 0.0000000000
156923  -53.992  39.266  1.713 0.0000000000
156948  -49.150  39.076  0.921 0.0000000000
156950  -53.845  38.894  -0.516 0.0000000000
156951  -54.294  38.995  -0.701 0.0000000000
157751  -43.665  39.775  4.553 0.0000000000
157755  -46.640  39.101  4.217 0.0000000000
157756  -47.432  39.191  4.078 0.0000000000
157759  -53.923  40.148  4.919 0.0000000000
157770  -45.642  39.988  4.152 0.0000000000
157774  -48.603  39.476  3.760 0.0000000000
157778  -51.948  39.819  3.811 0.0000000000
157779  -53.671  40.574  4.468 0.0000000000
157781  -54.369  40.313  4.174 0.0000000000
157791  -48.958  39.705  3.515 0.0000000000
157793  -50.215  39.838  3.364 0.0000000000
157795  -51.841  40.406  3.497 0.0000000000
157813  -49.943  39.179  0.909 0.0000000000
157814  -50.833  39.262  0.941 0.0000000000
157823  -45.476  39.513  0.539 0.0000000000
157826  -47.679  39.383  0.688 0.0000000000
157831  -52.752  39.510  -0.161 0.0000000000
157833  -54.094  39.234  -0.670 0.0000000000
158628  -44.817  40.131  4.285 0.0000000000
158629  -45.267  40.522  3.937 0.0000000000
158636  -43.874  40.764  4.203 0.0000000000
158637  -44.559  40.709  4.059 0.0000000000
158640  -47.394  40.288  3.539 0.0000000000
158642  -52.792  40.601  3.878 0.0000000000
158659  -48.975  40.116  3.268 0.0000000000
158661  -50.371  40.409  3.012 0.0000000000
158662  -51.239  40.682  3.089 0.0000000000
158665  -54.334  41.502  3.888 0.0000000000
158666  -54.567  41.464  3.575 0.0000000000
158703  -51.920  40.371  0.101 0.0000000000
158712  -44.773  40.675  -0.116 0.0000000000
158713  -45.291  40.536  -0.080 0.0000000000
158717  -48.390  40.984  0.048 0.0000000000
158718  -49.199  40.964  0.050 0.0000000000
158719  -49.947  40.840  0.153 0.0000000000
158722  -53.417  40.356  -0.580 0.0000000000
159521  -46.762  41.331  2.974 0.0000000000
159522  -47.439  41.218  2.837 0.0000000000
159524  -48.975  40.708  2.939 0.0000000000
159526  -53.572  42.191  3.395 0.0000000000
159527  -54.181  42.029  3.543 0.0000000000
159543  -50.847  41.747  2.358 0.0000000000
159564  -54.067  41.479  0.470 0.0000000000
159584  -53.991  41.653  0.065 0.0000000000
159598  -49.446  41.854  -0.866 0.0000000000
159603  -53.224  41.619  -0.757 0.0000000000
159609  -47.492  41.942  -1.448 0.0000000000
159663  -47.951  41.920  -10.720 0.0000000000
159664  -48.548  41.940  -10.703 0.0000000000
159676  -48.108  41.938  -11.107 0.0000000000
159684  -47.750  42.012  -11.382 0.0000000000
160427  -44.527  41.739  3.531 0.0000000000
160435  -53.515  42.517  3.025 0.0000000000
160445  -47.928  42.255  2.089 0.0000000000
160449  -52.245  42.645  2.340 0.0000000000
160489  -53.867  42.154  -0.060 0.0000000000
160504  -44.063  41.805  -1.257 0.0000000000
160512  -53.369  42.650  -0.762 0.0000000000
160543  -45.878  42.539  -2.894 0.0000000000
160545  -47.330  42.251  -2.892 0.0000000000
160547  -48.936  42.452  -2.443 0.0000000000
160553  -45.412  42.851  -3.380 0.0000000000
160559  -49.370  42.755  -3.587 0.0000000000
160565  -47.627  42.267  -4.465 0.0000000000
160573  -48.816  42.317  -5.739 0.0000000000
160575  -49.659  42.530  -5.486 0.0000000000
160581  -48.887  42.298  -6.571 0.0000000000
160582  -49.642  42.419  -6.667 0.0000000000
160584  -50.834  42.636  -6.788 0.0000000000
160589  -48.267  42.324  -6.894 0.0000000000
160591  -50.016  42.250  -7.423 0.0000000000
160605  -50.195  42.159  -7.824 0.0000000000
160606  -51.121  42.392  -7.992 0.0000000000
160607  -51.452  42.698  -7.951 0.0000000000
160621  -47.946  42.366  -9.025 0.0000000000
160623  -49.921  42.023  -8.979 0.0000000000
160624  -50.613  42.178  -8.586 0.0000000000
160625  -51.301  42.629  -8.268 0.0000000000
160639  -44.709  42.527  -10.270 0.0000000000
160641  -45.713  42.133  -10.148 0.0000000000
160642  -47.016  41.949  -10.358 0.0000000000
160644  -48.526  41.943  -9.900 0.0000000000
160645  -49.656  41.985  -9.599 0.0000000000
160647  -50.421  42.370  -9.288 0.0000000000
160658  -45.075  42.453  -10.629 0.0000000000
160659  -45.645  42.276  -10.649 0.0000000000
160660  -46.350  41.933  -10.515 0.0000000000
160670  -45.775  42.433  -11.050 0.0000000000
160671  -46.352  42.147  -10.841 0.0000000000
160672  -47.121  42.046  -11.104 0.0000000000
160673  -48.928  42.042  -10.695 0.0000000000
160682  -47.994  42.244  -11.783 0.0000000000
160683  -48.597  42.247  -11.455 0.0000000000
161346  -53.360  43.390  2.361 0.0000000000
161347  -53.791  43.250  2.419 0.0000000000
161352  -49.683  43.248  1.404 0.0000000000
161353  -50.522  43.518  1.509 0.0000000000
161355  -54.176  42.961  1.687 0.0000000000
161428  -43.557  43.375  -3.708 0.0000000000
161444  -46.624  42.838  -4.906 0.0000000000
161454  -44.570  43.524  -5.120 0.0000000000
161469  -46.008  43.317  -6.230 0.0000000000
161487  -51.484  42.803  -7.135 0.0000000000
161488  -51.698  43.070  -6.978 0.0000000000
161504  -51.540  42.829  -7.667 0.0000000000
161523  -44.552  42.631  -9.224 0.0000000000
161525  -51.296  42.785  -8.387 0.0000000000
161540  -43.944  42.470  -9.804 0.0000000000
161543  -50.890  42.769  -8.832 0.0000000000
161553  -44.381  42.612  -10.326 0.0000000000
161555  -49.392  42.699  -10.669 0.0000000000
161556  -49.960  42.568  -9.935 0.0000000000
161560  -44.636  42.718  -10.751 0.0000000000
161561  -45.007  42.552  -10.884 0.0000000000
161562  -45.027  42.564  -11.204 0.0000000000
161568  -46.496  42.634  -11.698 0.0000000000
161569  -46.938  42.614  -11.856 0.0000000000
161576  -48.289  42.705  -12.051 0.0000000000
161577  -48.468  42.445  -11.793 0.0000000000
162166  -47.201  43.397  1.637 0.0000000000
162169  -53.451  43.945  2.189 0.0000000000
162170  -53.784  43.851  2.041 0.0000000000
162178  -51.531  44.431  1.593 0.0000000000
162185  -53.827  43.472  0.561 0.0000000000
162232  -50.639  43.566  -5.137 0.0000000000
162245  -43.925  43.673  -5.746 0.0000000000
162248  -52.167  44.359  -6.218 0.0000000000
162272  -52.311  43.684  -7.158 0.0000000000
162288  -51.805  44.197  -7.618 0.0000000000
162289  -52.201  44.069  -7.538 0.0000000000
162304  -42.069  42.579  -8.806 0.0000000000
162314  -43.039  42.713  -9.710 0.0000000000
162315  -49.967  43.288  -9.187 0.0000000000
162320  -44.047  42.842  -10.424 0.0000000000
162327  -45.459  42.768  -11.262 0.0000000000
162328  -49.181  43.342  -11.136 0.0000000000
162332  -46.126  42.966  -11.642 0.0000000000
162333  -46.693  43.092  -12.041 0.0000000000
162334  -47.320  43.508  -12.298 0.0000000000
162335  -48.944  43.864  -12.270 0.0000000000
162340  -47.839  43.339  -12.373 0.0000000000
162341  -48.380  43.243  -12.299 0.0000000000
162972  -53.071  44.294  1.984 0.0000000000
162976  -47.849  44.566  1.320 0.0000000000
162978  -50.389  44.696  1.313 0.0000000000
162979  -51.226  44.860  1.435 0.0000000000
162980  -52.553  44.567  1.892 0.0000000000
162982  -53.412  44.549  1.592 0.0000000000
162983  -53.340  44.392  0.925 0.0000000000
162984  -53.769  43.893  1.060 0.0000000000
162992  -53.181  44.112  0.124 0.0000000000
163000  -52.479  44.408  -1.014 0.0000000000
163038  -52.535  44.822  -6.472 0.0000000000
163039  -52.576  45.353  -6.163 0.0000000000
163057  -49.170  44.670  -7.237 0.0000000000
163058  -50.330  44.611  -7.058 0.0000000000
163059  -51.468  44.735  -7.261 0.0000000000
163060  -52.068  45.099  -7.146 0.0000000000
163061  -52.290  44.954  -7.145 0.0000000000
163062  -52.360  44.707  -7.217 0.0000000000
163078  -51.735  44.382  -7.588 0.0000000000
163093  -42.555  43.661  -9.228 0.0000000000
163095  -49.350  43.851  -8.653 0.0000000000
163100  -42.554  42.970  -9.270 0.0000000000
163109  -43.961  43.529  -10.473 0.0000000000
163111  -45.249  44.065  -11.014 0.0000000000
163116  -45.209  43.184  -11.204 0.0000000000
163118  -46.462  44.339  -11.694 0.0000000000
163126  -49.523  45.114  -12.700 0.0000000000
163130  -48.303  44.438  -12.703 0.0000000000
163131  -48.859  44.502  -12.745 0.0000000000
163132  -49.108  44.578  -12.566 0.0000000000
163803  -47.098  45.457  1.493 0.0000000000
163805  -48.397  45.010  1.253 0.0000000000
163813  -52.807  45.292  1.336 0.0000000000
163814  -52.987  45.000  0.867 0.0000000000
163821  -52.707  45.371  0.255 0.0000000000
163828  -51.750  46.033  -0.881 0.0000000000
163844  -52.636  46.790  -4.211 0.0000000000
163859  -52.710  46.812  -5.534 0.0000000000
163869  -51.529  46.238  -5.957 0.0000000000
163878  -49.887  45.321  -5.904 0.0000000000
163881  -52.396  45.655  -6.563 0.0000000000
163882  -52.462  45.645  -6.476 0.0000000000
163892  -47.723  45.446  -7.142 0.0000000000
163896  -52.166  45.166  -7.103 0.0000000000
163924  -47.637  45.534  -8.721 0.0000000000
163933  -48.036  44.979  -9.195 0.0000000000
163936  -44.127  44.418  -10.311 0.0000000000
163938  -48.609  45.142  -10.441 0.0000000000
163952  -49.794  45.819  -12.197 0.0000000000
163958  -49.682  45.403  -12.977 0.0000000000
163959  -49.882  45.540  -12.761 0.0000000000
163964  -49.411  45.378  -13.060 0.0000000000
164585  -48.035  45.715  1.321 0.0000000000
164587  -50.323  45.978  1.141 0.0000000000
164588  -51.203  46.071  1.246 0.0000000000
164589  -51.941  45.884  1.319 0.0000000000
164594  -52.555  45.829  0.728 0.0000000000
164610  -51.694  46.754  -0.605 0.0000000000
164617  -51.640  47.016  -1.465 0.0000000000
164628  -48.463  46.635  -3.574 0.0000000000
164639  -47.967  46.360  -4.077 0.0000000000
164641  -49.748  46.366  -4.325 0.0000000000
164643  -51.916  47.246  -5.015 0.0000000000
164644  -52.866  47.303  -4.974 0.0000000000
164651  -47.117  46.428  -5.066 0.0000000000
164655  -51.146  46.558  -5.292 0.0000000000
164667  -47.494  45.999  -6.062 0.0000000000
164668  -52.338  46.533  -5.897 0.0000000000
164669  -52.506  46.240  -6.028 0.0000000000
164682  -47.343  45.955  -6.764 0.0000000000
164694  -46.893  46.454  -7.130 0.0000000000
164712  -47.612  46.189  -9.024 0.0000000000
164716  -44.993  45.928  -10.088 0.0000000000
164718  -48.408  45.892  -10.121 0.0000000000
164723  -45.852  45.809  -10.792 0.0000000000
164724  -46.406  45.950  -11.232 0.0000000000
164725  -48.981  45.689  -10.892 0.0000000000
164726  -49.428  46.267  -11.225 0.0000000000
164727  -49.940  46.398  -11.808 0.0000000000
164733  -46.999  45.940  -11.792 0.0000000000
164734  -47.649  45.871  -12.339 0.0000000000
164741  -48.370  45.810  -12.896 0.0000000000
164743  -49.507  46.480  -13.127 0.0000000000
164744  -49.958  46.178  -12.554 0.0000000000
164749  -49.830  46.035  -12.948 0.0000000000
165376  -46.386  47.702  1.585 0.0000000000
165380  -49.329  47.109  0.906 0.0000000000
165385  -49.608  47.737  0.580 0.0000000000
165386  -50.422  47.659  0.422 0.0000000000
165387  -51.061  47.152  0.535 0.0000000000
165388  -51.548  47.016  0.253 0.0000000000
165408  -47.456  47.603  -2.111 0.0000000000
165409  -48.031  47.575  -2.142 0.0000000000
165411  -49.878  47.720  -2.438 0.0000000000
165419  -47.661  47.241  -2.750 0.0000000000
165423  -51.708  47.739  -2.820 0.0000000000
165433  -51.242  47.543  -3.628 0.0000000000
165434  -52.227  47.673  -4.008 0.0000000000
165441  -46.409  47.263  -3.940 0.0000000000
165442  -46.799  46.800  -4.548 0.0000000000
165459  -46.238  47.220  -5.859 0.0000000000
165471  -46.641  46.940  -6.752 0.0000000000
165491  -47.415  46.757  -8.714 0.0000000000
165496  -47.876  46.777  -9.318 0.0000000000
165501  -45.486  46.695  -10.107 0.0000000000
165507  -46.131  46.576  -10.681 0.0000000000
165509  -47.532  47.001  -11.819 0.0000000000
165510  -49.982  46.914  -11.313 0.0000000000
165530  -49.315  47.087  -12.883 0.0000000000
165532  -50.136  46.760  -12.364 0.0000000000
165538  -49.893  46.480  -12.867 0.0000000000
166191  -45.745  47.309  1.886 0.0000000000
166201  -48.028  48.512  0.884 0.0000000000
166207  -49.116  48.345  0.434 0.0000000000
166216  -50.734  48.869  -0.908 0.0000000000
166217  -51.141  48.293  -0.666 0.0000000000
166218  -51.386  47.651  -0.402 0.0000000000
166223  -46.646  48.557  -1.240 0.0000000000
166226  -48.762  48.649  -1.096 0.0000000000
166228  -50.881  48.910  -1.465 0.0000000000
166230  -51.507  47.974  -0.968 0.0000000000
166238  -46.454  48.073  -1.909 0.0000000000
166239  -47.056  47.970  -1.681 0.0000000000
166242  -49.275  48.280  -1.755 0.0000000000
166244  -51.299  48.541  -1.815 0.0000000000
166251  -45.702  48.019  -2.915 0.0000000000
166252  -46.270  47.782  -2.658 0.0000000000
166253  -50.921  48.074  -2.316 0.0000000000
166254  -51.386  48.135  -2.266 0.0000000000
166255  -51.487  48.105  -2.171 0.0000000000
166263  -45.563  48.008  -3.691 0.0000000000
166264  -46.078  47.667  -3.421 0.0000000000
166270  -45.533  48.127  -4.364 0.0000000000
166290  -46.173  47.774  -6.191 0.0000000000
166291  -46.382  47.273  -6.385 0.0000000000
166301  -46.520  47.602  -6.854 0.0000000000
166311  -46.997  47.391  -7.961 0.0000000000
166312  -47.247  47.995  -8.218 0.0000000000
166324  -49.108  47.471  -10.312 0.0000000000
166325  -49.971  48.137  -10.411 0.0000000000
166336  -47.674  47.691  -11.734 0.0000000000
166337  -50.461  47.506  -11.345 0.0000000000
166338  -50.685  47.647  -11.537 0.0000000000
166345  -48.345  47.750  -12.301 0.0000000000
166346  -49.070  47.691  -12.590 0.0000000000
166347  -50.737  47.779  -11.794 0.0000000000
167047  -44.475  48.843  0.940 0.0000000000
167048  -45.161  48.899  0.968 0.0000000000
167050  -46.827  48.976  0.880 0.0000000000
167051  -47.438  48.782  0.907 0.0000000000
167059  -44.206  49.122  0.435 0.0000000000
167063  -47.333  49.107  0.425 0.0000000000
167064  -48.548  48.883  0.423 0.0000000000
167075  -43.889  49.267  -0.032 0.0000000000
167076  -46.464  49.155  -0.113 0.0000000000
167077  -47.143  49.182  -0.077 0.0000000000
167078  -47.912  49.272  -0.017 0.0000000000
167079  -48.550  49.190  -0.117 0.0000000000
167080  -49.111  49.025  -0.269 0.0000000000
167091  -46.220  49.030  -0.758 0.0000000000
167094  -48.294  49.000  -0.540 0.0000000000
167096  -50.268  49.023  -1.092 0.0000000000
167101  -44.914  48.813  -2.049 0.0000000000
167110  -45.314  48.408  -2.467 0.0000000000
167115  -44.784  48.734  -3.623 0.0000000000
167130  -45.428  48.599  -4.895 0.0000000000
167131  -45.784  48.287  -5.528 0.0000000000
167149  -46.386  48.606  -6.721 0.0000000000
167158  -47.390  48.791  -8.188 0.0000000000
167170  -47.776  47.789  -8.901 0.0000000000
167171  -48.547  48.254  -9.386 0.0000000000
167173  -50.679  48.838  -10.004 0.0000000000
167180  -50.793  48.445  -10.523 0.0000000000
167187  -46.826  48.549  -10.792 0.0000000000
167188  -47.516  48.345  -11.413 0.0000000000
167189  -50.655  48.056  -10.945 0.0000000000
167190  -50.779  47.975  -11.224 0.0000000000
167200  -50.243  48.197  -12.343 0.0000000000
167201  -50.762  48.137  -11.897 0.0000000000
167955  -41.926  49.402  -0.341 0.0000000000
167956  -42.676  49.285  -0.469 0.0000000000
167958  -44.200  49.210  -0.458 0.0000000000
167970  -41.443  49.740  -0.868 0.0000000000
167972  -42.964  49.367  -1.007 0.0000000000
167974  -44.425  49.108  -1.107 0.0000000000
167985  -44.563  49.087  -1.740 0.0000000000
167993  -43.879  49.385  -2.641 0.0000000000
168010  -44.968  49.162  -4.430 0.0000000000
168019  -45.309  49.350  -5.187 0.0000000000
168032  -45.928  49.129  -6.092 0.0000000000
168044  -46.237  49.093  -6.560 0.0000000000
168045  -46.690  49.037  -7.257 0.0000000000
168069  -51.129  48.937  -9.982 0.0000000000
168077  -46.828  49.221  -10.847 0.0000000000
168079  -51.218  48.961  -10.168 0.0000000000
168086  -51.013  48.865  -11.061 0.0000000000
168093  -48.533  49.191  -11.729 0.0000000000
168094  -49.352  49.014  -11.858 0.0000000000
168095  -49.793  48.620  -12.154 0.0000000000
168097  -50.881  48.425  -11.366 0.0000000000
168847  -42.950  50.105  -2.733 0.0000000000
168854  -43.521  49.838  -3.164 0.0000000000
168862  -44.310  50.160  -4.282 0.0000000000
168878  -45.333  49.913  -5.328 0.0000000000
168890  -46.064  50.047  -6.199 0.0000000000
168900  -46.442  49.750  -6.792 0.0000000000
168901  -47.001  50.416  -7.139 0.0000000000
168912  -49.517  50.489  -8.215 0.0000000000
168922  -48.007  49.942  -8.224 0.0000000000
168924  -50.193  50.010  -8.649 0.0000000000
168925  -51.290  49.962  -8.669 0.0000000000
168926  -51.474  50.174  -8.826 0.0000000000
168933  -50.807  49.602  -9.076 0.0000000000
168934  -51.459  49.592  -9.115 0.0000000000
168944  -50.918  50.148  -9.983 0.0000000000
168945  -51.414  49.718  -9.839 0.0000000000
168969  -48.307  49.839  -11.452 0.0000000000
169696  -42.083  51.048  -2.890 0.0000000000
169708  -43.477  51.013  -3.824 0.0000000000
169709  -43.911  50.525  -4.142 0.0000000000
169721  -44.402  50.732  -4.455 0.0000000000
169722  -44.878  50.882  -4.822 0.0000000000
169743  -45.680  50.364  -5.606 0.0000000000
169744  -46.171  50.712  -6.141 0.0000000000
169753  -48.128  51.380  -7.298 0.0000000000
169755  -51.203  50.924  -7.068 0.0000000000
169762  -47.850  50.784  -7.566 0.0000000000
169763  -48.990  51.025  -7.707 0.0000000000
169764  -50.042  50.753  -7.832 0.0000000000
169766  -51.502  50.970  -7.826 0.0000000000
169767  -51.623  51.219  -7.855 0.0000000000
169784  -51.506  50.358  -8.964 0.0000000000
169819  -47.455  51.004  -11.357 0.0000000000
169820  -48.061  50.710  -11.351 0.0000000000
169821  -48.413  50.871  -11.279 0.0000000000
170477  -42.210  51.700  -3.191 0.0000000000
170488  -42.624  52.066  -3.472 0.0000000000
170489  -43.813  51.745  -4.108 0.0000000000
170499  -44.530  51.452  -4.505 0.0000000000
170510  -45.664  51.524  -5.286 0.0000000000
170511  -46.086  51.621  -5.630 0.0000000000
170512  -46.534  52.054  -5.886 0.0000000000
170520  -46.968  51.804  -6.412 0.0000000000
170522  -50.728  51.941  -6.384 0.0000000000
170523  -51.509  51.943  -6.424 0.0000000000
170524  -51.673  52.102  -6.543 0.0000000000
170531  -47.492  51.560  -6.864 0.0000000000
170534  -51.081  51.516  -6.834 0.0000000000
170535  -51.459  51.668  -6.838 0.0000000000
170554  -51.444  51.249  -8.339 0.0000000000
170555  -51.616  51.166  -8.139 0.0000000000
170576  -49.770  51.067  -9.923 0.0000000000
170587  -49.144  51.061  -10.743 0.0000000000
170597  -47.890  51.589  -11.502 0.0000000000
170598  -48.356  51.559  -11.223 0.0000000000
171295  -43.999  52.483  -3.993 0.0000000000
171307  -45.014  52.142  -4.596 0.0000000000
171311  -51.414  52.986  -4.907 0.0000000000
171318  -45.497  51.962  -4.977 0.0000000000
171319  -46.029  52.190  -5.333 0.0000000000
171321  -47.584  52.924  -5.649 0.0000000000
171322  -48.995  52.630  -5.850 0.0000000000
171323  -49.989  52.636  -5.424 0.0000000000
171324  -51.493  52.752  -5.203 0.0000000000
171342  -49.719  51.955  -6.619 0.0000000000
171351  -51.796  52.253  -7.318 0.0000000000
171352  -51.749  52.107  -7.165 0.0000000000
171360  -51.061  51.877  -8.102 0.0000000000
171368  -49.679  52.135  -9.049 0.0000000000
171386  -48.505  51.967  -10.907 0.0000000000
171418  -48.293  53.058  -12.144 0.0000000000
172070  -41.685  52.844  -2.776 0.0000000000
172071  -42.170  53.004  -2.926 0.0000000000
172072  -42.789  53.236  -2.955 0.0000000000
172073  -43.442  53.437  -3.011 0.0000000000
172074  -44.066  53.647  -3.284 0.0000000000
172075  -44.711  53.769  -3.469 0.0000000000
172089  -44.332  53.103  -3.782 0.0000000000
172090  -44.934  53.256  -3.944 0.0000000000
172092  -46.222  53.732  -4.046 0.0000000000
172096  -51.674  53.514  -3.519 0.0000000000
172107  -45.923  53.146  -4.481 0.0000000000
172108  -46.651  53.403  -4.498 0.0000000000
172110  -48.387  53.737  -4.319 0.0000000000
172114  -51.614  53.372  -4.290 0.0000000000
172123  -47.104  53.202  -5.091 0.0000000000
172125  -49.013  53.034  -5.288 0.0000000000
172126  -50.548  52.967  -4.808 0.0000000000
172127  -51.576  53.277  -4.844 0.0000000000
172134  -51.553  53.129  -5.725 0.0000000000
172144  -51.625  52.604  -6.077 0.0000000000
172151  -51.464  52.470  -6.923 0.0000000000
172161  -50.527  52.468  -7.872 0.0000000000
172880  -43.907  54.632  -1.495 0.0000000000
172882  -46.657  54.834  -1.587 0.0000000000
172884  -48.515  54.848  -1.207 0.0000000000
172885  -49.388  54.846  -1.074 0.0000000000
172886  -50.527  54.830  -1.485 0.0000000000
172891  -43.693  54.332  -2.143 0.0000000000
172894  -45.816  54.659  -2.140 0.0000000000
172895  -47.257  54.707  -2.168 0.0000000000
172898  -49.926  54.731  -1.716 0.0000000000
172899  -50.953  54.549  -1.989 0.0000000000
172900  -51.025  54.611  -1.986 0.0000000000
172907  -48.646  54.656  -2.476 0.0000000000
172910  -51.285  54.125  -2.462 0.0000000000
172911  -51.431  54.275  -2.543 0.0000000000
172920  -45.805  54.004  -3.529 0.0000000000
172921  -46.505  54.193  -3.498 0.0000000000
172922  -47.162  54.255  -3.415 0.0000000000
172924  -49.537  54.200  -3.377 0.0000000000
172925  -50.605  53.969  -3.117 0.0000000000
172926  -51.739  53.824  -3.456 0.0000000000
172938  -51.868  53.872  -4.081 0.0000000000
172946  -51.313  53.984  -5.036 0.0000000000
172947  -51.610  53.835  -4.848 0.0000000000
172964  -50.203  54.038  -6.300 0.0000000000
172965  -51.068  53.443  -6.052 0.0000000000
172973  -49.480  53.732  -7.520 0.0000000000
173009  -49.231  54.493  -11.525 0.0000000000
173041  -49.004  54.800  -13.075 0.0000000000
173691  -46.224  55.553  0.598 0.0000000000
173694  -49.628  55.936  0.920 0.0000000000
173703  -45.899  55.402  0.172 0.0000000000
173705  -48.043  55.445  0.325 0.0000000000
173708  -49.942  55.646  0.048 0.0000000000
173715  -48.354  55.285  -0.074 0.0000000000
173717  -49.843  55.487  0.005 0.0000000000
173718  -50.141  55.467  -0.346 0.0000000000
173719  -50.529  55.278  -0.809 0.0000000000
173722  -45.632  54.904  -0.784 0.0000000000
173723  -47.225  55.048  -0.859 0.0000000000
173725  -48.937  54.997  -0.548 0.0000000000
173726  -49.757  55.061  -0.507 0.0000000000
173729  -50.929  55.123  -1.674 0.0000000000
173732  -51.023  54.738  -1.917 0.0000000000
173736  -51.273  54.872  -2.801 0.0000000000
173760  -51.055  54.590  -4.674 0.0000000000
173761  -51.548  54.191  -4.367 0.0000000000
173768  -50.202  54.981  -5.451 0.0000000000
173769  -50.844  54.439  -5.171 0.0000000000
173777  -49.519  54.956  -6.463 0.0000000000
173836  -50.008  55.898  -11.862 0.0000000000
173849  -49.983  55.897  -12.293 0.0000000000
173862  -49.147  55.205  -13.014 0.0000000000
174481  -48.857  56.405  1.740 0.0000000000
174482  -49.488  56.636  1.748 0.0000000000
174495  -49.336  56.171  1.337 0.0000000000
174503  -50.106  55.788  -0.122 0.0000000000
174504  -50.433  55.674  -0.817 0.0000000000
174508  -50.660  55.421  -1.119 0.0000000000
174515  -50.793  55.406  -2.226 0.0000000000
174516  -51.102  54.883  -2.149 0.0000000000
174519  -50.798  55.454  -3.100 0.0000000000
174554  -49.681  55.479  -5.947 0.0000000000
174620  -49.703  55.799  -11.145 0.0000000000
174637  -48.951  55.402  -12.849 0.0000000000
174649  -49.775  55.798  -12.608 0.0000000000
175272  -47.587  57.042  2.669 0.0000000000
175274  -49.020  57.472  2.444 0.0000000000
175275  -49.268  56.974  2.004 0.0000000000
175288  -46.324  56.480  2.123 0.0000000000
175289  -47.234  56.539  2.167 0.0000000000
175290  -48.182  56.764  2.141 0.0000000000
175299  -49.814  56.284  0.888 0.0000000000
175302  -44.787  57.039  0.070 0.0000000000
175304  -46.975  57.168  0.022 0.0000000000
175311  -44.591  56.752  -0.542 0.0000000000
175313  -46.487  56.963  -0.555 0.0000000000
175316  -48.794  57.326  -1.044 0.0000000000
175324  -45.101  56.519  -1.096 0.0000000000
175326  -46.966  57.031  -1.208 0.0000000000
175327  -47.930  57.295  -1.199 0.0000000000
175329  -50.225  56.248  -1.043 0.0000000000
175333  -43.552  56.462  -2.017 0.0000000000
175334  -44.546  56.407  -2.240 0.0000000000
175335  -45.170  56.455  -2.224 0.0000000000
175339  -48.941  57.301  -1.778 0.0000000000
175340  -50.050  56.503  -1.565 0.0000000000
175349  -43.974  56.456  -2.641 0.0000000000
175351  -45.635  56.499  -2.815 0.0000000000
175353  -48.045  57.233  -2.995 0.0000000000
175355  -50.044  56.547  -2.323 0.0000000000
175356  -50.319  56.008  -2.677 0.0000000000
175366  -45.891  56.574  -3.472 0.0000000000
175368  -48.349  57.254  -3.996 0.0000000000
175369  -48.758  57.247  -3.605 0.0000000000
175371  -50.267  56.045  -3.479 0.0000000000
175383  -47.916  57.294  -4.407 0.0000000000
175385  -50.125  56.200  -4.158 0.0000000000
175396  -47.592  57.246  -4.945 0.0000000000
175397  -48.255  57.492  -4.886 0.0000000000
175409  -49.275  57.376  -6.275 0.0000000000
175410  -49.567  56.526  -5.399 0.0000000000
175457  -49.227  56.826  -9.278 0.0000000000
175474  -49.807  56.747  -10.530 0.0000000000
175505  -49.933  56.351  -11.812 0.0000000000
176047  -47.706  58.665  3.980 0.0000000000
176050  -44.097  58.030  3.622 0.0000000000
176051  -44.821  57.849  3.567 0.0000000000
176052  -46.553  57.825  3.517 0.0000000000
176053  -47.409  57.995  3.600 0.0000000000
176055  -48.674  58.506  3.201 0.0000000000
176056  -48.766  58.552  3.000 0.0000000000
176064  -42.375  57.623  3.168 0.0000000000
176065  -43.514  57.656  3.336 0.0000000000
176070  -47.928  57.572  3.189 0.0000000000
176072  -48.890  57.966  2.693 0.0000000000
176092  -44.939  57.981  1.332 0.0000000000
176095  -48.049  58.011  1.186 0.0000000000
176096  -48.860  58.062  1.173 0.0000000000
176097  -49.366  57.634  0.972 0.0000000000
176098  -49.654  57.230  1.283 0.0000000000
176099  -49.876  56.754  0.819 0.0000000000
176109  -45.416  57.255  0.550 0.0000000000
176110  -46.432  57.214  0.737 0.0000000000
176111  -47.492  57.562  0.592 0.0000000000
176113  -49.225  57.506  0.446 0.0000000000
176122  -49.624  57.087  -0.200 0.0000000000
176123  -49.776  56.891  0.008 0.0000000000
176140  -49.456  57.103  -1.737 0.0000000000
176141  -49.803  56.800  -1.289 0.0000000000
176156  -49.163  57.119  -3.826 0.0000000000
176157  -49.694  56.887  -3.642 0.0000000000
176158  -49.767  56.859  -2.793 0.0000000000
176163  -48.694  57.471  -4.800 0.0000000000
176166  -49.789  56.703  -4.289 0.0000000000
176174  -48.949  57.465  -5.189 0.0000000000
176175  -49.266  57.120  -4.969 0.0000000000
176176  -49.558  56.841  -4.740 0.0000000000
176188  -48.903  57.715  -5.699 0.0000000000
176199  -49.154  57.896  -6.684 0.0000000000
176269  -49.738  56.954  -11.371 0.0000000000
176805  -45.321  59.068  3.994 0.0000000000
176808  -47.986  58.903  3.998 0.0000000000
176809  -48.403  59.225  3.725 0.0000000000
176815  -44.189  58.615  3.765 0.0000000000
176817  -45.335  58.382  3.789 0.0000000000
176818  -48.457  58.838  3.576 0.0000000000
176826  -48.746  58.798  2.835 0.0000000000
176831  -41.355  57.834  2.721 0.0000000000
176832  -41.883  58.107  2.798 0.0000000000
176833  -45.480  60.065  2.399 0.0000000000
176835  -47.156  59.082  2.482 0.0000000000
176836  -47.939  58.912  2.347 0.0000000000
176837  -48.903  58.519  2.472 0.0000000000
176838  -49.148  57.970  2.020 0.0000000000
176843  -40.433  57.892  1.921 0.0000000000
176849  -47.566  58.391  1.846 0.0000000000
176920  -48.911  58.390  -6.930 0.0000000000
176927  -48.601  58.787  -7.288 0.0000000000
177521  -46.098  59.780  4.293 0.0000000000
177522  -46.904  60.015  4.326 0.0000000000
177523  -47.851  59.457  4.072 0.0000000000
177536  -44.846  59.351  3.807 0.0000000000
177537  -47.969  59.531  3.904 0.0000000000
177541  -42.464  58.445  2.864 0.0000000000
177543  -43.525  59.093  3.250 0.0000000000
177545  -48.571  59.225  3.371 0.0000000000
177549  -41.633  58.414  2.273 0.0000000000
177551  -42.828  59.370  2.609 0.0000000000
177554  -46.794  59.912  2.908 0.0000000000
177556  -48.196  59.378  2.907 0.0000000000
177560  -40.816  58.471  1.455 0.0000000000
177563  -44.470  59.953  1.454 0.0000000000
177574  -40.482  58.993  0.892 0.0000000000
177575  -41.156  59.332  1.282 0.0000000000
177577  -43.711  59.354  0.944 0.0000000000
177586  -37.802  59.097  -0.246 0.0000000000
177588  -39.311  59.267  0.115 0.0000000000
177640  -48.286  59.288  -7.539 0.0000000000
178229  -46.622  60.590  4.322 0.0000000000
178231  -47.426  60.039  4.049 0.0000000000
178244  -45.660  61.413  3.731 0.0000000000
178245  -46.182  61.462  3.788 0.0000000000
178246  -46.630  61.124  4.044 0.0000000000
178247  -46.897  60.861  4.072 0.0000000000
178248  -47.394  60.119  3.689 0.0000000000
178259  -44.267  60.472  3.109 0.0000000000
178261  -45.912  61.718  3.406 0.0000000000
178263  -46.968  60.672  3.595 0.0000000000
178264  -47.404  60.051  3.190 0.0000000000
178272  -46.089  61.670  3.104 0.0000000000
178273  -46.593  61.020  3.347 0.0000000000
178279  -42.940  60.800  1.881 0.0000000000
178287  -40.057  59.482  0.384 0.0000000000
178290  -41.995  60.518  1.122 0.0000000000
178302  -38.081  59.633  -0.428 0.0000000000
178303  -38.821  59.768  -0.273 0.0000000000
178306  -43.603  60.493  -0.064 0.0000000000
179025  -43.975  61.545  2.288 0.0000000000
179030  -43.361  61.584  1.614 0.0000000000
179031  -43.955  61.802  1.893 0.0000000000
179039  -41.007  60.401  0.484 0.0000000000
179041  -42.310  61.093  0.976 0.0000000000
179050  -36.828  60.672  -0.867 0.0000000000
179054  -39.908  60.580  -0.097 0.0000000000
179055  -40.623  60.695  0.114 0.0000000000
179057  -44.323  61.457  -0.207 0.0000000000
179776  -42.223  61.364  0.639 0.0000000000
179777  -44.159  61.791  0.449 0.0000000000
179778  -44.405  61.587  0.197 0.0000000000
179786  -37.268  61.064  -0.952 0.0000000000
179787  -38.443  61.561  -0.759 0.0000000000
179788  -39.321  61.119  -0.500 0.0000000000
179792  -44.056  61.945  -0.191 0.0000000000
179794  -44.557  62.187  -1.251 0.0000000000
179796  -44.389  61.869  -1.238 0.0000000000
179801  -44.439  61.967  -1.856 0.0000000000
180512  -40.532  61.667  -0.359 0.0000000000
180514  -42.289  62.049  0.006 0.0000000000
180518  -44.984  62.639  -1.558 0.0000000000
181204  -43.403  62.617  -0.805 0.0000000000
181914  -40.781  63.713  -0.871 0.0000000000
197829  -44.804  61.705  2.234 0.0000000000
197855  -50.633  36.619  6.934 0.0000000000
197925  -45.351  43.201  -7.832 0.0000000000
198957  -46.982  38.421  0.733 0.0000000000
199474  -52.542  36.253  11.219 0.0000000000
199591  -45.342  42.828  -8.671 0.0000000000
199767  -49.301  57.198  -0.565 0.0000000000
199819  -49.765  36.334  8.817 0.0000000000
199945  -44.661  54.654  -1.557 0.0000000000
199985  -47.471  48.033  1.184 0.0000000000
200216  -40.902  61.171  -0.021 0.0000000000
200403  -45.447  61.719  2.748 0.0000000000
200808  -43.460  41.739  3.752 0.0000000000
202010  -52.904  47.319  -4.496 0.0000000000
202085  -50.230  53.753  -3.822 0.0000000000
203606  -48.203  46.952  -3.087 0.0000000000
203611  -45.658  57.794  3.473 0.0000000000
204164  -54.478  35.420  9.574 0.0000000000
204674  -48.949  42.235  -11.011 0.0000000000
205004  -52.720  41.712  3.247 0.0000000000
205470  -47.400  47.031  1.290 0.0000000000
205599  -49.438  42.412  -5.894 0.0000000000
205988  -49.239  41.934  2.083 0.0000000000
206250  -45.793  37.306  5.294 0.0000000000
206538  -47.385  42.079  2.249 0.0000000000
206611  -51.124  53.385  -3.790 0.0000000000
206635  -48.847  41.895  -9.946 0.0000000000
206644  -54.451  38.278  -0.285 0.0000000000
206666  -53.119  42.255  -0.969 0.0000000000
206815  -46.513  54.681  -2.351 0.0000000000
207207  -49.702  40.888  2.767 0.0000000000
207237  -49.044  48.016  -9.944 0.0000000000
207983  -44.385  61.731  2.147 0.0000000000
209208  -37.068  60.070  -0.740 0.0000000000
209499  -46.535  43.066  -6.505 0.0000000000
209939  -50.671  36.017  12.350 0.0000000000
210424  -48.329  57.234  -3.462 0.0000000000
210495  -48.473  57.335  -2.397 0.0000000000
210571  -51.537  43.294  -8.147 0.0000000000
210930  -37.534  61.583  -0.964 0.0000000000
211752  -49.153  58.322  -7.387 0.0000000000
212202  -48.869  55.458  -8.479 0.0000000000
212735  -46.820  47.782  -7.528 0.0000000000
214015  -45.540  56.440  -1.662 0.0000000000
214231  -48.920  44.534  1.200 0.0000000000
214304  -41.710  59.901  1.331 0.0000000000
214986  -49.508  45.799  1.075 0.0000000000
215051  -48.378  58.711  2.289 0.0000000000
215094  -38.604  60.864  -0.749 0.0000000000
215138  -48.104  52.589  -6.084 0.0000000000
215677  -49.582  44.547  1.194 0.0000000000
215702  -45.168  49.318  0.132 0.0000000000
215892  -51.858  53.906  -4.054 0.0000000000
215927  -50.160  47.135  -12.553 0.0000000000
216351  -48.438  43.532  1.362 0.0000000000
216505  -42.060  63.094  -0.972 0.0000000000
217334  -49.321  58.473  -9.522 0.0000000000
217621  -48.241  51.830  -6.904 0.0000000000
217678  -47.988  46.840  1.133 0.0000000000
217941  -37.653  60.005  -0.704 0.0000000000
218021  -49.635  56.988  1.723 0.0000000000
218031  -43.590  50.355  -3.684 0.0000000000
218176  -45.159  61.680  2.214 0.0000000000
218309  -40.523  62.931  -0.706 0.0000000000
218743  -47.684  46.030  -5.270 0.0000000000
218860  -47.255  45.332  -12.093 0.0000000000
218888  -49.450  57.516  1.761 0.0000000000
218975  -49.957  55.965  -5.019 0.0000000000
219035  -45.836  58.932  4.056 0.0000000000
219296  -48.361  44.014  -12.598 0.0000000000
219769  -45.526  47.964  -9.865 0.0000000000
219789  -51.972  44.890  1.699 0.0000000000
220181  -44.280  49.686  -3.987 0.0000000000
220329  -46.134  49.231  0.310 0.0000000000
220982  -49.991  47.202  0.859 0.0000000000
221146  -49.607  50.386  -10.965 0.0000000000
221227  -44.479  48.961  -3.228 0.0000000000
221229  -50.044  56.316  -0.080 0.0000000000
221421  -48.828  55.764  1.003 0.0000000000
221787  -47.509  45.792  1.409 0.0000000000
221894  -51.120  52.522  -5.331 0.0000000000
221897  -49.397  43.080  -10.515 0.0000000000
222001  -53.158  44.635  1.834 0.0000000000
222046  -48.320  36.378  9.314 0.0000000000
222069  -47.892  59.884  -7.755 0.0000000000
222177  -49.050  55.053  -13.029 0.0000000000
222238  -50.755  45.579  -6.052 0.0000000000
222778  -49.451  57.009  -3.169 0.0000000000
223414  -46.439  55.000  -0.840 0.0000000000
223439  -49.638  49.073  -0.744 0.0000000000
223476  -48.345  52.943  -5.615 0.0000000000
224837  -48.317  46.299  1.189 0.0000000000
225568  -47.007  46.513  -7.713 0.0000000000
225680  -50.579  54.545  -2.109 0.0000000000
226059  -49.127  42.526  -11.051 0.0000000000
226096  -50.867  53.605  -3.514 0.0000000000
226239  -48.182  39.748  0.748 0.0000000000
226636  -48.706  49.149  0.106 0.0000000000
226893  -51.783  43.433  -7.732 0.0000000000
227142  -52.446  42.220  -1.196 0.0000000000
227194  -51.606  51.536  -7.499 0.0000000000
227610  -52.722  43.027  -1.417 0.0000000000
227898  -47.697  36.380  12.360 0.0000000000
227935  -48.420  40.479  3.204 0.0000000000
228149  -49.382  56.907  -5.951 0.0000000000
228217  -50.070  38.061  0.888 0.0000000000
228316  -46.288  47.141  -5.235 0.0000000000
228740  -51.399  45.709  -2.440 0.0000000000
229601  -54.243  42.516  1.908 0.0000000000
229632  -42.055  61.647  0.321 0.0000000000
229815  -50.253  42.412  -1.730 0.0000000000
230453  -50.746  51.170  -7.175 0.0000000000
230613  -47.312  60.013  4.124 0.0000000000
230780  -45.386  60.376  3.877 0.0000000000
230851  -48.085  45.677  -5.780 0.0000000000
231157  -44.947  63.044  -1.500 0.0000000000
231247  -49.069  57.914  1.113 0.0000000000
231907  -49.219  54.531  -2.789 0.0000000000
232326  -48.739  53.611  -9.540 0.0000000000
232516  -47.492  46.288  -4.575 0.0000000000
232717  -49.750  45.353  -12.636 0.0000000000
232828  -47.349  38.202  4.598 0.0000000000
232962  -49.154  44.049  -11.782 0.0000000000
233033  -51.430  50.087  -9.294 0.0000000000
233117  -45.964  48.061  -5.874 0.0000000000
233119  -43.711  61.855  0.799 0.0000000000
233236  -52.632  46.634  -5.765 0.0000000000
233769  -52.244  36.840  7.106 0.0000000000
233906  -48.390  42.300  -5.470 0.0000000000
234020  -50.829  37.633  0.610 0.0000000000
234113  -43.971  42.621  3.323 0.0000000000
234155  -52.797  45.198  1.636 0.0000000000
234242  -49.646  55.956  0.853 0.0000000000
234541  -48.919  41.764  -0.773 0.0000000000
234753  -50.282  43.064  -2.718 0.0000000000
234794  -52.628  47.303  -5.156 0.0000000000
234928  -52.175  43.731  1.919 0.0000000000
235392  -43.158  40.429  0.202 0.0000000000
235574  -44.347  38.924  4.708 0.0000000000
235942  -46.165  56.678  -2.622 0.0000000000
236099  -49.260  42.615  -4.188 0.0000000000
236403  -48.938  43.155  -11.868 0.0000000000
236895  -54.015  42.631  2.758 0.0000000000
237158  -42.900  56.789  -1.277 0.0000000000
237470  -47.041  48.927  -7.791 0.0000000000
237490  -49.582  36.522  11.123 0.0000000000
237644  -48.698  53.971  -3.727 0.0000000000
237879  -45.607  40.259  0.053 0.0000000000
237952  -47.973  40.262  3.456 0.0000000000
237976  -55.191  35.854  1.701 0.0000000000
237989  -54.400  39.505  4.863 0.0000000000
