#!ascii label  , from subject sub-05_ses-011 vox2ras=TkReg
894
210575  38.047  17.170  45.826 0.0000000000
145325  41.563  14.983  36.257 0.0000000000
150320  46.467  20.534  36.342 0.0000000000
141515  42.542  12.465  29.612 0.0000000000
219202  37.261  12.911  40.225 0.0000000000
150238  47.648  20.781  42.092 0.0000000000
183909  42.221  15.583  30.291 0.0000000000
147750  38.206  17.732  35.882 0.0000000000
149409  42.973  19.248  41.318 0.0000000000
146103  39.666  16.649  40.574 0.0000000000
140249  41.135  11.932  37.106 0.0000000000
150294  43.529  20.658  38.489 0.0000000000
147767  40.505  17.759  33.921 0.0000000000
146929  44.637  17.784  36.174 0.0000000000
147792  43.199  18.655  30.113 0.0000000000
148588  39.162  18.128  38.695 0.0000000000
147660  40.263  18.122  43.654 0.0000000000
207912  39.040  17.072  43.154 0.0000000000
140237  39.296  12.043  38.371 0.0000000000
152109  48.193  21.584  39.425 0.0000000000
152090  45.531  21.538  40.326 0.0000000000
150312  44.660  20.571  37.639 0.0000000000
148611  42.114  18.577  36.542 0.0000000000
148626  43.345  19.045  34.255 0.0000000000
146903  42.775  17.021  39.250 0.0000000000
147686  44.230  17.993  39.084 0.0000000000
146149  42.730  16.624  35.871 0.0000000000
144583  42.871  15.665  27.576 0.0000000000
146183  43.027  17.381  29.397 0.0000000000
145397  41.442  16.340  29.010 0.0000000000
145382  40.253  16.129  31.140 0.0000000000
142583  41.235  12.950  31.546 0.0000000000
138026  40.624  10.096  33.634 0.0000000000
213288  36.044  14.937  45.021 0.0000000000
145278  37.359  15.272  42.794 0.0000000000
150274  48.358  20.870  39.054 0.0000000000
142532  41.442  13.377  34.283 0.0000000000
145360  41.363  15.384  33.292 0.0000000000
143613  42.626  13.756  32.004 0.0000000000
142616  44.015  14.078  28.588 0.0000000000
150229  44.179  20.426  44.505 0.0000000000
149396  42.114  19.438  43.993 0.0000000000
147670  41.523  18.135  41.067 0.0000000000
190089  41.102  16.046  38.685 0.0000000000
145293  37.993  15.446  39.804 0.0000000000
144467  39.911  14.218  38.178 0.0000000000
142496  41.400  13.252  36.371 0.0000000000
213257  42.584  11.945  34.616 0.0000000000
215456  34.225  15.801  45.636 0.0000000000
207804  43.991  21.851  41.225 0.0000000000
150277  41.675  20.710  39.239 0.0000000000
148600  40.749  18.358  37.894 0.0000000000
146941  39.273  17.487  34.787 0.0000000000
145362  37.542  15.944  32.701 0.0000000000
150256  44.881  20.104  41.390 0.0000000000
148558  45.962  18.937  38.987 0.0000000000
187868  45.934  19.609  35.354 0.0000000000
146949  42.488  17.072  33.361 0.0000000000
147772  44.684  18.706  32.076 0.0000000000
149488  44.925  20.121  32.857 0.0000000000
147775  41.606  18.347  32.547 0.0000000000
144540  38.853  15.297  32.345 0.0000000000
148572  38.732  18.863  38.772 0.0000000000
150299  39.851  20.269  38.931 0.0000000000
146862  39.364  17.348  45.164 0.0000000000
209502  38.411  16.571  44.877 0.0000000000
151222  46.610  20.853  37.471 0.0000000000
207023  45.914  21.204  38.793 0.0000000000
150311  45.446  20.626  37.313 0.0000000000
149474  44.126  20.046  35.845 0.0000000000
149473  45.379  20.397  35.244 0.0000000000
145312  42.575  15.901  37.602 0.0000000000
146127  43.490  16.643  38.357 0.0000000000
146144  42.364  16.012  36.218 0.0000000000
142618  42.593  14.074  28.101 0.0000000000
219663  42.305  15.743  27.634 0.0000000000
143645  41.815  14.340  29.295 0.0000000000
144561  41.265  14.753  29.845 0.0000000000
141508  41.736  12.757  30.919 0.0000000000
140339  41.442  11.732  31.880 0.0000000000
139220  42.258  11.168  31.130 0.0000000000
143451  36.219  14.086  44.128 0.0000000000
150251  48.741  20.919  40.586 0.0000000000
150252  48.282  20.587  40.580 0.0000000000
141477  42.890  12.725  33.545 0.0000000000
142566  42.461  13.500  32.662 0.0000000000
142564  43.835  13.062  32.371 0.0000000000
142615  44.572  13.778  29.053 0.0000000000
143666  44.986  14.081  27.389 0.0000000000
143667  44.124  14.160  27.431 0.0000000000
147672  40.303  17.749  41.573 0.0000000000
148539  41.022  18.444  42.402 0.0000000000
146883  40.960  17.382  40.472 0.0000000000
146109  41.604  16.937  39.634 0.0000000000
186092  40.404  16.519  39.651 0.0000000000
143483  36.732  14.149  41.084 0.0000000000
145283  37.279  15.240  40.929 0.0000000000
144448  37.225  14.376  39.905 0.0000000000
140250  40.787  11.674  37.583 0.0000000000
198426  39.548  13.577  38.219 0.0000000000
142474  40.565  12.886  37.714 0.0000000000
143530  40.931  14.029  37.448 0.0000000000
141427  41.546  12.587  36.659 0.0000000000
141452  41.575  12.537  35.304 0.0000000000
140276  41.821  11.661  35.960 0.0000000000
140271  45.360  11.486  35.235 0.0000000000
151195  44.349  20.965  39.448 0.0000000000
152065  44.553  21.810  41.088 0.0000000000
151169  43.843  21.167  39.983 0.0000000000
152093  42.951  21.401  40.594 0.0000000000
150276  42.431  20.758  39.169 0.0000000000
149455  41.201  19.602  38.139 0.0000000000
149454  41.847  19.773  37.894 0.0000000000
219839  41.293  17.921  35.125 0.0000000000
147747  40.577  17.825  35.985 0.0000000000
147758  40.223  17.587  34.693 0.0000000000
185690  38.133  17.257  33.785 0.0000000000
146951  38.473  17.211  33.185 0.0000000000
149398  43.333  19.863  42.554 0.0000000000
150242  44.451  20.419  42.858 0.0000000000
149401  44.158  19.933  41.611 0.0000000000
147705  44.935  17.665  37.797 0.0000000000
148559  45.279  18.657  39.171 0.0000000000
147704  45.421  18.148  37.426 0.0000000000
148582  46.442  19.036  37.613 0.0000000000
147729  45.334  18.733  36.082 0.0000000000
201360  41.480  15.503  32.630 0.0000000000
146164  41.965  16.505  33.896 0.0000000000
146171  41.809  16.151  32.331 0.0000000000
146972  43.377  18.091  29.592 0.0000000000
146966  43.666  17.996  30.927 0.0000000000
147785  44.182  18.795  31.339 0.0000000000
148637  45.290  19.526  32.548 0.0000000000
148644  43.980  18.864  31.269 0.0000000000
148640  42.983  18.942  32.229 0.0000000000
147788  42.017  18.452  30.839 0.0000000000
143617  39.941  14.538  31.943 0.0000000000
145383  39.642  16.720  31.629 0.0000000000
143603  39.189  14.587  32.448 0.0000000000
143584  38.718  14.234  32.973 0.0000000000
151139  46.924  21.067  43.523 0.0000000000
198434  38.172  18.118  37.627 0.0000000000
147721  38.885  17.989  37.390 0.0000000000
148521  40.948  18.897  45.635 0.0000000000
147653  40.050  18.278  45.210 0.0000000000
147664  39.826  17.768  43.143 0.0000000000
146877  38.985  17.081  42.025 0.0000000000
141395  38.059  12.535  39.299 0.0000000000
152089  46.483  21.747  40.206 0.0000000000
151194  45.177  21.096  39.108 0.0000000000
150313  43.866  20.423  37.916 0.0000000000
149453  42.546  19.988  37.647 0.0000000000
149475  43.203  19.552  36.370 0.0000000000
148610  42.765  18.916  36.120 0.0000000000
147756  41.881  18.185  34.524 0.0000000000
147675  42.609  18.138  40.157 0.0000000000
148549  43.416  18.770  40.091 0.0000000000
146901  43.737  17.027  38.692 0.0000000000
146910  44.114  17.044  38.058 0.0000000000
146921  44.129  17.217  36.617 0.0000000000
144570  43.085  15.800  28.272 0.0000000000
146179  42.800  16.789  30.101 0.0000000000
145396  42.742  16.569  28.135 0.0000000000
146193  42.143  17.186  28.526 0.0000000000
146979  41.884  17.449  28.834 0.0000000000
147789  41.008  17.637  30.372 0.0000000000
144571  40.992  15.803  29.869 0.0000000000
143632  40.812  14.376  30.768 0.0000000000
142567  40.860  12.864  32.217 0.0000000000
138038  41.059  10.017  33.167 0.0000000000
218014  37.157  16.064  45.624 0.0000000000
145271  37.600  15.744  44.326 0.0000000000
144411  37.082  14.935  44.034 0.0000000000
144428  36.571  14.184  42.438 0.0000000000
142441  36.590  13.122  41.165 0.0000000000
152086  49.027  21.663  40.374 0.0000000000
151191  48.271  21.153  39.115 0.0000000000
151221  47.589  20.662  37.989 0.0000000000
204730  41.084  14.297  34.899 0.0000000000
145342  41.349  15.365  34.713 0.0000000000
143582  41.373  14.277  33.282 0.0000000000
143600  41.520  14.447  32.639 0.0000000000
143614  42.073  14.368  31.612 0.0000000000
142580  44.398  13.225  31.158 0.0000000000
143629  43.083  13.958  30.370 0.0000000000
143643  43.119  14.677  29.270 0.0000000000
143658  43.474  15.296  27.952 0.0000000000
142628  43.305  14.264  27.644 0.0000000000
141514  42.794  12.505  29.038 0.0000000000
139227  43.070  11.274  30.070 0.0000000000
149389  43.187  19.917  44.251 0.0000000000
149404  42.324  19.229  42.219 0.0000000000
148530  41.200  18.815  43.817 0.0000000000
148533  41.901  18.955  42.539 0.0000000000
148542  42.279  18.489  41.231 0.0000000000
146881  42.092  17.760  40.036 0.0000000000
145301  41.886  16.208  38.607 0.0000000000
144477  41.696  15.059  37.610 0.0000000000
146093  37.965  16.272  42.812 0.0000000000
146100  38.015  16.156  41.374 0.0000000000
146104  39.051  16.289  40.084 0.0000000000
143503  38.254  14.175  38.943 0.0000000000
144446  38.519  14.877  38.948 0.0000000000
145303  39.714  15.860  38.991 0.0000000000
186164  40.303  15.623  38.622 0.0000000000
144465  41.017  14.662  37.575 0.0000000000
144485  41.382  14.342  36.447 0.0000000000
142505  41.311  13.298  35.557 0.0000000000
142516  41.733  12.734  34.526 0.0000000000
141463  43.799  12.213  33.913 0.0000000000
140273  43.707  11.337  35.112 0.0000000000
140301  44.398  11.969  34.277 0.0000000000
146074  36.065  16.448  45.909 0.0000000000
145256  35.233  15.813  45.797 0.0000000000
208338  33.275  14.492  45.268 0.0000000000
152924  45.375  22.679  42.637 0.0000000000
207797  43.042  22.007  41.523 0.0000000000
149441  40.232  19.870  38.586 0.0000000000
148586  40.511  18.682  38.459 0.0000000000
193925  39.314  17.905  36.827 0.0000000000
148612  41.445  18.390  36.860 0.0000000000
198603  40.054  17.866  36.205 0.0000000000
147749  38.783  17.714  35.861 0.0000000000
150247  46.146  20.372  41.801 0.0000000000
149419  44.659  19.350  40.310 0.0000000000
149418  45.428  19.442  40.180 0.0000000000
150266  46.686  20.019  40.415 0.0000000000
149428  47.368  19.758  39.048 0.0000000000
194416  47.262  19.961  37.111 0.0000000000
149471  46.694  20.138  35.833 0.0000000000
146150  42.110  16.288  35.483 0.0000000000
146156  42.529  16.853  35.063 0.0000000000
146937  43.765  17.683  34.998 0.0000000000
146962  43.142  17.382  31.182 0.0000000000
147773  43.862  18.050  32.352 0.0000000000
147755  44.424  18.271  34.508 0.0000000000
148624  45.755  19.324  34.012 0.0000000000
148623  45.821  19.823  33.530 0.0000000000
215764  45.936  20.304  34.737 0.0000000000
148625  44.311  19.895  33.519 0.0000000000
147765  42.121  18.468  33.504 0.0000000000
147776  40.822  17.981  33.084 0.0000000000
191468  40.578  17.686  31.177 0.0000000000
146963  40.127  17.763  31.821 0.0000000000
199606  39.215  17.734  32.573 0.0000000000
188509  38.124  16.273  32.590 0.0000000000
136865  39.856  9.559  34.360 0.0000000000
150300  39.231  20.123  39.136 0.0000000000
150279  40.172  20.751  39.241 0.0000000000
146849  38.546  17.328  45.813 0.0000000000
146863  38.745  17.112  45.321 0.0000000000
146864  38.116  16.823  45.434 0.0000000000
215511  46.697  20.609  36.896 0.0000000000
151228  46.151  20.710  37.028 0.0000000000
150321  45.910  20.591  36.483 0.0000000000
150329  45.673  20.527  35.884 0.0000000000
145320  42.128  15.484  37.247 0.0000000000
145323  42.585  15.812  36.907 0.0000000000
145324  42.033  15.472  36.589 0.0000000000
142607  42.380  13.144  29.073 0.0000000000
143644  42.141  13.926  28.788 0.0000000000
207531  41.968  13.519  29.762 0.0000000000
141507  42.134  12.733  30.123 0.0000000000
140348  42.061  12.027  30.788 0.0000000000
140358  42.420  12.132  30.111 0.0000000000
214013  47.651  21.134  43.251 0.0000000000
151145  48.262  21.105  42.654 0.0000000000
151150  48.631  21.103  41.757 0.0000000000
150245  48.016  20.631  41.323 0.0000000000
142546  43.683  12.923  33.009 0.0000000000
201046  43.120  13.133  32.679 0.0000000000
143655  45.543  14.060  27.926 0.0000000000
142634  45.632  13.603  27.122 0.0000000000
142635  45.101  13.553  26.937 0.0000000000
146933  37.395  17.150  35.509 0.0000000000
211646  40.021  17.420  41.254 0.0000000000
146879  40.600  17.635  40.981 0.0000000000
146884  40.167  17.169  40.765 0.0000000000
146102  40.345  16.860  40.200 0.0000000000
143491  36.974  13.894  40.493 0.0000000000
144440  37.036  14.632  40.625 0.0000000000
142447  37.322  13.438  39.945 0.0000000000
141416  40.705  12.230  37.605 0.0000000000
141415  41.132  12.720  37.276 0.0000000000
140260  41.511  11.795  36.458 0.0000000000
141437  41.643  12.182  35.965 0.0000000000
151218  43.954  20.677  38.992 0.0000000000
209722  44.390  21.177  40.061 0.0000000000
151196  43.578  21.007  39.484 0.0000000000
151197  42.849  21.084  39.570 0.0000000000
150295  42.732  20.571  38.611 0.0000000000
150315  42.250  20.223  38.178 0.0000000000
147757  41.023  17.776  34.576 0.0000000000
146940  39.636  17.579  34.006 0.0000000000
146950  39.117  17.481  33.279 0.0000000000
149402  43.471  19.696  41.818 0.0000000000
149408  43.655  19.499  41.137 0.0000000000
147717  45.026  17.816  37.208 0.0000000000
147730  45.019  18.051  36.581 0.0000000000
147716  45.303  18.395  36.799 0.0000000000
199755  45.001  18.304  35.915 0.0000000000
144549  41.936  15.181  31.434 0.0000000000
145371  41.778  15.743  31.834 0.0000000000
145381  42.176  16.013  30.724 0.0000000000
183815  42.959  18.191  29.438 0.0000000000
146971  43.601  18.459  30.217 0.0000000000
148657  43.613  18.656  30.444 0.0000000000
148651  43.412  18.860  30.883 0.0000000000
147787  42.674  18.766  31.164 0.0000000000
143601  40.207  13.792  32.159 0.0000000000
143602  39.697  14.040  32.410 0.0000000000
143583  39.338  13.837  32.872 0.0000000000
148571  39.436  19.113  38.689 0.0000000000
147699  38.536  18.081  38.608 0.0000000000
147708  38.704  17.937  38.311 0.0000000000
148507  40.233  19.006  45.547 0.0000000000
148523  39.833  18.492  45.502 0.0000000000
146871  38.917  17.069  43.823 0.0000000000
146866  39.402  17.343  44.366 0.0000000000
146873  39.347  17.391  42.650 0.0000000000
146874  38.854  17.006  42.669 0.0000000000
152088  47.715  21.895  40.208 0.0000000000
152062  47.756  22.115  40.990 0.0000000000
152110  47.224  21.575  39.426 0.0000000000
151224  45.035  20.731  38.061 0.0000000000
151216  45.461  20.968  38.438 0.0000000000
151217  44.676  20.838  38.739 0.0000000000
150324  43.330  20.163  37.442 0.0000000000
150323  44.217  20.326  37.178 0.0000000000
148609  43.524  19.456  35.545 0.0000000000
148618  42.928  18.873  35.205 0.0000000000
148619  42.195  18.517  35.127 0.0000000000
148627  42.547  18.672  34.623 0.0000000000
147688  42.867  17.846  39.692 0.0000000000
146890  43.262  17.293  39.261 0.0000000000
146135  43.599  16.684  37.723 0.0000000000
146142  43.582  16.763  37.000 0.0000000000
146915  44.212  17.092  37.360 0.0000000000
146922  43.411  16.940  36.260 0.0000000000
144578  42.983  15.761  27.678 0.0000000000
145395  42.789  16.095  27.684 0.0000000000
145400  41.962  16.132  28.246 0.0000000000
187492  42.478  16.893  28.088 0.0000000000
196581  42.063  16.787  28.260 0.0000000000
146190  41.497  17.068  28.933 0.0000000000
210434  41.004  16.388  29.787 0.0000000000
142596  41.398  13.264  30.908 0.0000000000
143615  41.002  13.653  31.187 0.0000000000
142584  40.675  13.410  31.839 0.0000000000
141490  41.204  12.343  32.041 0.0000000000
139213  41.682  11.116  31.726 0.0000000000
139205  41.481  10.565  32.239 0.0000000000
145264  36.377  15.431  45.372 0.0000000000
145272  37.260  15.459  44.526 0.0000000000
144391  36.700  15.000  44.731 0.0000000000
143469  36.348  13.832  42.839 0.0000000000
203726  36.237  13.409  42.558 0.0000000000
143484  36.422  13.670  41.435 0.0000000000
142434  36.402  13.133  41.904 0.0000000000
150263  48.576  21.240  39.711 0.0000000000
151213  48.059  20.816  38.547 0.0000000000
143560  41.228  13.682  34.854 0.0000000000
143569  41.235  14.094  34.107 0.0000000000
193778  41.843  13.889  32.964 0.0000000000
143599  42.016  14.105  32.342 0.0000000000
144537  41.785  14.643  32.113 0.0000000000
143630  42.685  14.052  31.137 0.0000000000
142593  45.161  13.496  30.746 0.0000000000
142606  44.185  13.693  29.772 0.0000000000
143642  43.622  14.071  29.623 0.0000000000
215474  42.685  14.449  30.299 0.0000000000
191083  43.627  14.567  28.579 0.0000000000
143657  43.738  14.810  27.771 0.0000000000
142627  44.259  13.356  27.359 0.0000000000
193837  43.626  13.389  27.794 0.0000000000
142617  42.934  13.281  28.290 0.0000000000
141524  43.244  12.546  28.496 0.0000000000
140356  43.295  11.529  29.500 0.0000000000
149384  42.465  19.781  45.496 0.0000000000
150231  43.101  19.947  45.175 0.0000000000
149390  42.624  19.612  44.607 0.0000000000
149395  42.679  19.689  43.637 0.0000000000
149400  42.165  19.491  43.041 0.0000000000
148531  40.647  18.537  44.176 0.0000000000
148526  41.094  18.813  44.771 0.0000000000
148535  40.789  18.493  43.284 0.0000000000
147666  41.277  18.361  41.624 0.0000000000
148538  41.609  18.639  42.035 0.0000000000
148543  41.806  18.473  41.378 0.0000000000
148537  42.100  18.738  41.788 0.0000000000
147669  42.020  18.193  40.887 0.0000000000
147676  42.219  18.018  40.387 0.0000000000
147677  41.678  17.862  40.524 0.0000000000
193416  41.028  16.514  39.359 0.0000000000
186079  41.719  16.547  39.106 0.0000000000
145314  41.689  15.752  38.099 0.0000000000
145274  37.407  15.293  43.559 0.0000000000
146089  38.001  16.195  43.618 0.0000000000
145277  37.548  15.881  43.183 0.0000000000
145287  37.764  15.536  40.542 0.0000000000
219207  37.636  15.698  41.220 0.0000000000
221883  38.093  15.838  40.870 0.0000000000
210410  38.498  16.220  40.829 0.0000000000
145286  38.350  15.836  40.257 0.0000000000
141394  38.528  12.429  38.847 0.0000000000
142463  38.255  13.001  38.851 0.0000000000
142462  38.713  12.867  38.560 0.0000000000
143516  39.289  14.179  38.468 0.0000000000
187784  39.159  14.761  38.710 0.0000000000
145304  39.032  15.422  39.046 0.0000000000
190293  39.676  15.215  38.714 0.0000000000
144453  40.196  14.899  38.232 0.0000000000
143529  41.219  13.747  37.096 0.0000000000
143540  41.392  13.776  36.742 0.0000000000
189359  41.379  14.407  37.065 0.0000000000
143550  41.261  13.857  36.040 0.0000000000
141451  42.056  12.157  34.834 0.0000000000
141464  42.411  12.411  34.081 0.0000000000
141450  43.101  11.992  34.262 0.0000000000
139160  44.145  10.949  35.601 0.0000000000
199776  45.002  11.894  34.729 0.0000000000
146853  35.401  16.893  46.049 0.0000000000
146076  34.194  16.390  45.732 0.0000000000
146075  34.925  16.363  45.957 0.0000000000
145266  34.753  15.263  45.456 0.0000000000
144394  34.161  14.824  45.239 0.0000000000
152045  45.042  22.028  41.609 0.0000000000
152935  44.820  22.395  42.184 0.0000000000
152925  44.510  22.641  42.773 0.0000000000
152936  44.091  22.277  42.339 0.0000000000
152047  43.625  22.067  41.766 0.0000000000
151198  42.120  21.026  39.696 0.0000000000
150278  40.916  20.724  39.245 0.0000000000
150298  40.527  20.298  38.864 0.0000000000
150297  41.230  20.355  38.799 0.0000000000
148585  40.985  18.918  38.089 0.0000000000
149456  40.641  19.387  38.426 0.0000000000
147720  39.710  18.009  37.404 0.0000000000
147719  40.336  18.140  37.339 0.0000000000
148597  42.586  19.002  36.878 0.0000000000
148598  41.913  18.762  37.219 0.0000000000
147759  39.932  17.730  35.513 0.0000000000
147748  39.389  17.807  36.152 0.0000000000
147760  39.189  17.595  35.522 0.0000000000
218358  38.094  17.277  34.940 0.0000000000
186281  38.370  17.561  34.487 0.0000000000
146173  37.428  16.459  33.129 0.0000000000
215133  44.529  20.667  44.963 0.0000000000
150249  44.639  20.298  42.120 0.0000000000
150234  44.918  20.661  43.432 0.0000000000
150241  45.148  20.501  42.690 0.0000000000
150240  45.905  20.517  42.539 0.0000000000
150248  45.376  20.360  41.945 0.0000000000
148561  43.758  18.459  39.538 0.0000000000
148548  44.165  18.925  39.874 0.0000000000
148560  44.509  18.574  39.311 0.0000000000
148569  45.593  18.404  38.545 0.0000000000
149430  45.700  19.124  39.628 0.0000000000
149417  46.170  19.601  40.017 0.0000000000
149429  46.457  19.431  39.378 0.0000000000
149416  47.070  19.813  39.750 0.0000000000
149438  46.696  19.401  38.677 0.0000000000
201833  46.172  19.317  36.502 0.0000000000
148595  46.581  19.475  36.902 0.0000000000
149472  46.764  19.902  36.187 0.0000000000
149465  47.105  20.048  36.721 0.0000000000
148607  46.564  19.872  35.609 0.0000000000
145351  41.358  15.359  33.963 0.0000000000
145341  41.591  15.915  35.125 0.0000000000
146158  41.609  15.941  34.343 0.0000000000
146170  41.981  16.475  32.994 0.0000000000
146939  42.428  17.066  34.211 0.0000000000
146938  43.090  17.360  34.560 0.0000000000
146967  43.234  17.424  30.141 0.0000000000
147780  44.204  18.486  31.433 0.0000000000
147764  44.292  18.186  33.047 0.0000000000
146947  43.783  17.954  34.088 0.0000000000
194850  44.575  18.451  33.668 0.0000000000
194045  45.005  18.664  34.813 0.0000000000
147754  45.254  18.856  33.774 0.0000000000
149492  45.245  19.737  32.664 0.0000000000
148630  45.481  19.681  32.948 0.0000000000
149487  45.424  19.995  33.084 0.0000000000
195873  45.835  20.078  34.281 0.0000000000
149483  45.621  20.204  33.654 0.0000000000
149484  44.970  20.174  33.990 0.0000000000
215409  45.103  20.211  33.331 0.0000000000
147781  42.377  18.763  32.026 0.0000000000
197428  43.079  18.921  33.026 0.0000000000
147774  42.244  18.689  32.750 0.0000000000
221456  41.647  18.277  33.146 0.0000000000
189962  40.622  16.521  30.466 0.0000000000
146968  40.504  17.334  31.010 0.0000000000
146180  40.293  16.881  31.120 0.0000000000
145372  39.512  16.024  32.394 0.0000000000
221394  39.038  17.144  32.049 0.0000000000
195373  39.212  17.730  32.005 0.0000000000
146172  38.368  16.854  32.434 0.0000000000
145373  39.065  16.175  32.579 0.0000000000
217259  38.406  13.982  33.450 0.0000000000
143585  38.127  14.520  33.212 0.0000000000
140317  40.514  11.295  33.344 0.0000000000
138027  40.037  10.071  34.049 0.0000000000
149444  38.280  19.483  38.859 0.0000000000
149443  38.999  19.601  38.905 0.0000000000
149442  39.650  19.745  38.767 0.0000000000
147654  39.656  17.825  45.457 0.0000000000
147655  39.171  17.496  45.743 0.0000000000
146867  38.899  16.992  44.629 0.0000000000
146088  38.470  16.540  44.123 0.0000000000
204540  47.307  21.144  38.433 0.0000000000
151193  46.788  21.320  38.824 0.0000000000
151215  46.432  21.112  38.197 0.0000000000
151223  45.823  20.821  37.754 0.0000000000
150330  44.690  20.319  36.276 0.0000000000
149479  44.620  19.937  34.968 0.0000000000
207849  42.966  16.424  38.512 0.0000000000
146902  43.158  16.751  38.855 0.0000000000
146128  43.024  16.335  38.011 0.0000000000
146136  43.017  16.313  37.311 0.0000000000
146143  42.949  16.360  36.606 0.0000000000
142629  42.821  15.017  27.582 0.0000000000
145405  42.696  15.960  27.516 0.0000000000
143659  42.209  14.842  28.003 0.0000000000
144579  41.866  15.256  28.735 0.0000000000
189880  41.341  15.566  29.364 0.0000000000
142608  41.471  13.878  30.397 0.0000000000
141499  41.625  12.268  31.480 0.0000000000
140338  41.845  11.676  31.436 0.0000000000
139204  41.996  10.449  31.634 0.0000000000
144405  35.996  14.491  44.553 0.0000000000
144404  36.503  14.577  44.218 0.0000000000
143452  35.774  13.857  44.393 0.0000000000
151148  49.255  21.789  41.280 0.0000000000
150244  48.842  21.037  41.042 0.0000000000
150264  48.439  20.724  39.795 0.0000000000
142531  41.928  13.076  33.877 0.0000000000
143581  41.562  13.675  33.592 0.0000000000
142548  42.127  13.340  33.276 0.0000000000
218630  42.845  13.392  32.362 0.0000000000
142565  43.165  13.284  32.090 0.0000000000
142605  44.880  13.617  29.865 0.0000000000
142614  45.224  13.847  28.919 0.0000000000
143656  44.740  14.112  27.917 0.0000000000
185417  44.106  14.460  27.541 0.0000000000
205131  44.612  14.032  27.289 0.0000000000
141532  44.433  12.889  27.498 0.0000000000
149391  42.035  19.409  44.961 0.0000000000
147663  40.361  18.154  42.790 0.0000000000
147667  40.646  18.112  41.963 0.0000000000
147671  40.957  17.973  41.309 0.0000000000
147678  41.179  17.843  40.834 0.0000000000
146110  41.007  16.898  39.928 0.0000000000
187690  37.026  14.726  41.459 0.0000000000
206398  37.321  15.383  41.842 0.0000000000
144439  37.356  15.119  40.121 0.0000000000
140236  39.710  11.903  38.077 0.0000000000
142476  39.194  12.970  38.275 0.0000000000
141405  40.063  12.358  37.849 0.0000000000
142475  39.832  12.974  37.958 0.0000000000
143515  40.357  13.633  37.861 0.0000000000
144466  40.490  14.383  37.836 0.0000000000
142486  40.988  13.375  37.418 0.0000000000
142485  41.358  13.238  36.968 0.0000000000
204039  41.549  12.758  36.020 0.0000000000
141436  41.917  11.868  35.445 0.0000000000
140290  42.400  11.653  35.102 0.0000000000
139159  44.942  11.047  35.674 0.0000000000
140270  46.142  11.492  35.230 0.0000000000
151168  44.999  21.182  39.833 0.0000000000
152064  45.234  21.806  40.968 0.0000000000
152091  44.769  21.435  40.504 0.0000000000
152092  44.046  21.518  40.602 0.0000000000
152066  43.404  21.694  41.039 0.0000000000
151170  43.211  21.285  39.994 0.0000000000
149439  41.502  20.168  38.251 0.0000000000
148584  41.531  19.172  37.721 0.0000000000
147745  41.743  18.134  35.433 0.0000000000
147731  41.665  18.137  36.172 0.0000000000
147746  41.171  17.912  35.754 0.0000000000
187702  40.745  17.621  35.303 0.0000000000
188149  38.866  17.421  33.917 0.0000000000
146952  37.869  16.938  33.142 0.0000000000
190265  37.860  16.590  32.715 0.0000000000
150236  43.751  20.139  43.938 0.0000000000
150235  44.320  20.408  43.646 0.0000000000
150243  43.826  20.189  43.096 0.0000000000
150250  43.949  20.147  42.320 0.0000000000
147697  44.593  17.646  38.466 0.0000000000
148570  44.928  18.163  38.768 0.0000000000
147696  45.208  18.015  38.121 0.0000000000
148583  45.801  18.430  37.869 0.0000000000
148568  46.240  18.861  38.292 0.0000000000
205742  45.718  18.695  36.944 0.0000000000
148608  45.783  19.113  36.228 0.0000000000
146165  41.391  16.042  33.591 0.0000000000
218874  41.534  15.889  33.002 0.0000000000
195220  42.165  16.821  32.034 0.0000000000
215563  43.526  17.939  30.279 0.0000000000
147786  43.931  18.592  30.891 0.0000000000
147779  44.616  18.995  31.615 0.0000000000
147763  45.105  18.949  32.788 0.0000000000
148643  44.711  19.131  31.645 0.0000000000
148638  44.657  19.507  32.134 0.0000000000
148632  44.200  19.812  32.652 0.0000000000
148639  43.950  19.219  31.924 0.0000000000
147782  41.727  18.430  31.753 0.0000000000
209061  40.117  15.376  30.978 0.0000000000
218081  39.816  15.071  31.458 0.0000000000
144539  39.381  15.140  31.898 0.0000000000
142551  38.915  13.620  33.413 0.0000000000
151146  47.235  20.955  42.824 0.0000000000
148573  38.040  18.585  38.638 0.0000000000
193881  38.232  18.109  36.924 0.0000000000
147736  37.911  18.013  36.397 0.0000000000
148527  40.518  18.629  45.009 0.0000000000
147657  40.204  18.161  44.526 0.0000000000
147658  39.849  17.665  44.873 0.0000000000
147661  39.804  17.756  44.008 0.0000000000
147668  39.895  17.889  42.295 0.0000000000
146876  39.614  17.436  41.833 0.0000000000
146098  39.360  17.041  41.266 0.0000000000
140226  38.432  11.975  39.297 0.0000000000
140225  38.907  11.869  38.795 0.0000000000
140224  39.470  11.594  38.545 0.0000000000
139119  39.956  11.328  38.192 0.0000000000
139118  40.627  11.125  37.898 0.0000000000
139131  41.138  11.286  37.424 0.0000000000
140248  41.550  11.349  36.947 0.0000000000
140259  41.881  11.273  36.340 0.0000000000
152063  46.719  21.993  41.036 0.0000000000
151167  45.983  21.396  39.497 0.0000000000
150314  43.024  20.366  38.043 0.0000000000
149467  42.891  19.731  37.081 0.0000000000
149466  43.664  20.103  36.690 0.0000000000
201373  42.233  18.472  35.804 0.0000000000
147766  41.344  18.019  33.814 0.0000000000
148550  42.843  18.515  40.413 0.0000000000
148540  43.193  18.984  40.723 0.0000000000
147674  43.088  18.305  39.824 0.0000000000
147687  43.530  17.852  39.409 0.0000000000
147698  43.988  17.410  38.970 0.0000000000
146900  44.217  17.246  38.468 0.0000000000
146909  44.517  17.368  38.056 0.0000000000
146920  44.686  17.550  36.966 0.0000000000
219609  42.367  15.300  30.083 0.0000000000
220579  42.815  15.879  29.262 0.0000000000
145388  42.763  16.581  29.373 0.0000000000
145399  42.541  16.348  27.729 0.0000000000
146189  42.638  17.193  28.673 0.0000000000
146978  42.785  17.715  29.093 0.0000000000
147797  42.185  17.779  29.057 0.0000000000
147793  41.807  17.950  29.782 0.0000000000
202138  42.285  18.288  30.120 0.0000000000
146973  41.323  17.530  29.422 0.0000000000
219814  40.998  16.965  29.768 0.0000000000
145389  40.521  15.798  30.422 0.0000000000
144562  40.554  15.152  30.278 0.0000000000
144550  40.248  14.776  31.172 0.0000000000
221404  40.478  12.715  32.563 0.0000000000
139195  40.836  10.631  33.278 0.0000000000
201025  41.323  11.245  32.190 0.0000000000
139194  41.160  10.446  32.804 0.0000000000
136878  40.862  9.567  33.486 0.0000000000
146082  37.540  16.310  45.405 0.0000000000
208646  37.934  16.353  45.021 0.0000000000
146086  37.517  16.024  44.802 0.0000000000
192166  37.463  15.387  44.066 0.0000000000
144420  37.082  14.807  43.272 0.0000000000
144412  36.634  14.457  43.717 0.0000000000
144421  36.679  14.327  43.056 0.0000000000
144427  36.974  14.725  42.398 0.0000000000
144434  36.587  14.215  41.786 0.0000000000
143492  36.645  13.601  40.903 0.0000000000
142448  36.926  13.137  40.563 0.0000000000
152061  48.685  22.055  40.772 0.0000000000
152087  48.159  21.828  40.051 0.0000000000
151190  48.635  21.458  39.787 0.0000000000
151214  47.846  20.992  38.496 0.0000000000
151227  47.112  20.579  37.320 0.0000000000
145333  41.386  15.241  35.451 0.0000000000
207007  41.186  14.840  35.023 0.0000000000
144503  41.203  14.766  34.374 0.0000000000
144513  41.274  14.753  33.623 0.0000000000
144524  41.374  14.866  32.943 0.0000000000
144538  41.556  15.065  32.297 0.0000000000
143631  42.267  14.830  30.708 0.0000000000
190030  44.312  13.113  31.840 0.0000000000
142581  43.639  13.227  31.534 0.0000000000
142582  43.021  13.514  31.589 0.0000000000
215542  44.475  13.446  30.475 0.0000000000
189270  43.741  13.487  30.587 0.0000000000
142594  43.172  13.561  31.053 0.0000000000
144560  42.664  15.083  29.706 0.0000000000
143668  43.456  15.067  27.596 0.0000000000
140347  42.629  11.598  30.451 0.0000000000
140357  42.800  11.901  29.666 0.0000000000
150230  43.620  20.233  44.835 0.0000000000
149394  43.255  19.919  43.361 0.0000000000
149399  42.729  19.666  42.769 0.0000000000
149403  42.835  19.445  42.001 0.0000000000
149386  41.269  19.286  45.923 0.0000000000
148525  41.632  19.072  44.404 0.0000000000
148529  41.677  19.193  43.402 0.0000000000
148534  41.351  18.807  42.876 0.0000000000
148536  42.542  18.857  41.606 0.0000000000
148541  42.678  18.679  41.005 0.0000000000
148551  42.449  18.274  40.720 0.0000000000
147689  42.435  17.903  39.950 0.0000000000
146891  42.529  17.526  39.614 0.0000000000
207388  42.030  17.404  39.751 0.0000000000
146108  42.226  17.021  39.411 0.0000000000
146119  42.490  16.538  38.890 0.0000000000
145313  42.429  16.086  38.254 0.0000000000
196279  42.114  15.645  37.772 0.0000000000
144476  41.784  14.971  36.959 0.0000000000
146085  37.960  16.139  44.404 0.0000000000
146092  38.562  16.632  43.229 0.0000000000
145280  37.444  15.953  42.409 0.0000000000
146096  37.967  16.297  42.029 0.0000000000
146095  38.493  16.626  42.382 0.0000000000
146099  38.598  16.588  41.538 0.0000000000
187461  39.013  16.544  40.884 0.0000000000
142453  37.790  13.183  39.334 0.0000000000
143497  37.702  13.927  39.361 0.0000000000
144447  37.849  14.810  39.422 0.0000000000
143517  38.764  13.557  38.624 0.0000000000
143502  38.794  14.303  38.721 0.0000000000
216095  38.325  15.351  39.237 0.0000000000
145292  38.677  15.725  39.613 0.0000000000
145291  39.284  15.998  39.417 0.0000000000
189232  39.794  16.508  39.895 0.0000000000
146111  39.825  16.254  39.406 0.0000000000
146120  40.351  16.212  39.054 0.0000000000
145302  40.916  15.295  38.043 0.0000000000
219053  40.640  14.809  37.899 0.0000000000
216563  41.637  14.616  36.724 0.0000000000
144493  41.188  14.514  35.656 0.0000000000
215899  41.173  13.933  35.400 0.0000000000
142517  41.403  13.110  34.900 0.0000000000
142530  42.393  12.919  33.572 0.0000000000
141475  44.103  12.632  33.397 0.0000000000
140275  42.239  11.318  35.710 0.0000000000
140274  42.874  11.292  35.356 0.0000000000
140289  43.034  11.609  34.801 0.0000000000
140272  44.578  11.368  35.172 0.0000000000
140288  43.712  11.698  34.464 0.0000000000
141462  44.551  12.436  33.834 0.0000000000
146850  37.610  16.823  45.785 0.0000000000
146072  37.130  16.438  45.827 0.0000000000
146073  36.679  16.008  45.780 0.0000000000
210571  35.503  16.268  45.958 0.0000000000
145255  35.933  15.839  45.800 0.0000000000
145265  35.660  15.283  45.470 0.0000000000
144392  35.474  14.615  45.198 0.0000000000
144395  33.438  15.062  45.191 0.0000000000
201584  33.761  14.496  45.201 0.0000000000
143440  34.330  14.082  45.203 0.0000000000
152937  42.983  22.270  42.073 0.0000000000
152067  42.707  21.755  41.122 0.0000000000
152068  42.050  21.874  41.246 0.0000000000
149457  40.103  19.225  38.619 0.0000000000
149440  40.860  19.935  38.496 0.0000000000
148587  39.903  18.451  38.650 0.0000000000
147707  39.462  18.015  38.181 0.0000000000
147735  38.655  17.913  36.467 0.0000000000
149468  42.237  19.347  37.448 0.0000000000
148599  41.265  18.574  37.569 0.0000000000
147732  41.024  18.062  36.434 0.0000000000
147718  40.868  18.253  37.152 0.0000000000
147734  39.884  17.998  36.736 0.0000000000
189060  37.928  17.371  35.430 0.0000000000
146166  37.530  16.912  33.737 0.0000000000
150228  44.725  20.654  44.230 0.0000000000
151140  46.147  20.907  43.829 0.0000000000
151147  46.410  20.881  43.041 0.0000000000
150239  46.701  20.619  42.342 0.0000000000
149420  43.875  19.237  40.470 0.0000000000
149407  44.395  19.659  40.949 0.0000000000
148547  44.957  18.994  39.750 0.0000000000
149406  45.151  19.778  40.753 0.0000000000
150255  45.627  20.165  41.215 0.0000000000
150254  46.410  20.196  41.076 0.0000000000
150246  46.999  20.513  41.590 0.0000000000
150253  47.319  20.318  40.867 0.0000000000
150265  47.613  20.286  40.125 0.0000000000
149427  47.952  20.405  38.860 0.0000000000
148567  46.881  19.483  37.977 0.0000000000
149437  47.440  19.871  38.312 0.0000000000
149436  47.672  20.438  38.071 0.0000000000
150310  47.296  20.296  37.335 0.0000000000
150319  46.879  20.310  36.588 0.0000000000
150327  46.608  20.279  35.930 0.0000000000
145332  41.804  15.678  35.857 0.0000000000
146157  42.011  16.446  34.705 0.0000000000
146931  43.191  17.162  35.445 0.0000000000
146930  43.953  17.416  35.840 0.0000000000
202630  42.343  16.566  31.218 0.0000000000
146954  42.664  17.142  32.407 0.0000000000
146961  43.405  17.792  31.855 0.0000000000
146953  43.167  17.395  32.762 0.0000000000
146948  43.145  17.688  33.543 0.0000000000
147744  44.458  17.982  35.380 0.0000000000
147743  44.872  18.332  35.576 0.0000000000
147742  45.322  19.057  35.241 0.0000000000
148631  45.664  19.412  33.143 0.0000000000
148616  45.909  19.793  34.438 0.0000000000
148615  46.197  20.137  34.920 0.0000000000
150334  46.482  20.203  35.421 0.0000000000
150335  46.132  20.406  35.201 0.0000000000
149478  45.569  20.329  34.394 0.0000000000
148617  43.932  19.542  34.623 0.0000000000
215692  43.530  19.273  33.445 0.0000000000
208858  41.366  18.071  30.599 0.0000000000
147783  41.023  18.129  31.403 0.0000000000
146964  39.764  17.375  31.650 0.0000000000
188941  40.861  18.034  32.233 0.0000000000
205348  39.872  17.902  32.434 0.0000000000
146955  39.796  17.812  33.209 0.0000000000
146956  38.811  17.211  32.535 0.0000000000
146957  38.208  16.941  32.680 0.0000000000
144525  38.446  14.893  32.687 0.0000000000
144526  37.843  15.181  32.968 0.0000000000
139212  42.550  10.367  31.118 0.0000000000
139182  40.327  10.689  33.728 0.0000000000
140235  40.289  11.759  37.839 0.0000000000
140316  41.086  11.126  32.794 0.0000000000
140367  43.058  12.016  29.094 0.0000000000
141384  37.584  12.657  39.891 0.0000000000
141406  39.492  12.444  38.135 0.0000000000
141407  38.999  12.428  38.464 0.0000000000
141476  43.491  12.615  33.467 0.0000000000
141478  40.376  12.352  32.886 0.0000000000
141538  44.754  13.299  26.988 0.0000000000
142547  42.694  13.077  33.138 0.0000000000
142595  41.764  13.224  30.471 0.0000000000
142636  44.600  13.742  27.075 0.0000000000
143461  36.323  13.943  43.546 0.0000000000
143477  36.354  13.752  42.118 0.0000000000
143616  40.476  14.078  31.529 0.0000000000
143672  45.196  13.812  27.085 0.0000000000
143673  44.860  13.777  26.984 0.0000000000
144393  34.813  14.523  45.278 0.0000000000
144454  39.632  14.651  38.451 0.0000000000
144551  39.868  15.714  31.682 0.0000000000
144584  42.555  15.553  27.503 0.0000000000
145257  34.657  15.912  45.823 0.0000000000
145263  37.082  15.711  45.212 0.0000000000
145267  33.912  15.439  45.327 0.0000000000
145273  37.708  15.725  43.874 0.0000000000
145282  37.542  15.992  41.761 0.0000000000
145361  38.246  15.608  32.612 0.0000000000
146083  33.683  15.999  45.427 0.0000000000
146184  40.797  17.149  30.376 0.0000000000
146870  39.399  17.388  43.515 0.0000000000
146882  41.596  17.417  40.071 0.0000000000
146914  44.676  17.357  37.583 0.0000000000
146932  38.571  17.401  35.299 0.0000000000
147706  40.182  18.193  38.086 0.0000000000
147733  40.459  18.025  36.638 0.0000000000
147771  45.051  19.247  31.974 0.0000000000
148522  40.355  18.843  45.528 0.0000000000
148581  47.052  19.708  37.302 0.0000000000
148596  45.978  18.760  37.230 0.0000000000
148633  42.692  18.768  33.916 0.0000000000
148642  45.133  19.424  32.230 0.0000000000
148645  43.276  18.954  31.519 0.0000000000
148650  43.842  18.649  30.821 0.0000000000
149392  41.492  19.107  45.350 0.0000000000
149405  45.892  19.867  40.602 0.0000000000
149452  47.367  19.900  37.595 0.0000000000
149493  44.908  19.785  32.488 0.0000000000
150275  47.930  20.281  39.370 0.0000000000
150293  44.285  20.644  38.343 0.0000000000
150296  41.970  20.445  38.716 0.0000000000
150322  45.127  20.461  36.822 0.0000000000
150328  46.304  20.444  35.773 0.0000000000
151149  49.262  21.583  41.395 0.0000000000
151155  49.290  21.575  40.720 0.0000000000
151166  48.941  21.480  40.181 0.0000000000
151192  47.781  21.294  38.862 0.0000000000
151219  43.177  20.921  39.004 0.0000000000
152046  44.353  22.087  41.721 0.0000000000
196973  43.141  12.378  33.835 0.0000000000
198137  38.125  13.553  38.977 0.0000000000
200070  42.324  17.518  28.738 0.0000000000
203458  46.950  20.964  37.990 0.0000000000
203564  44.278  11.609  34.728 0.0000000000
207522  45.925  21.863  40.810 0.0000000000
209604  39.488  16.282  39.668 0.0000000000
211348  43.493  21.376  40.441 0.0000000000
213740  46.805  20.101  36.144 0.0000000000
215690  43.181  12.886  33.155 0.0000000000
219132  43.409  18.417  29.710 0.0000000000
