#!ascii label  , from subject sub-05_ses-011 vox2ras=TkReg
802
205552  20.031  -22.640  8.414 0.1428571492
92472  18.946  -22.507  8.777 0.1428571492
93698  19.888  -21.382  8.391 0.1428571492
89978  20.610  -22.995  8.644 0.1428571492
92499  19.855  -21.697  8.296 0.2857142985
91277  19.213  -22.474  8.317 0.1428571492
92485  20.393  -22.284  8.505 0.1428571492
96043  20.497  -20.140  8.082 0.5714285970
94891  20.846  -21.106  8.059 0.1428571492
94890  21.993  -20.361  9.540 0.2857142985
199438  22.683  -19.190  9.270 0.1428571492
96029  22.343  -19.789  9.542 0.2857142985
99525  23.156  -16.579  7.994 0.2857142985
99518  23.088  -17.065  8.469 0.1428571492
98308  22.623  -17.551  8.452 0.2857142985
103635  24.388  -14.689  6.947 0.2857142985
102171  24.581  -16.090  8.031 0.2857142985
104890  24.733  -13.542  6.427 0.2857142985
104881  24.475  -14.071  6.759 0.2857142985
107215  25.438  -12.509  5.804 0.2857142985
110397  26.043  -10.094  4.927 0.8571428657
108296  25.614  -11.387  5.528 0.4285714328
106042  25.610  -12.856  6.288 0.2857142985
112666  26.783  -8.526  4.606 0.7142857313
111517  26.877  -8.985  5.282 0.7142857313
110396  26.515  -9.649  5.268 0.7142857313
109356  25.479  -10.402  4.592 0.7142857313
113825  28.029  -7.488  5.477 0.8571428657
113826  27.518  -7.818  5.105 0.5714285970
113838  26.763  -7.919  4.242 0.8571428657
111523  26.485  -9.153  4.675 0.7142857313
111524  26.215  -9.405  4.065 0.7142857313
116033  29.042  -5.832  5.396 0.4285714328
114941  28.192  -6.777  5.251 0.7142857313
113837  27.143  -7.519  4.559 0.8571428657
118338  30.993  -4.272  5.700 0.2857142985
119438  30.481  -3.907  5.240 0.5714285970
117171  28.641  -5.502  4.863 0.8571428657
117170  29.147  -5.336  5.332 0.7142857313
114957  27.880  -6.489  4.494 0.8571428657
120583  32.399  -3.160  5.019 0.1428571492
118337  31.604  -4.297  5.460 0.1428571492
119437  31.225  -3.738  5.372 0.4285714328
118341  28.749  -4.852  5.242 0.5714285970
121708  32.779  -1.989  4.245 0.1428571492
119455  33.166  -3.287  4.610 0.1428571492
120598  31.871  -2.575  4.961 0.1428571492
120584  31.545  -3.106  5.221 0.4285714328
118360  28.543  -4.763  4.688 0.8571428657
206488  33.491  -1.222  2.898 0.1428571492
121754  33.519  -1.832  3.110 0.1428571492
121755  33.272  -1.190  3.418 0.1428571492
121709  32.161  -2.113  4.668 0.1428571492
121710  31.433  -2.045  4.774 0.4285714328
205305  30.001  -3.042  5.024 0.5714285970
119457  29.653  -3.445  4.908 0.7142857313
192786  28.315  -4.555  3.889 0.8571428657
122863  33.341  -0.536  3.079 0.1428571492
203265  33.517  -0.462  2.219 0.1428571492
122844  32.683  -1.327  3.879 0.1428571492
122829  31.956  -1.468  4.533 0.5714285970
120600  29.346  -2.994  4.526 0.8571428657
118359  28.753  -4.130  4.293 0.8571428657
119485  28.722  -3.382  4.155 0.8571428657
123972  33.550  -0.524  1.370 0.1428571492
123962  33.508  0.121  1.852 0.2857142985
122864  32.777  -0.660  3.561 0.1428571492
123930  32.211  -0.193  3.629 0.8571428657
122830  31.124  -1.484  4.741 0.8571428657
121711  30.608  -1.946  4.890 0.7142857313
121736  30.030  -1.578  4.580 0.8571428657
126043  33.186  1.492  1.474 0.1428571492
127178  33.066  1.797  0.368 0.1428571492
125004  33.229  0.789  2.582 0.4285714328
220167  31.670  0.812  3.179 0.8571428657
124977  31.293  0.170  3.510 0.8571428657
122847  29.938  -0.744  4.347 0.8571428657
121737  29.488  -1.564  3.847 0.8571428657
126029  33.199  1.131  2.123 0.4285714328
124978  30.181  0.500  3.726 0.8571428657
123918  30.574  -0.285  3.700 0.8571428657
123919  29.985  -0.185  3.962 0.8571428657
127179  32.736  2.212  0.754 0.1428571492
128368  32.549  2.737  0.278 0.2857142985
126030  32.799  1.649  2.110 0.5714285970
127150  32.205  2.163  2.133 0.8571428657
192940  32.188  1.601  2.565 0.8571428657
190659  32.246  0.991  2.884 0.8571428657
124990  30.860  0.899  3.216 0.8571428657
126014  31.358  1.492  2.911 0.8571428657
123931  29.873  0.088  2.989 0.8571428657
128376  32.011  3.144  -0.100 0.2857142985
128369  31.908  3.133  0.652 0.7142857313
127170  32.682  2.120  1.483 0.5714285970
128339  32.103  2.718  1.708 0.8571428657
127151  31.453  2.128  2.514 0.8571428657
127132  30.479  2.007  2.464 0.8571428657
124991  30.128  0.766  2.964 0.8571428657
128358  31.797  3.187  1.362 0.8571428657
129514  31.175  3.472  1.546 0.8571428657
127152  30.802  2.673  2.292 0.8571428657
128341  30.723  3.313  2.004 0.7142857313
127153  29.939  2.352  1.966 0.7142857313
129530  31.262  3.463  0.884 0.8571428657
129531  30.874  3.800  1.157 0.8571428657
129515  30.694  3.809  1.699 0.8571428657
130579  30.766  4.287  1.477 0.8571428657
131681  31.006  4.972  0.230 0.7142857313
132776  31.371  5.406  0.821 0.8571428657
133907  32.023  6.732  0.587 0.7142857313
131678  30.828  4.800  1.001 0.8571428657
135002  31.778  7.308  -2.704 0.1428571492
132775  31.748  6.035  0.680 0.8571428657
211220  32.323  6.709  -0.044 0.7142857313
206889  32.511  7.339  0.281 0.7142857313
132771  31.577  5.852  1.321 0.8571428657
137268  32.883  9.001  -3.166 0.1428571492
134998  32.554  7.826  -0.350 0.5714285970
136128  32.577  8.268  -0.900 0.5714285970
138379  32.338  9.477  0.018 0.5714285970
218967  32.884  8.579  -1.364 0.1428571492
212375  33.016  10.104  -3.829 0.1428571492
138380  31.988  10.140  0.054 0.5714285970
140721  32.229  11.456  -2.826 0.1428571492
201206  32.372  11.336  -3.404 0.1428571492
138397  32.513  10.303  -1.180 0.1428571492
206727  31.336  12.475  -3.230 0.1428571492
138388  32.561  9.746  -0.573 0.5714285970
140722  31.707  12.022  -2.553 0.1428571492
141844  31.067  12.023  -2.079 0.1428571492
198393  30.575  12.970  -3.708 0.1428571492
91262  19.457  -22.687  9.309 0.1428571492
92447  18.943  -22.270  9.802 0.1428571492
93697  20.277  -21.679  8.363 0.2857142985
92484  21.027  -22.184  9.123 0.1428571492
93678  22.127  -21.464  9.826 0.2857142985
194022  21.436  -20.899  9.054 0.2857142985
98307  23.674  -17.351  8.855 0.2857142985
190312  23.106  -17.504  8.881 0.2857142985
98295  22.895  -17.962  8.936 0.1428571492
106043  25.040  -13.004  6.102 0.2857142985
106044  24.473  -13.325  5.782 0.2857142985
109331  26.181  -10.969  5.787 0.4285714328
108288  25.472  -12.042  5.464 0.5714285970
114921  28.488  -7.046  5.954 0.2857142985
110405  25.828  -9.864  4.289 0.7142857313
117149  29.596  -5.464  5.827 0.1428571492
116062  27.810  -5.964  3.986 0.8571428657
201028  29.658  -3.994  5.167 0.7142857313
122845  32.032  -0.845  4.006 0.8571428657
195604  31.141  -0.890  4.487 0.8571428657
202134  29.014  -2.152  3.490 0.8571428657
122848  29.550  -0.876  3.538 0.8571428657
129538  31.424  3.534  0.229 0.8571428657
130588  30.811  4.352  0.354 0.8571428657
132780  31.496  5.571  -0.031 0.8571428657
133909  32.735  6.999  -0.491 0.7142857313
212366  32.531  8.013  -1.554 0.2857142985
195554  32.699  9.636  -1.360 0.1428571492
197369  32.776  10.237  -3.193 0.1428571492
140748  31.740  12.276  -5.057 0.1428571492
92448  18.121  -22.057  10.197 0.1428571492
94904  20.833  -20.619  7.783 0.4285714328
209698  22.001  -19.383  9.168 0.2857142985
199272  21.050  -19.963  8.264 0.4285714328
96042  20.724  -19.835  7.899 0.2857142985
97130  22.784  -18.581  9.058 0.1428571492
201931  24.436  -16.578  8.507 0.2857142985
102181  24.665  -15.524  7.724 0.2857142985
102191  23.538  -15.612  6.875 0.2857142985
100841  23.326  -16.100  7.501 0.2857142985
188137  24.251  -15.279  7.177 0.2857142985
109346  25.172  -11.024  4.915 0.7142857313
120644  33.556  -2.637  3.070 0.1428571492
122897  33.553  -1.151  1.592 0.1428571492
126042  33.364  0.732  1.385 0.1428571492
126053  33.376  1.276  0.611 0.1428571492
124989  32.292  0.402  3.262 0.8571428657
120628  28.932  -2.760  3.834 0.8571428657
120629  28.482  -3.184  3.311 1.0000000000
202944  32.820  2.190  0.151 0.1428571492
128375  32.518  2.820  -0.476 0.1428571492
129543  31.689  3.592  -0.482 0.2857142985
209483  29.615  1.793  2.003 0.8571428657
129544  31.057  3.964  -0.186 0.5714285970
131684  31.111  5.079  -0.443 0.5714285970
132784  31.282  5.440  -0.774 0.5714285970
133910  32.180  6.453  -0.632 0.7142857313
133912  32.501  7.512  -1.044 0.4285714328
191117  31.620  6.778  -1.662 0.2857142985
134999  31.992  7.373  -1.787 0.2857142985
135001  32.304  7.890  -2.274 0.1428571492
136130  32.703  8.498  -1.963 0.1428571492
137265  32.776  9.044  -2.369 0.1428571492
139551  31.874  11.121  -0.856 0.2857142985
201246  32.961  9.632  -2.760 0.1428571492
140711  32.179  11.463  -2.127 0.1428571492
140701  31.665  11.650  -1.157 0.1428571492
141835  31.162  11.824  -1.512 0.1428571492
139582  32.669  10.816  -3.750 0.1428571492
141853  29.814  12.793  -3.162 0.1428571492
141845  30.150  12.332  -2.252 0.1428571492
142943  29.445  13.159  -4.037 0.1428571492
130592  31.294  4.476  -0.832 0.4285714328
207515  31.055  5.114  -1.037 0.4285714328
218797  30.734  5.505  -1.310 0.4285714328
132783  31.031  6.304  -1.827 0.4285714328
200216  31.706  6.288  -1.217 0.5714285970
133913  32.172  6.881  -1.138 0.5714285970
91276  20.650  -22.935  8.621 0.1428571492
92487  19.234  -21.877  8.262 0.1428571492
216862  19.378  -22.666  8.579 0.1428571492
92473  18.491  -21.979  9.359 0.1428571492
94892  20.518  -21.093  8.052 0.4285714328
94893  19.455  -20.916  8.903 0.2857142985
93695  21.512  -21.505  9.525 0.1428571492
96030  21.562  -20.008  9.046 0.1428571492
97131  22.117  -18.823  8.861 0.1428571492
100833  23.927  -16.377  7.967 0.2857142985
111533  26.588  -8.950  3.921 0.7142857313
116034  28.421  -6.131  5.038 0.8571428657
114958  27.310  -6.981  4.244 0.8571428657
117169  29.445  -4.778  5.424 0.5714285970
119439  30.081  -3.506  5.150 0.5714285970
120596  33.197  -2.684  4.161 0.1428571492
120599  31.030  -2.581  4.987 0.1428571492
123929  32.995  0.091  3.408 0.5714285970
121712  29.443  -2.265  4.162 0.8571428657
123917  31.284  -0.427  3.922 0.8571428657
126015  30.408  1.376  2.688 0.8571428657
128340  31.434  3.051  1.880 0.8571428657
129539  30.918  3.844  0.529 0.8571428657
130586  30.706  4.189  0.866 0.8571428657
136131  32.527  8.411  -2.691 0.1428571492
137260  32.850  9.005  -0.867 0.5714285970
136124  32.463  8.515  0.472 0.5714285970
138418  32.967  10.514  -4.390 0.1428571492
139545  32.154  10.510  -0.645 0.4285714328
201194  32.389  10.982  -2.457 0.1428571492
140740  31.712  12.118  -4.357 0.1428571492
195930  32.475  11.065  -4.445 0.1428571492
138405  32.621  10.144  -1.776 0.1428571492
140700  32.206  11.394  -1.443 0.1428571492
141852  30.801  12.400  -2.789 0.1428571492
98293  24.175  -17.783  9.147 0.1428571492
196350  30.997  4.531  -0.178 0.5714285970
96051  20.634  -19.224  7.617 0.4285714328
103636  23.874  -15.018  6.572 0.5714285970
140690  31.421  11.575  -0.495 0.1428571492
102204  22.721  -15.664  5.678 0.5714285970
102216  21.970  -15.692  5.190 0.5714285970
102218  20.889  -15.315  5.482 0.2857142985
103656  23.237  -14.478  5.203 0.5714285970
103673  22.386  -14.233  4.905 0.5714285970
100862  21.434  -16.872  5.913 0.4285714328
103657  22.684  -14.757  5.084 0.5714285970
103647  20.284  -14.819  5.596 0.2857142985
104905  21.234  -14.170  5.222 0.4285714328
106056  24.238  -13.091  5.193 0.4285714328
106069  23.408  -13.206  4.646 0.5714285970
104918  22.452  -13.718  4.488 0.5714285970
106071  22.124  -13.366  4.333 0.4285714328
107240  24.255  -12.339  4.367 0.5714285970
107241  23.532  -12.563  4.308 0.5714285970
106070  22.479  -13.248  4.408 0.4285714328
107253  24.111  -12.077  3.826 0.7142857313
209405  23.976  -11.785  3.419 0.4285714328
108309  24.800  -12.026  3.837 0.4285714328
103674  21.901  -14.286  4.992 0.4285714328
104906  20.468  -14.239  5.317 0.2857142985
221480  22.341  -12.940  4.301 0.4285714328
107239  24.833  -12.102  4.578 0.7142857313
198249  24.932  -10.591  3.320 0.7142857313
199331  24.169  -10.349  2.300 0.4285714328
111556  24.815  -9.444  2.319 0.7142857313
111567  24.458  -8.987  2.170 0.5714285970
111566  24.893  -8.599  2.615 0.7142857313
112718  24.160  -8.553  2.069 0.2857142985
110406  25.267  -10.154  3.881 0.5714285970
110433  25.369  -10.021  3.021 0.5714285970
213046  25.265  -9.682  2.647 0.7142857313
112703  25.860  -8.198  2.982 0.7142857313
113882  26.013  -7.436  1.857 0.7142857313
115001  26.324  -6.992  1.490 0.7142857313
184709  25.576  -7.115  1.668 0.7142857313
115002  24.645  -7.134  2.021 0.4285714328
116101  24.979  -5.813  1.445 0.4285714328
112682  26.597  -8.363  3.933 0.5714285970
111554  25.938  -8.914  3.026 0.5714285970
113846  26.538  -7.915  3.477 0.5714285970
114986  26.450  -7.410  1.933 0.5714285970
115000  26.509  -6.927  1.685 0.7142857313
116098  26.529  -6.112  1.556 0.7142857313
117232  26.986  -5.007  1.349 0.7142857313
184708  26.284  -5.504  1.058 0.7142857313
186601  25.816  -5.070  0.866 0.5714285970
197248  26.316  -4.280  1.080 0.5714285970
116049  28.114  -5.846  4.551 0.7142857313
116063  27.244  -5.829  3.442 0.5714285970
114985  26.686  -7.025  2.219 0.5714285970
117203  27.313  -5.252  3.127 0.7142857313
116083  26.712  -6.302  2.052 0.7142857313
217863  27.464  -4.563  2.177 0.8571428657
186600  25.139  -5.150  1.191 0.4285714328
217502  27.268  -3.798  1.880 0.7142857313
119513  27.136  -3.366  1.504 0.7142857313
119500  27.510  -3.296  2.010 0.7142857313
119515  26.061  -3.527  1.349 0.5714285970
120659  26.832  -2.868  1.381 0.7142857313
117202  27.657  -5.449  3.674 0.5714285970
117218  27.096  -5.574  1.738 0.7142857313
213640  28.098  -3.713  3.062 0.8571428657
119499  27.908  -3.237  2.668 0.8571428657
120658  27.249  -2.726  1.632 0.7142857313
121773  26.921  -2.124  1.412 0.5714285970
194743  26.758  -1.598  1.287 0.2857142985
119486  28.404  -3.880  3.649 0.7142857313
120646  28.264  -2.658  2.728 0.7142857313
123944  28.192  -0.144  1.565 0.7142857313
211364  28.746  -2.605  3.180 0.7142857313
121758  28.083  -2.062  2.211 0.8571428657
121772  27.418  -2.036  1.746 0.8571428657
123932  29.144  -0.094  2.307 0.8571428657
121757  28.386  -1.390  2.446 0.8571428657
122879  27.558  -0.787  1.641 0.5714285970
216521  28.845  -0.415  2.043 0.8571428657
123943  28.692  -0.087  1.668 0.8571428657
125007  28.421  0.302  1.405 0.7142857313
121756  28.802  -1.409  3.262 0.8571428657
208794  29.592  -0.393  3.058 0.8571428657
125006  28.912  0.473  1.499 0.8571428657
124992  29.440  0.533  2.338 0.8571428657
126016  29.660  1.131  2.224 0.8571428657
126031  28.704  0.966  1.318 0.7142857313
129516  30.101  3.764  2.004 0.7142857313
186176  30.462  4.400  1.973 0.7142857313
130580  29.754  4.190  2.210 0.7142857313
131673  30.905  4.877  1.835 0.7142857313
132772  31.327  5.348  1.629 0.8571428657
203030  31.190  6.153  2.572 0.7142857313
131663  30.382  4.908  3.103 0.7142857313
133895  30.755  6.780  2.805 0.7142857313
134976  30.695  7.535  2.772 0.7142857313
133896  30.181  7.015  3.283 0.5714285970
219767  31.539  6.522  2.124 0.7142857313
134986  31.353  7.674  2.213 0.7142857313
136111  31.552  8.367  2.067 0.4285714328
136112  31.006  8.341  2.487 0.5714285970
136094  30.315  8.339  2.747 0.5714285970
134985  31.944  7.859  1.764 0.5714285970
134977  29.769  7.674  3.108 0.5714285970
137222  31.498  9.001  1.864 0.5714285970
137205  30.749  9.040  2.424 0.5714285970
219991  29.970  8.892  2.666 0.5714285970
136095  29.471  8.399  2.795 0.5714285970
137207  29.188  9.114  2.616 0.5714285970
137240  30.981  9.459  1.797 0.5714285970
136096  28.649  8.523  2.856 0.4285714328
134962  28.687  7.025  3.572 0.4285714328
137208  28.274  9.066  2.625 0.5714285970
138353  26.890  9.705  2.376 0.4285714328
109344  26.493  -10.431  5.410 0.2857142985
210094  27.371  -6.503  3.728 0.5714285970
137225  27.854  9.532  2.200 0.2857142985
137209  27.400  8.972  2.623 0.2857142985
102215  22.149  -16.023  5.402 0.5714285970
100861  21.563  -17.015  5.790 0.5714285970
104891  24.146  -13.982  6.019 0.2857142985
103645  23.598  -14.635  5.906 0.4285714328
100872  21.679  -16.374  5.403 0.5714285970
104902  24.009  -13.663  5.336 0.5714285970
190126  20.980  -16.051  5.874 0.2857142985
104920  21.547  -13.630  4.609 0.4285714328
107242  22.793  -12.695  4.282 0.4285714328
107254  23.322  -11.933  3.998 0.5714285970
104921  20.660  -13.692  4.837 0.2857142985
106072  21.603  -13.152  4.306 0.2857142985
109380  24.242  -10.719  2.813 0.5714285970
111516  27.505  -8.931  5.908 0.2857142985
200352  23.075  -9.188  1.818 0.2857142985
113883  25.089  -7.579  2.165 0.7142857313
120645  28.530  -2.050  2.893 0.8571428657
121771  27.738  -1.341  1.843 0.7142857313
128342  29.874  2.906  2.116 0.7142857313
128343  28.902  2.703  1.828 0.7142857313
204957  28.893  7.946  3.093 0.2857142985
201826  32.082  7.410  1.151 0.5714285970
136121  32.057  8.511  1.621 0.5714285970
134993  32.429  8.017  0.771 0.5714285970
137239  32.027  9.045  1.247 0.5714285970
137206  29.898  9.424  2.459 0.5714285970
137223  29.304  9.742  2.434 0.2857142985
108323  22.796  -11.560  3.503 0.4285714328
114959  26.870  -7.370  3.798 0.7142857313
110415  25.811  -9.691  3.545 0.5714285970
117188  28.104  -5.284  4.185 0.7142857313
118390  27.898  -4.263  3.241 0.7142857313
118377  27.789  -4.902  3.495 0.7142857313
122865  29.022  -0.806  2.572 0.7142857313
133905  31.510  5.931  2.007 0.8571428657
108308  24.960  -11.600  4.282 0.5714285970
109357  24.987  -10.760  4.151 0.5714285970
211040  28.907  1.456  1.858 0.7142857313
112683  26.301  -8.500  3.368 0.5714285970
103646  23.028  -15.112  5.444 0.5714285970
205890  22.491  -15.473  5.178 0.5714285970
103659  21.561  -15.055  5.199 0.5714285970
103658  22.206  -14.986  5.047 0.4285714328
200101  20.905  -14.676  5.423 0.4285714328
104892  23.681  -14.128  5.456 0.5714285970
104904  22.813  -14.094  4.858 0.5714285970
104917  22.870  -13.552  4.557 0.5714285970
104919  22.012  -13.883  4.752 0.4285714328
99547  21.415  -17.563  5.856 0.5714285970
106068  23.990  -12.908  4.664 0.5714285970
106083  21.928  -12.811  4.184 0.4285714328
108321  24.400  -11.577  3.522 0.5714285970
108334  23.749  -10.981  3.016 0.4285714328
109365  24.612  -11.003  3.103 0.5714285970
109379  24.799  -10.269  2.597 0.7142857313
110434  24.312  -9.873  2.095 0.5714285970
110448  23.889  -9.618  1.787 0.4285714328
110435  23.726  -10.026  2.047 0.4285714328
109381  23.560  -10.537  2.546 0.4285714328
111535  25.726  -9.458  2.946 0.7142857313
111555  25.463  -8.984  2.744 0.7142857313
200802  23.548  -8.720  1.876 0.2857142985
112704  25.343  -7.944  2.734 0.7142857313
113847  26.383  -7.868  2.693 0.7142857313
219137  26.142  -7.693  2.339 0.7142857313
116099  26.161  -6.101  1.497 0.7142857313
113867  26.596  -7.459  2.812 0.5714285970
213069  26.689  -5.402  1.266 0.7142857313
188246  26.454  -4.947  0.881 0.7142857313
118378  27.549  -4.738  2.668 0.5714285970
118402  27.190  -4.393  1.798 0.7142857313
119516  25.554  -4.128  1.449 0.2857142985
195996  27.158  -1.373  1.305 0.5714285970
131674  30.686  4.982  2.416 0.7142857313
132768  31.188  5.443  2.278 0.7142857313
133901  31.194  6.950  2.346 0.8571428657
138361  30.296  9.618  1.896 0.7142857313
137224  28.686  9.684  2.376 0.5714285970
106084  21.250  -12.641  4.160 0.1428571492
108324  22.044  -11.638  3.509 0.4285714328
94905  20.063  -20.644  8.484 0.4285714328
103625  25.477  -14.566  7.639 0.1428571492
103634  24.977  -14.374  7.137 0.1428571492
196257  25.375  -13.968  7.445 0.1428571492
108287  25.810  -11.982  5.904 0.1428571492
215844  26.066  -11.498  5.980 0.1428571492
104879  25.676  -13.506  7.203 0.1428571492
103624  26.007  -14.509  8.013 0.1428571492
108278  26.855  -11.803  6.755 0.1428571492
107214  25.970  -12.487  6.268 0.1428571492
106032  26.007  -12.916  6.836 0.1428571492
109330  26.768  -10.704  6.030 0.1428571492
218962  27.864  -8.609  6.141 0.2857142985
113804  28.320  -7.753  6.135 0.1428571492
189289  29.180  2.237  1.793 0.5714285970
201481  28.778  14.285  -1.653 0.1428571492
204620  28.157  1.154  1.554 0.4285714328
141836  30.293  11.839  -1.568 0.1428571492
128344  28.325  2.501  2.029 0.4285714328
129517  29.398  3.429  2.266 0.5714285970
129495  29.119  3.954  2.628 0.4285714328
140686  28.843  11.933  0.927 0.2857142985
139534  29.690  11.256  1.547 0.2857142985
138371  30.752  10.030  1.545 0.2857142985
217210  30.285  11.288  1.033 0.2857142985
214657  27.938  2.840  3.512 0.1428571492
130569  29.723  4.420  2.807 0.5714285970
132769  30.653  5.562  2.691 0.5714285970
139535  28.718  11.112  1.505 0.2857142985
188010  31.525  9.668  1.318 0.4285714328
130562  29.019  4.534  3.278 0.4285714328
132762  30.091  5.527  3.276 0.5714285970
139524  29.155  10.752  1.728 0.2857142985
131653  28.557  4.974  3.578 0.4285714328
132751  28.702  5.621  3.691 0.2857142985
138364  28.210  10.055  1.757 0.1428571492
138363  29.053  10.211  1.995 0.1428571492
139525  28.355  10.501  1.380 0.1428571492
132752  28.007  5.463  3.650 0.1428571492
138365  27.585  10.017  1.846 0.1428571492
139526  27.823  10.378  1.339 0.1428571492
139537  27.747  10.880  1.492 0.1428571492
204936  28.101  6.076  3.658 0.2857142985
137211  25.257  9.106  2.270 0.1428571492
138366  27.045  10.387  1.925 0.1428571492
139527  27.200  10.867  1.762 0.1428571492
138354  26.114  10.380  1.951 0.1428571492
139517  25.660  11.050  2.085 0.1428571492
139528  26.444  10.838  1.832 0.1428571492
96053  19.939  -19.524  7.847 0.4285714328
98320  19.261  -18.117  7.204 0.2857142985
102180  25.235  -15.183  7.906 0.1428571492
106031  26.654  -12.773  7.207 0.1428571492
109329  27.306  -10.408  6.375 0.1428571492
134996  32.553  8.099  0.221 0.4285714328
139541  31.496  10.705  0.497 0.2857142985
140677  28.565  11.489  1.352 0.2857142985
140675  29.791  11.696  0.827 0.2857142985
140670  27.206  11.400  1.620 0.2857142985
98321  18.873  -18.107  7.688 0.2857142985
213795  23.325  -18.373  9.201 0.1428571492
96028  23.379  -18.922  9.362 0.1428571492
100832  25.068  -16.294  8.542 0.1428571492
102170  25.183  -15.804  8.127 0.1428571492
112645  27.836  -8.217  5.740 0.1428571492
110395  26.943  -9.394  5.798 0.1428571492
127154  28.494  2.056  1.775 0.4285714328
130563  28.376  4.357  3.493 0.2857142985
204252  29.679  6.336  3.206 0.5714285970
137248  32.074  9.493  0.647 0.4285714328
200742  28.456  11.966  1.252 0.2857142985
140676  29.126  11.628  1.117 0.2857142985
139542  30.885  11.043  0.802 0.2857142985
140674  30.498  11.659  0.497 0.2857142985
140685  29.233  11.976  0.516 0.2857142985
141821  29.087  12.296  0.000 0.1428571492
141828  28.793  12.798  0.252 0.1428571492
141837  29.637  12.376  -1.675 0.1428571492
140678  27.892  11.658  1.499 0.2857142985
141838  29.192  12.585  -1.130 0.1428571492
142925  29.096  13.131  -1.635 0.1428571492
141825  30.223  12.125  -0.815 0.1428571492
194219  29.678  12.076  -1.239 0.1428571492
114920  29.026  -6.595  6.469 0.2857142985
139546  31.731  10.936  -0.185 0.4285714328
141816  28.614  12.417  1.003 0.2857142985
140691  30.659  11.934  -0.250 0.2857142985
217245  30.026  12.116  -0.415 0.1428571492
97158  19.798  -18.956  7.406 0.4285714328
96044  19.795  -19.863  8.406 0.4285714328
112665  27.290  -8.421  5.227 0.4285714328
137238  32.285  8.920  0.744 0.4285714328
138370  31.660  10.090  0.734 0.2857142985
140683  31.186  11.373  0.189 0.2857142985
129518  28.692  3.207  2.376 0.4285714328
130568  30.201  4.601  2.460 0.5714285970
132761  30.413  6.224  2.885 0.5714285970
139532  31.212  10.428  1.107 0.2857142985
137210  26.638  8.845  2.441 0.2857142985
215070  29.714  9.908  2.175 0.2857142985
138362  29.905  10.399  1.812 0.2857142985
199392  26.255  -11.908  6.333 0.1428571492
104869  26.025  -13.939  7.732 0.1428571492
109319  27.036  -11.029  6.649 0.1428571492
139533  30.475  10.758  1.356 0.2857142985
129496  28.384  3.770  3.013 0.2857142985
139536  28.156  10.783  1.327 0.1428571492
131652  29.107  5.143  3.573 0.4285714328
131664  29.685  5.018  3.434 0.5714285970
132763  29.422  5.614  3.667 0.5714285970
207320  28.821  6.395  3.635 0.4285714328
97145  19.284  -19.279  7.823 0.2857142985
109318  27.650  -10.767  6.930 0.1428571492
127155  28.124  1.857  1.900 0.2857142985
140684  29.832  12.044  0.079 0.2857142985
141826  29.394  12.203  -0.635 0.2857142985
141827  28.837  12.711  -0.470 0.1428571492
118404  25.921  -4.692  0.888 0.4285714328
214119  25.929  -2.042  1.418 0.2857142985
142902  26.975  12.951  0.961 0.1428571492
141817  28.115  12.410  1.245 0.1428571492
142906  27.148  13.596  0.630 0.1428571492
140668  25.707  12.147  2.474 0.1428571492
143920  26.638  13.585  1.194 0.1428571492
141818  27.387  12.421  1.265 0.1428571492
142901  27.570  12.964  0.878 0.1428571492
140672  26.061  12.174  2.007 0.1428571492
141809  26.152  12.661  2.407 0.1428571492
141812  26.872  12.447  1.418 0.1428571492
142898  26.191  13.092  2.095 0.1428571492
144813  26.848  14.407  0.807 0.1428571492
140679  27.132  11.962  1.450 0.1428571492
142897  26.557  13.005  1.558 0.1428571492
143915  25.771  13.987  3.166 0.1428571492
143918  26.221  14.105  1.767 0.1428571492
120660  25.863  -2.720  1.324 0.2857142985
142894  26.351  13.143  2.999 0.1428571492
189528  25.834  14.434  2.639 0.1428571492
107225  25.030  -12.267  5.230 0.2857142985
142900  28.440  12.975  0.990 0.1428571492
142905  27.963  13.557  0.637 0.1428571492
204636  25.863  13.680  2.271 0.1428571492
106055  24.744  -12.748  5.537 0.4285714328
98340  21.288  -17.814  6.079 0.4285714328
99527  22.093  -17.726  7.083 0.2857142985
98317  22.197  -17.775  7.855 0.1428571492
99545  21.997  -16.916  6.196 0.2857142985
207991  22.439  -16.566  6.654 0.2857142985
98319  21.368  -18.556  6.834 0.2857142985
133897  29.461  7.053  3.597 0.4285714328
102192  22.996  -15.786  6.272 0.2857142985
98329  21.184  -18.418  6.316 0.4285714328
99533  22.685  -16.517  7.336 0.1428571492
99534  22.232  -17.060  6.907 0.1428571492
98318  21.935  -18.413  7.384 0.1428571492
100849  22.901  -16.110  6.791 0.2857142985
100860  21.743  -16.633  5.717 0.4285714328
99535  21.912  -17.567  6.388 0.2857142985
98328  21.658  -18.145  6.585 0.2857142985
97168  20.203  -18.575  6.956 0.2857142985
197594  19.571  -18.527  7.090 0.2857142985
97167  20.789  -18.644  6.519 0.2857142985
99536  20.459  -17.781  6.668 0.2857142985
108322  23.568  -11.475  3.340 0.2857142985
108335  23.136  -11.005  3.045 0.2857142985
110436  22.993  -10.110  2.299 0.2857142985
184878  23.926  -7.455  1.962 0.1428571492
184873  24.028  -6.592  1.932 0.1428571492
184874  24.889  -6.517  1.673 0.2857142985
118405  25.322  -4.761  1.042 0.1428571492
122882  25.231  -1.787  1.958 0.1428571492
122881  26.015  -1.283  1.922 0.1428571492
196603  27.371  -0.334  1.693 0.1428571492
211928  26.380  -0.594  1.923 0.1428571492
125009  27.326  0.327  1.963 0.1428571492
125010  26.526  0.438  2.116 0.1428571492
128345  27.763  2.234  2.588 0.1428571492
128322  27.505  2.614  3.427 0.1428571492
128321  28.096  2.996  2.778 0.1428571492
134978  29.061  7.419  3.458 0.1428571492
212910  28.180  8.107  3.209 0.1428571492
133890  27.840  6.669  3.588 0.1428571492
136080  27.435  7.783  3.222 0.1428571492
136097  27.802  8.454  2.926 0.1428571492
97156  20.914  -18.758  7.319 0.1428571492
221906  28.545  0.747  1.241 0.2857142985
126033  26.823  0.886  2.358 0.1428571492
96045  19.029  -19.501  8.594 0.2857142985
106082  22.423  -12.296  3.922 0.2857142985
108336  22.377  -11.096  3.057 0.2857142985
109382  22.776  -10.479  2.784 0.2857142985
184865  23.705  -5.788  2.031 0.1428571492
194610  24.896  -4.422  1.580 0.1428571492
119517  24.784  -3.856  2.060 0.1428571492
120661  25.288  -3.222  1.609 0.1428571492
122883  24.469  -1.422  2.356 0.1428571492
201302  25.121  -1.085  2.347 0.1428571492
123947  25.670  -0.617  2.532 0.1428571492
126032  27.518  1.000  2.004 0.1428571492
134963  28.165  7.456  3.377 0.1428571492
108337  21.595  -11.154  3.038 0.2857142985
97157  20.409  -18.831  7.283 0.2857142985
117234  24.334  -5.304  1.798 0.1428571492
122880  27.217  -0.910  1.244 0.1428571492
107255  21.671  -12.122  3.917 0.1428571492
125008  27.861  0.524  1.577 0.1428571492
98330  19.949  -18.201  6.916 0.2857142985
110437  22.397  -9.961  2.603 0.1428571492
123946  26.762  -0.113  1.887 0.1428571492
122884  23.652  -1.119  2.340 0.1428571492
97132  18.576  -18.984  9.009 0.1428571492
97146  18.773  -18.567  8.273 0.1428571492
97133  18.091  -18.594  9.443 0.1428571492
100851  20.344  -16.908  6.777 0.1428571492
116014  28.689  -6.365  5.773 0.1428571492
114919  29.519  -6.313  6.726 0.1428571492
130595  31.083  4.675  -1.657 0.1428571492
94894  18.549  -20.608  8.914 0.1428571492
99528  18.878  -17.421  7.643 0.1428571492
219661  19.678  -17.378  7.117 0.1428571492
100863  20.847  -16.581  6.411 0.1428571492
102205  20.166  -15.459  5.905 0.1428571492
130594  31.624  4.000  -1.588 0.1428571492
131687  30.414  5.421  -1.675 0.1428571492
103648  19.613  -14.940  5.856 0.1428571492
129549  31.979  3.489  -1.364 0.1428571492
94906  19.353  -20.277  8.967 0.1428571492
116012  29.851  -5.920  6.267 0.1428571492
100864  19.932  -16.181  6.304 0.1428571492
106073  20.927  -13.190  4.409 0.1428571492
97159  19.193  -18.635  7.456 0.1428571492
96032  18.654  -19.758  9.150 0.1428571492
97147  18.471  -18.357  8.985 0.1428571492
89977  20.945  -23.424  8.782 0.1428571492
92486  19.704  -22.188  8.282 0.1428571492
93696  20.939  -21.642  9.003 0.1428571492
94878  22.085  -20.935  9.645 0.2857142985
96031  21.091  -20.603  8.264 0.4285714328
96041  21.554  -19.326  8.614 0.2857142985
96052  20.335  -19.445  7.670 0.2857142985
97142  22.323  -18.290  8.398 0.1428571492
97144  21.096  -19.188  7.927 0.4285714328
97155  21.488  -18.725  7.462 0.2857142985
98294  23.541  -17.908  9.105 0.2857142985
98341  20.976  -18.235  6.167 0.4285714328
99526  22.532  -17.152  7.744 0.2857142985
99546  21.608  -17.400  5.714 0.2857142985
99548  20.856  -17.307  6.446 0.5714285970
100840  24.018  -15.781  7.606 0.2857142985
100850  22.400  -16.220  6.044 0.2857142985
102179  25.707  -14.907  8.082 0.1428571492
102203  23.308  -15.321  6.101 0.5714285970
102217  21.476  -15.793  5.249 0.2857142985
103626  24.811  -14.932  7.447 0.2857142985
103644  24.070  -14.469  6.468 0.2857142985
104880  24.869  -13.582  7.211 0.1428571492
104903  23.435  -13.832  4.935 0.5714285970
106022  26.372  -13.336  7.390 0.1428571492
107205  26.489  -12.426  6.669 0.1428571492
107226  24.467  -12.525  4.961 0.4285714328
108286  26.541  -11.318  6.246 0.1428571492
108297  25.152  -11.751  5.027 0.5714285970
108320  24.766  -11.334  3.621 0.5714285970
108325  21.387  -11.609  3.524 0.1428571492
108333  24.178  -11.318  3.171 0.4285714328
109345  25.783  -10.681  5.248 0.7142857313
109383  22.032  -10.482  2.920 0.2857142985
110381  26.851  -10.024  5.901 0.1428571492
110404  26.209  -9.626  4.661 0.7142857313
110447  24.320  -9.451  1.977 0.4285714328
110449  23.334  -9.651  1.875 0.4285714328
111534  26.097  -9.148  3.451 0.5714285970
111568  24.091  -9.051  1.958 0.2857142985
112675  27.130  -8.060  4.743 0.5714285970
112717  24.665  -8.249  2.332 0.7142857313
113803  28.871  -7.358  6.485 0.2857142985
113884  24.374  -7.850  2.106 0.1428571492
114942  27.601  -7.133  4.915 0.8571428657
114967  26.784  -6.895  3.281 0.5714285970
116013  29.285  -6.049  6.131 0.1428571492
116064  26.824  -6.310  2.967 0.5714285970
116082  26.913  -5.661  2.702 0.7142857313
116100  25.613  -6.284  1.870 0.4285714328
117217  27.310  -5.244  2.371 0.5714285970
117231  27.315  -4.976  1.932 0.7142857313
117233  25.661  -5.631  1.371 0.7142857313
118339  30.259  -4.476  5.456 0.5714285970
118340  29.026  -4.350  4.983 0.8571428657
118403  26.741  -4.435  1.231 0.7142857313
119436  31.998  -3.736  5.222 0.1428571492
119458  29.174  -3.708  4.693 0.8571428657
119514  26.649  -3.630  1.358 0.7142857313
120585  30.689  -3.167  5.340 0.4285714328
120597  32.632  -2.617  4.640 0.1428571492
120647  27.731  -2.669  2.156 0.7142857313
121734  33.284  -2.264  3.667 0.1428571492
121735  33.256  -1.667  3.733 0.1428571492
122831  30.483  -0.856  4.989 0.8571428657
122846  30.409  -0.290  4.543 0.8571428657
122877  33.511  -0.992  2.409 0.1428571492
122878  28.241  -0.590  2.008 0.5714285970
122898  27.936  -0.387  1.761 0.5714285970
123942  33.354  0.241  2.778 0.5714285970
123945  27.677  -0.384  1.702 0.7142857313
123948  24.995  -0.472  2.560 0.1428571492
124988  32.884  0.584  2.906 0.4285714328
125003  33.373  0.632  2.213 0.2857142985
125005  32.872  1.179  2.593 0.4285714328
126017  29.133  0.929  1.868 0.8571428657
127156  27.667  1.523  2.466 0.2857142985
127169  33.101  1.800  0.964 0.1428571492
128357  32.357  2.744  1.098 0.7142857313
130591  31.520  3.928  -0.840 0.2857142985
132779  31.899  6.233  -0.035 0.7142857313
133900  31.781  7.145  1.930 0.5714285970
133904  31.733  6.551  1.390 0.7142857313
136120  32.280  8.520  1.034 0.4285714328
136126  32.645  8.571  -0.168 0.5714285970
137247  32.434  9.007  0.242 0.5714285970
137256  32.606  9.134  -0.267 0.5714285970
137263  32.961  9.051  -1.627 0.1428571492
138411  32.579  10.312  -2.454 0.1428571492
139550  32.281  10.844  -1.158 0.1428571492
139559  32.443  10.809  -1.795 0.1428571492
139571  32.565  10.901  -3.016 0.1428571492
140702  30.957  11.912  -0.945 0.1428571492
140712  31.791  11.772  -1.777 0.1428571492
140730  32.169  11.440  -4.013 0.1428571492
140731  31.778  11.874  -3.463 0.1428571492
141813  26.420  12.558  1.848 0.1428571492
190447  24.657  -18.162  9.452 0.1428571492
191172  26.460  -2.369  1.302 0.5714285970
193192  26.666  11.265  1.763 0.2857142985
194049  23.817  -13.362  4.948 0.5714285970
194531  28.321  1.451  1.711 0.4285714328
196169  33.416  -1.436  0.858 0.1428571492
198051  32.811  9.629  -2.061 0.1428571492
201903  27.874  0.066  1.496 0.7142857313
203273  31.631  2.569  2.131 0.8571428657
203631  26.175  13.507  1.739 0.1428571492
204297  27.648  -4.013  2.418 0.7142857313
208717  31.687  5.905  -0.684 0.8571428657
210014  26.793  -1.037  1.457 0.1428571492
210947  29.963  -2.436  4.760 0.8571428657
212168  24.486  -6.034  1.745 0.1428571492
213212  26.885  -3.915  1.636 0.7142857313
214548  23.119  -12.837  4.406 0.4285714328
215387  23.570  -9.313  1.816 0.2857142985
218017  31.060  5.797  -1.246 0.4285714328
218317  20.570  -18.516  6.495 0.2857142985
218765  30.011  1.577  2.247 0.8571428657
219002  26.959  -0.667  1.502 0.1428571492
220132  26.404  -3.008  1.292 0.2857142985
220487  31.266  8.771  2.337 0.5714285970
220492  27.070  -6.930  3.788 0.5714285970
220511  30.443  -2.666  5.109 0.5714285970
220627  32.260  8.071  1.303 0.5714285970
