#!ascii label  , from subject sub-05_ses-004 vox2ras=TkReg
1500
184353  26.657  -25.092  63.127 0.0000000000
117254  39.649  -5.949  48.396 0.0000000000
102538  33.955  -16.963  53.730 0.0000000000
81852  10.851  -29.576  81.015 0.0000000000
86150  21.415  -26.577  69.430 0.0000000000
107034  35.272  -13.022  52.763 0.0000000000
81927  15.778  -29.500  75.001 0.0000000000
79001  14.630  -30.926  78.730 0.0000000000
77683  18.537  -31.650  72.086 0.0000000000
115000  42.865  -7.388  47.120 0.0000000000
93668  31.167  -21.820  61.498 0.0000000000
94802  32.294  -21.256  58.404 0.0000000000
88831  32.409  -25.680  61.970 0.0000000000
121813  43.007  -2.973  46.008 0.0000000000
210423  45.488  -6.772  44.553 0.0000000000
116067  37.356  -6.746  51.407 0.0000000000
110417  41.692  -11.248  49.403 0.0000000000
108142  37.961  -12.378  50.400 0.0000000000
102557  38.257  -16.725  52.885 0.0000000000
83447  26.408  -29.009  67.057 0.0000000000
76138  9.823  -32.414  84.762 0.0000000000
80342  7.019  -30.540  87.774 0.0000000000
81734  5.847  -28.640  91.102 0.0000000000
89992  23.473  -24.527  66.718 0.0000000000
77739  22.520  -31.263  68.581 0.0000000000
102491  29.503  -16.724  56.724 0.0000000000
99677  34.829  -17.939  59.033 0.0000000000
119540  47.132  -4.957  42.673 0.0000000000
117258  40.954  -6.336  47.551 0.0000000000
114963  42.137  -7.810  49.260 0.0000000000
92458  28.308  -22.838  61.920 0.0000000000
90098  29.977  -24.142  60.411 0.0000000000
214519  29.309  -25.915  62.343 0.0000000000
120665  39.217  -3.348  48.765 0.0000000000
122872  42.542  -1.659  48.438 0.0000000000
120678  40.610  -3.972  46.983 0.0000000000
118415  42.113  -5.245  45.825 0.0000000000
76045  5.138  -33.038  91.132 0.0000000000
112705  37.736  -9.365  50.489 0.0000000000
191816  37.099  -9.881  51.762 0.0000000000
104889  34.251  -14.733  52.709 0.0000000000
104921  36.028  -14.901  51.782 0.0000000000
216598  36.057  -16.760  53.116 0.0000000000
98429  36.602  -18.775  54.949 0.0000000000
80448  12.372  -30.868  79.305 0.0000000000
77566  14.214  -31.527  80.557 0.0000000000
77549  11.681  -31.804  81.641 0.0000000000
76146  12.169  -32.319  84.055 0.0000000000
77538  10.087  -31.496  82.830 0.0000000000
192721  7.842  -29.600  86.375 0.0000000000
80329  6.459  -29.808  89.695 0.0000000000
88729  22.723  -25.098  68.412 0.0000000000
83464  22.726  -28.062  66.666 0.0000000000
83450  21.022  -28.658  67.969 0.0000000000
188287  18.660  -32.506  74.651 0.0000000000
75053  20.603  -33.125  72.886 0.0000000000
92486  35.844  -22.905  60.087 0.0000000000
95934  33.599  -20.056  58.194 0.0000000000
110379  36.461  -11.026  52.582 0.0000000000
108099  34.539  -12.483  53.787 0.0000000000
105954  32.379  -14.233  53.818 0.0000000000
79037  16.712  -31.128  75.567 0.0000000000
79007  16.252  -31.133  77.930 0.0000000000
80468  15.029  -30.054  77.137 0.0000000000
81902  13.675  -29.173  77.935 0.0000000000
83276  11.870  -28.126  79.838 0.0000000000
81998  19.355  -29.375  69.880 0.0000000000
81961  18.361  -28.864  71.817 0.0000000000
79069  17.496  -30.706  73.271 0.0000000000
97050  30.866  -19.935  61.906 0.0000000000
97087  29.453  -19.403  59.820 0.0000000000
93684  31.385  -21.951  59.849 0.0000000000
91336  33.052  -23.817  59.557 0.0000000000
119529  45.660  -4.845  44.633 0.0000000000
118418  44.264  -5.180  44.954 0.0000000000
115013  43.797  -7.367  45.547 0.0000000000
117235  38.092  -6.010  49.737 0.0000000000
113861  40.123  -7.760  49.458 0.0000000000
113850  38.681  -8.484  49.762 0.0000000000
202315  39.386  -11.848  49.697 0.0000000000
106000  39.834  -14.116  50.596 0.0000000000
107053  36.291  -12.993  51.193 0.0000000000
204250  38.166  -14.581  50.913 0.0000000000
206098  26.581  -26.673  65.187 0.0000000000
86236  28.746  -26.797  64.271 0.0000000000
121785  39.007  -3.033  51.190 0.0000000000
197303  9.705  -29.329  83.133 0.0000000000
80389  8.771  -30.104  84.468 0.0000000000
184798  8.343  -31.950  86.176 0.0000000000
219793  9.032  -33.060  88.225 0.0000000000
77451  7.254  -32.304  88.836 0.0000000000
77421  5.944  -31.745  90.023 0.0000000000
78840  4.998  -30.081  91.560 0.0000000000
80277  3.879  -29.444  93.045 0.0000000000
91237  24.616  -24.093  64.653 0.0000000000
86201  24.254  -26.640  65.734 0.0000000000
80597  24.551  -29.843  67.491 0.0000000000
77716  20.514  -31.685  69.974 0.0000000000
102523  31.358  -16.241  54.742 0.0000000000
98365  30.394  -19.212  57.732 0.0000000000
99723  31.797  -18.570  56.744 0.0000000000
98422  34.083  -18.435  55.446 0.0000000000
87518  31.993  -26.778  64.535 0.0000000000
118459  46.723  -5.004  40.476 0.0000000000
116150  46.492  -6.475  43.493 0.0000000000
115026  46.852  -7.763  42.168 0.0000000000
117259  40.419  -6.011  47.788 0.0000000000
116117  41.062  -6.803  48.667 0.0000000000
116118  40.486  -6.654  48.689 0.0000000000
90063  26.961  -23.851  62.294 0.0000000000
88855  28.493  -24.789  61.287 0.0000000000
88816  27.643  -25.403  62.721 0.0000000000
119502  39.051  -4.626  48.461 0.0000000000
120668  39.997  -3.292  48.056 0.0000000000
119505  39.953  -4.699  47.610 0.0000000000
118412  40.525  -5.180  46.987 0.0000000000
76035  4.673  -32.868  91.559 0.0000000000
185996  37.299  -8.749  52.036 0.0000000000
112683  37.240  -9.379  52.235 0.0000000000
103707  33.914  -15.581  53.170 0.0000000000
103705  35.098  -15.768  52.845 0.0000000000
101244  35.442  -16.836  53.253 0.0000000000
99792  36.273  -17.960  53.949 0.0000000000
99793  35.425  -17.954  53.964 0.0000000000
80441  11.521  -30.421  80.331 0.0000000000
77569  12.035  -31.384  80.493 0.0000000000
78975  10.844  -30.887  80.936 0.0000000000
183980  11.080  -31.769  82.071 0.0000000000
78967  10.102  -30.520  82.109 0.0000000000
87467  21.871  -26.042  69.060 0.0000000000
84797  21.381  -27.188  68.196 0.0000000000
84798  21.073  -27.565  68.654 0.0000000000
76251  18.719  -32.697  75.809 0.0000000000
188673  29.108  -16.833  60.671 0.0000000000
93682  36.678  -21.894  60.038 0.0000000000
107023  33.175  -13.298  53.765 0.0000000000
108090  32.648  -12.540  54.914 0.0000000000
79038  16.162  -30.638  75.662 0.0000000000
80477  15.663  -30.406  76.091 0.0000000000
80485  15.337  -29.829  76.014 0.0000000000
83306  13.905  -28.622  77.483 0.0000000000
84643  13.410  -27.681  78.219 0.0000000000
83295  12.658  -28.772  78.803 0.0000000000
83389  19.428  -28.094  71.416 0.0000000000
81945  16.449  -29.125  73.927 0.0000000000
81944  16.879  -29.300  73.464 0.0000000000
80492  16.724  -30.251  74.376 0.0000000000
199309  17.108  -30.886  74.626 0.0000000000
95871  30.598  -20.936  60.861 0.0000000000
184148  31.201  -21.913  60.823 0.0000000000
88852  31.147  -25.323  61.072 0.0000000000
90115  31.686  -24.004  59.641 0.0000000000
88869  32.942  -24.996  60.768 0.0000000000
90074  34.264  -24.652  61.040 0.0000000000
88829  33.906  -25.386  62.160 0.0000000000
122887  42.519  -2.138  47.119 0.0000000000
120692  44.550  -3.899  45.019 0.0000000000
120694  43.329  -3.989  45.152 0.0000000000
116138  42.183  -6.631  46.174 0.0000000000
116143  43.118  -6.384  45.521 0.0000000000
115006  43.494  -7.733  46.135 0.0000000000
117225  37.516  -5.922  50.409 0.0000000000
208678  38.861  -7.383  49.800 0.0000000000
191593  37.906  -7.748  50.599 0.0000000000
110408  37.720  -10.842  50.425 0.0000000000
110421  38.803  -10.798  49.803 0.0000000000
194598  38.879  -12.034  49.943 0.0000000000
107082  39.717  -12.946  50.038 0.0000000000
107083  39.004  -12.994  50.204 0.0000000000
109237  35.760  -12.008  52.752 0.0000000000
109247  36.237  -11.744  51.606 0.0000000000
108125  35.763  -12.691  51.898 0.0000000000
103719  37.354  -15.904  51.989 0.0000000000
104920  37.006  -14.676  51.346 0.0000000000
103732  38.579  -15.845  51.647 0.0000000000
103731  39.349  -15.879  51.333 0.0000000000
84851  26.057  -27.574  65.915 0.0000000000
84849  27.483  -27.543  66.161 0.0000000000
118375  37.953  -5.243  52.422 0.0000000000
119483  37.963  -4.719  51.372 0.0000000000
120663  38.167  -3.998  50.335 0.0000000000
207665  15.634  -30.937  78.146 0.0000000000
219095  14.991  -31.176  79.280 0.0000000000
76148  10.783  -32.447  84.367 0.0000000000
76135  12.060  -32.428  84.713 0.0000000000
76126  11.144  -32.729  85.571 0.0000000000
77492  10.513  -32.941  86.174 0.0000000000
83226  9.573  -28.262  84.264 0.0000000000
80399  9.126  -30.002  83.925 0.0000000000
189583  8.892  -28.923  84.938 0.0000000000
80353  7.351  -30.454  87.199 0.0000000000
216138  7.922  -30.301  86.073 0.0000000000
77484  7.612  -31.688  87.130 0.0000000000
184243  8.407  -32.573  87.141 0.0000000000
77471  7.549  -31.958  87.615 0.0000000000
76098  7.917  -32.667  88.629 0.0000000000
77462  6.826  -31.552  88.586 0.0000000000
81740  6.031  -28.838  90.449 0.0000000000
78867  6.002  -30.770  90.096 0.0000000000
78853  5.662  -30.227  90.571 0.0000000000
78854  5.210  -30.634  90.945 0.0000000000
80299  5.260  -29.271  91.787 0.0000000000
92383  25.342  -22.469  67.194 0.0000000000
93567  25.392  -22.188  65.743 0.0000000000
90001  23.797  -24.266  65.556 0.0000000000
88766  24.383  -25.376  65.067 0.0000000000
88756  23.623  -25.438  66.018 0.0000000000
80600  22.486  -29.630  67.500 0.0000000000
80611  23.471  -29.374  66.999 0.0000000000
79164  23.375  -30.591  67.558 0.0000000000
79124  19.010  -30.634  70.400 0.0000000000
79123  19.536  -30.765  69.969 0.0000000000
77703  19.635  -31.751  70.754 0.0000000000
75051  21.879  -33.174  72.676 0.0000000000
111595  40.736  -9.524  49.267 0.0000000000
186255  41.362  -8.944  49.281 0.0000000000
111582  42.273  -10.822  49.317 0.0000000000
104850  30.208  -15.072  55.912 0.0000000000
104859  30.897  -15.103  54.994 0.0000000000
102510  30.447  -16.173  55.516 0.0000000000
95917  30.611  -20.435  59.063 0.0000000000
98344  29.539  -19.245  58.829 0.0000000000
97107  31.080  -20.115  58.422 0.0000000000
97105  33.963  -18.848  58.759 0.0000000000
98363  32.761  -18.622  57.787 0.0000000000
99721  33.136  -18.239  57.444 0.0000000000
99763  32.960  -18.256  55.793 0.0000000000
99747  34.320  -18.162  56.939 0.0000000000
99746  35.082  -18.265  56.892 0.0000000000
86234  30.824  -27.086  64.348 0.0000000000
118451  46.610  -5.077  41.193 0.0000000000
211662  45.528  -5.470  44.610 0.0000000000
117273  46.547  -5.611  44.099 0.0000000000
204806  45.954  -6.500  44.302 0.0000000000
113939  46.730  -8.118  42.711 0.0000000000
112827  47.700  -9.029  42.569 0.0000000000
83352  15.696  -27.973  74.913 0.0000000000
83333  15.185  -28.741  75.752 0.0000000000
210848  42.427  -7.154  47.607 0.0000000000
114982  43.340  -7.252  48.388 0.0000000000
114984  42.326  -7.127  48.222 0.0000000000
93656  29.500  -22.288  61.932 0.0000000000
92472  29.929  -22.640  60.810 0.0000000000
91303  29.075  -23.570  61.033 0.0000000000
88853  29.743  -25.158  61.087 0.0000000000
209133  31.081  -25.938  62.126 0.0000000000
190242  42.961  -1.043  49.695 0.0000000000
122874  41.167  -2.140  48.613 0.0000000000
121800  41.140  -2.811  47.504 0.0000000000
120676  41.759  -3.321  46.370 0.0000000000
119511  42.654  -4.207  45.483 0.0000000000
119513  41.573  -4.791  45.928 0.0000000000
117262  41.255  -6.048  46.747 0.0000000000
74809  6.517  -33.750  90.729 0.0000000000
116054  37.252  -6.888  52.145 0.0000000000
113840  37.666  -8.145  51.114 0.0000000000
192443  37.353  -8.707  51.305 0.0000000000
215087  37.141  -9.773  51.151 0.0000000000
110409  37.217  -10.976  50.892 0.0000000000
105976  34.951  -14.050  52.461 0.0000000000
105975  35.335  -13.906  52.008 0.0000000000
190211  35.416  -14.633  52.190 0.0000000000
102582  36.256  -15.808  52.661 0.0000000000
102559  37.112  -16.488  52.935 0.0000000000
101220  37.526  -17.519  53.660 0.0000000000
99775  37.562  -18.583  54.477 0.0000000000
82021  26.209  -29.726  67.744 0.0000000000
79003  13.036  -30.698  78.817 0.0000000000
185638  14.331  -31.382  79.903 0.0000000000
78983  12.884  -31.274  79.921 0.0000000000
191557  13.178  -31.785  81.282 0.0000000000
77547  13.322  -31.876  82.096 0.0000000000
76167  11.106  -32.243  83.095 0.0000000000
77515  10.248  -32.186  83.922 0.0000000000
81795  8.586  -28.384  85.982 0.0000000000
81781  7.505  -29.100  87.626 0.0000000000
81770  7.157  -29.339  88.194 0.0000000000
78883  6.753  -30.574  88.491 0.0000000000
81756  7.061  -28.848  88.840 0.0000000000
81739  6.554  -28.382  90.129 0.0000000000
83151  6.369  -28.062  90.842 0.0000000000
89982  23.337  -24.413  67.494 0.0000000000
190966  22.802  -26.210  66.735 0.0000000000
86170  22.339  -26.502  67.179 0.0000000000
201104  21.881  -28.008  67.384 0.0000000000
80587  21.330  -29.961  68.083 0.0000000000
76288  18.684  -32.200  73.153 0.0000000000
76301  19.525  -32.570  72.440 0.0000000000
76273  19.231  -32.890  73.655 0.0000000000
220935  42.525  -12.978  50.023 0.0000000000
102473  29.275  -16.477  57.863 0.0000000000
93723  33.916  -22.084  58.658 0.0000000000
94821  33.376  -20.965  58.220 0.0000000000
93721  35.365  -21.562  58.782 0.0000000000
95893  35.586  -20.322  59.112 0.0000000000
215116  47.589  -4.665  43.140 0.0000000000
77394  3.376  -31.805  92.580 0.0000000000
110370  36.747  -11.141  53.408 0.0000000000
109230  35.767  -12.008  53.507 0.0000000000
108109  34.995  -12.756  53.252 0.0000000000
107036  34.195  -13.602  53.178 0.0000000000
105969  33.427  -14.471  53.245 0.0000000000
103708  33.407  -15.817  53.492 0.0000000000
216481  18.029  -32.162  76.427 0.0000000000
77603  17.741  -32.063  77.474 0.0000000000
77616  16.769  -31.351  76.774 0.0000000000
211758  15.725  -30.839  77.547 0.0000000000
198534  14.801  -30.290  77.738 0.0000000000
81920  14.932  -29.068  76.340 0.0000000000
80469  14.491  -29.840  77.577 0.0000000000
80457  13.528  -30.343  78.455 0.0000000000
81892  12.919  -29.566  78.752 0.0000000000
81880  11.889  -29.538  79.717 0.0000000000
216344  11.040  -29.164  80.682 0.0000000000
219512  20.157  -28.294  69.761 0.0000000000
83408  19.948  -28.196  70.121 0.0000000000
81985  18.929  -29.388  70.926 0.0000000000
79099  18.240  -30.538  71.718 0.0000000000
81952  17.778  -28.919  72.875 0.0000000000
79086  17.408  -30.151  72.687 0.0000000000
79085  17.761  -30.838  72.605 0.0000000000
77657  17.968  -31.700  73.777 0.0000000000
77628  17.802  -31.956  75.209 0.0000000000
98311  29.717  -18.834  61.530 0.0000000000
99635  29.323  -18.234  60.600 0.0000000000
97065  29.833  -19.522  60.993 0.0000000000
95881  30.642  -21.083  60.168 0.0000000000
93705  31.836  -21.956  59.339 0.0000000000
92488  30.898  -22.681  60.110 0.0000000000
92505  31.833  -23.045  59.378 0.0000000000
92521  32.857  -22.612  58.939 0.0000000000
91334  34.487  -23.341  59.489 0.0000000000
91301  35.648  -23.910  61.264 0.0000000000
120691  45.551  -3.650  44.717 0.0000000000
118417  44.965  -5.012  44.827 0.0000000000
117275  44.795  -5.643  44.695 0.0000000000
119521  43.068  -4.675  45.244 0.0000000000
219909  44.069  -6.307  45.096 0.0000000000
117246  38.650  -5.796  49.089 0.0000000000
114966  40.073  -7.136  49.355 0.0000000000
114967  39.295  -7.024  49.466 0.0000000000
113849  39.487  -8.159  49.631 0.0000000000
111583  40.100  -10.026  49.359 0.0000000000
198190  38.115  -8.984  50.096 0.0000000000
110420  39.424  -10.458  49.482 0.0000000000
109270  40.599  -11.429  49.646 0.0000000000
107080  41.242  -13.229  50.015 0.0000000000
105998  41.452  -14.254  50.296 0.0000000000
110378  36.823  -10.532  52.063 0.0000000000
109246  36.761  -11.399  51.291 0.0000000000
108143  37.213  -12.279  50.753 0.0000000000
214545  36.038  -14.115  51.256 0.0000000000
106003  37.275  -13.535  50.834 0.0000000000
106002  38.051  -13.719  50.687 0.0000000000
104933  39.386  -14.699  50.799 0.0000000000
88784  25.918  -25.611  63.963 0.0000000000
87542  27.877  -26.327  63.727 0.0000000000
86220  27.428  -27.069  64.793 0.0000000000
86196  28.426  -27.542  65.667 0.0000000000
121793  39.070  -3.100  49.830 0.0000000000
119498  38.679  -4.283  49.039 0.0000000000
83257  10.990  -28.162  81.455 0.0000000000
83248  10.386  -28.330  82.471 0.0000000000
81833  10.317  -29.051  82.216 0.0000000000
80407  9.867  -30.235  82.704 0.0000000000
78948  9.280  -30.793  83.640 0.0000000000
184766  9.193  -31.907  84.602 0.0000000000
216802  8.451  -29.610  85.275 0.0000000000
78927  8.404  -31.063  85.195 0.0000000000
77494  8.932  -32.341  85.855 0.0000000000
199032  9.594  -32.977  86.937 0.0000000000
76107  9.588  -33.084  88.033 0.0000000000
76064  6.799  -33.062  89.851 0.0000000000
78884  6.528  -30.979  89.127 0.0000000000
77438  6.359  -32.296  89.580 0.0000000000
214963  6.526  -33.354  90.265 0.0000000000
76044  5.446  -32.622  90.838 0.0000000000
77411  5.044  -32.187  91.299 0.0000000000
196874  4.305  -31.103  92.141 0.0000000000
80284  5.146  -29.210  92.475 0.0000000000
78829  4.326  -30.267  92.419 0.0000000000
78830  4.017  -30.645  92.653 0.0000000000
91256  26.090  -23.282  63.125 0.0000000000
92415  25.466  -22.679  64.133 0.0000000000
90034  25.334  -24.241  63.724 0.0000000000
87543  25.450  -25.766  64.458 0.0000000000
86223  24.972  -26.621  65.284 0.0000000000
84852  25.193  -27.628  66.009 0.0000000000
84854  23.378  -27.314  66.190 0.0000000000
83462  24.275  -28.385  66.449 0.0000000000
190210  24.951  -29.458  67.366 0.0000000000
82012  20.240  -29.084  69.057 0.0000000000
79155  20.500  -30.420  68.824 0.0000000000
77729  21.461  -31.448  69.115 0.0000000000
76316  20.810  -32.889  71.644 0.0000000000
76331  21.868  -32.760  70.466 0.0000000000
76346  22.306  -32.326  70.021 0.0000000000
114965  40.704  -7.363  49.354 0.0000000000
105943  31.453  -14.009  54.742 0.0000000000
103696  31.939  -15.548  54.148 0.0000000000
101226  32.988  -16.676  54.129 0.0000000000
187203  28.953  -18.502  59.243 0.0000000000
99697  29.121  -17.884  58.205 0.0000000000
99725  29.715  -18.054  57.224 0.0000000000
184912  31.889  -19.162  58.002 0.0000000000
98389  31.490  -18.671  57.488 0.0000000000
101172  30.520  -17.592  55.948 0.0000000000
101188  31.470  -17.294  55.387 0.0000000000
99780  32.693  -17.702  54.960 0.0000000000
99796  33.613  -17.759  54.347 0.0000000000
98430  35.332  -18.605  55.024 0.0000000000
87557  28.936  -26.557  63.610 0.0000000000
187236  30.399  -26.343  63.390 0.0000000000
186820  31.966  -26.203  63.318 0.0000000000
87516  33.290  -26.919  64.510 0.0000000000
87535  33.752  -26.225  63.448 0.0000000000
193888  46.730  -3.861  39.880 0.0000000000
118428  47.034  -5.348  43.771 0.0000000000
118431  47.276  -5.653  43.218 0.0000000000
115018  46.430  -7.772  43.316 0.0000000000
116154  46.560  -6.785  42.846 0.0000000000
194905  46.692  -6.386  41.859 0.0000000000
197573  46.744  -6.228  41.308 0.0000000000
116173  47.551  -6.854  40.456 0.0000000000
117253  40.237  -6.200  48.338 0.0000000000
116119  40.011  -6.396  48.801 0.0000000000
90049  26.612  -24.218  62.681 0.0000000000
88835  27.566  -24.927  62.066 0.0000000000
88817  27.069  -25.047  62.609 0.0000000000
118405  39.400  -5.328  48.159 0.0000000000
119501  39.541  -4.688  47.971 0.0000000000
118409  39.783  -5.201  47.798 0.0000000000
118408  40.174  -5.350  47.468 0.0000000000
77403  4.252  -32.108  92.010 0.0000000000
102563  33.952  -16.262  53.408 0.0000000000
102562  34.516  -15.990  53.120 0.0000000000
101245  34.622  -16.778  53.456 0.0000000000
101223  35.074  -17.441  53.693 0.0000000000
101224  34.404  -17.453  53.890 0.0000000000
80428  11.059  -30.276  80.750 0.0000000000
78974  11.292  -30.848  80.550 0.0000000000
78966  10.343  -30.847  81.477 0.0000000000
80429  10.572  -30.125  81.320 0.0000000000
86160  21.268  -27.028  68.830 0.0000000000
86151  21.052  -27.250  69.294 0.0000000000
76238  18.568  -32.501  76.527 0.0000000000
74977  19.073  -32.990  76.321 0.0000000000
214339  29.326  -16.970  61.202 0.0000000000
199179  16.216  -30.089  75.044 0.0000000000
80484  15.742  -29.951  75.562 0.0000000000
81928  15.397  -29.386  75.544 0.0000000000
81935  16.006  -28.974  74.461 0.0000000000
80493  16.228  -29.631  74.428 0.0000000000
94760  31.337  -21.586  61.230 0.0000000000
93669  30.473  -22.130  61.098 0.0000000000
88832  32.022  -25.660  61.577 0.0000000000
88870  32.278  -25.050  60.651 0.0000000000
88850  32.531  -25.359  61.313 0.0000000000
88849  33.190  -24.980  61.511 0.0000000000
88830  33.379  -25.314  62.020 0.0000000000
121804  42.695  -2.569  46.484 0.0000000000
199007  43.167  -2.233  46.847 0.0000000000
218529  43.224  -2.571  46.385 0.0000000000
121812  43.588  -2.788  45.993 0.0000000000
120693  43.934  -3.578  45.185 0.0000000000
120681  43.427  -3.323  45.538 0.0000000000
116137  42.679  -7.055  46.385 0.0000000000
115007  43.067  -7.491  46.437 0.0000000000
114999  43.412  -7.817  46.847 0.0000000000
74800  7.881  -33.793  90.931 0.0000000000
116075  37.538  -6.446  50.801 0.0000000000
116087  37.855  -6.574  50.270 0.0000000000
203585  37.670  -7.041  50.755 0.0000000000
211420  37.648  -11.594  50.455 0.0000000000
197093  38.229  -11.162  50.081 0.0000000000
109273  38.347  -11.860  50.126 0.0000000000
108152  38.610  -12.473  50.129 0.0000000000
107084  38.321  -13.036  50.334 0.0000000000
108116  35.591  -12.606  52.482 0.0000000000
108115  35.811  -12.112  52.021 0.0000000000
102579  37.988  -16.421  52.503 0.0000000000
103718  37.958  -16.097  52.080 0.0000000000
102578  38.581  -16.426  52.286 0.0000000000
84831  26.507  -28.116  66.149 0.0000000000
84830  27.191  -27.810  66.495 0.0000000000
83459  26.835  -28.478  66.622 0.0000000000
117218  37.701  -5.423  51.741 0.0000000000
119473  38.088  -4.745  52.075 0.0000000000
117226  37.446  -5.998  51.159 0.0000000000
118380  37.600  -5.336  50.856 0.0000000000
79009  14.984  -30.715  78.204 0.0000000000
79000  15.397  -31.125  78.916 0.0000000000
76137  10.569  -32.577  84.914 0.0000000000
76136  11.339  -32.535  84.888 0.0000000000
76127  10.160  -32.728  85.394 0.0000000000
83227  9.214  -28.592  84.668 0.0000000000
78902  7.539  -31.147  86.817 0.0000000000
78895  7.323  -31.174  87.407 0.0000000000
77461  7.362  -32.119  88.240 0.0000000000
191243  7.045  -31.318  87.975 0.0000000000
80312  5.681  -29.370  90.734 0.0000000000
80321  6.080  -29.813  90.176 0.0000000000
80313  5.347  -29.751  91.111 0.0000000000
80298  5.514  -29.094  91.273 0.0000000000
91210  24.273  -23.483  67.338 0.0000000000
205809  24.146  -23.526  66.638 0.0000000000
216387  24.382  -23.051  66.324 0.0000000000
89991  23.641  -24.014  66.273 0.0000000000
88767  23.878  -25.052  65.462 0.0000000000
90002  23.600  -24.727  66.083 0.0000000000
80586  22.522  -30.271  67.734 0.0000000000
80599  23.075  -29.932  67.255 0.0000000000
79152  22.913  -30.892  68.126 0.0000000000
77738  23.345  -31.496  68.510 0.0000000000
77727  22.899  -31.671  69.042 0.0000000000
193074  18.580  -31.113  71.505 0.0000000000
79111  19.338  -31.147  70.562 0.0000000000
77693  18.919  -31.926  71.541 0.0000000000
110428  40.817  -10.321  49.237 0.0000000000
110427  41.546  -10.579  49.162 0.0000000000
211372  42.348  -11.363  49.503 0.0000000000
103660  29.488  -15.898  56.845 0.0000000000
204560  29.678  -15.237  56.836 0.0000000000
103674  29.904  -15.502  56.299 0.0000000000
103681  30.141  -15.687  55.818 0.0000000000
101190  29.912  -16.297  56.113 0.0000000000
95916  31.127  -20.811  58.928 0.0000000000
95915  31.559  -20.467  58.482 0.0000000000
98342  34.433  -18.458  58.860 0.0000000000
98343  33.710  -18.207  58.603 0.0000000000
99695  34.044  -17.957  58.338 0.0000000000
99720  33.762  -17.994  57.723 0.0000000000
99719  34.628  -17.952  57.762 0.0000000000
119548  47.020  -4.331  42.155 0.0000000000
119549  46.721  -4.493  41.556 0.0000000000
118439  46.685  -5.115  41.918 0.0000000000
185742  45.366  -6.148  44.559 0.0000000000
116146  45.906  -7.091  44.283 0.0000000000
83343  15.441  -28.141  75.347 0.0000000000
84684  15.672  -27.510  75.270 0.0000000000
83351  15.998  -28.205  74.490 0.0000000000
116134  41.508  -6.671  47.220 0.0000000000
116127  41.858  -6.977  47.732 0.0000000000
116128  41.208  -6.831  47.938 0.0000000000
116102  41.872  -7.159  49.109 0.0000000000
221507  41.687  -6.883  48.930 0.0000000000
92457  29.047  -22.682  61.715 0.0000000000
92473  29.279  -22.934  61.096 0.0000000000
92474  28.718  -23.284  61.507 0.0000000000
187954  28.639  -25.225  61.589 0.0000000000
88854  29.089  -24.984  61.170 0.0000000000
88833  29.340  -25.463  61.745 0.0000000000
87609  30.058  -25.651  61.576 0.0000000000
87594  30.368  -25.992  62.123 0.0000000000
121787  40.187  -2.688  49.649 0.0000000000
122869  40.655  -2.347  49.176 0.0000000000
121791  40.165  -2.758  48.946 0.0000000000
120673  40.364  -3.651  47.578 0.0000000000
121801  40.596  -3.118  47.799 0.0000000000
120672  40.818  -3.306  47.157 0.0000000000
121806  41.393  -2.974  46.883 0.0000000000
120677  41.192  -3.608  46.702 0.0000000000
120684  41.572  -4.108  46.230 0.0000000000
202452  41.057  -4.182  46.595 0.0000000000
117263  40.603  -5.787  47.123 0.0000000000
117261  41.744  -6.512  46.587 0.0000000000
74803  5.672  -33.560  90.934 0.0000000000
114918  37.141  -7.528  52.415 0.0000000000
114931  37.159  -7.300  51.810 0.0000000000
112696  37.212  -9.301  51.492 0.0000000000
111567  37.037  -10.343  51.293 0.0000000000
105967  34.439  -14.138  52.764 0.0000000000
104904  34.778  -14.694  52.515 0.0000000000
102561  35.752  -16.193  52.979 0.0000000000
216066  35.657  -15.621  52.724 0.0000000000
102560  36.482  -16.342  52.937 0.0000000000
101243  36.633  -16.880  53.239 0.0000000000
101242  37.300  -17.015  53.271 0.0000000000
101221  36.825  -17.416  53.659 0.0000000000
99776  36.489  -18.440  54.416 0.0000000000
99791  37.107  -18.120  54.081 0.0000000000
207353  37.016  -18.590  54.537 0.0000000000
98418  37.401  -18.935  55.664 0.0000000000
116053  37.550  -6.451  52.603 0.0000000000
78994  13.088  -31.085  79.433 0.0000000000
77568  12.629  -31.544  80.490 0.0000000000
77558  12.231  -31.702  81.032 0.0000000000
77548  12.518  -32.061  81.737 0.0000000000
77535  12.758  -32.168  82.433 0.0000000000
76174  11.975  -32.279  82.257 0.0000000000
78957  10.356  -31.347  82.088 0.0000000000
77537  10.710  -31.873  82.628 0.0000000000
189433  10.394  -32.069  83.253 0.0000000000
211080  9.737  -31.615  83.556 0.0000000000
81769  7.523  -28.639  88.264 0.0000000000
89967  22.950  -24.672  68.894 0.0000000000
89966  23.356  -24.169  68.927 0.0000000000
89974  23.464  -24.089  68.183 0.0000000000
89975  23.015  -24.518  68.255 0.0000000000
87484  22.652  -25.860  67.388 0.0000000000
189005  22.645  -25.600  67.995 0.0000000000
84814  21.376  -27.953  67.991 0.0000000000
84813  21.715  -27.439  67.633 0.0000000000
83449  21.574  -28.593  67.559 0.0000000000
82040  21.396  -29.221  67.771 0.0000000000
76289  18.479  -32.219  73.602 0.0000000000
203121  18.947  -32.544  73.394 0.0000000000
76274  18.874  -32.627  74.027 0.0000000000
102458  29.155  -16.196  58.474 0.0000000000
205332  29.122  -16.709  58.417 0.0000000000
92503  34.962  -22.842  59.319 0.0000000000
93722  34.630  -21.890  58.726 0.0000000000
93703  35.115  -22.273  59.014 0.0000000000
94770  37.090  -21.199  60.309 0.0000000000
94784  36.022  -21.123  59.434 0.0000000000
208977  36.369  -20.277  59.979 0.0000000000
109222  36.242  -11.595  53.854 0.0000000000
211286  34.476  -12.998  53.318 0.0000000000
107022  33.830  -12.927  53.565 0.0000000000
105953  32.970  -13.993  53.508 0.0000000000
105952  33.596  -13.760  53.350 0.0000000000
104891  33.389  -15.157  53.319 0.0000000000
104872  32.861  -14.722  53.473 0.0000000000
77615  17.052  -31.488  76.096 0.0000000000
187527  17.528  -31.863  76.738 0.0000000000
79025  16.497  -31.158  76.070 0.0000000000
80478  15.360  -30.196  76.556 0.0000000000
79027  15.669  -30.685  76.599 0.0000000000
79016  15.460  -30.627  77.051 0.0000000000
79008  15.212  -30.615  77.595 0.0000000000
83334  14.855  -28.397  76.241 0.0000000000
209652  14.674  -28.772  76.634 0.0000000000
81901  14.153  -29.272  77.460 0.0000000000
80461  13.917  -29.847  78.096 0.0000000000
80458  13.063  -30.219  78.543 0.0000000000
80462  13.464  -29.675  78.412 0.0000000000
83284  12.230  -28.478  79.321 0.0000000000
81879  12.342  -29.411  79.259 0.0000000000
83285  11.886  -28.867  79.746 0.0000000000
81866  11.469  -29.161  80.177 0.0000000000
83277  11.585  -28.493  80.168 0.0000000000
84763  20.339  -27.715  70.632 0.0000000000
83390  18.883  -28.485  71.596 0.0000000000
81971  19.115  -28.712  71.092 0.0000000000
81972  18.737  -29.154  71.430 0.0000000000
216189  18.699  -29.754  71.291 0.0000000000
81973  18.405  -29.752  71.864 0.0000000000
80510  17.062  -30.067  73.539 0.0000000000
81953  17.285  -29.473  73.025 0.0000000000
79068  17.870  -31.296  73.195 0.0000000000
79054  17.651  -31.152  73.691 0.0000000000
209807  17.001  -31.119  75.113 0.0000000000
77644  17.397  -31.422  74.848 0.0000000000
77629  17.245  -31.510  75.471 0.0000000000
195052  17.642  -31.890  75.972 0.0000000000
97051  30.215  -19.416  61.783 0.0000000000
97064  30.517  -20.086  61.274 0.0000000000
211655  31.206  -21.467  60.591 0.0000000000
94772  31.161  -21.518  60.013 0.0000000000
95894  30.830  -21.031  59.531 0.0000000000
91320  29.987  -23.489  60.317 0.0000000000
92489  30.233  -22.910  60.368 0.0000000000
91319  30.388  -23.725  60.151 0.0000000000
90114  32.425  -24.131  59.638 0.0000000000
91338  31.516  -23.472  59.507 0.0000000000
91337  32.071  -23.617  59.376 0.0000000000
92504  32.456  -23.131  59.176 0.0000000000
91351  33.185  -23.292  59.094 0.0000000000
91350  33.878  -23.173  59.065 0.0000000000
91335  33.728  -23.659  59.432 0.0000000000
90060  35.026  -24.763  61.892 0.0000000000
90073  34.998  -24.444  61.229 0.0000000000
124009  43.110  -1.398  48.742 0.0000000000
201033  45.968  -3.109  44.866 0.0000000000
121823  45.275  -3.070  45.059 0.0000000000
119519  44.453  -4.556  44.979 0.0000000000
118421  42.509  -4.762  45.465 0.0000000000
118420  42.825  -5.272  45.521 0.0000000000
116142  43.658  -6.672  45.372 0.0000000000
117270  43.622  -6.025  45.263 0.0000000000
116141  44.254  -6.884  45.151 0.0000000000
116106  38.905  -6.447  49.311 0.0000000000
219133  39.023  -7.865  49.785 0.0000000000
112715  39.396  -8.885  49.568 0.0000000000
111584  39.402  -9.672  49.517 0.0000000000
113839  37.737  -8.724  50.667 0.0000000000
213745  37.874  -8.228  50.649 0.0000000000
111585  38.762  -10.068  49.798 0.0000000000
192855  39.462  -11.169  49.678 0.0000000000
109271  40.038  -11.598  49.660 0.0000000000
205969  40.617  -12.031  49.764 0.0000000000
108150  39.926  -12.286  49.805 0.0000000000
198979  40.146  -13.555  50.202 0.0000000000
107068  40.736  -13.556  50.089 0.0000000000
105999  40.676  -14.251  50.399 0.0000000000
111557  37.101  -9.972  52.509 0.0000000000
109262  36.539  -11.995  50.993 0.0000000000
108144  36.636  -12.634  51.023 0.0000000000
104922  35.702  -14.372  51.526 0.0000000000
105988  35.740  -13.715  51.592 0.0000000000
192039  36.232  -14.544  51.329 0.0000000000
190592  37.667  -15.040  51.195 0.0000000000
104935  37.492  -14.226  51.027 0.0000000000
106001  38.672  -14.193  50.705 0.0000000000
104934  38.758  -14.794  50.848 0.0000000000
87520  26.043  -26.195  64.619 0.0000000000
87560  26.579  -26.439  63.827 0.0000000000
86221  26.761  -26.652  64.491 0.0000000000
84848  28.144  -27.673  66.151 0.0000000000
86197  27.818  -27.390  65.601 0.0000000000
207270  40.242  -2.296  50.944 0.0000000000
121789  39.020  -3.013  50.456 0.0000000000
118398  37.773  -5.297  50.120 0.0000000000
119495  38.352  -4.043  49.639 0.0000000000
117247  38.223  -5.244  49.488 0.0000000000
118403  38.723  -5.068  48.927 0.0000000000
77590  17.338  -31.744  77.904 0.0000000000
77591  16.894  -31.503  78.412 0.0000000000
192778  12.743  -32.194  84.513 0.0000000000
83238  9.690  -28.610  83.559 0.0000000000
83237  10.255  -28.157  83.202 0.0000000000
83249  9.947  -28.781  82.806 0.0000000000
81834  10.059  -29.576  82.640 0.0000000000
78937  8.967  -30.672  84.092 0.0000000000
77517  9.264  -31.367  84.106 0.0000000000
78926  8.674  -31.054  84.567 0.0000000000
81796  8.165  -28.938  86.113 0.0000000000
81799  8.560  -29.031  85.447 0.0000000000
80378  8.246  -29.749  85.714 0.0000000000
78901  7.889  -31.145  86.175 0.0000000000
78912  8.180  -30.665  85.637 0.0000000000
77495  8.346  -31.515  85.669 0.0000000000
77505  8.707  -31.783  85.132 0.0000000000
77482  8.853  -32.579  86.636 0.0000000000
76108  8.664  -32.918  87.777 0.0000000000
77469  9.186  -32.972  87.299 0.0000000000
76082  7.791  -32.862  89.195 0.0000000000
74812  7.680  -33.292  89.780 0.0000000000
76083  7.045  -32.668  89.326 0.0000000000
80335  6.578  -30.142  89.188 0.0000000000
202627  6.294  -31.361  89.625 0.0000000000
76051  6.159  -32.651  90.092 0.0000000000
76052  5.973  -33.046  90.521 0.0000000000
77422  5.705  -32.158  90.483 0.0000000000
77410  5.259  -31.638  90.902 0.0000000000
78855  4.646  -31.083  91.354 0.0000000000
77402  4.641  -31.882  91.721 0.0000000000
78841  4.605  -30.268  92.045 0.0000000000
81716  5.395  -28.641  92.237 0.0000000000
217932  5.292  -28.751  92.754 0.0000000000
80276  4.648  -29.354  93.121 0.0000000000
80286  4.238  -29.871  92.700 0.0000000000
80287  3.760  -30.197  92.782 0.0000000000
92428  26.943  -22.443  63.207 0.0000000000
92406  24.788  -22.965  64.798 0.0000000000
93585  25.208  -22.362  65.013 0.0000000000
92416  25.146  -23.066  64.202 0.0000000000
91257  25.187  -23.577  63.899 0.0000000000
90019  25.001  -24.105  64.219 0.0000000000
88785  25.212  -25.180  64.290 0.0000000000
88786  24.770  -24.644  64.422 0.0000000000
86224  24.628  -26.070  65.174 0.0000000000
188294  24.860  -27.063  65.730 0.0000000000
84853  24.438  -27.370  65.960 0.0000000000
86182  22.623  -26.839  66.763 0.0000000000
84855  23.019  -26.785  66.383 0.0000000000
84834  22.856  -27.368  66.565 0.0000000000
82051  23.887  -28.828  66.813 0.0000000000
82037  24.245  -29.406  67.147 0.0000000000
82050  24.664  -28.896  66.937 0.0000000000
80596  25.085  -30.043  67.715 0.0000000000
79149  25.085  -30.628  68.308 0.0000000000
81997  19.977  -28.824  69.702 0.0000000000
83424  20.346  -28.405  69.368 0.0000000000
82013  19.797  -29.502  69.272 0.0000000000
79122  20.138  -31.132  69.787 0.0000000000
79140  20.051  -30.623  69.405 0.0000000000
196085  20.746  -31.123  69.381 0.0000000000
79139  21.188  -30.874  68.746 0.0000000000
77715  21.197  -31.834  69.716 0.0000000000
76286  19.996  -32.853  72.787 0.0000000000
76300  20.247  -32.811  72.169 0.0000000000
75067  22.236  -33.155  72.011 0.0000000000
75068  21.601  -33.053  71.840 0.0000000000
76315  22.256  -33.053  71.240 0.0000000000
188935  40.775  -8.045  49.400 0.0000000000
107015  31.665  -13.360  54.901 0.0000000000
105934  31.139  -13.667  55.285 0.0000000000
103687  31.461  -15.557  54.590 0.0000000000
104874  31.768  -15.084  54.277 0.0000000000
102522  31.911  -16.185  54.327 0.0000000000
103695  32.409  -15.748  53.957 0.0000000000
212290  32.553  -16.276  54.163 0.0000000000
97066  29.458  -19.283  60.404 0.0000000000
98322  29.231  -18.659  59.986 0.0000000000
98345  29.247  -18.990  59.272 0.0000000000
212202  29.674  -18.907  58.173 0.0000000000
98367  29.142  -18.561  58.644 0.0000000000
98366  29.405  -18.286  57.867 0.0000000000
99726  29.251  -17.703  57.497 0.0000000000
98391  29.936  -18.638  57.518 0.0000000000
95935  32.884  -20.242  58.121 0.0000000000
97128  32.356  -19.637  58.076 0.0000000000
98388  32.118  -18.654  57.490 0.0000000000
99724  30.925  -18.492  56.829 0.0000000000
205188  31.333  -18.246  56.357 0.0000000000
101171  31.242  -17.823  55.852 0.0000000000
99751  31.860  -18.156  56.058 0.0000000000
98410  33.544  -18.354  55.953 0.0000000000
217217  32.959  -18.010  55.302 0.0000000000
187148  33.303  -17.863  54.886 0.0000000000
101205  33.098  -17.367  54.504 0.0000000000
99779  33.943  -18.128  54.854 0.0000000000
191656  34.466  -18.179  54.545 0.0000000000
98431  34.554  -18.536  54.939 0.0000000000
98408  35.445  -18.731  56.137 0.0000000000
203666  28.461  -26.525  63.806 0.0000000000
87541  28.407  -26.189  63.354 0.0000000000
87519  31.465  -27.191  64.676 0.0000000000
87539  30.205  -26.828  63.967 0.0000000000
87555  31.533  -26.504  63.739 0.0000000000
186779  31.180  -26.282  63.291 0.0000000000
197796  31.965  -26.314  64.055 0.0000000000
191460  33.830  -26.708  64.010 0.0000000000
88795  34.894  -25.663  63.292 0.0000000000
119557  46.619  -4.481  40.809 0.0000000000
194637  46.642  -3.891  40.529 0.0000000000
119565  46.663  -4.444  40.142 0.0000000000
117309  47.042  -5.406  40.103 0.0000000000
119517  45.893  -4.193  44.532 0.0000000000
117278  46.384  -6.190  44.016 0.0000000000
117277  46.807  -5.918  43.651 0.0000000000
117280  46.834  -6.198  43.051 0.0000000000
113965  47.044  -8.272  42.234 0.0000000000
115022  46.571  -7.456  42.739 0.0000000000
116156  46.770  -7.060  42.127 0.0000000000
199182  46.768  -6.467  42.476 0.0000000000
115044  46.952  -7.480  41.569 0.0000000000
116129  40.728  -6.508  48.192 0.0000000000
116103  41.229  -7.055  49.138 0.0000000000
91289  27.526  -23.229  62.149 0.0000000000
91288  28.130  -23.716  61.777 0.0000000000
90062  27.500  -24.176  61.966 0.0000000000
88834  28.137  -25.057  61.670 0.0000000000
87596  28.696  -25.634  62.219 0.0000000000
120670  38.988  -3.853  48.618 0.0000000000
121797  39.703  -3.060  48.575 0.0000000000
120674  39.878  -4.032  47.921 0.0000000000
119504  40.303  -4.669  47.172 0.0000000000
119508  40.751  -4.650  46.754 0.0000000000
74804  5.116  -33.662  91.378 0.0000000000
113816  37.081  -8.201  52.638 0.0000000000
103706  34.419  -15.327  52.632 0.0000000000
204060  35.095  -16.322  53.105 0.0000000000
101222  35.966  -17.344  53.501 0.0000000000
99777  35.748  -18.348  54.395 0.0000000000
80440  11.861  -30.683  79.821 0.0000000000
78984  12.204  -31.182  79.977 0.0000000000
78985  11.667  -31.067  80.229 0.0000000000
77559  11.507  -31.385  80.853 0.0000000000
77550  10.915  -31.412  81.464 0.0000000000
78958  9.982  -30.913  82.543 0.0000000000
83179  7.569  -28.229  88.836 0.0000000000
87475  22.304  -25.599  68.586 0.0000000000
87476  22.271  -26.058  67.820 0.0000000000
219556  21.911  -26.164  68.294 0.0000000000
221183  20.966  -28.146  68.495 0.0000000000
76263  18.455  -32.376  75.238 0.0000000000
75020  19.074  -32.897  74.554 0.0000000000
74988  19.232  -33.112  75.759 0.0000000000
102436  29.058  -16.676  60.023 0.0000000000
220839  36.106  -23.083  60.554 0.0000000000
93683  36.005  -22.257  59.853 0.0000000000
93667  37.045  -22.465  60.560 0.0000000000
108101  33.361  -12.715  54.081 0.0000000000
107013  32.852  -12.907  54.322 0.0000000000
107024  32.529  -13.516  53.942 0.0000000000
81908  15.105  -29.624  76.511 0.0000000000
83318  14.601  -28.218  76.727 0.0000000000
83319  14.265  -28.026  77.217 0.0000000000
83307  13.482  -28.415  78.000 0.0000000000
81891  13.204  -28.993  78.388 0.0000000000
83360  16.886  -28.603  73.547 0.0000000000
83370  17.508  -28.760  73.324 0.0000000000
193466  16.613  -29.692  73.916 0.0000000000
79055  17.265  -30.715  73.974 0.0000000000
79047  16.630  -30.675  75.067 0.0000000000
186220  31.279  -21.758  60.492 0.0000000000
93685  31.221  -22.146  60.309 0.0000000000
88872  30.855  -24.827  60.638 0.0000000000
198092  30.591  -24.245  60.308 0.0000000000
88871  31.578  -24.919  60.642 0.0000000000
90096  31.991  -24.530  60.150 0.0000000000
90094  33.271  -24.562  60.356 0.0000000000
90093  33.920  -24.392  60.486 0.0000000000
90075  33.574  -24.742  60.957 0.0000000000
211983  34.536  -24.890  61.510 0.0000000000
90047  34.931  -25.112  62.399 0.0000000000
122879  42.926  -1.871  47.845 0.0000000000
122877  43.935  -1.554  47.794 0.0000000000
206993  44.984  -3.630  44.945 0.0000000000
121824  44.553  -3.151  45.279 0.0000000000
204672  43.975  -4.115  45.001 0.0000000000
119520  43.776  -4.658  45.096 0.0000000000
117266  42.566  -5.999  45.831 0.0000000000
222040  42.743  -6.631  45.937 0.0000000000
116136  43.212  -7.048  45.884 0.0000000000
115005  44.006  -8.041  45.801 0.0000000000
113894  43.861  -8.228  46.547 0.0000000000
116086  38.532  -6.810  49.781 0.0000000000
114950  38.213  -7.228  50.211 0.0000000000
196598  38.417  -7.832  49.978 0.0000000000
111575  37.465  -10.076  50.641 0.0000000000
192671  38.111  -9.699  50.145 0.0000000000
110422  38.170  -10.436  50.157 0.0000000000
109272  38.849  -11.473  49.863 0.0000000000
108151  39.244  -12.433  49.978 0.0000000000
107069  39.436  -13.509  50.401 0.0000000000
109229  36.087  -11.463  53.051 0.0000000000
109236  36.064  -11.534  52.285 0.0000000000
108124  36.105  -12.443  51.413 0.0000000000
211647  36.611  -15.505  52.063 0.0000000000
209687  36.618  -15.002  51.654 0.0000000000
103734  37.175  -15.354  51.592 0.0000000000
103733  37.836  -15.661  51.562 0.0000000000
104919  38.299  -15.335  51.054 0.0000000000
104918  39.004  -15.353  51.069 0.0000000000
86199  26.353  -27.012  65.623 0.0000000000
86198  27.077  -27.247  65.592 0.0000000000
84850  26.819  -27.501  66.012 0.0000000000
118374  38.371  -4.869  52.735 0.0000000000
119472  38.473  -4.183  52.413 0.0000000000
119482  38.205  -4.043  51.799 0.0000000000
120649  38.555  -3.508  51.506 0.0000000000
120657  38.583  -3.520  50.778 0.0000000000
119490  37.969  -4.669  50.625 0.0000000000
78999  16.132  -31.393  78.689 0.0000000000
78990  15.985  -31.598  79.502 0.0000000000
76147  11.481  -32.440  84.227 0.0000000000
77503  11.951  -32.418  85.386 0.0000000000
184100  11.421  -32.841  86.296 0.0000000000
77481  10.348  -33.033  86.931 0.0000000000
84582  10.036  -27.937  83.858 0.0000000000
81823  9.338  -29.313  83.711 0.0000000000
81810  9.347  -28.795  84.114 0.0000000000
81811  9.036  -29.294  84.385 0.0000000000
80352  7.568  -29.682  87.061 0.0000000000
80365  7.677  -30.384  86.614 0.0000000000
77483  7.980  -31.945  86.687 0.0000000000
197654  7.849  -32.167  87.186 0.0000000000
77470  8.055  -32.480  87.536 0.0000000000
77460  8.021  -32.527  88.030 0.0000000000
76097  8.573  -32.942  88.413 0.0000000000
78877  6.325  -30.464  89.684 0.0000000000
78868  5.511  -31.171  90.421 0.0000000000
81706  3.888  -29.177  93.184 0.0000000000
198851  24.506  -23.268  65.346 0.0000000000
215835  24.317  -23.901  65.190 0.0000000000
90007  24.284  -24.650  64.936 0.0000000000
87522  24.038  -25.826  65.537 0.0000000000
82052  22.452  -28.644  66.911 0.0000000000
185747  23.121  -28.702  66.687 0.0000000000
82038  22.757  -29.228  67.075 0.0000000000
80585  23.964  -30.658  67.701 0.0000000000
79150  24.371  -30.886  68.246 0.0000000000
79137  24.099  -31.559  68.550 0.0000000000
80559  19.125  -30.120  70.100 0.0000000000
80558  19.583  -30.075  69.577 0.0000000000
77717  19.865  -31.456  70.223 0.0000000000
77702  20.274  -31.989  70.593 0.0000000000
210772  21.398  -33.244  73.585 0.0000000000
199647  21.298  -33.179  73.111 0.0000000000
186895  21.822  -33.298  73.542 0.0000000000
112724  40.671  -8.782  49.267 0.0000000000
212491  41.058  -8.487  49.294 0.0000000000
111594  41.410  -9.797  49.216 0.0000000000
111593  42.100  -10.082  49.226 0.0000000000
105925  30.253  -14.310  56.684 0.0000000000
104842  30.248  -14.398  56.010 0.0000000000
105944  30.956  -14.334  55.116 0.0000000000
104849  30.529  -14.692  55.508 0.0000000000
103688  30.906  -15.888  55.020 0.0000000000
102509  30.908  -16.708  55.106 0.0000000000
95895  30.267  -20.574  59.643 0.0000000000
97109  29.527  -19.573  59.289 0.0000000000
97108  29.962  -20.001  59.052 0.0000000000
198735  30.469  -19.961  58.608 0.0000000000
97130  30.752  -19.572  58.065 0.0000000000
97126  33.642  -19.273  58.516 0.0000000000
97127  33.046  -19.219  58.301 0.0000000000
98362  33.169  -18.476  58.370 0.0000000000
99722  32.501  -18.573  57.023 0.0000000000
99750  32.425  -18.348  56.256 0.0000000000
99749  32.975  -18.388  56.477 0.0000000000
99748  33.608  -18.218  56.756 0.0000000000
98409  34.167  -18.414  56.085 0.0000000000
212325  34.750  -18.491  56.287 0.0000000000
207769  29.508  -27.268  64.972 0.0000000000
87540  29.439  -26.872  64.244 0.0000000000
86217  30.026  -27.400  65.128 0.0000000000
86216  30.703  -27.414  64.890 0.0000000000
86215  31.859  -27.222  64.886 0.0000000000
206628  46.742  -3.978  41.109 0.0000000000
118426  46.125  -5.261  44.372 0.0000000000
117274  46.023  -5.879  44.358 0.0000000000
113938  47.205  -8.617  42.688 0.0000000000
115025  47.239  -8.035  41.753 0.0000000000
113964  47.587  -8.615  42.024 0.0000000000
81936  15.598  -28.731  75.057 0.0000000000
84669  15.162  -27.772  75.787 0.0000000000
204775  16.761  -27.969  73.648 0.0000000000
83361  16.386  -28.434  73.982 0.0000000000
114991  42.832  -7.389  47.943 0.0000000000
114983  42.849  -7.047  48.597 0.0000000000
116116  41.746  -6.882  48.496 0.0000000000
213849  42.434  -7.013  48.851 0.0000000000
93655  30.329  -22.077  61.840 0.0000000000
93670  29.728  -22.448  61.394 0.0000000000
92490  29.512  -23.149  60.560 0.0000000000
90099  29.463  -23.857  60.625 0.0000000000
90078  28.578  -24.093  61.378 0.0000000000
90077  29.053  -24.337  61.070 0.0000000000
88873  30.142  -24.775  60.616 0.0000000000
203091  30.424  -25.309  61.019 0.0000000000
87593  31.436  -25.648  61.581 0.0000000000
87592  31.788  -25.874  62.075 0.0000000000
122873  41.873  -1.781  48.944 0.0000000000
213446  41.843  -1.993  48.334 0.0000000000
121796  40.310  -2.863  48.341 0.0000000000
122881  41.478  -2.351  47.933 0.0000000000
122880  42.172  -2.049  47.795 0.0000000000
121799  41.749  -2.439  47.254 0.0000000000
121805  42.041  -2.694  46.655 0.0000000000
121814  42.348  -3.062  46.063 0.0000000000
120682  42.825  -3.564  45.682 0.0000000000
120683  42.208  -3.781  45.937 0.0000000000
119512  42.084  -4.479  45.784 0.0000000000
118411  40.963  -5.301  46.680 0.0000000000
117268  41.430  -5.380  46.196 0.0000000000
117267  41.835  -6.020  46.174 0.0000000000
116133  42.183  -6.907  46.958 0.0000000000
114939  37.404  -7.478  51.256 0.0000000000
112706  37.362  -9.329  50.922 0.0000000000
107043  35.097  -13.514  52.402 0.0000000000
107042  35.478  -13.212  52.073 0.0000000000
103721  35.173  -15.204  52.515 0.0000000000
103720  35.877  -15.267  52.368 0.0000000000
102581  36.917  -16.082  52.463 0.0000000000
102580  37.516  -16.282  52.444 0.0000000000
102558  37.694  -16.613  52.939 0.0000000000
101219  38.192  -17.473  53.691 0.0000000000
99790  37.882  -18.037  54.086 0.0000000000
99774  38.253  -18.440  54.579 0.0000000000
216439  26.086  -29.410  67.424 0.0000000000
82035  26.672  -29.307  67.568 0.0000000000
188909  26.895  -29.677  68.004 0.0000000000
117211  37.498  -6.209  51.914 0.0000000000
79002  13.882  -30.825  78.758 0.0000000000
78992  14.388  -31.333  79.206 0.0000000000
78993  13.667  -31.201  79.282 0.0000000000
78982  13.588  -31.400  79.911 0.0000000000
77567  13.411  -31.550  80.535 0.0000000000
76166  11.762  -32.303  82.930 0.0000000000
77536  11.359  -32.151  82.505 0.0000000000
76157  11.608  -32.355  83.574 0.0000000000
76158  10.919  -32.350  83.733 0.0000000000
76149  10.202  -32.348  84.440 0.0000000000
83198  8.257  -28.405  86.507 0.0000000000
81791  7.807  -28.821  86.876 0.0000000000
81782  7.211  -29.838  87.648 0.0000000000
212507  6.947  -29.986  88.147 0.0000000000
80334  6.847  -29.697  88.712 0.0000000000
80328  6.700  -29.384  89.327 0.0000000000
211434  7.162  -28.324  89.260 0.0000000000
205956  6.735  -28.613  89.492 0.0000000000
81748  6.411  -29.131  89.888 0.0000000000
91203  23.856  -23.845  67.761 0.0000000000
91211  23.788  -23.982  67.033 0.0000000000
207442  23.430  -25.083  66.488 0.0000000000
88747  22.952  -25.577  67.065 0.0000000000
86183  22.211  -27.374  67.037 0.0000000000
86171  21.824  -26.726  67.733 0.0000000000
83465  22.230  -28.125  66.969 0.0000000000
82039  22.052  -29.072  67.367 0.0000000000
80601  21.899  -29.744  67.711 0.0000000000
196527  22.148  -30.747  68.201 0.0000000000
77672  18.628  -31.962  72.686 0.0000000000
76302  18.957  -32.240  72.163 0.0000000000
184900  19.010  -32.427  72.823 0.0000000000
76287  19.487  -32.765  73.146 0.0000000000
75034  20.130  -33.051  73.337 0.0000000000
75001  19.554  -33.111  74.810 0.0000000000
75000  20.173  -33.170  74.561 0.0000000000
185256  20.842  -33.273  74.304 0.0000000000
109268  41.912  -11.813  49.672 0.0000000000
103661  29.427  -15.971  57.516 0.0000000000
102492  29.399  -16.422  57.241 0.0000000000
93724  33.177  -22.075  58.642 0.0000000000
94822  32.736  -20.945  58.145 0.0000000000
187377  33.457  -21.619  58.439 0.0000000000
94800  34.064  -21.421  58.519 0.0000000000
192052  34.132  -20.690  58.417 0.0000000000
187475  35.769  -21.457  59.193 0.0000000000
94798  35.200  -20.793  58.817 0.0000000000
95914  34.225  -19.802  58.701 0.0000000000
95913  35.008  -20.031  58.892 0.0000000000
97084  35.377  -19.457  59.356 0.0000000000
115016  45.594  -7.374  44.740 0.0000000000
115015  45.999  -7.710  44.404 0.0000000000
220137  3.909  -32.281  92.283 0.0000000000
215068  37.200  -10.689  53.430 0.0000000000
108108  35.463  -12.472  53.122 0.0000000000
108098  35.306  -12.374  53.733 0.0000000000
107035  34.781  -13.452  52.896 0.0000000000
105968  33.949  -14.271  53.034 0.0000000000
104890  33.882  -14.931  53.027 0.0000000000
76239  18.167  -32.251  77.013 0.0000000000
77604  17.234  -31.703  77.314 0.0000000000
77605  16.784  -31.387  77.596 0.0000000000
79026  16.100  -30.904  76.365 0.0000000000
79015  16.112  -30.957  77.119 0.0000000000
80456  14.299  -30.387  78.203 0.0000000000
81919  15.102  -29.381  75.990 0.0000000000
81910  14.343  -28.739  77.018 0.0000000000
81909  14.736  -29.315  76.963 0.0000000000
80459  12.485  -30.283  78.813 0.0000000000
80449  11.962  -30.242  79.320 0.0000000000
80450  11.683  -29.974  79.996 0.0000000000
194280  11.246  -29.786  80.459 0.0000000000
198978  20.850  -27.489  69.698 0.0000000000
84772  20.384  -27.847  69.820 0.0000000000
83409  19.591  -28.707  70.189 0.0000000000
83399  19.669  -28.276  70.774 0.0000000000
81984  19.206  -28.975  70.517 0.0000000000
81999  19.075  -29.607  70.425 0.0000000000
80547  18.839  -30.120  70.747 0.0000000000
80534  18.516  -30.348  71.315 0.0000000000
81962  18.003  -29.130  72.287 0.0000000000
81963  17.629  -29.479  72.593 0.0000000000
80521  17.819  -29.760  72.239 0.0000000000
79100  17.813  -30.379  72.101 0.0000000000
79084  18.146  -31.018  72.089 0.0000000000
77684  18.155  -31.449  72.608 0.0000000000
76275  18.312  -32.191  74.182 0.0000000000
77658  17.514  -31.291  74.231 0.0000000000
77643  17.861  -31.784  74.464 0.0000000000
214522  18.209  -32.163  74.725 0.0000000000
76252  18.206  -32.263  75.867 0.0000000000
204558  29.473  -17.472  61.552 0.0000000000
99634  29.459  -18.173  61.211 0.0000000000
98312  29.464  -18.804  60.794 0.0000000000
97076  29.803  -19.809  60.316 0.0000000000
209268  30.136  -20.223  60.720 0.0000000000
95882  30.119  -20.519  60.236 0.0000000000
97086  29.844  -19.988  59.704 0.0000000000
94804  31.317  -21.474  59.291 0.0000000000
94803  31.888  -21.524  58.907 0.0000000000
93686  30.669  -22.357  60.558 0.0000000000
218160  31.331  -22.410  59.942 0.0000000000
90116  30.977  -23.669  59.838 0.0000000000
92506  31.182  -22.972  59.645 0.0000000000
93706  31.706  -22.438  59.643 0.0000000000
93704  32.254  -22.481  59.301 0.0000000000
93725  32.447  -21.928  58.737 0.0000000000
92520  33.590  -22.710  58.792 0.0000000000
92487  35.249  -23.193  59.813 0.0000000000
90092  34.549  -24.107  60.659 0.0000000000
91317  34.907  -23.715  60.165 0.0000000000
91316  35.588  -23.452  60.534 0.0000000000
208046  46.238  -3.637  44.565 0.0000000000
119518  45.141  -4.283  44.822 0.0000000000
218614  45.122  -6.558  44.682 0.0000000000
118419  43.564  -5.322  45.205 0.0000000000
117271  43.160  -5.764  45.553 0.0000000000
117269  44.154  -5.775  44.936 0.0000000000
116147  44.669  -6.301  44.842 0.0000000000
116140  44.966  -7.028  44.899 0.0000000000
117255  39.027  -5.667  48.518 0.0000000000
117245  39.352  -6.172  48.879 0.0000000000
116105  39.699  -6.674  49.158 0.0000000000
114949  39.517  -7.541  49.584 0.0000000000
112725  40.086  -8.465  49.443 0.0000000000
111596  40.065  -9.232  49.357 0.0000000000
110418  40.982  -11.037  49.423 0.0000000000
113851  38.106  -8.335  50.229 0.0000000000
112716  38.720  -9.303  49.796 0.0000000000
110419  40.197  -10.878  49.485 0.0000000000
109269  41.176  -11.657  49.669 0.0000000000
207317  41.367  -12.417  49.857 0.0000000000
107079  41.916  -13.056  49.963 0.0000000000
107066  41.704  -13.692  50.123 0.0000000000
107081  40.533  -12.848  49.977 0.0000000000
107067  41.164  -13.813  50.142 0.0000000000
110393  36.457  -11.137  51.870 0.0000000000
110392  36.871  -10.884  51.501 0.0000000000
109261  37.061  -11.652  50.843 0.0000000000
107054  35.904  -13.092  51.557 0.0000000000
105986  36.709  -14.002  51.101 0.0000000000
106004  36.709  -13.277  51.016 0.0000000000
107071  37.152  -12.920  50.941 0.0000000000
195846  37.693  -12.970  50.740 0.0000000000
107070  38.778  -13.554  50.509 0.0000000000
200803  39.195  -14.083  50.598 0.0000000000
104932  40.125  -14.775  50.858 0.0000000000
104917  39.706  -15.347  51.037 0.0000000000
207913  40.309  -15.472  50.977 0.0000000000
104931  40.783  -15.097  50.678 0.0000000000
191642  26.636  -25.626  63.559 0.0000000000
88798  27.189  -25.463  63.197 0.0000000000
87559  27.206  -26.160  63.559 0.0000000000
86238  27.218  -26.812  63.921 0.0000000000
86237  28.065  -26.752  64.258 0.0000000000
86219  28.363  -27.366  64.877 0.0000000000
214355  28.983  -27.518  65.429 0.0000000000
121783  40.118  -2.358  50.339 0.0000000000
121792  39.493  -2.994  49.297 0.0000000000
120662  38.662  -3.553  50.047 0.0000000000
120666  38.863  -3.567  49.298 0.0000000000
118406  39.016  -5.186  48.481 0.0000000000
77580  17.360  -31.694  79.017 0.0000000000
83266  11.156  -28.460  80.697 0.0000000000
83267  10.881  -28.866  81.254 0.0000000000
84599  10.785  -27.907  82.106 0.0000000000
83258  10.686  -28.602  81.851 0.0000000000
81853  10.633  -29.319  81.641 0.0000000000
80417  10.297  -29.821  82.021 0.0000000000
217181  10.085  -30.027  82.385 0.0000000000
78947  9.613  -30.886  83.025 0.0000000000
80398  9.503  -30.019  83.272 0.0000000000
77516  9.728  -31.989  84.229 0.0000000000
80386  8.448  -30.232  85.096 0.0000000000
77504  9.358  -32.391  85.237 0.0000000000
77493  9.686  -32.710  85.812 0.0000000000
188650  9.609  -32.880  86.376 0.0000000000
77468  10.074  -33.078  87.497 0.0000000000
76081  8.591  -33.058  89.122 0.0000000000
74808  7.236  -33.731  90.383 0.0000000000
77452  6.611  -31.904  89.097 0.0000000000
81726  5.594  -28.586  91.666 0.0000000000
80300  5.025  -29.653  91.897 0.0000000000
81717  4.990  -29.113  93.011 0.0000000000
80285  4.785  -29.722  92.692 0.0000000000
77393  3.963  -31.473  92.518 0.0000000000
98297  30.468  -19.349  62.462 0.0000000000
92443  27.254  -22.756  62.675 0.0000000000
91255  26.574  -23.607  62.750 0.0000000000
91272  26.149  -23.982  63.031 0.0000000000
92430  25.571  -22.983  63.607 0.0000000000
205039  25.625  -23.722  63.402 0.0000000000
90033  25.831  -24.433  63.368 0.0000000000
88800  25.544  -24.897  63.738 0.0000000000
88765  24.986  -25.552  64.832 0.0000000000
87521  25.303  -26.095  64.928 0.0000000000
86222  25.823  -26.515  65.231 0.0000000000
86200  25.519  -27.021  65.664 0.0000000000
84832  25.811  -28.085  66.189 0.0000000000
83460  26.062  -28.565  66.573 0.0000000000
87494  23.305  -25.684  66.554 0.0000000000
86202  23.568  -26.731  66.097 0.0000000000
202525  23.885  -27.207  65.975 0.0000000000
221838  23.177  -28.246  66.540 0.0000000000
83475  23.889  -27.801  66.170 0.0000000000
83474  24.579  -27.928  66.185 0.0000000000
83461  25.170  -28.390  66.477 0.0000000000
83448  25.566  -29.096  67.036 0.0000000000
82036  25.588  -29.641  67.574 0.0000000000
84783  20.686  -27.863  69.121 0.0000000000
83437  20.721  -28.690  68.729 0.0000000000
82023  20.550  -29.328  68.653 0.0000000000
80573  20.028  -30.073  69.163 0.0000000000
80572  20.221  -29.734  68.820 0.0000000000
80588  20.781  -29.872  68.512 0.0000000000
79154  21.073  -30.378  68.473 0.0000000000
79153  21.534  -30.649  68.260 0.0000000000
77728  22.143  -31.533  69.067 0.0000000000
76318  19.560  -32.376  71.695 0.0000000000
76333  19.897  -32.270  71.080 0.0000000000
76332  20.530  -32.569  70.989 0.0000000000
187528  21.331  -32.855  71.076 0.0000000000
209146  21.032  -32.347  70.374 0.0000000000
76347  21.628  -32.345  69.959 0.0000000000
77714  21.858  -31.882  69.569 0.0000000000
77713  22.573  -31.817  69.609 0.0000000000
76345  23.193  -32.205  70.047 0.0000000000
190014  40.223  -6.783  49.046 0.0000000000
116104  40.635  -6.959  49.099 0.0000000000
114964  41.350  -7.540  49.324 0.0000000000
113859  42.051  -8.565  49.313 0.0000000000
108149  42.796  -11.795  49.762 0.0000000000
107007  31.998  -12.744  55.188 0.0000000000
107014  32.264  -13.128  54.602 0.0000000000
105942  31.959  -13.754  54.282 0.0000000000
104858  31.418  -14.757  54.687 0.0000000000
105955  31.830  -14.463  54.218 0.0000000000
104873  32.272  -15.041  53.865 0.0000000000
103694  32.850  -15.425  53.575 0.0000000000
195791  32.939  -16.046  53.828 0.0000000000
102539  33.426  -16.495  53.708 0.0000000000
101067  29.241  -17.566  60.809 0.0000000000
101081  29.130  -17.376  60.128 0.0000000000
101098  29.112  -17.277  59.413 0.0000000000
203020  29.057  -17.943  58.938 0.0000000000
101120  29.079  -17.251  58.665 0.0000000000
101136  29.169  -17.208  57.961 0.0000000000
101151  29.337  -17.028  57.333 0.0000000000
95936  32.163  -20.509  58.208 0.0000000000
203332  31.341  -19.537  57.950 0.0000000000
98364  31.292  -19.009  57.748 0.0000000000
194817  32.589  -18.933  58.037 0.0000000000
98390  30.709  -18.839  57.351 0.0000000000
191118  30.253  -18.396  57.086 0.0000000000
99753  30.221  -17.912  56.616 0.0000000000
101173  29.978  -17.160  56.284 0.0000000000
101189  30.368  -16.918  55.657 0.0000000000
101207  31.698  -16.791  54.879 0.0000000000
99764  32.412  -18.021  55.565 0.0000000000
101187  32.109  -17.421  55.198 0.0000000000
101206  32.461  -16.890  54.635 0.0000000000
101225  33.483  -17.174  54.034 0.0000000000
194393  33.916  -17.491  54.052 0.0000000000
99795  34.157  -17.890  54.269 0.0000000000
99778  35.018  -18.272  54.488 0.0000000000
207356  36.058  -18.690  54.820 0.0000000000
98420  35.984  -18.862  55.468 0.0000000000
98419  36.742  -18.926  55.583 0.0000000000
87558  27.778  -25.869  63.255 0.0000000000
87578  28.264  -25.793  62.811 0.0000000000
87577  28.983  -26.130  62.957 0.0000000000
190735  29.607  -26.549  63.444 0.0000000000
87576  29.864  -26.120  62.762 0.0000000000
87575  30.719  -26.102  62.756 0.0000000000
87574  31.489  -26.071  62.699 0.0000000000
87573  32.234  -26.013  62.590 0.0000000000
86213  32.845  -27.139  64.984 0.0000000000
87517  32.578  -26.857  64.451 0.0000000000
87536  33.009  -26.432  63.948 0.0000000000
87553  33.137  -26.140  63.337 0.0000000000
221130  33.235  -25.933  62.918 0.0000000000
88812  34.056  -25.728  62.672 0.0000000000
88811  34.658  -25.551  62.789 0.0000000000
118425  46.686  -5.011  44.126 0.0000000000
118424  47.287  -4.856  43.992 0.0000000000
118430  47.395  -5.028  43.448 0.0000000000
117282  46.806  -5.815  42.450 0.0000000000
116151  46.204  -6.793  43.901 0.0000000000
203200  46.248  -7.117  43.314 0.0000000000
117291  46.614  -5.724  41.576 0.0000000000
117301  46.766  -5.729  40.793 0.0000000000
115043  47.413  -7.774  41.189 0.0000000000
116174  47.056  -6.488  40.875 0.0000000000
75002  18.979  -32.930  75.146 0.0000000000
75017  21.457  -33.246  74.033 0.0000000000
75018  20.205  -33.142  73.956 0.0000000000
75019  19.520  -33.008  74.172 0.0000000000
75035  19.693  -32.993  73.652 0.0000000000
75052  21.078  -33.072  72.382 0.0000000000
76317  20.203  -32.571  71.510 0.0000000000
77673  18.286  -31.803  73.186 0.0000000000
77692  19.366  -32.046  71.172 0.0000000000
77704  19.119  -31.462  71.065 0.0000000000
79112  18.851  -30.809  70.926 0.0000000000
79138  21.771  -31.162  68.556 0.0000000000
79151  23.687  -31.003  68.142 0.0000000000
80584  24.509  -30.322  67.822 0.0000000000
80598  23.892  -30.051  67.359 0.0000000000
82022  20.959  -29.313  68.247 0.0000000000
83463  23.587  -28.316  66.486 0.0000000000
84833  23.251  -27.871  66.386 0.0000000000
86159  21.591  -26.616  68.588 0.0000000000
86214  32.244  -27.140  64.919 0.0000000000
86218  29.019  -27.074  64.791 0.0000000000
86235  30.094  -27.186  64.585 0.0000000000
87504  23.661  -26.114  66.015 0.0000000000
87505  23.199  -26.293  66.288 0.0000000000
87537  32.359  -26.396  64.193 0.0000000000
87538  31.513  -26.838  64.182 0.0000000000
87554  32.504  -26.238  63.677 0.0000000000
87556  30.955  -26.739  63.806 0.0000000000
87572  32.706  -26.150  63.023 0.0000000000
87595  29.791  -25.865  62.113 0.0000000000
87608  30.738  -25.721  61.552 0.0000000000
88738  22.872  -25.123  67.642 0.0000000000
88746  23.161  -25.025  66.972 0.0000000000
88796  34.243  -25.901  63.087 0.0000000000
88797  33.636  -25.852  63.080 0.0000000000
88799  26.144  -25.052  63.471 0.0000000000
88813  33.528  -25.752  62.532 0.0000000000
88814  32.941  -25.777  62.415 0.0000000000
88815  28.101  -25.377  62.232 0.0000000000
88818  26.338  -24.590  63.079 0.0000000000
88836  27.004  -24.533  62.307 0.0000000000
88848  33.814  -24.860  61.691 0.0000000000
88851  31.840  -25.376  61.111 0.0000000000
90048  34.450  -25.156  61.959 0.0000000000
90061  27.992  -24.569  61.561 0.0000000000
90076  29.535  -24.591  60.755 0.0000000000
90095  32.653  -24.645  60.192 0.0000000000
90097  31.282  -24.333  60.245 0.0000000000
90112  33.491  -24.007  60.030 0.0000000000
90113  32.966  -24.299  59.869 0.0000000000
91186  23.880  -23.716  68.572 0.0000000000
91202  24.305  -23.374  68.034 0.0000000000
91219  24.157  -23.551  65.886 0.0000000000
91226  24.582  -23.553  64.871 0.0000000000
91236  24.868  -23.556  64.450 0.0000000000
91271  26.987  -23.294  62.539 0.0000000000
91302  35.163  -23.970  60.738 0.0000000000
91318  34.187  -23.881  60.038 0.0000000000
92391  24.568  -22.953  66.912 0.0000000000
92398  24.852  -22.689  65.524 0.0000000000
92399  24.521  -22.996  65.880 0.0000000000
92429  26.257  -22.646  63.316 0.0000000000
92444  26.660  -22.987  62.902 0.0000000000
92470  36.580  -22.942  60.857 0.0000000000
92485  36.384  -22.652  60.278 0.0000000000
92502  35.482  -22.586  59.560 0.0000000000
92519  34.402  -22.679  58.887 0.0000000000
93584  25.965  -22.029  65.195 0.0000000000
93607  25.650  -22.294  64.536 0.0000000000
93608  25.213  -22.665  64.513 0.0000000000
93624  26.041  -22.374  63.964 0.0000000000
93701  36.090  -21.594  59.650 0.0000000000
93702  35.655  -21.959  59.298 0.0000000000
94771  36.548  -21.019  59.761 0.0000000000
94785  35.702  -20.991  59.037 0.0000000000
94799  34.707  -21.180  58.635 0.0000000000
94801  32.875  -21.540  58.172 0.0000000000
97104  34.629  -19.186  59.034 0.0000000000
97106  33.453  -18.649  58.581 0.0000000000
97129  31.715  -19.948  58.014 0.0000000000
97131  30.117  -19.449  58.454 0.0000000000
98421  34.775  -18.626  55.594 0.0000000000
98427  37.850  -18.805  55.052 0.0000000000
98428  37.209  -18.812  55.006 0.0000000000
99646  29.224  -17.963  60.225 0.0000000000
99661  29.111  -17.972  59.635 0.0000000000
99678  34.403  -18.069  58.592 0.0000000000
99696  33.399  -18.141  58.197 0.0000000000
99752  30.830  -18.045  56.299 0.0000000000
99794  34.736  -17.930  54.116 0.0000000000
101150  29.552  -17.447  56.893 0.0000000000
102594  39.754  -16.251  51.530 0.0000000000
103642  29.315  -15.784  58.083 0.0000000000
103680  30.518  -15.429  55.473 0.0000000000
104843  30.045  -14.864  56.463 0.0000000000
104930  41.871  -14.844  50.396 0.0000000000
105987  36.250  -13.535  51.295 0.0000000000
107078  42.247  -12.426  49.853 0.0000000000
110416  42.847  -11.074  49.644 0.0000000000
113829  37.235  -7.997  51.814 0.0000000000
113860  41.484  -8.225  49.324 0.0000000000
116164  47.213  -7.172  41.025 0.0000000000
116165  46.843  -6.829  41.431 0.0000000000
117260  39.876  -5.743  47.908 0.0000000000
119496  38.164  -4.648  49.940 0.0000000000
119499  38.435  -4.654  49.410 0.0000000000
119507  41.180  -4.725  46.334 0.0000000000
120658  38.178  -4.036  51.085 0.0000000000
120669  39.504  -3.567  48.346 0.0000000000
120744  46.696  -3.302  40.272 0.0000000000
121788  39.557  -2.771  50.082 0.0000000000
121795  40.878  -2.623  48.125 0.0000000000
121803  43.644  -2.261  46.462 0.0000000000
122867  42.562  -1.293  49.208 0.0000000000
122868  41.234  -1.981  49.399 0.0000000000
122875  40.623  -2.511  48.628 0.0000000000
122886  43.727  -1.864  47.136 0.0000000000
184548  33.509  -18.087  55.418 0.0000000000
186208  20.849  -33.285  73.595 0.0000000000
187081  23.215  -31.842  69.589 0.0000000000
189740  30.881  -17.266  55.578 0.0000000000
191075  8.625  -29.495  84.894 0.0000000000
192646  26.386  -30.404  67.848 0.0000000000
193972  36.057  -20.603  59.432 0.0000000000
196957  30.511  -23.209  59.910 0.0000000000
197739  32.903  -25.420  61.838 0.0000000000
199615  32.060  -18.820  57.774 0.0000000000
201972  31.698  -21.006  58.726 0.0000000000
202450  40.194  -4.191  47.441 0.0000000000
202451  39.379  -4.134  48.267 0.0000000000
203438  34.673  -20.525  58.674 0.0000000000
209137  26.719  -24.731  62.744 0.0000000000
209262  13.490  -30.101  78.439 0.0000000000
211291  21.838  -30.307  67.958 0.0000000000
212801  31.837  -17.775  55.612 0.0000000000
212862  34.429  -25.502  62.325 0.0000000000
213622  24.657  -25.089  64.646 0.0000000000
215200  39.013  -14.439  50.713 0.0000000000
215496  25.173  -24.620  64.073 0.0000000000
216007  10.292  -30.330  81.717 0.0000000000
217339  35.366  -18.728  55.549 0.0000000000
217683  39.128  -16.191  51.821 0.0000000000
217828  46.826  -4.712  42.062 0.0000000000
218290  34.195  -26.499  63.675 0.0000000000
219940  22.024  -28.491  67.184 0.0000000000
220000  32.625  -23.570  59.392 0.0000000000
220771  9.820  -29.777  82.937 0.0000000000
220909  41.246  -14.807  50.404 0.0000000000
221784  28.395  -25.320  61.939 0.0000000000
221819  11.541  -32.030  82.120 0.0000000000
