#!ascii label  , from subject sub-03_ses-002 vox2ras=TkReg
511
123438  -24.129  -5.633  -13.196 0.0000000000
235096  -20.040  -8.735  -8.774 0.0000000000
117297  -26.198  -9.427  -10.452 0.0000000000
112410  -22.320  -13.052  -8.132 0.0000000000
140525  -25.613  5.952  -10.639 0.0000000000
135606  -25.716  2.447  -12.172 0.0000000000
130579  -20.989  -0.573  -13.164 0.0000000000
106822  -21.038  -15.696  -5.294 0.0000000000
114914  -20.848  -11.048  -8.589 0.0000000000
113635  -19.508  -11.718  -6.715 0.0000000000
138076  -25.806  4.216  -11.321 0.0000000000
135617  -22.594  3.224  -13.693 0.0000000000
123421  -20.571  -5.080  -11.413 0.0000000000
127124  -19.779  -2.674  -11.321 0.0000000000
232885  -22.919  -3.555  -13.504 0.0000000000
226582  -24.506  -1.197  -14.762 0.0000000000
127146  -26.012  -3.342  -13.932 0.0000000000
123439  -27.200  -5.418  -13.133 0.0000000000
120863  -19.466  -6.826  -8.662 0.0000000000
120888  -21.961  -7.002  -11.008 0.0000000000
119694  -25.425  -7.610  -12.022 0.0000000000
117295  -22.660  -9.327  -10.378 0.0000000000
114934  -24.061  -11.137  -9.685 0.0000000000
112411  -25.618  -13.044  -8.247 0.0000000000
227531  -20.169  1.796  -13.100 0.0000000000
133042  -22.922  1.074  -14.395 0.0000000000
133031  -27.068  0.756  -13.191 0.0000000000
111054  -18.670  -13.110  -4.943 0.0000000000
109582  -21.066  -14.483  -6.690 0.0000000000
114881  -18.859  -10.537  -6.705 0.0000000000
113619  -17.974  -11.277  -5.704 0.0000000000
136831  -22.488  4.362  -12.471 0.0000000000
136842  -20.919  4.757  -13.374 0.0000000000
123424  -22.257  -5.500  -12.120 0.0000000000
124733  -21.599  -4.068  -12.232 0.0000000000
124745  -23.632  -4.414  -13.374 0.0000000000
208413  -24.331  -3.601  -14.750 0.0000000000
124761  -25.279  -4.345  -13.926 0.0000000000
124749  -26.754  -4.357  -13.525 0.0000000000
208344  -25.439  -5.546  -13.327 0.0000000000
118467  -19.889  -8.139  -9.033 0.0000000000
119663  -20.022  -7.200  -10.030 0.0000000000
118479  -20.752  -8.263  -9.796 0.0000000000
118495  -22.329  -8.315  -10.768 0.0000000000
231146  -21.575  -8.964  -9.988 0.0000000000
113675  -21.205  -11.566  -8.425 0.0000000000
113694  -22.045  -11.334  -9.371 0.0000000000
225709  -22.875  -12.330  -8.833 0.0000000000
112444  -24.670  -12.357  -9.057 0.0000000000
111126  -23.570  -13.069  -8.445 0.0000000000
139316  -23.782  5.736  -10.838 0.0000000000
141589  -22.669  7.005  -11.286 0.0000000000
141591  -24.408  6.587  -10.550 0.0000000000
218659  -25.444  7.793  -10.327 0.0000000000
140526  -26.480  5.962  -10.643 0.0000000000
135594  -25.816  2.987  -11.722 0.0000000000
128243  -20.484  -1.810  -12.265 0.0000000000
130569  -19.608  -0.155  -12.099 0.0000000000
210067  -20.263  0.903  -13.183 0.0000000000
133025  -21.390  1.631  -13.888 0.0000000000
131838  -22.303  0.480  -14.422 0.0000000000
130601  -26.608  -0.993  -13.778 0.0000000000
130582  -25.525  -0.595  -13.787 0.0000000000
214712  -27.773  -0.183  -13.615 0.0000000000
235478  -25.585  -8.460  -11.543 0.0000000000
119696  -26.556  -7.275  -11.766 0.0000000000
108119  -19.530  -14.677  -4.511 0.0000000000
109567  -19.978  -14.229  -5.357 0.0000000000
109580  -19.954  -13.607  -5.707 0.0000000000
108145  -20.833  -14.803  -6.124 0.0000000000
116118  -19.586  -9.746  -7.823 0.0000000000
207148  -20.653  -9.975  -9.037 0.0000000000
221449  -19.744  -10.365  -7.460 0.0000000000
113655  -20.284  -11.523  -7.598 0.0000000000
112407  -20.592  -12.222  -7.309 0.0000000000
139331  -24.315  5.213  -11.092 0.0000000000
139332  -25.340  4.951  -11.314 0.0000000000
136816  -23.574  4.442  -11.724 0.0000000000
136833  -23.894  3.429  -11.796 0.0000000000
134337  -23.792  2.313  -12.706 0.0000000000
123411  -19.671  -4.915  -10.398 0.0000000000
125972  -20.259  -3.682  -10.924 0.0000000000
127135  -21.145  -3.040  -12.628 0.0000000000
128256  -22.300  -2.218  -13.910 0.0000000000
129409  -22.840  -0.866  -14.049 0.0000000000
127168  -24.013  -2.170  -14.733 0.0000000000
128271  -25.201  -2.310  -14.688 0.0000000000
128258  -26.751  -2.090  -13.288 0.0000000000
127136  -27.743  -3.043  -13.232 0.0000000000
104482  -21.819  -16.807  -5.259 0.0000000000
105633  -22.315  -16.502  -5.585 0.0000000000
122053  -20.215  -6.110  -10.462 0.0000000000
122063  -21.111  -6.148  -11.171 0.0000000000
233826  -22.673  -6.554  -11.977 0.0000000000
122089  -24.534  -6.779  -12.738 0.0000000000
119693  -23.711  -7.693  -11.750 0.0000000000
238668  -24.056  -8.168  -11.127 0.0000000000
116185  -24.274  -9.399  -10.596 0.0000000000
116150  -21.967  -10.131  -9.866 0.0000000000
114950  -23.765  -10.645  -10.138 0.0000000000
116170  -25.022  -10.330  -10.418 0.0000000000
114936  -25.475  -11.170  -9.429 0.0000000000
113679  -26.220  -11.811  -8.465 0.0000000000
138056  -27.138  4.851  -11.243 0.0000000000
206452  -21.177  3.047  -13.770 0.0000000000
134349  -22.777  2.429  -13.849 0.0000000000
133018  -24.797  1.497  -12.878 0.0000000000
131841  -23.862  -0.092  -14.170 0.0000000000
133029  -24.929  0.680  -12.937 0.0000000000
133020  -26.319  1.057  -12.943 0.0000000000
120915  -26.343  -6.503  -12.635 0.0000000000
122076  -27.696  -6.020  -11.907 0.0000000000
112353  -18.374  -12.321  -5.179 0.0000000000
112369  -19.387  -12.340  -5.932 0.0000000000
111092  -20.501  -13.336  -6.727 0.0000000000
109619  -21.927  -13.794  -7.482 0.0000000000
106842  -22.473  -15.818  -6.382 0.0000000000
108160  -23.048  -15.007  -7.151 0.0000000000
204238  -23.166  -13.805  -7.697 0.0000000000
136830  -19.986  4.929  -12.954 0.0000000000
123436  -22.938  -5.310  -12.496 0.0000000000
124735  -22.909  -4.811  -13.108 0.0000000000
123452  -24.215  -4.764  -13.362 0.0000000000
124746  -24.745  -4.530  -13.701 0.0000000000
123453  -24.712  -5.302  -13.497 0.0000000000
124747  -25.582  -4.994  -13.796 0.0000000000
123454  -25.112  -5.498  -13.440 0.0000000000
118457  -19.516  -8.429  -8.358 0.0000000000
238305  -19.513  -7.850  -8.574 0.0000000000
232132  -20.298  -8.056  -9.503 0.0000000000
118468  -20.401  -8.731  -9.369 0.0000000000
117294  -21.389  -8.403  -9.995 0.0000000000
118469  -21.013  -8.922  -9.754 0.0000000000
112423  -21.491  -12.192  -8.265 0.0000000000
113677  -22.522  -11.812  -8.967 0.0000000000
112424  -22.227  -12.374  -8.500 0.0000000000
112425  -23.440  -12.617  -8.929 0.0000000000
111125  -22.900  -12.849  -8.558 0.0000000000
140524  -24.597  6.070  -10.732 0.0000000000
140512  -25.332  6.530  -10.445 0.0000000000
141583  -26.589  6.760  -10.634 0.0000000000
237592  -26.122  2.698  -11.969 0.0000000000
136835  -26.518  3.019  -11.937 0.0000000000
135607  -26.412  2.391  -12.146 0.0000000000
236166  -26.789  2.073  -12.516 0.0000000000
129391  -21.030  -1.320  -13.151 0.0000000000
129389  -20.000  -0.761  -12.067 0.0000000000
130570  -20.218  -0.339  -12.636 0.0000000000
131815  -19.940  0.345  -12.648 0.0000000000
130578  -20.611  0.211  -13.029 0.0000000000
131823  -21.751  0.429  -13.744 0.0000000000
130580  -21.811  -0.316  -13.856 0.0000000000
129401  -27.177  -1.025  -13.593 0.0000000000
130584  -27.325  -0.640  -13.707 0.0000000000
236011  -26.067  -8.984  -10.858 0.0000000000
118500  -26.122  -8.465  -11.194 0.0000000000
117317  -26.560  -8.846  -10.719 0.0000000000
105631  -20.708  -15.917  -4.832 0.0000000000
106806  -20.078  -15.857  -4.582 0.0000000000
106821  -20.430  -15.305  -4.973 0.0000000000
108131  -19.918  -14.750  -4.961 0.0000000000
108132  -20.355  -14.773  -5.506 0.0000000000
106839  -20.807  -15.176  -5.540 0.0000000000
116117  -19.214  -9.391  -7.053 0.0000000000
116105  -19.394  -10.075  -7.025 0.0000000000
113634  -19.083  -11.217  -6.612 0.0000000000
113654  -19.732  -11.360  -7.080 0.0000000000
113636  -19.930  -11.977  -7.044 0.0000000000
138073  -22.876  5.190  -11.169 0.0000000000
138074  -23.836  4.792  -11.242 0.0000000000
136844  -22.198  3.908  -13.266 0.0000000000
136832  -23.283  3.967  -12.222 0.0000000000
135603  -23.599  3.073  -12.419 0.0000000000
135604  -24.298  2.646  -11.983 0.0000000000
135618  -23.204  2.794  -13.248 0.0000000000
239296  -19.973  -5.242  -10.711 0.0000000000
124717  -20.508  -4.372  -11.118 0.0000000000
240352  -22.576  -3.945  -13.113 0.0000000000
125994  -21.597  -3.539  -12.695 0.0000000000
127144  -21.703  -2.947  -13.141 0.0000000000
127143  -21.258  -2.414  -13.013 0.0000000000
127145  -22.384  -2.911  -13.723 0.0000000000
240065  -22.814  -1.961  -14.151 0.0000000000
127156  -23.502  -2.820  -14.669 0.0000000000
127159  -25.431  -3.126  -14.393 0.0000000000
127158  -24.811  -3.023  -14.845 0.0000000000
218223  -25.733  -2.609  -14.122 0.0000000000
128272  -26.010  -2.044  -13.531 0.0000000000
128257  -26.289  -2.768  -13.459 0.0000000000
127148  -27.060  -2.902  -13.296 0.0000000000
127147  -26.600  -3.465  -13.500 0.0000000000
124736  -27.292  -4.711  -13.273 0.0000000000
125995  -27.418  -4.069  -13.423 0.0000000000
123440  -27.733  -5.059  -12.786 0.0000000000
104469  -21.944  -17.562  -5.137 0.0000000000
103239  -22.681  -17.804  -5.229 0.0000000000
122044  -19.443  -6.212  -9.157 0.0000000000
122052  -19.685  -5.876  -9.901 0.0000000000
120877  -19.894  -6.560  -9.861 0.0000000000
120879  -20.638  -7.252  -10.567 0.0000000000
120886  -20.652  -6.526  -10.796 0.0000000000
120887  -21.254  -6.756  -10.891 0.0000000000
122071  -22.122  -6.240  -11.973 0.0000000000
120898  -22.307  -6.793  -11.632 0.0000000000
120899  -22.940  -7.072  -11.834 0.0000000000
120889  -22.565  -7.334  -11.285 0.0000000000
118481  -22.489  -8.860  -10.590 0.0000000000
118496  -22.974  -8.463  -10.917 0.0000000000
117313  -23.075  -8.999  -10.663 0.0000000000
117314  -24.237  -8.655  -10.841 0.0000000000
116184  -23.691  -9.113  -10.501 0.0000000000
116134  -21.039  -10.594  -9.044 0.0000000000
116149  -21.242  -10.082  -9.465 0.0000000000
114931  -21.650  -10.735  -9.491 0.0000000000
113695  -22.851  -11.373  -9.533 0.0000000000
114933  -22.985  -10.759  -9.852 0.0000000000
228993  -23.457  -11.073  -9.690 0.0000000000
114951  -24.511  -10.757  -10.158 0.0000000000
114952  -25.178  -10.749  -9.870 0.0000000000
114935  -24.746  -11.142  -9.502 0.0000000000
112427  -24.885  -12.908  -8.572 0.0000000000
112428  -25.554  -12.416  -8.776 0.0000000000
113657  -26.090  -12.364  -8.039 0.0000000000
112412  -26.569  -12.452  -7.471 0.0000000000
236358  -25.955  4.702  -11.124 0.0000000000
138055  -26.489  4.552  -11.037 0.0000000000
221334  -19.110  -3.244  -10.760 0.0000000000
135593  -19.175  2.417  -12.349 0.0000000000
134336  -19.642  2.568  -12.931 0.0000000000
135601  -19.933  3.610  -12.915 0.0000000000
209422  -20.420  2.838  -13.279 0.0000000000
133041  -22.482  1.316  -14.516 0.0000000000
134361  -22.369  1.993  -14.196 0.0000000000
134362  -22.901  1.714  -14.198 0.0000000000
134351  -24.031  1.730  -13.158 0.0000000000
133027  -23.508  1.421  -13.900 0.0000000000
129411  -24.177  -1.048  -14.647 0.0000000000
130597  -23.581  -0.313  -14.216 0.0000000000
130598  -24.306  -0.765  -14.532 0.0000000000
131827  -26.105  -0.089  -13.335 0.0000000000
131826  -25.248  0.081  -13.457 0.0000000000
133030  -25.789  0.623  -13.142 0.0000000000
133019  -25.551  1.194  -12.672 0.0000000000
134352  -27.637  1.059  -13.212 0.0000000000
120902  -25.001  -7.133  -12.314 0.0000000000
122090  -25.089  -6.712  -13.101 0.0000000000
119710  -25.681  -7.082  -12.760 0.0000000000
120904  -26.810  -6.842  -12.106 0.0000000000
109565  -19.081  -13.754  -4.896 0.0000000000
111053  -18.091  -12.835  -4.832 0.0000000000
111073  -19.056  -12.639  -5.435 0.0000000000
234486  -20.584  -14.305  -6.457 0.0000000000
111075  -20.018  -13.186  -6.303 0.0000000000
109598  -20.758  -13.945  -6.747 0.0000000000
111093  -20.924  -13.528  -7.081 0.0000000000
109599  -21.359  -14.011  -7.092 0.0000000000
108178  -23.185  -14.514  -7.552 0.0000000000
233013  -18.422  -10.867  -6.320 0.0000000000
240722  -18.174  -11.045  -5.982 0.0000000000
113620  -18.520  -11.412  -5.997 0.0000000000
136815  -22.769  4.904  -11.901 0.0000000000
138095  -21.751  4.836  -12.668 0.0000000000
136843  -21.471  4.336  -13.447 0.0000000000
123423  -21.612  -5.153  -12.283 0.0000000000
124724  -21.281  -4.695  -12.176 0.0000000000
123435  -22.336  -4.961  -12.551 0.0000000000
124734  -22.473  -4.505  -12.952 0.0000000000
126003  -23.573  -3.856  -14.046 0.0000000000
126015  -23.754  -3.549  -14.725 0.0000000000
219602  -24.018  -3.899  -14.530 0.0000000000
124760  -24.614  -3.915  -14.071 0.0000000000
126017  -25.632  -3.805  -13.998 0.0000000000
126005  -26.207  -3.835  -13.860 0.0000000000
124762  -25.903  -4.359  -13.868 0.0000000000
124748  -26.142  -4.614  -13.591 0.0000000000
208366  -26.567  -5.550  -13.205 0.0000000000
119647  -19.645  -7.487  -8.951 0.0000000000
120872  -19.521  -7.096  -9.567 0.0000000000
119655  -19.887  -7.630  -9.565 0.0000000000
119664  -20.417  -7.682  -9.958 0.0000000000
119665  -21.090  -7.804  -10.178 0.0000000000
119676  -22.164  -7.631  -10.831 0.0000000000
119666  -21.700  -8.051  -10.497 0.0000000000
118480  -21.937  -8.668  -10.349 0.0000000000
116166  -22.097  -9.324  -10.135 0.0000000000
114915  -21.390  -11.201  -9.002 0.0000000000
113676  -21.795  -11.745  -8.767 0.0000000000
113696  -23.640  -11.586  -9.435 0.0000000000
113697  -24.350  -11.730  -9.384 0.0000000000
112443  -23.907  -12.247  -9.215 0.0000000000
112426  -24.120  -12.817  -8.859 0.0000000000
111127  -24.243  -13.185  -8.216 0.0000000000
210754  -22.337  5.806  -10.666 0.0000000000
141590  -23.647  6.739  -10.794 0.0000000000
141581  -25.216  7.175  -10.439 0.0000000000
141592  -27.120  6.407  -10.807 0.0000000000
136818  -25.266  3.552  -11.556 0.0000000000
138077  -26.422  4.034  -11.455 0.0000000000
136819  -26.102  3.565  -11.582 0.0000000000
210840  -19.274  -0.688  -11.722 0.0000000000
131814  -19.397  0.505  -12.061 0.0000000000
133017  -19.789  1.059  -12.602 0.0000000000
202330  -20.896  2.180  -13.633 0.0000000000
133024  -20.786  1.463  -13.396 0.0000000000
133026  -21.913  1.062  -14.004 0.0000000000
131839  -22.591  0.862  -14.612 0.0000000000
130600  -25.690  -1.124  -13.807 0.0000000000
130599  -24.941  -1.008  -14.524 0.0000000000
130583  -26.488  -0.633  -13.726 0.0000000000
131828  -27.054  -0.011  -13.528 0.0000000000
118515  -25.243  -8.148  -11.704 0.0000000000
119695  -25.928  -7.444  -11.976 0.0000000000
118516  -25.779  -8.119  -11.779 0.0000000000
119680  -26.372  -7.866  -11.497 0.0000000000
109556  -19.067  -14.236  -4.309 0.0000000000
231353  -19.536  -13.865  -5.264 0.0000000000
111055  -19.322  -13.320  -5.338 0.0000000000
109581  -20.340  -14.251  -5.921 0.0000000000
108146  -21.537  -15.116  -6.600 0.0000000000
117258  -19.337  -8.955  -7.759 0.0000000000
117267  -19.812  -9.164  -8.364 0.0000000000
117268  -20.314  -9.332  -8.936 0.0000000000
116132  -20.214  -9.812  -8.404 0.0000000000
116133  -20.591  -10.418  -8.479 0.0000000000
114882  -19.509  -10.735  -7.045 0.0000000000
114895  -19.923  -10.924  -7.599 0.0000000000
114896  -20.459  -10.913  -8.020 0.0000000000
113674  -20.789  -11.349  -8.055 0.0000000000
113656  -21.013  -11.830  -7.775 0.0000000000
112408  -21.148  -12.563  -7.691 0.0000000000
139330  -23.104  5.582  -10.694 0.0000000000
139317  -24.993  5.558  -10.968 0.0000000000
138075  -24.854  4.439  -11.455 0.0000000000
136817  -24.370  3.995  -11.732 0.0000000000
136834  -24.557  3.225  -11.723 0.0000000000
135605  -25.117  2.806  -11.761 0.0000000000
206626  -24.989  2.269  -12.046 0.0000000000
218720  -20.285  -3.131  -11.373 0.0000000000
227910  -21.190  -4.111  -11.865 0.0000000000
125993  -21.157  -3.619  -12.148 0.0000000000
125992  -20.699  -3.098  -12.042 0.0000000000
127134  -20.838  -2.412  -12.393 0.0000000000
128244  -20.896  -1.833  -12.827 0.0000000000
129399  -21.483  -1.125  -13.613 0.0000000000
129400  -22.089  -0.921  -13.927 0.0000000000
128268  -22.575  -1.506  -13.850 0.0000000000
128282  -23.798  -1.506  -14.713 0.0000000000
129421  -24.358  -1.537  -14.895 0.0000000000
127157  -24.169  -2.975  -14.935 0.0000000000
128270  -24.598  -2.234  -14.907 0.0000000000
129412  -24.649  -1.626  -14.638 0.0000000000
129414  -25.792  -1.495  -13.597 0.0000000000
128273  -26.621  -1.399  -13.504 0.0000000000
204429  -27.330  -1.463  -13.414 0.0000000000
128260  -27.906  -1.600  -13.496 0.0000000000
128245  -27.889  -2.278  -13.089 0.0000000000
126007  -27.365  -3.640  -13.378 0.0000000000
236163  -26.006  -9.902  -10.022 0.0000000000
105632  -21.185  -16.365  -5.064 0.0000000000
106823  -21.661  -16.104  -5.635 0.0000000000
123402  -19.872  -5.522  -10.436 0.0000000000
123412  -20.311  -5.513  -10.921 0.0000000000
120878  -20.287  -6.758  -10.373 0.0000000000
122062  -20.621  -5.978  -10.954 0.0000000000
123413  -20.773  -5.659  -11.485 0.0000000000
122070  -21.424  -5.813  -11.893 0.0000000000
122072  -22.852  -5.935  -12.149 0.0000000000
122088  -23.544  -5.736  -12.500 0.0000000000
122106  -24.676  -6.148  -13.334 0.0000000000
122074  -24.059  -6.782  -12.162 0.0000000000
120901  -24.273  -7.323  -11.995 0.0000000000
119677  -22.832  -7.913  -11.097 0.0000000000
119678  -23.534  -8.031  -11.247 0.0000000000
118498  -24.606  -8.216  -11.358 0.0000000000
117315  -25.135  -8.960  -10.927 0.0000000000
116186  -24.978  -9.652  -10.709 0.0000000000
117278  -20.799  -9.457  -9.434 0.0000000000
117279  -21.453  -9.481  -9.754 0.0000000000
116167  -22.565  -9.850  -10.175 0.0000000000
114932  -22.283  -10.883  -9.868 0.0000000000
228055  -22.532  -10.432  -10.044 0.0000000000
114949  -23.140  -10.155  -10.043 0.0000000000
116168  -23.748  -9.895  -10.357 0.0000000000
116169  -24.394  -10.248  -10.569 0.0000000000
116187  -25.596  -9.877  -10.479 0.0000000000
116171  -25.606  -10.290  -9.961 0.0000000000
114937  -26.124  -11.018  -9.304 0.0000000000
113698  -25.122  -11.761  -9.219 0.0000000000
113699  -25.845  -11.588  -9.018 0.0000000000
139318  -25.992  5.225  -10.855 0.0000000000
139319  -26.741  5.237  -10.850 0.0000000000
231571  -27.001  4.256  -11.595 0.0000000000
135614  -20.689  4.026  -13.297 0.0000000000
135616  -21.944  3.522  -13.830 0.0000000000
134347  -21.505  2.339  -14.168 0.0000000000
134348  -21.727  2.986  -14.032 0.0000000000
134350  -23.401  2.089  -13.585 0.0000000000
134338  -24.551  2.013  -12.541 0.0000000000
134339  -25.340  1.844  -12.395 0.0000000000
130595  -22.446  -0.210  -14.199 0.0000000000
130596  -22.789  0.278  -14.390 0.0000000000
131840  -23.079  0.446  -14.319 0.0000000000
130581  -24.668  -0.428  -13.997 0.0000000000
131825  -24.404  0.280  -13.607 0.0000000000
131824  -23.603  0.655  -13.980 0.0000000000
134340  -26.159  1.732  -12.414 0.0000000000
122107  -25.211  -6.144  -13.395 0.0000000000
122108  -25.643  -6.053  -13.302 0.0000000000
122092  -26.838  -5.925  -12.867 0.0000000000
120903  -26.241  -7.074  -12.322 0.0000000000
122075  -27.109  -6.279  -12.310 0.0000000000
122093  -27.523  -5.739  -12.670 0.0000000000
113608  -18.202  -11.775  -5.577 0.0000000000
112368  -18.760  -12.033  -5.687 0.0000000000
113621  -19.140  -11.815  -6.234 0.0000000000
111074  -19.590  -12.953  -5.827 0.0000000000
112370  -19.710  -12.697  -6.325 0.0000000000
112387  -19.602  -12.227  -6.553 0.0000000000
112389  -20.781  -12.936  -7.172 0.0000000000
109618  -21.338  -13.327  -7.538 0.0000000000
111109  -21.902  -13.303  -7.758 0.0000000000
106840  -21.328  -15.400  -5.875 0.0000000000
106841  -21.888  -15.666  -6.243 0.0000000000
108159  -22.074  -14.986  -7.060 0.0000000000
221189  -22.471  -15.231  -7.183 0.0000000000
109600  -22.040  -14.370  -7.199 0.0000000000
211347  -22.508  -13.510  -7.692 0.0000000000
111111  -23.713  -13.452  -7.866 0.0000000000
105649  -22.205  -16.036  -5.921 0.0000000000
105650  -22.719  -16.111  -5.831 0.0000000000
106820  -19.792  -15.186  -4.513 0.0000000000
106856  -22.175  -15.437  -6.801 0.0000000000
106857  -22.779  -15.493  -6.835 0.0000000000
108158  -21.647  -14.581  -6.896 0.0000000000
109566  -19.483  -14.261  -4.916 0.0000000000
109601  -22.544  -14.800  -7.369 0.0000000000
109620  -22.563  -14.197  -7.550 0.0000000000
109621  -23.847  -14.168  -7.658 0.0000000000
111110  -23.036  -13.262  -7.965 0.0000000000
112388  -20.101  -12.691  -6.826 0.0000000000
112409  -21.630  -12.884  -8.143 0.0000000000
113678  -23.218  -11.986  -9.152 0.0000000000
114953  -25.732  -10.716  -9.635 0.0000000000
116119  -20.144  -10.330  -7.918 0.0000000000
116172  -26.473  -9.661  -9.767 0.0000000000
117296  -23.132  -9.585  -10.371 0.0000000000
117316  -25.627  -9.316  -10.803 0.0000000000
118497  -23.601  -8.536  -10.868 0.0000000000
118499  -25.136  -8.475  -11.305 0.0000000000
118514  -24.794  -7.692  -11.764 0.0000000000
119675  -21.440  -7.411  -10.664 0.0000000000
119679  -24.134  -7.864  -11.563 0.0000000000
119692  -23.187  -7.638  -11.649 0.0000000000
120900  -23.540  -7.284  -12.026 0.0000000000
120924  -25.842  -6.527  -13.112 0.0000000000
122064  -21.681  -6.456  -11.447 0.0000000000
122073  -23.460  -6.466  -12.065 0.0000000000
122091  -25.480  -6.574  -13.228 0.0000000000
122109  -26.166  -5.993  -13.115 0.0000000000
123401  -19.561  -5.273  -9.950 0.0000000000
123422  -21.020  -5.202  -11.921 0.0000000000
123437  -23.569  -5.103  -13.014 0.0000000000
123455  -25.980  -5.345  -13.332 0.0000000000
123456  -26.678  -5.130  -13.299 0.0000000000
124723  -20.873  -4.560  -11.688 0.0000000000
124725  -21.912  -4.577  -12.456 0.0000000000
124743  -22.231  -3.470  -13.121 0.0000000000
124744  -23.059  -4.189  -13.334 0.0000000000
125981  -20.835  -3.760  -11.453 0.0000000000
126002  -23.153  -3.280  -14.264 0.0000000000
126004  -24.195  -4.087  -13.702 0.0000000000
126006  -26.852  -4.007  -13.667 0.0000000000
126016  -25.000  -3.646  -14.326 0.0000000000
127114  -19.711  -3.174  -10.964 0.0000000000
127155  -22.856  -2.576  -14.283 0.0000000000
128254  -21.348  -1.815  -13.353 0.0000000000
128255  -21.891  -1.685  -13.668 0.0000000000
128259  -27.468  -2.206  -13.240 0.0000000000
128269  -23.300  -2.076  -14.593 0.0000000000
129382  -20.176  -1.344  -12.125 0.0000000000
129390  -20.513  -1.153  -12.635 0.0000000000
129410  -23.531  -0.907  -14.229 0.0000000000
129413  -25.208  -1.632  -14.177 0.0000000000
131822  -21.124  0.829  -13.500 0.0000000000
133028  -24.185  0.960  -13.243 0.0000000000
133040  -22.411  1.125  -14.603 0.0000000000
134329  -19.239  1.818  -11.932 0.0000000000
134360  -21.953  2.352  -14.169 0.0000000000
135600  -19.328  3.225  -12.484 0.0000000000
135602  -22.946  3.559  -12.981 0.0000000000
135615  -21.414  3.833  -13.741 0.0000000000
135625  -22.211  2.781  -14.039 0.0000000000
136820  -26.800  3.662  -11.777 0.0000000000
136841  -20.468  5.094  -13.168 0.0000000000
200557  -25.611  -8.770  -11.089 0.0000000000
205815  -26.467  0.487  -13.223 0.0000000000
206226  -25.152  -4.962  -13.693 0.0000000000
208591  -20.122  5.652  -13.073 0.0000000000
208761  -20.357  -13.769  -6.314 0.0000000000
209834  -21.308  0.127  -13.352 0.0000000000
210989  -24.053  -6.332  -12.816 0.0000000000
212421  -26.378  -4.210  -13.762 0.0000000000
213936  -22.082  -4.018  -12.734 0.0000000000
215154  -24.681  -9.063  -10.818 0.0000000000
215609  -20.094  -4.954  -10.949 0.0000000000
216740  -25.532  -2.037  -14.101 0.0000000000
218677  -23.132  -1.467  -14.323 0.0000000000
220077  -21.718  -2.371  -13.572 0.0000000000
222097  -22.062  1.704  -14.260 0.0000000000
233292  -24.737  -8.636  -11.031 0.0000000000
236115  -23.041  -0.305  -14.234 0.0000000000
