#!ascii label  , from subject sub-03_ses-002 vox2ras=TkReg
411
129596  27.634  -6.243  -12.376 0.0000000000
118105  24.453  -14.301  -7.210 0.0000000000
136624  26.626  -1.484  -14.447 0.0000000000
148275  25.688  5.854  -16.296 0.0000000000
115710  22.121  -15.826  -6.468 0.0000000000
221943  29.138  1.617  -12.685 0.0000000000
144814  28.948  4.014  -13.335 0.0000000000
125960  24.232  -7.990  -11.985 0.0000000000
122580  25.673  -10.646  -10.334 0.0000000000
127129  27.694  -8.157  -10.572 0.0000000000
245874  29.491  -3.092  -10.614 0.0000000000
215246  30.279  -5.952  -9.967 0.0000000000
133236  27.289  -3.797  -14.313 0.0000000000
234840  29.408  -0.904  -11.337 0.0000000000
144830  25.841  3.885  -16.196 0.0000000000
218702  28.275  6.325  -14.020 0.0000000000
120396  26.267  -12.508  -7.962 0.0000000000
141022  28.354  2.278  -14.419 0.0000000000
143547  27.945  3.362  -15.172 0.0000000000
128389  26.281  -7.324  -12.364 0.0000000000
217946  26.150  -8.217  -11.617 0.0000000000
217056  27.928  -7.170  -11.465 0.0000000000
116901  23.479  -15.007  -7.036 0.0000000000
134444  27.437  -2.088  -14.450 0.0000000000
135578  28.895  -2.179  -12.636 0.0000000000
227510  28.814  -0.991  -13.409 0.0000000000
143512  30.365  3.478  -11.531 0.0000000000
140990  30.817  2.218  -11.024 0.0000000000
148265  26.165  6.569  -13.659 0.0000000000
144817  25.422  4.477  -13.176 0.0000000000
147308  25.689  4.952  -17.137 0.0000000000
152280  27.008  9.753  -16.473 0.0000000000
151222  28.203  9.330  -15.375 0.0000000000
149269  27.887  7.407  -14.956 0.0000000000
150231  29.008  8.338  -14.110 0.0000000000
149255  29.469  7.347  -13.162 0.0000000000
122559  27.028  -10.379  -9.520 0.0000000000
121451  26.118  -11.418  -9.549 0.0000000000
115696  20.959  -16.128  -5.758 0.0000000000
137717  28.180  -0.072  -14.014 0.0000000000
139883  28.255  1.275  -14.576 0.0000000000
142273  29.090  2.650  -13.119 0.0000000000
144800  30.456  4.779  -11.975 0.0000000000
123785  23.848  -10.058  -11.061 0.0000000000
124833  25.001  -9.327  -11.746 0.0000000000
124811  26.564  -9.537  -10.419 0.0000000000
124808  28.087  -9.084  -9.642 0.0000000000
130825  28.682  -4.921  -11.810 0.0000000000
235258  29.015  -6.089  -11.262 0.0000000000
132014  29.729  -4.285  -10.390 0.0000000000
129610  25.603  -5.574  -12.618 0.0000000000
130860  25.728  -4.809  -14.029 0.0000000000
130838  27.450  -5.217  -13.143 0.0000000000
133225  28.616  -3.678  -12.668 0.0000000000
135560  29.424  -2.119  -11.384 0.0000000000
228754  30.499  -0.575  -10.152 0.0000000000
138765  29.154  0.162  -12.358 0.0000000000
212183  30.767  1.008  -10.430 0.0000000000
144824  26.239  3.307  -16.130 0.0000000000
149284  25.756  6.167  -17.664 0.0000000000
148289  26.767  5.430  -17.455 0.0000000000
147301  27.543  5.226  -15.750 0.0000000000
237498  27.689  4.359  -15.368 0.0000000000
146143  28.505  5.187  -13.505 0.0000000000
230109  29.896  6.178  -12.472 0.0000000000
119356  23.658  -13.533  -8.531 0.0000000000
121467  24.295  -11.407  -10.043 0.0000000000
128368  29.165  -6.975  -10.350 0.0000000000
215912  29.582  -7.981  -9.825 0.0000000000
245191  27.531  2.529  -15.911 0.0000000000
142288  26.970  2.702  -15.632 0.0000000000
129597  27.073  -6.459  -12.457 0.0000000000
128388  26.876  -7.098  -12.255 0.0000000000
128387  27.446  -6.829  -12.061 0.0000000000
235319  21.017  -17.182  -5.067 0.0000000000
116900  24.134  -14.808  -6.882 0.0000000000
135600  27.181  -2.032  -14.510 0.0000000000
240821  28.015  -2.240  -14.036 0.0000000000
136615  27.636  -1.662  -14.014 0.0000000000
144791  30.915  4.126  -11.639 0.0000000000
143511  30.906  3.541  -11.293 0.0000000000
218997  26.006  6.325  -14.777 0.0000000000
147287  26.109  6.087  -13.292 0.0000000000
147302  26.004  5.372  -15.534 0.0000000000
150237  28.930  8.759  -14.519 0.0000000000
151206  30.234  8.791  -14.222 0.0000000000
122542  27.932  -10.428  -8.786 0.0000000000
206394  27.317  -10.823  -8.980 0.0000000000
116916  22.512  -14.664  -7.462 0.0000000000
138825  27.282  0.506  -15.164 0.0000000000
139884  27.608  1.187  -15.410 0.0000000000
143534  28.274  3.375  -13.901 0.0000000000
142274  28.489  2.796  -13.728 0.0000000000
143533  28.853  3.246  -13.215 0.0000000000
209749  29.730  3.749  -12.394 0.0000000000
144802  29.437  4.267  -12.617 0.0000000000
223549  25.920  7.651  -14.588 0.0000000000
123798  24.559  -9.561  -11.751 0.0000000000
244786  24.940  -8.922  -11.876 0.0000000000
125934  27.111  -8.068  -10.912 0.0000000000
125935  26.837  -8.651  -11.214 0.0000000000
125924  27.284  -8.817  -10.878 0.0000000000
124809  27.637  -9.340  -9.808 0.0000000000
218826  27.669  -8.821  -10.151 0.0000000000
115711  21.381  -15.687  -6.145 0.0000000000
114413  22.137  -16.550  -5.462 0.0000000000
132028  28.995  -4.281  -11.599 0.0000000000
130816  29.174  -4.924  -11.269 0.0000000000
133202  29.545  -3.667  -10.500 0.0000000000
226011  25.431  -6.392  -12.699 0.0000000000
133245  26.811  -3.933  -14.405 0.0000000000
132060  26.475  -4.564  -14.479 0.0000000000
240293  26.901  -4.919  -14.118 0.0000000000
130849  27.320  -4.858  -13.884 0.0000000000
132038  28.236  -4.374  -12.761 0.0000000000
133226  28.027  -3.897  -13.251 0.0000000000
136601  29.149  -1.595  -12.400 0.0000000000
135577  29.221  -2.112  -12.033 0.0000000000
136582  29.327  -1.548  -11.669 0.0000000000
136568  29.622  -1.524  -10.869 0.0000000000
136581  29.956  -0.777  -10.751 0.0000000000
139863  29.029  0.854  -13.513 0.0000000000
138781  28.981  0.284  -13.191 0.0000000000
139862  29.090  0.992  -12.692 0.0000000000
139828  30.262  1.115  -10.890 0.0000000000
138733  31.031  0.598  -10.089 0.0000000000
144816  26.070  4.303  -13.960 0.0000000000
143537  24.838  4.003  -12.982 0.0000000000
144825  26.167  3.935  -15.059 0.0000000000
143535  26.054  3.416  -14.881 0.0000000000
146155  26.485  3.907  -16.657 0.0000000000
151230  27.190  8.877  -16.365 0.0000000000
151231  26.202  8.633  -17.016 0.0000000000
149276  26.703  7.281  -16.746 0.0000000000
148273  28.186  6.884  -14.499 0.0000000000
148274  27.598  6.607  -15.408 0.0000000000
147294  27.770  6.154  -14.886 0.0000000000
146154  27.381  4.282  -16.078 0.0000000000
147293  28.040  5.675  -14.522 0.0000000000
242974  28.256  5.272  -14.189 0.0000000000
147286  28.386  5.782  -13.649 0.0000000000
149253  30.684  7.753  -13.348 0.0000000000
238394  29.730  6.792  -12.818 0.0000000000
148261  30.904  7.188  -12.984 0.0000000000
147275  30.640  6.115  -12.359 0.0000000000
233918  23.116  -13.003  -8.653 0.0000000000
122595  24.970  -10.570  -10.977 0.0000000000
220477  24.324  -10.719  -10.307 0.0000000000
122581  25.156  -10.926  -10.307 0.0000000000
240021  26.301  -11.938  -8.698 0.0000000000
120426  25.574  -12.185  -9.035 0.0000000000
120412  25.968  -12.299  -8.596 0.0000000000
119354  24.999  -13.339  -8.580 0.0000000000
130801  29.728  -5.711  -10.474 0.0000000000
128379  29.066  -6.580  -10.832 0.0000000000
129575  29.587  -6.417  -10.278 0.0000000000
228789  27.928  1.681  -15.445 0.0000000000
141023  27.980  2.245  -15.732 0.0000000000
142286  28.143  2.838  -14.926 0.0000000000
127149  25.662  -7.542  -12.351 0.0000000000
127150  25.537  -8.109  -12.098 0.0000000000
214273  26.055  -7.767  -12.143 0.0000000000
127138  26.812  -7.885  -11.297 0.0000000000
127137  27.333  -7.703  -11.013 0.0000000000
115722  22.594  -15.518  -6.841 0.0000000000
115709  22.860  -15.888  -6.406 0.0000000000
115708  23.483  -15.692  -6.159 0.0000000000
115707  24.159  -15.500  -5.921 0.0000000000
134385  30.308  -2.451  -9.999 0.0000000000
134367  29.998  -3.150  -10.155 0.0000000000
134445  26.278  -2.822  -14.039 0.0000000000
233560  26.938  -3.097  -14.055 0.0000000000
134433  28.176  -3.110  -13.209 0.0000000000
135589  27.896  -2.667  -13.953 0.0000000000
136602  28.876  -1.629  -13.073 0.0000000000
228396  28.928  -1.022  -12.689 0.0000000000
142262  29.803  2.580  -12.148 0.0000000000
141000  29.824  1.963  -11.999 0.0000000000
142253  30.663  2.920  -11.193 0.0000000000
142231  31.245  2.664  -10.928 0.0000000000
220256  26.258  4.832  -15.401 0.0000000000
146156  25.801  4.337  -16.716 0.0000000000
151223  27.666  9.028  -15.686 0.0000000000
226805  27.281  8.297  -16.031 0.0000000000
150239  27.569  7.866  -15.502 0.0000000000
150238  28.250  8.278  -14.666 0.0000000000
149263  28.534  7.653  -14.202 0.0000000000
148270  28.803  7.036  -13.684 0.0000000000
149262  29.255  7.798  -13.699 0.0000000000
150226  30.461  8.306  -13.755 0.0000000000
122579  26.333  -10.403  -9.822 0.0000000000
204400  26.098  -11.033  -9.872 0.0000000000
122560  26.602  -10.940  -9.435 0.0000000000
121436  26.609  -11.432  -8.767 0.0000000000
115712  20.701  -15.418  -5.814 0.0000000000
239137  22.211  -15.414  -6.847 0.0000000000
245954  22.434  -15.224  -7.167 0.0000000000
116915  23.190  -14.817  -7.430 0.0000000000
118121  23.272  -14.383  -7.719 0.0000000000
137719  26.999  -0.931  -14.535 0.0000000000
212593  27.383  -1.068  -14.284 0.0000000000
137718  27.490  -0.292  -14.492 0.0000000000
138793  28.740  0.464  -13.871 0.0000000000
139869  29.086  1.484  -13.446 0.0000000000
228639  28.270  1.855  -14.838 0.0000000000
141009  28.828  2.159  -13.581 0.0000000000
141008  29.159  2.096  -12.958 0.0000000000
143518  29.935  3.299  -12.016 0.0000000000
144792  30.213  3.940  -11.998 0.0000000000
146116  31.300  4.907  -11.735 0.0000000000
149256  26.137  7.175  -13.152 0.0000000000
149264  26.022  7.089  -14.118 0.0000000000
149271  25.749  6.770  -15.396 0.0000000000
123784  24.483  -10.138  -11.396 0.0000000000
122594  25.523  -10.054  -10.897 0.0000000000
125937  25.380  -8.681  -11.510 0.0000000000
124822  26.122  -9.503  -10.844 0.0000000000
123771  26.158  -9.987  -10.352 0.0000000000
123770  26.792  -9.898  -9.989 0.0000000000
124798  27.793  -9.571  -9.323 0.0000000000
123757  28.008  -9.982  -9.000 0.0000000000
130827  27.917  -5.601  -12.615 0.0000000000
235949  28.171  -5.980  -12.167 0.0000000000
129585  28.941  -5.542  -11.600 0.0000000000
130815  29.628  -4.958  -10.575 0.0000000000
130800  30.132  -5.328  -10.188 0.0000000000
133184  30.119  -3.894  -10.122 0.0000000000
131996  30.298  -4.672  -10.096 0.0000000000
130799  30.681  -5.338  -9.839 0.0000000000
128402  25.060  -7.086  -12.387 0.0000000000
129609  26.008  -6.063  -12.519 0.0000000000
129608  26.658  -5.937  -12.667 0.0000000000
130850  25.682  -5.274  -13.372 0.0000000000
130839  26.881  -5.363  -13.365 0.0000000000
129607  27.289  -5.884  -12.860 0.0000000000
130837  27.875  -4.916  -12.786 0.0000000000
132029  28.626  -4.340  -12.211 0.0000000000
133216  29.168  -3.443  -11.264 0.0000000000
134421  28.709  -2.846  -12.712 0.0000000000
134405  29.195  -2.681  -11.701 0.0000000000
134387  29.487  -2.655  -11.093 0.0000000000
135545  29.991  -1.957  -10.335 0.0000000000
136551  30.717  -1.076  -9.606 0.0000000000
137709  28.099  -0.858  -13.888 0.0000000000
137696  28.938  -0.401  -12.977 0.0000000000
137681  29.255  -0.366  -11.776 0.0000000000
139846  29.960  1.472  -11.591 0.0000000000
138764  29.574  0.282  -11.601 0.0000000000
137680  29.782  -0.255  -11.209 0.0000000000
137666  30.807  0.039  -10.145 0.0000000000
224302  26.252  3.002  -15.612 0.0000000000
149277  24.534  6.508  -17.721 0.0000000000
211503  24.881  6.572  -18.009 0.0000000000
149285  25.120  6.241  -17.638 0.0000000000
148291  25.777  5.688  -17.427 0.0000000000
147315  26.086  5.050  -17.705 0.0000000000
146167  26.577  4.573  -17.702 0.0000000000
149270  27.314  6.956  -16.053 0.0000000000
147307  26.967  5.176  -17.137 0.0000000000
146160  26.877  4.455  -16.918 0.0000000000
143556  26.726  3.472  -16.341 0.0000000000
143548  27.169  3.394  -15.948 0.0000000000
144822  27.641  3.964  -15.107 0.0000000000
215092  28.199  4.021  -14.147 0.0000000000
144815  28.585  4.552  -13.581 0.0000000000
148263  29.166  6.765  -13.109 0.0000000000
147284  29.204  6.241  -12.775 0.0000000000
147276  29.320  5.615  -12.412 0.0000000000
146130  30.134  5.533  -12.195 0.0000000000
146129  30.924  5.493  -12.051 0.0000000000
118138  23.427  -13.911  -8.071 0.0000000000
118120  24.242  -14.160  -7.899 0.0000000000
120429  24.098  -12.016  -9.453 0.0000000000
121452  25.449  -11.768  -9.528 0.0000000000
121453  24.743  -11.898  -9.671 0.0000000000
119366  24.279  -12.726  -9.034 0.0000000000
119355  24.410  -13.465  -8.754 0.0000000000
216769  24.548  -13.749  -8.312 0.0000000000
128380  28.573  -6.640  -11.374 0.0000000000
128369  28.622  -7.223  -10.792 0.0000000000
127128  28.458  -7.869  -10.387 0.0000000000
127126  29.628  -7.169  -9.876 0.0000000000
127127  29.108  -7.623  -10.179 0.0000000000
125922  28.911  -8.172  -9.893 0.0000000000
125914  28.597  -8.681  -9.409 0.0000000000
114425  21.686  -16.206  -5.928 0.0000000000
115721  23.165  -15.464  -6.744 0.0000000000
116902  22.851  -15.145  -7.162 0.0000000000
116903  22.045  -14.959  -6.972 0.0000000000
118106  23.834  -14.629  -7.523 0.0000000000
118137  24.072  -13.922  -8.349 0.0000000000
120395  26.907  -12.313  -7.796 0.0000000000
120397  25.615  -12.799  -8.188 0.0000000000
120411  26.564  -12.077  -8.350 0.0000000000
120428  24.651  -12.399  -9.271 0.0000000000
121437  26.015  -11.848  -9.052 0.0000000000
121465  25.631  -11.262  -10.004 0.0000000000
121466  24.966  -11.390  -10.025 0.0000000000
122596  24.498  -10.502  -10.898 0.0000000000
123747  28.354  -9.972  -8.507 0.0000000000
123758  27.622  -10.227  -9.255 0.0000000000
123769  27.370  -9.823  -9.691 0.0000000000
123783  24.995  -9.938  -11.446 0.0000000000
124810  27.155  -9.311  -10.236 0.0000000000
124821  26.764  -9.099  -10.867 0.0000000000
124823  25.508  -9.363  -11.208 0.0000000000
124834  24.654  -9.017  -11.932 0.0000000000
124835  24.052  -8.964  -11.801 0.0000000000
125913  29.232  -8.322  -9.316 0.0000000000
125923  28.197  -8.440  -9.986 0.0000000000
125936  26.118  -8.897  -11.167 0.0000000000
125959  24.862  -8.463  -12.004 0.0000000000
127147  27.169  -7.384  -11.767 0.0000000000
127148  26.578  -7.642  -12.025 0.0000000000
127163  24.981  -7.791  -12.173 0.0000000000
128386  28.021  -6.480  -11.842 0.0000000000
128401  25.818  -6.864  -12.471 0.0000000000
128414  24.815  -6.459  -12.637 0.0000000000
129595  28.583  -6.050  -11.757 0.0000000000
129598  26.425  -6.555  -12.272 0.0000000000
130826  28.507  -5.552  -12.121 0.0000000000
130840  26.158  -5.544  -12.976 0.0000000000
132015  29.360  -4.263  -10.928 0.0000000000
132039  27.726  -4.570  -13.249 0.0000000000
132049  27.530  -4.199  -13.925 0.0000000000
132050  27.162  -4.447  -14.413 0.0000000000
132051  26.323  -5.163  -13.798 0.0000000000
133183  30.523  -3.523  -9.895 0.0000000000
133217  28.892  -3.798  -11.994 0.0000000000
134386  29.884  -2.565  -10.536 0.0000000000
134406  28.978  -3.193  -12.145 0.0000000000
134420  29.020  -2.603  -12.258 0.0000000000
134434  27.665  -3.399  -13.682 0.0000000000
134443  27.421  -2.967  -14.063 0.0000000000
135546  29.737  -2.186  -10.892 0.0000000000
135588  28.493  -2.325  -13.373 0.0000000000
135599  27.411  -2.421  -14.640 0.0000000000
135601  26.578  -1.917  -14.400 0.0000000000
135612  26.497  -1.672  -14.497 0.0000000000
136567  30.118  -1.272  -10.170 0.0000000000
136614  28.372  -1.633  -13.597 0.0000000000
136623  27.168  -1.640  -14.585 0.0000000000
137667  30.302  -0.133  -10.681 0.0000000000
137695  28.976  -0.525  -12.316 0.0000000000
137708  28.793  -0.293  -13.645 0.0000000000
137734  26.504  -0.844  -14.512 0.0000000000
138732  31.628  0.606  -9.897 0.0000000000
138749  30.526  0.493  -10.542 0.0000000000
138750  30.012  0.403  -11.020 0.0000000000
138806  27.971  0.558  -14.479 0.0000000000
139812  31.318  1.107  -10.154 0.0000000000
139827  30.888  1.622  -10.550 0.0000000000
139845  30.428  1.745  -11.125 0.0000000000
139847  29.555  0.871  -12.001 0.0000000000
139861  29.551  1.479  -12.240 0.0000000000
139870  28.828  1.096  -13.953 0.0000000000
141001  29.488  2.041  -12.449 0.0000000000
141024  27.406  2.143  -15.921 0.0000000000
141037  27.513  1.666  -15.968 0.0000000000
141038  27.130  1.543  -15.938 0.0000000000
142254  30.139  2.912  -11.631 0.0000000000
142263  29.447  2.503  -12.688 0.0000000000
142287  27.475  2.915  -15.694 0.0000000000
143494  31.420  3.276  -11.045 0.0000000000
143519  29.573  3.092  -12.725 0.0000000000
143549  26.729  3.043  -16.042 0.0000000000
144801  29.908  4.314  -12.249 0.0000000000
144823  27.200  3.760  -16.184 0.0000000000
144829  28.054  4.828  -15.144 0.0000000000
146131  29.026  4.914  -12.881 0.0000000000
146149  28.293  4.645  -14.489 0.0000000000
146150  26.150  4.806  -14.540 0.0000000000
146161  26.373  4.221  -17.347 0.0000000000
146162  26.029  4.517  -17.496 0.0000000000
147285  28.705  5.698  -12.908 0.0000000000
147314  26.578  4.840  -17.834 0.0000000000
148254  31.117  6.646  -12.602 0.0000000000
148255  30.441  6.743  -12.661 0.0000000000
148262  30.212  7.310  -13.017 0.0000000000
148264  28.688  6.312  -13.281 0.0000000000
148281  27.233  6.033  -16.734 0.0000000000
148283  25.578  5.673  -17.356 0.0000000000
149254  30.007  7.852  -13.438 0.0000000000
149261  29.787  8.382  -13.863 0.0000000000
151214  28.506  9.044  -14.846 0.0000000000
151215  27.866  8.686  -15.236 0.0000000000
152270  27.861  9.677  -15.975 0.0000000000
207808  30.649  -2.964  -9.736 0.0000000000
208540  29.281  -5.539  -10.973 0.0000000000
209269  28.299  -4.956  -12.380 0.0000000000
210067  31.365  3.837  -11.294 0.0000000000
211237  25.038  6.220  -16.906 0.0000000000
213116  29.784  0.861  -11.332 0.0000000000
214037  28.051  -7.618  -10.860 0.0000000000
215547  29.724  4.918  -12.356 0.0000000000
216335  26.108  5.368  -14.602 0.0000000000
220364  27.516  5.885  -15.943 0.0000000000
221724  30.707  -4.089  -9.812 0.0000000000
221769  30.887  -4.732  -9.582 0.0000000000
221771  24.720  -10.902  -10.388 0.0000000000
225056  28.711  1.678  -14.131 0.0000000000
225684  29.031  -0.982  -11.982 0.0000000000
226146  23.833  -14.239  -7.913 0.0000000000
227525  30.212  2.251  -11.524 0.0000000000
237210  26.450  4.537  -17.797 0.0000000000
240956  29.372  3.656  -12.866 0.0000000000
241594  29.335  -6.065  -10.768 0.0000000000
242244  25.174  -5.810  -12.663 0.0000000000
242269  24.900  -13.557  -8.090 0.0000000000
243380  25.972  4.166  -16.785 0.0000000000
244506  28.487  0.858  -14.150 0.0000000000
