#!ascii label  , from subject sub-02_ses-003 vox2ras=TkReg
1301
121806  -22.528  -18.556  -25.840 0.5555555820
122980  -22.958  -17.883  -26.806 0.6666666865
124059  -23.092  -17.430  -27.262 0.7777777910
122991  -24.706  -17.625  -27.789 0.7777777910
126218  -23.954  -15.559  -28.231 0.8888888955
196903  -26.741  -15.977  -29.313 0.8888888955
121787  -22.078  -18.836  -25.358 0.5555555820
122972  -22.235  -17.967  -25.870 0.5555555820
124057  -22.143  -16.991  -26.574 0.6666666865
124058  -22.649  -16.875  -27.002 0.8888888955
124074  -24.907  -17.006  -28.153 0.8888888955
126220  -24.987  -15.720  -28.870 0.8888888955
127408  -26.023  -14.878  -29.225 1.0000000000
126236  -27.325  -15.695  -29.615 0.8888888955
128616  -27.353  -14.199  -30.293 1.0000000000
224432  -21.548  -16.361  -25.921 0.7777777910
126206  -22.327  -15.037  -27.521 1.0000000000
128582  -22.142  -13.894  -27.460 1.0000000000
127387  -23.193  -14.459  -28.232 1.0000000000
128603  -24.691  -13.797  -29.054 1.0000000000
128590  -23.018  -13.933  -28.111 1.0000000000
128604  -25.395  -13.730  -29.271 1.0000000000
129835  -24.375  -13.234  -29.075 1.0000000000
225554  -24.894  -13.297  -29.287 1.0000000000
129837  -25.927  -13.423  -29.967 1.0000000000
129849  -27.604  -13.058  -30.667 1.0000000000
130980  -25.397  -12.520  -29.470 1.0000000000
130993  -26.533  -12.588  -30.505 1.0000000000
129860  -28.360  -12.697  -30.786 1.0000000000
132087  -27.705  -12.167  -30.467 1.0000000000
132088  -28.487  -12.011  -30.929 0.7777777910
130947  -21.884  -12.585  -26.997 0.8888888955
129814  -22.674  -13.597  -27.822 1.0000000000
196219  -24.746  -12.715  -29.387 1.0000000000
207482  -23.100  -12.137  -27.969 1.0000000000
130979  -24.361  -12.033  -29.299 1.0000000000
132077  -25.834  -11.207  -29.844 1.0000000000
205473  -26.851  -11.955  -30.276 1.0000000000
132079  -27.366  -11.577  -30.038 1.0000000000
132081  -28.777  -11.396  -30.516 1.0000000000
133200  -29.519  -11.210  -30.466 0.8888888955
133196  -29.110  -10.699  -30.280 1.0000000000
134394  -30.037  -10.476  -30.446 0.7777777910
134400  -31.426  -10.286  -31.118 0.7777777910
225632  -21.788  -10.957  -27.418 0.5555555820
230298  -22.759  -9.456  -29.019 0.7777777910
133179  -22.991  -10.657  -28.951 0.8888888955
133182  -24.891  -10.554  -29.389 1.0000000000
132067  -24.647  -11.352  -29.482 1.0000000000
133181  -24.094  -10.269  -29.406 0.8888888955
216116  -25.395  -10.031  -29.376 1.0000000000
134388  -25.818  -10.119  -29.633 1.0000000000
134391  -27.555  -10.418  -29.741 1.0000000000
134392  -28.468  -10.191  -29.943 0.8888888955
134378  -28.719  -9.654  -29.418 1.0000000000
216443  -30.184  -9.664  -30.082 0.8888888955
136702  -31.427  -8.864  -30.787 0.7777777910
136710  -32.737  -9.207  -31.233 0.6666666865
136703  -32.172  -8.556  -30.797 0.6666666865
227087  -21.111  -8.559  -27.636 0.4444444478
135517  -22.331  -9.055  -28.377 0.7777777910
136671  -22.843  -8.143  -29.244 0.6666666865
136700  -24.097  -8.835  -29.562 0.7777777910
135543  -24.372  -9.343  -29.366 0.8888888955
202121  -25.119  -9.581  -28.920 0.8888888955
134390  -26.589  -10.268  -29.680 1.0000000000
135532  -25.979  -9.521  -29.195 1.0000000000
135534  -27.404  -9.439  -29.143 1.0000000000
220973  -28.111  -9.303  -29.318 1.0000000000
216683  -29.493  -8.640  -29.530 0.8888888955
135545  -30.213  -8.862  -29.899 0.7777777910
205456  -31.241  -8.241  -30.394 0.7777777910
136704  -32.998  -8.712  -30.981 0.5555555820
137843  -31.770  -7.718  -29.941 0.7777777910
222845  -32.916  -7.188  -30.639 0.6666666865
138952  -22.908  -6.836  -28.988 0.6666666865
137815  -22.546  -7.454  -28.965 0.6666666865
136687  -23.835  -8.278  -29.515 0.7777777910
138965  -23.238  -7.089  -29.337 0.7777777910
136689  -25.057  -8.672  -29.016 0.8888888955
136690  -25.743  -8.912  -28.935 0.8888888955
137817  -25.508  -8.202  -28.832 1.0000000000
136673  -26.848  -8.336  -28.775 1.0000000000
136693  -28.351  -8.387  -29.106 1.0000000000
200630  -27.890  -8.876  -29.089 0.8888888955
137841  -30.268  -7.614  -29.814 0.8888888955
137842  -30.928  -7.628  -29.979 0.8888888955
136701  -30.506  -8.156  -30.130 0.7777777910
137836  -29.699  -7.574  -29.338 0.8888888955
138975  -30.741  -7.077  -29.626 0.7777777910
215715  -31.382  -6.991  -29.719 0.7777777910
221670  -32.161  -7.076  -29.994 0.7777777910
138979  -33.024  -6.816  -30.733 0.6666666865
209722  -22.541  -6.111  -28.913 0.6666666865
138951  -22.243  -6.776  -28.673 0.5555555820
138953  -23.211  -6.327  -29.022 0.7777777910
138967  -24.268  -7.092  -28.764 0.8888888955
137816  -25.521  -7.416  -28.770 0.8888888955
207483  -26.089  -7.216  -28.491 1.0000000000
137818  -26.482  -7.806  -28.478 1.0000000000
137835  -29.056  -7.496  -28.940 1.0000000000
136675  -28.444  -7.887  -28.930 0.8888888955
138976  -30.990  -6.366  -29.954 0.7777777910
140090  -31.059  -5.796  -30.530 0.7777777910
140092  -32.451  -6.393  -30.670 0.6666666865
141222  -32.717  -5.650  -29.923 0.5555555820
140093  -33.185  -6.280  -30.477 0.5555555820
138954  -23.895  -6.397  -28.675 0.7777777910
140074  -23.598  -5.607  -28.899 0.6666666865
206742  -24.505  -6.475  -28.481 0.8888888955
138936  -26.231  -6.504  -28.053 1.0000000000
138958  -27.537  -7.126  -28.278 1.0000000000
140084  -29.914  -6.485  -29.210 0.8888888955
138968  -29.489  -7.007  -29.026 0.8888888955
140079  -30.431  -5.820  -29.517 0.8888888955
138969  -30.173  -7.089  -29.382 0.8888888955
141221  -31.249  -5.088  -31.099 0.7777777910
141227  -31.427  -5.384  -32.133 0.7777777910
141228  -31.593  -5.276  -30.799 0.7777777910
202153  -32.156  -5.949  -30.417 0.5555555820
141226  -30.822  -5.288  -32.158 0.7777777910
142392  -31.843  -5.011  -31.485 0.5555555820
233809  -32.638  -5.087  -29.819 0.5555555820
143530  -31.941  -4.462  -32.155 0.6666666865
143514  -22.870  -3.209  -27.775 0.4444444478
141204  -23.959  -5.031  -28.641 0.5555555820
230024  -25.618  -5.446  -28.268 0.7777777910
140077  -25.674  -5.938  -28.399 0.8888888955
140061  -27.597  -6.007  -27.777 1.0000000000
140078  -29.010  -6.298  -28.218 0.8888888955
209637  -29.582  -5.939  -28.711 0.8888888955
141215  -30.768  -5.489  -30.185 0.8888888955
141220  -30.993  -5.123  -30.971 0.8888888955
141231  -30.882  -5.141  -32.909 0.6666666865
143531  -32.249  -4.310  -30.893 0.5555555820
142335  -27.280  -4.223  -27.097 0.6666666865
222105  -26.325  -4.677  -27.512 0.6666666865
142359  -27.667  -4.800  -27.403 0.7777777910
141194  -28.907  -5.297  -27.598 0.8888888955
142361  -29.106  -4.731  -27.774 0.7777777910
142372  -29.618  -4.668  -28.395 0.7777777910
141208  -29.922  -5.217  -28.898 0.8888888955
142373  -30.083  -4.523  -29.065 0.7777777910
141214  -30.522  -5.096  -29.605 0.8888888955
142383  -29.999  -4.389  -31.056 0.7777777910
142390  -30.215  -4.929  -32.817 0.6666666865
144586  -29.205  -3.062  -31.982 0.6666666865
143529  -29.383  -3.788  -32.762 0.6666666865
142402  -29.794  -4.531  -33.716 0.6666666865
142396  -30.145  -4.906  -33.578 0.5555555820
218807  -29.331  -2.330  -32.162 0.6666666865
145568  -29.738  -2.542  -32.586 0.5555555820
144587  -30.549  -2.670  -32.153 0.5555555820
143525  -31.942  -3.571  -31.187 0.4444444478
145530  -27.853  -2.346  -26.644 0.3333333433
144548  -27.353  -3.037  -26.640 0.3333333433
143486  -28.333  -3.826  -26.950 0.5555555820
144562  -29.314  -3.263  -27.028 0.5555555820
142337  -28.808  -4.192  -27.327 0.7777777910
215731  -29.467  -4.169  -27.895 0.7777777910
144577  -29.779  -3.019  -28.936 0.6666666865
143515  -30.053  -3.821  -29.123 0.6666666865
143507  -29.726  -3.535  -28.140 0.6666666865
215999  -29.918  -3.200  -29.861 0.6666666865
144581  -29.415  -2.603  -30.909 0.6666666865
235907  -29.467  -2.060  -31.401 0.6666666865
145558  -29.462  -1.692  -32.157 0.6666666865
145564  -30.199  -2.001  -32.287 0.5555555820
146531  -29.992  -1.432  -32.354 0.5555555820
145563  -29.778  -1.986  -32.247 0.6666666865
145531  -28.733  -2.269  -26.187 0.4444444478
228556  -27.321  -2.101  -26.260 0.4444444478
234484  -28.464  -2.639  -26.556 0.4444444478
145532  -29.452  -2.074  -26.542 0.5555555820
144550  -28.979  -2.855  -26.695 0.5555555820
215640  -29.668  -2.599  -27.443 0.6666666865
144563  -29.632  -3.165  -27.377 0.6666666865
144571  -29.714  -2.795  -28.090 0.6666666865
223653  -29.686  -2.604  -29.715 0.6666666865
145554  -29.633  -2.138  -30.217 0.6666666865
206925  -29.852  -1.656  -31.025 0.6666666865
146525  -28.911  -1.240  -31.907 0.6666666865
146530  -29.321  -1.240  -32.489 0.5555555820
146490  -29.372  -1.347  -26.457 0.4444444478
145533  -29.811  -2.085  -27.098 0.6666666865
145542  -29.711  -2.161  -27.962 0.6666666865
211618  -29.929  -1.742  -28.616 0.6666666865
145549  -29.771  -2.297  -28.971 0.6666666865
210302  -23.769  -16.497  -27.671 0.8888888955
125114  -22.431  -16.346  -26.594 1.0000000000
127388  -22.900  -15.014  -27.892 1.0000000000
126219  -24.253  -14.932  -28.437 1.0000000000
212225  -26.724  -14.481  -29.710 1.0000000000
136669  -21.514  -8.076  -28.181 0.5555555820
136694  -29.061  -8.107  -29.339 0.8888888955
140073  -22.805  -5.361  -29.024 0.5555555820
142355  -24.339  -3.621  -27.556 0.5555555820
140075  -24.447  -5.716  -28.602 0.7777777910
138938  -27.908  -6.588  -28.054 1.0000000000
140085  -30.949  -5.934  -30.185 0.8888888955
142354  -23.591  -3.496  -27.725 0.2222222239
143536  -31.249  -4.472  -33.100 0.6666666865
142362  -29.933  -4.097  -28.491 0.7777777910
144592  -31.281  -3.505  -32.436 0.4444444478
144551  -29.501  -2.710  -26.994 0.6666666865
146501  -29.837  -1.467  -27.746 0.6666666865
137813  -21.271  -7.381  -28.197 0.4444444478
216253  -21.832  -6.118  -28.721 0.4444444478
146526  -30.584  -1.214  -32.096 0.5555555820
145520  -28.016  -1.780  -26.178 0.2222222239
147546  -29.861  -0.850  -32.680 0.5555555820
119474  -22.177  -19.930  -25.451 0.5555555820
120626  -23.419  -19.752  -26.255 0.5555555820
121821  -23.075  -18.511  -26.541 0.6666666865
122981  -23.415  -18.102  -27.092 0.5555555820
121834  -24.010  -18.398  -27.323 0.5555555820
124091  -26.419  -17.095  -29.135 0.7777777910
212443  -26.741  -16.560  -29.286 0.8888888955
205515  -24.459  -18.158  -27.647 0.6666666865
123000  -25.468  -17.544  -27.961 0.6666666865
124075  -25.448  -17.065  -28.400 0.8888888955
126237  -27.778  -16.227  -29.849 0.7777777910
126246  -28.033  -15.469  -29.870 0.7777777910
128617  -28.151  -14.163  -30.287 0.8888888955
121768  -20.621  -18.560  -24.296 0.4444444478
124036  -21.634  -17.388  -24.975 0.5555555820
211650  -27.642  -13.655  -30.384 1.0000000000
214949  -20.967  -15.747  -25.032 0.2222222239
126188  -21.493  -15.631  -25.926 0.6666666865
216094  -28.872  -12.513  -30.966 0.8888888955
131003  -29.149  -12.139  -31.038 0.6666666865
133201  -30.387  -11.063  -30.478 0.7777777910
133202  -31.196  -10.878  -30.936 0.6666666865
128573  -21.640  -13.775  -26.347 0.5555555820
134401  -32.166  -9.954  -30.996 0.6666666865
130946  -21.258  -12.441  -26.491 0.4444444478
135552  -32.812  -9.596  -31.284 0.5555555820
136706  -33.987  -8.075  -30.212 0.5555555820
208943  -21.089  -9.614  -26.823 0.2222222239
137845  -34.077  -7.457  -30.562 0.5555555820
230534  -21.091  -7.865  -27.780 0.4444444478
212817  -33.848  -6.918  -30.743 0.5555555820
217916  -20.675  -5.225  -27.545 0.3333333433
141223  -33.777  -5.721  -30.023 0.5555555820
218995  -22.800  -4.656  -28.754 0.4444444478
141216  -33.259  -5.154  -29.545 0.4444444478
143513  -22.427  -3.070  -27.631 0.3333333433
142379  -32.603  -4.142  -30.085 0.5555555820
143526  -32.432  -3.599  -30.239 0.4444444478
144534  -26.973  -2.464  -26.502 0.3333333433
144547  -26.485  -2.807  -26.533 0.3333333433
143483  -25.981  -3.308  -26.559 0.4444444478
144582  -31.444  -2.761  -31.381 0.4444444478
146532  -30.838  -1.669  -31.288 0.4444444478
147541  -30.681  -0.672  -31.154 0.2222222239
146489  -28.877  -1.604  -26.128 0.3333333433
146491  -29.846  -1.456  -26.856 0.6666666865
207624  -29.927  -1.695  -29.653 0.6666666865
146518  -29.694  -1.200  -30.589 0.6666666865
147529  -29.829  -0.572  -29.858 0.6666666865
147540  -28.876  -0.793  -31.500 0.6666666865
147545  -28.879  -0.881  -32.383 0.6666666865
148592  -29.305  -0.331  -32.440 0.4444444478
147547  -30.581  -0.182  -32.005 0.3333333433
217037  -29.953  -0.866  -27.115 0.5555555820
122954  -22.074  -18.232  -25.311 0.5555555820
122973  -22.600  -17.966  -26.325 0.6666666865
121807  -23.056  -19.145  -25.995 0.6666666865
121822  -23.667  -18.610  -26.866 0.6666666865
124050  -22.564  -17.440  -26.739 0.6666666865
122990  -23.903  -17.713  -27.491 0.7777777910
124063  -23.095  -16.727  -27.426 0.8888888955
124065  -24.277  -17.014  -27.718 0.8888888955
233478  -24.458  -15.509  -28.602 1.0000000000
127393  -23.610  -14.985  -28.148 1.0000000000
125123  -24.338  -16.259  -28.370 0.8888888955
126208  -23.381  -15.535  -27.844 1.0000000000
218603  -26.753  -15.242  -29.372 1.0000000000
125144  -25.620  -16.123  -28.990 0.8888888955
125145  -26.227  -16.396  -29.129 0.8888888955
120612  -21.774  -19.323  -25.204 0.5555555820
121786  -21.526  -18.598  -24.804 0.4444444478
122953  -21.752  -17.905  -24.771 0.5555555820
124037  -21.877  -17.568  -25.590 0.6666666865
204684  -22.078  -17.505  -26.297 0.6666666865
227668  -21.919  -16.590  -26.339 0.8888888955
124049  -21.848  -16.994  -26.086 0.5555555820
125115  -22.824  -16.142  -27.015 0.8888888955
125131  -25.201  -16.498  -28.591 0.8888888955
126234  -25.551  -15.501  -29.103 1.0000000000
127407  -25.242  -14.990  -29.078 1.0000000000
196123  -25.585  -14.366  -29.113 1.0000000000
127417  -27.884  -14.739  -30.107 1.0000000000
128615  -26.577  -13.766  -30.348 1.0000000000
125093  -21.275  -16.330  -25.222 0.5555555820
223345  -21.260  -15.865  -25.525 0.6666666865
125104  -22.077  -15.949  -26.253 0.8888888955
124048  -21.609  -16.922  -25.429 0.6666666865
126207  -22.745  -15.566  -27.487 1.0000000000
126189  -21.931  -15.276  -26.359 0.8888888955
206533  -22.113  -14.502  -27.391 0.8888888955
126199  -22.222  -15.648  -27.057 1.0000000000
128583  -22.574  -14.373  -27.802 1.0000000000
128574  -21.873  -14.189  -26.868 0.8888888955
211100  -22.292  -13.137  -27.476 1.0000000000
202835  -23.959  -14.364  -28.351 1.0000000000
128591  -23.559  -13.823  -28.357 1.0000000000
127406  -25.037  -14.354  -28.947 1.0000000000
130968  -23.349  -12.661  -28.363 1.0000000000
130969  -23.576  -12.500  -28.773 1.0000000000
129847  -26.310  -13.159  -30.449 1.0000000000
129850  -28.234  -13.330  -30.348 0.8888888955
130994  -27.226  -12.555  -30.690 1.0000000000
206258  -26.241  -11.953  -30.016 1.0000000000
217194  -25.025  -11.993  -29.444 1.0000000000
129859  -28.059  -12.454  -30.702 1.0000000000
232697  -28.759  -12.025  -31.175 0.8888888955
132090  -29.759  -11.674  -30.789 0.7777777910
130958  -22.532  -12.362  -27.559 1.0000000000
207481  -22.073  -11.832  -27.396 0.5555555820
129805  -21.888  -13.450  -26.937 0.6666666865
130959  -22.954  -12.846  -27.835 1.0000000000
130978  -23.736  -12.025  -28.995 1.0000000000
132054  -22.868  -11.392  -28.324 0.8888888955
132066  -24.067  -11.387  -29.121 1.0000000000
133191  -25.578  -10.528  -29.665 1.0000000000
132078  -26.317  -11.201  -29.941 1.0000000000
133194  -27.031  -10.849  -29.836 1.0000000000
133195  -28.356  -10.914  -30.025 1.0000000000
134393  -29.353  -10.016  -29.944 0.8888888955
134395  -30.838  -9.990  -30.760 0.7777777910
135550  -31.647  -9.601  -30.971 0.6666666865
132045  -21.503  -11.105  -27.045 0.5555555820
132046  -21.807  -11.366  -27.299 0.5555555820
133161  -21.544  -10.531  -27.318 0.6666666865
134360  -22.201  -10.027  -28.012 0.6666666865
132053  -22.136  -11.241  -27.834 0.7777777910
133171  -22.474  -10.671  -28.244 0.7777777910
133172  -22.586  -10.110  -28.693 0.7777777910
135518  -22.697  -8.762  -28.904 0.6666666865
135529  -22.974  -8.911  -29.683 0.8888888955
203888  -22.957  -9.997  -29.282 0.8888888955
134387  -23.781  -9.674  -29.803 0.8888888955
132065  -23.424  -11.383  -28.837 0.8888888955
133180  -23.723  -10.755  -29.178 1.0000000000
134373  -24.645  -9.887  -29.135 0.8888888955
134374  -25.764  -9.777  -29.527 1.0000000000
134377  -27.855  -9.798  -29.531 1.0000000000
135544  -29.451  -9.283  -29.680 0.8888888955
229912  -30.839  -8.655  -30.385 0.8888888955
196142  -30.810  -9.266  -30.568 0.7777777910
136709  -31.887  -8.844  -30.886 0.7777777910
137844  -32.715  -7.984  -29.853 0.6666666865
136705  -33.449  -8.718  -30.700 0.5555555820
211504  -33.409  -7.970  -30.268 0.6666666865
136657  -21.749  -8.791  -28.052 0.5555555820
196311  -21.039  -9.142  -27.219 0.3333333433
135505  -21.364  -9.292  -27.722 0.4444444478
135506  -21.833  -9.470  -28.021 0.6666666865
137831  -23.098  -7.498  -29.414 0.6666666865
136686  -23.285  -8.215  -29.561 0.7777777910
135530  -24.762  -9.046  -29.079 0.8888888955
134375  -26.210  -9.909  -29.483 1.0000000000
136692  -27.129  -8.882  -28.998 1.0000000000
136695  -29.871  -8.119  -29.728 0.7777777910
233281  -33.471  -7.261  -30.854 0.5555555820
137834  -24.784  -7.833  -28.853 0.8888888955
138977  -31.539  -6.447  -30.277 0.7777777910
138978  -32.318  -6.622  -30.570 0.7777777910
219708  -21.325  -6.248  -28.515 0.4444444478
138955  -24.946  -6.935  -28.579 0.8888888955
137820  -27.976  -7.637  -28.484 1.0000000000
138960  -28.935  -6.975  -28.487 0.8888888955
140091  -31.737  -5.873  -30.435 0.6666666865
218668  -25.160  -5.535  -28.454 0.6666666865
140076  -25.099  -6.166  -28.459 0.8888888955
138939  -28.549  -6.647  -28.127 1.0000000000
138970  -30.585  -6.514  -29.687 0.8888888955
230618  -32.024  -5.332  -30.193 0.6666666865
141219  -30.570  -5.047  -30.543 0.8888888955
142385  -32.273  -4.757  -30.191 0.5555555820
142370  -24.172  -4.402  -28.249 0.5555555820
213715  -24.667  -5.079  -28.428 0.5555555820
140060  -26.736  -5.943  -27.704 1.0000000000
141191  -26.505  -5.264  -27.588 0.7777777910
141190  -25.830  -5.030  -27.817 0.7777777910
141206  -28.982  -5.849  -27.670 0.8888888955
141193  -28.213  -5.467  -27.599 0.7777777910
236235  -25.920  -3.875  -26.870 0.5555555820
142334  -26.466  -4.161  -27.006 0.5555555820
143484  -26.887  -3.577  -26.769 0.4444444478
142358  -26.933  -4.755  -27.345 0.6666666865
142336  -27.999  -4.262  -27.228 0.6666666865
142371  -24.788  -4.562  -27.928 0.7777777910
142356  -25.049  -3.885  -27.416 0.6666666865
142360  -28.392  -4.752  -27.542 0.7777777910
141192  -27.269  -5.377  -27.539 0.7777777910
142378  -30.282  -4.480  -29.806 0.7777777910
214982  -30.031  -3.873  -30.032 0.6666666865
142389  -29.598  -4.559  -32.442 0.6666666865
222236  -29.372  -3.860  -31.897 0.6666666865
221360  -29.359  -2.930  -32.539 0.6666666865
144591  -30.250  -3.188  -33.038 0.5555555820
143535  -30.665  -3.905  -33.351 0.5555555820
145565  -30.878  -2.187  -31.558 0.4444444478
144583  -31.987  -2.885  -30.391 0.4444444478
144549  -28.216  -3.159  -26.726 0.5555555820
143506  -29.363  -3.694  -27.363 0.6666666865
140072  -22.103  -5.377  -28.980 0.4444444478
137799  -20.793  -7.356  -27.739 0.4444444478
140071  -21.530  -5.462  -28.561 0.4444444478
146527  -31.223  -1.149  -30.611 0.3333333433
231492  -29.845  -0.293  -32.462 0.3333333433
205623  -22.340  -19.308  -25.672 0.5555555820
124092  -27.620  -17.342  -29.314 0.6666666865
120611  -21.163  -19.198  -24.691 0.4444444478
120596  -21.637  -19.861  -24.924 0.5555555820
129851  -28.833  -13.715  -30.182 0.7777777910
120595  -20.983  -19.103  -24.102 0.3333333433
132091  -30.704  -11.677  -30.616 0.6666666865
127364  -21.772  -14.605  -26.348 0.7777777910
134349  -21.236  -9.610  -27.451 0.3333333433
134335  -21.274  -10.083  -27.157 0.3333333433
134323  -20.969  -10.164  -26.547 0.1111111119
135491  -20.728  -9.109  -26.481 0.1111111119
138934  -20.706  -6.721  -27.573 0.4444444478
220756  -21.150  -5.114  -27.972 0.3333333433
141202  -22.297  -4.619  -28.804 0.3333333433
218373  -28.789  -0.427  -32.113 0.6666666865
147551  -28.873  -0.430  -32.222 0.4444444478
118341  -27.200  -21.219  -28.073 0.4444444478
234815  -29.258  -21.499  -27.114 0.2222222239
119476  -23.140  -20.491  -26.264 0.4444444478
119489  -24.199  -20.768  -26.845 0.4444444478
120641  -23.962  -19.694  -26.696 0.4444444478
120642  -24.484  -19.764  -27.166 0.4444444478
119503  -26.228  -20.493  -27.940 0.4444444478
119519  -27.265  -20.176  -28.393 0.4444444478
119522  -28.994  -20.375  -28.302 0.2222222239
121836  -25.146  -18.976  -28.015 0.4444444478
121837  -25.679  -19.209  -28.222 0.4444444478
120671  -26.466  -19.273  -28.003 0.4444444478
120676  -29.766  -19.574  -28.510 0.1111111119
120662  -30.625  -19.370  -27.607 0.1111111119
121846  -26.812  -18.844  -28.426 0.4444444478
120689  -28.784  -19.403  -29.321 0.3333333433
121845  -25.494  -18.661  -28.328 0.4444444478
198072  -26.103  -18.711  -28.385 0.4444444478
121847  -27.474  -19.088  -28.773 0.3333333433
121865  -28.716  -18.878  -29.393 0.3333333433
121867  -30.055  -18.915  -28.919 0.2222222239
121863  -27.166  -18.442  -28.789 0.4444444478
121864  -27.920  -18.584  -29.019 0.3333333433
123001  -25.825  -18.058  -28.535 0.5555555820
123002  -26.433  -18.379  -28.875 0.4444444478
124102  -29.983  -17.285  -30.045 0.2222222239
124095  -30.703  -17.131  -29.665 0.1111111119
125133  -30.868  -16.149  -29.078 0.1111111119
124094  -29.006  -17.444  -29.492 0.3333333433
212202  -30.191  -16.678  -30.178 0.3333333433
126247  -28.442  -16.197  -29.871 0.4444444478
196267  -28.939  -15.652  -29.918 0.5555555820
127419  -29.484  -15.097  -30.000 0.6666666865
128620  -30.687  -14.437  -30.483 0.4444444478
196747  -29.099  -14.376  -30.124 0.6666666865
130982  -32.085  -12.955  -30.078 0.3333333433
128618  -29.686  -13.959  -30.681 0.6666666865
131006  -31.457  -13.026  -31.047 0.5555555820
129861  -29.025  -13.153  -30.658 0.6666666865
131005  -31.066  -12.389  -30.945 0.5555555820
211823  -31.442  -12.350  -30.886 0.5555555820
215812  -31.849  -13.276  -30.763 0.4444444478
224343  -32.149  -11.208  -30.105 0.3333333433
131004  -30.242  -12.380  -30.714 0.5555555820
133197  -32.844  -9.905  -30.441 0.4444444478
135553  -33.003  -9.595  -31.125 0.5555555820
214037  -31.768  -11.049  -30.585 0.4444444478
135546  -33.119  -9.247  -31.037 0.4444444478
146512  -30.015  -1.126  -28.949 0.5555555820
211656  -29.298  -0.128  -30.383 0.5555555820
148576  -29.243  0.504  -30.871 0.5555555820
117039  -26.145  -21.558  -27.625 0.4444444478
119506  -28.811  -21.047  -28.161 0.2222222239
121808  -23.633  -19.106  -26.446 0.4444444478
121849  -29.388  -19.310  -29.049 0.2222222239
233625  -30.237  -18.009  -29.864 0.2222222239
225460  -30.691  -17.703  -29.262 0.1111111119
126249  -30.604  -16.085  -30.492 0.4444444478
126250  -30.810  -16.119  -30.318 0.3333333433
125156  -29.316  -16.358  -29.845 0.4444444478
128619  -30.398  -14.264  -30.689 0.6666666865
128629  -30.944  -13.847  -30.943 0.4444444478
226188  -32.304  -10.486  -30.366 0.3333333433
135547  -33.286  -9.397  -30.686 0.4444444478
138980  -34.835  -7.036  -30.252 0.4444444478
147517  -29.970  -0.360  -28.564 0.5555555820
148542  -30.046  0.443  -28.104 0.5555555820
121823  -24.234  -19.062  -26.995 0.4444444478
127410  -31.348  -14.493  -29.552 0.2222222239
148575  -29.043  0.151  -31.685 0.5555555820
117015  -24.384  -22.613  -26.467 0.4444444478
117026  -25.523  -22.275  -27.049 0.4444444478
228186  -26.576  -22.667  -27.022 0.4444444478
117030  -28.533  -22.420  -27.221 0.2222222239
117031  -29.033  -21.942  -27.033 0.2222222239
118331  -29.521  -21.459  -26.607 0.1111111119
119475  -22.650  -20.604  -25.673 0.4444444478
118319  -23.590  -21.581  -26.514 0.4444444478
119508  -29.749  -20.333  -27.549 0.1111111119
120661  -30.086  -19.827  -27.927 0.1111111119
118332  -29.854  -20.896  -26.573 0.1111111119
201032  -30.784  -18.755  -27.588 0.1111111119
123003  -30.725  -17.947  -28.690 0.1111111119
124066  -31.025  -17.012  -27.919 0.1111111119
126222  -31.204  -15.189  -28.165 0.1111111119
127396  -31.257  -14.868  -28.930 0.1111111119
128593  -31.695  -13.690  -28.628 0.2222222239
130983  -32.118  -12.266  -29.488 0.1111111119
129838  -31.862  -13.339  -29.377 0.2222222239
133183  -32.529  -11.013  -29.557 0.2222222239
133184  -32.780  -10.338  -29.595 0.2222222239
134379  -33.090  -9.677  -29.675 0.3333333433
212290  -33.670  -8.711  -30.515 0.4444444478
204185  -34.789  -7.588  -30.155 0.3333333433
138981  -36.078  -6.959  -30.057 0.3333333433
140095  -35.226  -6.594  -29.896 0.3333333433
142333  -25.415  -3.454  -26.822 0.4444444478
203347  -32.878  -4.504  -29.500 0.4444444478
145560  -32.094  -2.312  -29.921 0.3333333433
148591  -28.989  0.149  -32.094 0.5555555820
147504  -29.890  -0.251  -27.571 0.5555555820
148552  -29.885  0.148  -29.200 0.5555555820
148561  -29.763  0.541  -29.815 0.5555555820
219079  -29.665  1.188  -30.069 0.5555555820
219531  -29.613  0.357  -27.126 0.5555555820
120625  -22.756  -19.903  -25.900 0.4444444478
119488  -23.750  -20.310  -26.578 0.4444444478
124076  -26.021  -17.464  -28.829 0.5555555820
124077  -26.373  -17.766  -28.963 0.5555555820
125147  -27.653  -16.793  -29.728 0.6666666865
127418  -28.569  -14.914  -29.999 0.6666666865
133203  -31.515  -10.947  -30.787 0.5555555820
133204  -32.006  -10.394  -30.921 0.4444444478
140094  -34.299  -6.360  -30.331 0.4444444478
145559  -31.481  -2.196  -30.645 0.3333333433
124093  -28.237  -17.112  -29.531 0.3333333433
123017  -27.469  -17.949  -29.041 0.3333333433
118339  -25.855  -20.996  -27.646 0.4444444478
118350  -28.009  -20.913  -28.048 0.4444444478
211129  -27.881  -21.383  -27.583 0.3333333433
119505  -27.369  -20.709  -28.369 0.4444444478
117040  -26.724  -21.714  -27.650 0.4444444478
117043  -28.737  -21.893  -27.392 0.3333333433
119491  -29.433  -20.910  -27.133 0.1111111119
118318  -23.157  -21.077  -26.147 0.4444444478
118328  -24.076  -21.571  -26.913 0.4444444478
209527  -24.222  -20.196  -26.889 0.4444444478
220390  -24.987  -21.812  -26.767 0.4444444478
118329  -24.811  -21.153  -26.979 0.4444444478
120657  -24.925  -19.264  -27.342 0.4444444478
118338  -25.232  -20.879  -27.412 0.4444444478
119502  -25.481  -20.292  -27.639 0.4444444478
120658  -25.366  -19.582  -27.797 0.4444444478
119518  -26.662  -19.932  -28.079 0.4444444478
119521  -28.462  -20.510  -28.297 0.4444444478
120674  -28.426  -19.889  -28.638 0.4444444478
120673  -27.690  -19.719  -28.664 0.4444444478
120660  -29.582  -20.200  -28.233 0.1111111119
120675  -29.156  -19.789  -28.661 0.2222222239
121839  -30.517  -18.854  -28.162 0.1111111119
120645  -30.845  -19.550  -26.851 0.1111111119
123019  -29.250  -18.276  -29.695 0.3333333433
123018  -28.393  -17.893  -29.140 0.3333333433
235317  -29.924  -18.570  -29.540 0.2222222239
121868  -30.402  -18.242  -29.421 0.2222222239
125157  -30.610  -16.595  -30.169 0.2222222239
125149  -30.847  -16.446  -29.842 0.1111111119
200418  -30.820  -16.717  -29.155 0.1111111119
126238  -31.059  -15.868  -29.940 0.1111111119
204181  -30.902  -16.552  -28.455 0.1111111119
124100  -28.807  -16.773  -29.625 0.3333333433
127420  -30.342  -15.386  -30.406 0.4444444478
223057  -30.441  -14.848  -30.496 0.4444444478
128621  -31.208  -14.053  -30.314 0.3333333433
127421  -30.730  -15.421  -30.296 0.4444444478
127409  -31.088  -15.144  -29.680 0.3333333433
129839  -31.874  -12.654  -29.031 0.1111111119
128630  -31.500  -13.636  -31.087 0.4444444478
129862  -30.404  -13.152  -30.787 0.5555555820
128628  -30.476  -13.731  -30.792 0.5555555820
132082  -31.482  -11.761  -30.648 0.5555555820
132083  -31.820  -11.775  -30.271 0.3333333433
212570  -29.884  -0.815  -27.955 0.5555555820
118330  -25.621  -21.478  -27.008 0.4444444478
117028  -26.959  -22.307  -27.287 0.4444444478
124078  -30.788  -17.236  -28.729 0.1111111119
148530  -29.730  1.036  -27.348 0.5555555820
233628  -25.441  -22.839  -27.092 0.4444444478
217249  -24.491  -22.130  -26.636 0.4444444478
231161  -27.588  -22.494  -27.247 0.4444444478
227844  -28.372  -22.695  -26.729 0.2222222239
117041  -27.516  -21.853  -27.424 0.4444444478
117013  -23.376  -21.623  -25.699 0.4444444478
118309  -22.449  -21.133  -25.143 0.4444444478
120644  -30.225  -19.863  -27.156 0.1111111119
119492  -29.968  -20.406  -26.834 0.1111111119
122982  -31.138  -18.391  -27.211 0.1111111119
106780  -26.295  -28.025  -23.241 0.1111111119
231120  -23.194  -26.804  -24.506 0.3333333433
108075  -25.175  -27.748  -24.550 0.2222222239
108047  -25.809  -27.675  -23.920 0.2222222239
106781  -26.946  -28.140  -23.567 0.1111111119
108049  -27.237  -28.056  -24.117 0.1111111119
113175  -21.625  -24.220  -23.249 0.3333333433
111892  -21.767  -25.414  -23.438 0.3333333433
110666  -22.394  -26.268  -23.857 0.3333333433
111915  -23.769  -25.761  -24.929 0.3333333433
110705  -25.034  -26.450  -25.715 0.3333333433
108095  -25.443  -27.706  -25.364 0.2222222239
110706  -25.561  -26.809  -25.937 0.2222222239
109401  -26.294  -27.501  -24.987 0.2222222239
108078  -27.515  -27.652  -24.506 0.1111111119
109402  -27.015  -27.486  -24.886 0.2222222239
115749  -21.265  -22.527  -23.544 0.2222222239
114495  -21.867  -23.577  -23.384 0.2222222239
111913  -22.563  -24.829  -24.120 0.3333333433
111914  -23.108  -25.546  -24.501 0.3333333433
109420  -26.738  -26.905  -25.247 0.1111111119
116984  -21.404  -22.079  -24.038 0.2222222239
115750  -21.778  -22.992  -23.745 0.3333333433
116985  -21.883  -22.191  -24.416 0.3333333433
115765  -22.108  -22.851  -24.367 0.3333333433
116986  -22.387  -22.323  -24.798 0.3333333433
115766  -22.633  -22.943  -24.870 0.3333333433
114512  -22.569  -23.508  -24.491 0.3333333433
114530  -23.355  -23.597  -25.526 0.3333333433
111950  -24.962  -24.965  -26.033 0.3333333433
113223  -24.098  -24.142  -26.072 0.3333333433
230993  -25.559  -24.924  -26.188 0.3333333433
113226  -26.000  -24.545  -26.424 0.3333333433
111953  -26.519  -25.048  -25.953 0.3333333433
111938  -26.967  -25.226  -25.379 0.1111111119
113212  -26.888  -24.659  -25.652 0.2222222239
233450  -21.779  -20.943  -24.074 0.2222222239
118294  -21.811  -21.556  -24.277 0.2222222239
117002  -22.808  -21.800  -25.198 0.3333333433
115784  -23.120  -22.985  -25.314 0.3333333433
115796  -24.166  -23.123  -26.181 0.3333333433
114541  -24.999  -23.889  -26.727 0.3333333433
114551  -25.369  -23.399  -27.124 0.3333333433
113227  -26.653  -24.479  -26.287 0.3333333433
113228  -27.358  -24.258  -26.043 0.1111111119
119450  -21.302  -20.458  -23.758 0.3333333433
117014  -23.673  -21.994  -26.090 0.3333333433
114552  -25.986  -23.484  -26.931 0.3333333433
115809  -25.953  -22.853  -27.047 0.3333333433
114554  -27.395  -23.186  -26.626 0.3333333433
135536  -33.389  -8.961  -29.649 0.2222222239
136696  -34.544  -8.101  -29.976 0.2222222239
136676  -34.280  -8.295  -29.107 0.2222222239
141217  -34.010  -5.398  -29.291 0.3333333433
140086  -34.604  -5.990  -29.739 0.2222222239
109398  -23.660  -27.111  -24.895 0.3333333433
109399  -24.271  -27.277  -25.250 0.3333333433
221309  -26.273  -27.645  -24.401 0.2222222239
109403  -27.562  -27.041  -24.829 0.1111111119
114511  -22.226  -23.511  -23.919 0.3333333433
113192  -23.379  -24.596  -25.143 0.3333333433
111936  -24.551  -25.268  -25.650 0.3333333433
110719  -25.379  -26.101  -25.878 0.3333333433
110721  -26.444  -25.736  -25.857 0.3333333433
226900  -22.051  -21.050  -24.616 0.3333333433
114553  -26.644  -23.242  -26.797 0.3333333433
106762  -25.073  -28.054  -22.790 0.1111111119
213015  -25.742  -27.963  -22.682 0.1111111119
110665  -21.895  -26.179  -23.317 0.3333333433
109376  -22.223  -26.943  -23.690 0.3333333433
108043  -22.533  -27.787  -24.187 0.3333333433
108044  -23.342  -28.125  -24.470 0.3333333433
108045  -23.931  -28.025  -24.460 0.3333333433
202157  -24.530  -27.884  -24.352 0.3333333433
211708  -26.358  -28.166  -22.423 0.1111111119
106782  -27.529  -28.167  -23.361 0.1111111119
210917  -21.874  -24.822  -23.633 0.3333333433
108050  -27.875  -27.803  -23.911 0.1111111119
210069  -21.538  -23.094  -23.253 0.2222222239
109404  -28.300  -26.915  -24.416 0.1111111119
111916  -27.492  -25.785  -25.066 0.1111111119
111940  -28.033  -24.871  -24.905 0.1111111119
118293  -21.437  -21.310  -23.768 0.2222222239
113214  -28.228  -24.322  -25.035 0.1111111119
113229  -27.919  -23.952  -25.605 0.1111111119
115798  -27.918  -22.914  -26.320 0.1111111119
120575  -20.995  -19.512  -23.788 0.1111111119
137837  -35.452  -7.600  -29.860 0.2222222239
204186  -33.545  -4.676  -28.881 0.2222222239
141209  -34.165  -5.159  -28.533 0.2222222239
127363  -21.418  -14.927  -25.896 0.5555555820
122926  -20.861  -18.196  -24.266 0.3333333433
198966  -21.262  -19.751  -24.291 0.3333333433
119451  -21.727  -20.435  -24.433 0.4444444478
119464  -22.113  -20.500  -25.069 0.4444444478
138971  -35.987  -6.739  -29.766 0.2222222239
106763  -26.957  -28.244  -22.899 0.1111111119
108046  -24.943  -27.897  -23.687 0.1111111119
109377  -22.761  -26.893  -24.130 0.3333333433
110687  -23.468  -26.323  -24.657 0.3333333433
111893  -22.387  -25.665  -24.186 0.3333333433
108072  -23.214  -27.437  -24.523 0.3333333433
108073  -23.828  -27.724  -24.866 0.3333333433
113176  -22.263  -24.151  -23.638 0.3333333433
228070  -22.111  -25.299  -23.852 0.3333333433
109416  -24.086  -26.553  -25.061 0.3333333433
109400  -24.943  -27.388  -25.591 0.3333333433
235545  -23.443  -25.167  -24.906 0.3333333433
110704  -24.461  -25.967  -25.399 0.3333333433
109418  -25.384  -27.398  -25.828 0.2222222239
110707  -26.237  -26.523  -25.792 0.2222222239
216123  -23.078  -24.872  -24.654 0.3333333433
113190  -22.613  -24.038  -24.046 0.3333333433
110688  -28.094  -26.347  -24.958 0.1111111119
213588  -26.862  -26.097  -25.427 0.1111111119
115764  -21.519  -22.554  -24.171 0.3333333433
116973  -21.048  -21.804  -23.475 0.2222222239
118308  -22.250  -21.677  -24.718 0.3333333433
208806  -22.818  -22.467  -25.169 0.3333333433
113209  -23.150  -24.067  -25.273 0.3333333433
113191  -22.858  -24.224  -24.726 0.3333333433
113210  -23.631  -24.209  -25.636 0.3333333433
113224  -24.660  -24.310  -26.268 0.3333333433
111951  -25.461  -25.493  -25.992 0.3333333433
114540  -24.376  -23.758  -26.381 0.3333333433
114542  -25.632  -24.036  -27.038 0.3333333433
111917  -28.081  -25.435  -24.489 0.1111111119
118282  -20.857  -21.074  -23.356 0.2222222239
117003  -23.447  -22.274  -25.489 0.3333333433
114544  -27.054  -23.838  -26.480 0.3333333433
216199  -27.652  -23.568  -26.183 0.1111111119
106736  -24.523  -28.374  -22.288 0.1111111119
106779  -24.143  -28.243  -23.960 0.2222222239
109369  -21.703  -26.964  -23.210 0.3333333433
211075  -21.463  -26.391  -22.820 0.2222222239
108042  -22.056  -27.639  -23.562 0.3333333433
106777  -22.899  -28.496  -24.122 0.3333333433
106778  -23.619  -28.616  -24.192 0.3333333433
111891  -21.326  -24.885  -23.172 0.2222222239
111879  -20.949  -24.902  -22.471 0.2222222239
136697  -34.922  -8.006  -29.385 0.1111111119
136677  -34.860  -7.860  -28.565 0.1111111119
137793  -36.479  -7.204  -27.507 0.1111111119
137822  -35.921  -7.557  -29.266 0.1111111119
140081  -36.104  -6.560  -28.521 0.1111111119
140063  -36.240  -6.511  -27.816 0.1111111119
140087  -35.416  -6.311  -29.484 0.1111111119
140044  -35.336  -6.102  -27.836 0.1111111119
140080  -35.455  -6.115  -28.766 0.1111111119
143520  -32.694  -3.739  -29.468 0.2222222239
141210  -34.710  -5.766  -29.022 0.1111111119
141196  -34.696  -5.621  -28.228 0.1111111119
144578  -32.434  -2.914  -29.486 0.1111111119
145555  -31.752  -1.688  -29.993 0.1111111119
144572  -32.602  -2.554  -28.677 0.1111111119
145550  -32.345  -1.878  -28.450 0.1111111119
221300  -29.267  0.240  -26.512 0.4444444478
147530  -31.575  -0.612  -30.191 0.1111111119
148605  -29.155  0.458  -32.310 0.3333333433
148593  -29.973  0.374  -32.173 0.2222222239
148594  -30.994  0.567  -31.294 0.1111111119
148577  -31.764  0.575  -30.289 0.1111111119
149656  -30.011  1.207  -28.076 0.4444444478
149648  -29.759  1.806  -27.530 0.4444444478
216351  -30.048  0.979  -28.974 0.4444444478
203118  -30.109  1.744  -28.497 0.4444444478
217559  -29.947  1.613  -29.403 0.4444444478
150668  -29.485  2.059  -30.586 0.4444444478
150673  -27.926  2.364  -31.893 0.4444444478
149684  -28.023  1.392  -32.193 0.2222222239
150681  -28.121  2.264  -32.441 0.2222222239
149697  -28.403  1.182  -32.498 0.2222222239
149685  -29.468  1.241  -32.189 0.2222222239
149686  -30.511  1.270  -31.879 0.2222222239
153549  -30.339  4.791  -31.280 0.1111111119
152513  -30.493  3.897  -31.752 0.1111111119
150674  -31.630  2.112  -30.921 0.1111111119
148529  -29.231  0.849  -26.715 0.4444444478
149641  -28.865  1.387  -26.361 0.4444444478
149642  -29.407  1.516  -26.771 0.3333333433
225672  -29.998  2.231  -27.952 0.4444444478
225652  -30.319  2.322  -28.506 0.4444444478
150666  -30.136  2.175  -29.263 0.4444444478
152473  -30.358  3.522  -27.734 0.3333333433
151562  -29.840  2.740  -30.200 0.3333333433
152511  -29.501  3.137  -30.889 0.1111111119
223581  -28.099  2.776  -32.171 0.1111111119
233708  -29.306  2.800  -32.194 0.1111111119
150694  -28.771  1.958  -32.535 0.2222222239
151575  -28.918  2.532  -32.333 0.1111111119
151569  -29.906  2.848  -32.300 0.1111111119
148519  -28.739  0.673  -26.506 0.2222222239
205782  -29.548  2.090  -26.720 0.3333333433
150660  -29.706  2.634  -26.147 0.3333333433
151555  -30.322  2.810  -27.994 0.3333333433
151559  -30.255  2.760  -28.949 0.4444444478
152479  -30.252  3.435  -28.634 0.2222222239
152493  -29.957  3.390  -29.661 0.2222222239
200506  -30.091  3.723  -30.439 0.1111111119
152480  -30.256  4.076  -28.439 0.1111111119
152494  -30.218  3.989  -29.407 0.1111111119
152512  -30.110  3.940  -31.215 0.1111111119
153539  -30.272  4.671  -29.237 0.1111111119
153548  -30.140  4.623  -30.493 0.1111111119
150659  -29.250  2.021  -26.133 0.3333333433
150640  -27.374  2.566  -25.396 0.3333333433
228545  -29.039  2.997  -25.820 0.3333333433
151552  -30.106  3.083  -26.960 0.3333333433
152471  -30.106  3.771  -26.868 0.2222222239
152474  -30.218  4.215  -27.599 0.2222222239
153504  -30.190  4.799  -27.422 0.1111111119
210052  -30.047  5.370  -29.038 0.1111111119
155633  -29.451  6.801  -30.383 0.1111111119
230744  -27.266  2.930  -25.145 0.1111111119
152454  -27.256  3.495  -25.080 0.1111111119
152457  -27.197  3.492  -25.100 0.2222222239
217633  -28.452  3.590  -25.747 0.3333333433
152456  -27.928  4.183  -25.396 0.2222222239
151543  -29.727  3.305  -26.074 0.3333333433
232072  -28.669  4.112  -25.901 0.3333333433
153492  -28.668  4.611  -26.061 0.2222222239
153493  -29.716  4.888  -26.198 0.1111111119
154551  -28.799  5.269  -26.079 0.1111111119
154557  -30.084  5.188  -26.813 0.1111111119
153521  -30.244  4.739  -28.252 0.1111111119
154572  -30.126  5.485  -27.957 0.1111111119
154589  -29.998  6.018  -28.955 0.1111111119
219873  -29.976  5.483  -30.098 0.1111111119
154607  -30.134  5.712  -30.754 0.1111111119
153557  -31.208  4.855  -31.477 0.1111111119
152446  -28.168  4.216  -23.459 0.1111111119
153481  -27.314  4.871  -23.667 0.1111111119
154542  -27.135  5.030  -23.857 0.1111111119
153483  -27.151  4.918  -24.639 0.1111111119
153487  -27.856  4.960  -25.770 0.2222222239
154545  -27.584  5.207  -25.159 0.1111111119
154546  -28.255  5.607  -25.734 0.1111111119
155591  -28.981  6.494  -25.431 0.1111111119
221215  -29.106  5.994  -26.147 0.1111111119
210304  -29.031  6.551  -26.218 0.1111111119
155602  -29.984  5.993  -27.229 0.1111111119
153479  -28.724  4.273  -22.566 0.1111111119
153475  -29.103  4.571  -21.781 0.1111111119
209415  -27.506  5.192  -22.145 0.1111111119
195907  -27.823  5.314  -23.101 0.1111111119
195905  -28.143  6.027  -22.880 0.1111111119
205632  -28.172  5.546  -23.902 0.1111111119
156601  -27.875  6.735  -23.143 0.1111111119
220107  -28.355  6.715  -24.792 0.1111111119
196037  -29.047  5.300  -21.230 0.1111111119
195667  -29.550  5.495  -20.905 0.1111111119
155576  -28.937  6.177  -22.111 0.1111111119
137800  -35.669  -7.640  -28.119 0.1111111119
137823  -36.438  -7.218  -29.458 0.1111111119
138940  -36.356  -6.867  -28.157 0.1111111119
213235  -36.402  -6.877  -27.372 0.1111111119
142375  -33.841  -4.508  -28.145 0.1111111119
141195  -34.447  -4.784  -27.881 0.1111111119
142374  -33.394  -4.137  -28.365 0.1111111119
146520  -32.197  -1.446  -29.071 0.1111111119
149683  -28.854  0.737  -31.912 0.4444444478
149696  -28.637  0.839  -32.278 0.3333333433
148562  -32.067  -0.067  -29.928 0.1111111119
150682  -29.891  2.109  -32.335 0.2222222239
230221  -29.642  3.449  -31.294 0.1111111119
152526  -29.784  3.176  -31.878 0.1111111119
151570  -30.815  3.226  -32.284 0.1111111119
150663  -29.753  2.468  -27.294 0.3333333433
153486  -27.267  4.646  -24.969 0.2222222239
153477  -27.094  5.076  -22.252 0.1111111119
155587  -28.238  6.112  -24.472 0.1111111119
156613  -28.566  7.261  -26.198 0.1111111119
156599  -28.833  6.443  -22.123 0.1111111119
155577  -30.578  6.058  -21.408 0.1111111119
232045  -36.453  -7.123  -26.271 0.1111111119
138927  -36.576  -7.199  -26.805 0.1111111119
143521  -33.061  -3.999  -28.852 0.2222222239
146519  -32.039  -1.057  -29.771 0.1111111119
147491  -29.595  -0.257  -26.816 0.4444444478
221959  -28.982  3.655  -22.870 0.1111111119
152444  -29.869  4.015  -21.896 0.1111111119
195787  -27.980  5.604  -22.402 0.1111111119
156594  -28.250  6.102  -22.360 0.1111111119
136653  -36.404  -7.655  -26.701 0.1111111119
135519  -33.708  -8.716  -28.878 0.1111111119
136658  -34.382  -8.560  -28.285 0.1111111119
137792  -36.222  -7.554  -27.489 0.1111111119
138915  -36.373  -7.205  -25.695 0.1111111119
137779  -36.515  -7.486  -26.177 0.1111111119
140010  -35.523  -6.308  -25.454 0.1111111119
140029  -35.107  -5.976  -26.421 0.1111111119
141163  -34.703  -5.300  -26.196 0.1111111119
221381  -34.621  -5.058  -26.881 0.1111111119
143509  -33.569  -3.793  -27.243 0.1111111119
142364  -33.935  -4.318  -27.533 0.1111111119
141175  -34.387  -4.633  -27.213 0.1111111119
143508  -33.188  -3.297  -27.587 0.1111111119
145544  -32.890  -2.171  -27.376 0.1111111119
146513  -32.394  -1.172  -28.341 0.1111111119
147531  -32.316  -0.788  -29.009 0.1111111119
148578  -32.439  0.456  -29.632 0.1111111119
150675  -32.463  2.126  -30.383 0.1111111119
150684  -31.872  2.771  -31.257 0.1111111119
149632  -28.485  1.414  -26.062 0.2222222239
150650  -28.256  2.041  -25.938 0.2222222239
208396  -30.516  3.315  -32.238 0.1111111119
213416  -27.282  2.616  -25.256 0.1111111119
151533  -27.325  3.029  -25.196 0.2222222239
153566  -31.511  4.902  -32.562 0.1111111119
150635  -27.381  1.680  -23.642 0.1111111119
212299  -28.651  2.234  -22.224 0.1111111119
152447  -29.764  3.524  -22.345 0.1111111119
155639  -30.922  6.557  -31.098 0.1111111119
152448  -30.446  3.401  -22.052 0.1111111119
152436  -30.803  3.974  -20.785 0.1111111119
156623  -28.859  7.177  -26.695 0.1111111119
156633  -30.015  7.969  -27.592 0.1111111119
155615  -29.666  7.580  -29.308 0.1111111119
211018  -29.525  7.961  -29.562 0.1111111119
195948  -30.589  4.823  -20.868 0.1111111119
195841  -29.944  5.328  -20.345 0.1111111119
156602  -27.741  7.178  -23.060 0.1111111119
157568  -28.063  7.898  -24.735 0.1111111119
155580  -29.920  6.488  -22.095 0.1111111119
211280  -31.355  -0.069  -30.761 0.1111111119
149672  -29.201  1.410  -31.321 0.4444444478
138972  -36.333  -7.071  -29.708 0.1111111119
145556  -32.334  -2.080  -29.248 0.2222222239
140030  -35.613  -6.353  -26.187 0.1111111119
221166  -35.005  -5.683  -26.994 0.1111111119
143516  -32.849  -3.264  -28.811 0.1111111119
144564  -32.525  -2.365  -27.945 0.1111111119
235073  -32.222  -0.545  -29.637 0.1111111119
151564  -28.692  2.682  -31.583 0.2222222239
214801  -30.930  1.875  -31.748 0.2222222239
149673  -31.519  1.316  -30.842 0.1111111119
150683  -30.849  2.567  -31.902 0.2222222239
150651  -28.622  2.549  -25.819 0.3333333433
151537  -27.654  3.032  -25.467 0.3333333433
152463  -29.440  4.089  -26.207 0.2222222239
153501  -30.120  4.488  -26.695 0.1111111119
230691  -29.581  6.137  -30.527 0.1111111119
155625  -29.554  6.776  -29.597 0.1111111119
155638  -29.833  6.660  -30.715 0.1111111119
156647  -29.460  7.433  -30.100 0.1111111119
151529  -27.515  3.141  -24.178 0.1111111119
152453  -27.345  4.121  -24.975 0.1111111119
154552  -29.711  5.630  -26.410 0.1111111119
155614  -30.150  6.571  -28.302 0.1111111119
152450  -27.260  4.242  -24.430 0.1111111119
152451  -28.001  3.614  -23.840 0.1111111119
153478  -27.267  4.913  -22.394 0.1111111119
153484  -27.145  4.580  -24.473 0.1111111119
218428  -27.531  5.424  -24.590 0.1111111119
155590  -28.103  5.860  -25.065 0.1111111119
156608  -28.397  7.274  -25.204 0.1111111119
155601  -29.520  6.461  -26.737 0.1111111119
228606  -29.648  7.261  -27.014 0.1111111119
156624  -29.947  6.893  -27.485 0.1111111119
152443  -29.484  4.035  -22.202 0.1111111119
228102  -29.818  4.310  -21.675 0.1111111119
153469  -28.967  4.770  -21.158 0.1111111119
155575  -28.349  5.602  -22.036 0.1111111119
156598  -28.131  6.634  -22.722 0.1111111119
157559  -27.802  7.114  -23.550 0.1111111119
156605  -28.154  7.265  -24.349 0.1111111119
136659  -34.922  -8.150  -27.736 0.1111111119
138926  -36.266  -6.828  -26.638 0.1111111119
143517  -33.141  -3.593  -28.247 0.1111111119
151571  -31.719  3.330  -31.870 0.1111111119
195669  -30.023  6.725  -22.164 0.1111111119
138914  -36.036  -6.786  -25.919 0.1111111119
195666  -30.775  3.687  -21.737 0.1111111119
144573  -32.856  -2.967  -28.137 0.1111111119
145543  -32.608  -1.663  -27.798 0.1111111119
235609  -32.149  1.657  -30.266 0.1111111119
152527  -31.098  3.820  -32.659 0.1111111119
203259  -31.004  4.116  -32.490 0.1111111119
204200  -28.700  3.316  -23.381 0.1111111119
157586  -29.515  8.196  -26.953 0.1111111119
156634  -30.121  7.457  -28.219 0.1111111119
157560  -27.970  7.583  -23.731 0.1111111119
157562  -28.071  8.155  -24.125 0.1111111119
106758  -22.063  -28.244  -23.195 0.2222222239
129769  -20.764  -13.244  -25.392 0.2222222239
130931  -20.914  -12.254  -25.977 0.2222222239
201508  -21.245  -16.915  -24.845 0.3333333433
128557  -21.283  -14.249  -26.002 0.3333333433
129804  -21.439  -13.121  -26.465 0.4444444478
129786  -21.102  -12.856  -25.898 0.3333333433
204618  -29.495  -0.848  -26.623 0.3333333433
146480  -29.148  -1.055  -26.198 0.2222222239
147480  -28.588  -0.154  -24.922 0.1111111119
144546  -25.631  -2.220  -26.351 0.2222222239
143505  -24.527  -2.575  -26.856 0.1111111119
127347  -20.612  -14.660  -25.675 0.2222222239
143482  -25.123  -2.301  -26.513 0.1111111119
146478  -27.208  -1.922  -26.064 0.1111111119
147461  -28.712  -1.021  -25.464 0.1111111119
148506  -28.426  0.088  -24.831 0.1111111119
148505  -28.079  0.357  -25.603 0.1111111119
146479  -28.442  -1.576  -26.063 0.1111111119
124019  -21.391  -17.524  -24.370 0.2222222239
126174  -20.623  -15.079  -25.044 0.2222222239
126175  -21.101  -15.274  -25.457 0.3333333433
137787  -20.631  -7.967  -27.351 0.2222222239
136646  -20.686  -8.549  -26.918 0.1111111119
137798  -20.409  -7.380  -27.116 0.3333333433
147490  -29.305  -0.302  -26.373 0.3333333433
233800  -29.100  0.183  -26.304 0.1111111119
128540  -20.532  -14.118  -25.651 0.2222222239
196958  -27.823  -1.665  -26.094 0.1111111119
147479  -28.721  -0.449  -25.450 0.1111111119
200041  -31.521  -14.080  -27.999 0.1111111119
106776  -22.260  -28.255  -23.932 0.1111111119
106759  -23.253  -29.002  -23.804 0.1111111119
106733  -20.958  -27.933  -21.479 0.1111111119
106757  -21.566  -27.823  -22.517 0.1111111119
109368  -21.298  -27.021  -22.559 0.1111111119
110652  -21.359  -25.640  -22.769 0.1111111119
236927  -21.237  -17.409  -23.835 0.1111111119
130930  -20.504  -12.040  -25.592 0.1111111119
130916  -20.737  -12.547  -25.382 0.1111111119
207591  -21.194  -13.544  -25.912 0.1111111119
141200  -21.434  -4.416  -28.112 0.2222222239
142368  -22.455  -3.797  -28.395 0.2222222239
143501  -21.448  -3.363  -27.506 0.2222222239
203151  -22.136  -2.744  -27.246 0.2222222239
216789  -21.324  -28.093  -22.032 0.1111111119
132014  -20.889  -11.667  -25.961 0.1111111119
132029  -21.174  -11.258  -26.524 0.1111111119
106723  -21.114  -28.653  -21.928 0.1111111119
106734  -21.648  -28.704  -22.686 0.1111111119
105599  -22.309  -29.107  -23.247 0.1111111119
108022  -20.998  -27.479  -22.036 0.1111111119
110636  -20.372  -26.068  -21.976 0.1111111119
110651  -20.720  -25.527  -22.219 0.1111111119
113164  -21.062  -24.243  -22.798 0.1111111119
114494  -21.315  -23.596  -23.011 0.1111111119
115739  -21.008  -22.961  -22.979 0.1111111119
122896  -20.796  -18.247  -23.888 0.1111111119
124004  -20.868  -16.912  -23.507 0.1111111119
129768  -20.471  -12.901  -24.825 0.1111111119
142352  -20.393  -3.380  -27.352 0.2222222239
143480  -22.356  -1.563  -26.866 0.2222222239
144561  -23.043  -1.169  -26.904 0.1111111119
106761  -24.420  -28.340  -23.177 0.1111111119
105579  -22.111  -29.503  -22.858 0.1111111119
143502  -22.888  -1.916  -27.014 0.2222222239
143504  -23.707  -2.440  -27.060 0.1111111119
125077  -20.968  -16.302  -24.599 0.1111111119
141188  -20.830  -4.261  -27.630 0.2222222239
116961  -20.776  -22.192  -22.958 0.1111111119
121767  -20.491  -18.322  -24.105 0.1111111119
122897  -21.212  -17.753  -23.862 0.1111111119
108033  -21.710  -27.535  -23.015 0.1111111119
207826  -20.983  -26.235  -22.389 0.1111111119
213133  -22.578  -28.764  -23.655 0.1111111119
124018  -21.109  -16.932  -24.169 0.1111111119
211235  -20.469  -14.451  -25.258 0.1111111119
109355  -20.619  -26.762  -22.032 0.1111111119
123991  -21.050  -17.639  -23.333 0.1111111119
198547  -20.800  -2.968  -27.416 0.1111111119
110650  -20.265  -25.487  -21.864 0.1111111119
122895  -20.982  -18.438  -23.454 0.1111111119
122881  -21.127  -17.967  -23.067 0.1111111119
125076  -20.680  -16.305  -23.888 0.1111111119
144528  -22.379  -0.587  -26.667 0.1111111119
144529  -22.961  -0.444  -26.643 0.1111111119
215877  -20.216  -5.325  -27.036 0.1111111119
144545  -24.840  -1.492  -26.202 0.1111111119
144533  -26.231  -1.805  -26.478 0.1111111119
106739  -27.067  -28.353  -22.101 0.1111111119
108034  -25.562  -27.886  -23.234 0.1111111119
108048  -26.568  -27.750  -23.958 0.1111111119
108074  -24.573  -27.598  -24.931 0.3333333433
108076  -25.778  -27.751  -24.765 0.2222222239
108077  -26.915  -27.734  -24.584 0.1111111119
109417  -24.653  -26.891  -25.577 0.3333333433
109419  -25.909  -27.211  -25.608 0.2222222239
110686  -22.900  -26.235  -24.266 0.3333333433
110708  -27.372  -26.447  -25.166 0.1111111119
110720  -25.873  -26.005  -25.935 0.2222222239
111935  -23.983  -25.109  -25.261 0.3333333433
111937  -24.967  -25.708  -25.789 0.3333333433
111939  -27.610  -25.181  -24.999 0.1111111119
111952  -26.050  -25.226  -26.071 0.3333333433
113211  -24.279  -24.636  -25.720 0.3333333433
113213  -27.514  -24.601  -25.295 0.1111111119
113225  -25.309  -24.436  -26.440 0.3333333433
114529  -22.923  -23.564  -25.042 0.3333333433
114539  -23.863  -23.662  -25.940 0.3333333433
114543  -26.336  -23.961  -26.677 0.3333333433
115785  -23.692  -23.001  -25.688 0.3333333433
115797  -24.685  -23.255  -26.716 0.3333333433
115808  -24.983  -22.631  -26.835 0.4444444478
115810  -27.193  -22.793  -26.970 0.4444444478
115811  -27.893  -22.721  -27.003 0.2222222239
117027  -26.177  -22.168  -27.325 0.4444444478
117029  -28.043  -22.432  -27.391 0.4444444478
117042  -28.262  -21.935  -27.415 0.3333333433
118317  -22.908  -21.217  -25.546 0.4444444478
118327  -23.607  -20.994  -26.579 0.4444444478
118340  -26.483  -21.158  -27.983 0.4444444478
118342  -28.505  -21.429  -27.660 0.3333333433
118343  -29.020  -21.407  -27.530 0.2222222239
119490  -24.676  -20.474  -27.364 0.4444444478
119504  -26.852  -20.699  -28.316 0.4444444478
119507  -29.277  -20.784  -27.934 0.1111111119
119520  -27.855  -20.298  -28.397 0.4444444478
120643  -24.949  -19.898  -27.527 0.4444444478
120659  -26.000  -19.788  -27.876 0.4444444478
120672  -27.078  -19.487  -28.356 0.4444444478
121824  -31.081  -18.986  -27.052 0.1111111119
121835  -24.634  -18.692  -27.591 0.5555555820
121838  -30.199  -19.307  -28.211 0.1111111119
121848  -28.191  -19.369  -29.189 0.3333333433
121850  -30.654  -18.509  -28.688 0.2222222239
121866  -29.365  -18.816  -29.528 0.2222222239
122992  -25.024  -18.312  -28.144 0.4444444478
123016  -26.840  -18.007  -28.991 0.5555555820
123020  -29.841  -18.245  -29.921 0.3333333433
123021  -30.522  -17.718  -29.823 0.2222222239
123026  -29.668  -17.770  -30.016 0.3333333433
123027  -30.124  -17.744  -30.009 0.2222222239
124064  -23.598  -17.099  -27.511 0.7777777910
124101  -29.513  -17.052  -29.894 0.3333333433
124103  -30.438  -17.241  -30.103 0.2222222239
125122  -23.420  -15.991  -27.270 0.8888888955
125132  -25.822  -16.860  -28.803 0.8888888955
125146  -27.225  -16.377  -29.563 0.8888888955
125148  -28.112  -16.640  -29.854 0.6666666865
126209  -30.927  -15.875  -28.292 0.1111111119
126221  -31.008  -15.503  -29.013 0.1111111119
126235  -26.137  -15.690  -29.173 1.0000000000
126248  -29.913  -15.893  -30.139 0.4444444478
127378  -22.014  -14.902  -27.011 0.8888888955
127394  -24.518  -14.353  -28.690 1.0000000000
127395  -24.721  -14.995  -28.874 1.0000000000
127416  -27.360  -14.949  -29.802 1.0000000000
127422  -30.961  -14.652  -29.996 0.4444444478
128592  -24.157  -13.777  -28.723 1.0000000000
128605  -26.051  -14.073  -29.555 1.0000000000
128606  -31.575  -13.913  -29.473 0.2222222239
129821  -23.223  -13.317  -28.190 1.0000000000
129822  -23.768  -13.123  -28.628 1.0000000000
129834  -24.097  -12.611  -29.013 1.0000000000
129836  -25.420  -13.066  -29.486 1.0000000000
129848  -26.865  -13.144  -30.637 1.0000000000
129852  -31.905  -13.651  -30.371 0.3333333433
129863  -31.114  -13.554  -31.223 0.5555555820
130981  -25.951  -12.703  -29.941 1.0000000000
130992  -25.707  -11.954  -29.534 1.0000000000
130995  -31.827  -12.574  -30.644 0.5555555820
130996  -32.025  -12.312  -30.054 0.1111111119
131002  -28.599  -12.222  -31.052 0.8888888955
132030  -21.475  -11.796  -26.933 0.5555555820
132047  -22.599  -11.774  -27.790 1.0000000000
132055  -23.324  -12.038  -28.584 1.0000000000
132076  -25.245  -11.246  -29.727 1.0000000000
132080  -28.145  -11.642  -30.132 1.0000000000
132089  -29.034  -11.797  -30.950 0.7777777910
132092  -31.284  -11.686  -30.778 0.5555555820
133134  -20.934  -10.690  -26.346 0.1111111119
133149  -21.226  -10.660  -26.872 0.3333333433
133162  -22.007  -10.522  -27.686 0.5555555820
133192  -25.980  -10.520  -29.771 1.0000000000
133193  -26.372  -10.579  -29.870 1.0000000000
134350  -21.622  -9.883  -27.616 0.3333333433
134371  -23.133  -9.588  -29.817 0.7777777910
134372  -23.402  -10.084  -29.521 0.8888888955
134376  -27.006  -9.963  -29.323 1.0000000000
134386  -23.436  -9.248  -29.852 0.8888888955
134389  -26.068  -10.129  -29.655 1.0000000000
134396  -32.673  -10.004  -30.832 0.5555555820
134399  -30.830  -10.523  -30.861 0.7777777910
135531  -25.457  -9.334  -28.982 0.8888888955
135533  -26.622  -9.532  -29.055 1.0000000000
135535  -28.716  -8.877  -29.339 0.8888888955
135537  -33.734  -8.457  -29.553 0.2222222239
135551  -32.478  -9.531  -31.131 0.6666666865
136670  -22.212  -8.249  -28.620 0.6666666865
136672  -26.156  -8.322  -28.850 1.0000000000
136674  -27.701  -8.283  -28.783 1.0000000000
136688  -24.427  -8.412  -29.303 0.8888888955
136691  -26.402  -8.888  -29.105 1.0000000000
136699  -23.536  -8.792  -29.783 0.8888888955
137791  -35.568  -7.938  -27.375 0.1111111119
137801  -36.357  -7.228  -28.527 0.1111111119
137814  -21.848  -7.463  -28.576 0.6666666865
137819  -27.217  -7.731  -28.503 1.0000000000
137821  -28.566  -7.441  -28.592 1.0000000000
137832  -23.500  -7.642  -29.441 0.7777777910
137833  -24.069  -7.718  -29.287 0.8888888955
137838  -36.196  -7.292  -29.869 0.2222222239
137846  -35.602  -7.316  -30.043 0.3333333433
138893  -35.823  -6.823  -25.263 0.1111111119
138935  -21.036  -6.763  -28.214 0.4444444478
138937  -27.085  -6.567  -27.968 1.0000000000
138950  -21.500  -6.791  -28.585 0.4444444478
138956  -25.636  -6.647  -28.565 0.8888888955
138957  -26.760  -7.141  -28.332 1.0000000000
138959  -28.286  -7.133  -28.215 1.0000000000
138961  -36.318  -7.003  -29.048 0.1111111119
138966  -23.585  -7.094  -29.121 0.7777777910
140045  -35.705  -6.385  -27.057 0.1111111119
140058  -20.989  -5.978  -28.032 0.3333333433
140059  -26.088  -5.724  -27.904 1.0000000000
140062  -28.423  -6.165  -27.857 0.8888888955
140088  -36.050  -6.645  -29.304 0.1111111119
141176  -34.707  -5.321  -27.511 0.1111111119
141189  -25.323  -4.649  -27.738 0.7777777910
141201  -21.913  -4.754  -28.603 0.3333333433
141203  -23.290  -5.035  -28.770 0.5555555820
141205  -25.235  -5.112  -28.163 0.5555555820
141207  -29.355  -5.403  -28.060 0.8888888955
142353  -20.857  -3.291  -27.688 0.2222222239
142357  -25.760  -4.326  -27.311 0.6666666865
142363  -33.554  -3.922  -27.854 0.1111111119
142367  -21.776  -3.851  -28.216 0.2222222239
142369  -23.315  -4.268  -28.417 0.4444444478
142384  -30.369  -4.982  -31.843 0.8888888955
142391  -31.500  -5.037  -32.668 0.6666666865
142395  -29.534  -4.607  -33.418 0.6666666865
142397  -30.837  -4.873  -33.266 0.5555555820
142403  -30.418  -4.536  -33.692 0.5555555820
143485  -27.678  -3.701  -26.866 0.4444444478
143487  -28.898  -3.565  -26.924 0.5555555820
143500  -20.473  -3.087  -27.314 0.1111111119
143503  -23.160  -2.350  -27.389 0.1111111119
143512  -22.032  -3.373  -27.800 0.3333333433
143524  -29.554  -3.466  -30.909 0.6666666865
143534  -29.503  -4.158  -33.453 0.6666666865
143539  -29.971  -3.970  -33.541 0.6666666865
144560  -22.709  -0.857  -26.880 0.1111111119
144590  -29.670  -3.413  -32.964 0.6666666865
148494  -27.516  0.333  -25.501 0.1111111119
148604  -29.050  0.251  -32.175 0.3333333433
150621  -30.788  3.085  -22.180 0.1111111119
151527  -30.899  3.332  -22.092 0.1111111119
151568  -28.861  2.854  -31.840 0.1111111119
153463  -30.760  4.461  -20.817 0.1111111119
153468  -28.073  5.157  -21.565 0.1111111119
153470  -30.824  3.938  -21.160 0.1111111119
153474  -27.941  4.555  -21.899 0.1111111119
154534  -28.409  5.112  -21.281 0.1111111119
154537  -28.729  5.389  -21.666 0.1111111119
154539  -27.129  4.930  -22.572 0.1111111119
154599  -29.602  6.062  -29.870 0.1111111119
155570  -29.446  5.674  -21.112 0.1111111119
155581  -30.803  6.249  -21.905 0.1111111119
155585  -28.249  6.028  -23.260 0.1111111119
156604  -28.241  6.414  -23.751 0.1111111119
195673  -29.636  7.115  -22.083 0.1111111119
196029  -30.330  4.253  -21.391 0.1111111119
196047  -27.174  -13.610  -30.566 1.0000000000
196112  -29.884  4.878  -21.167 0.1111111119
196269  -31.407  -14.255  -28.769 0.1111111119
196983  -30.703  -18.196  -27.893 0.1111111119
198187  -29.559  -12.774  -30.859 0.6666666865
199298  -26.938  -17.521  -29.172 0.5555555820
199437  -27.766  5.160  -21.681 0.1111111119
200396  -25.763  -17.410  -28.484 0.5555555820
202155  -21.121  -11.913  -26.411 0.1111111119
204991  -29.939  -14.651  -30.421 0.6666666865
208408  -29.841  6.079  -21.738 0.1111111119
210120  -26.751  -11.228  -29.962 1.0000000000
211214  -27.087  -16.951  -29.386 0.6666666865
216766  -29.532  7.697  -30.155 0.1111111119
217366  -29.321  -6.514  -28.796 0.8888888955
217485  -25.141  -27.118  -25.830 0.3333333433
218960  -23.945  -22.491  -26.002 0.3333333433
220483  -24.322  -10.837  -29.293 1.0000000000
221399  -25.945  -7.802  -28.668 0.8888888955
222397  -27.333  5.193  -22.203 0.1111111119
223063  -29.064  -0.164  -31.330 0.5555555820
224230  -23.733  -15.988  -27.938 0.8888888955
224597  -23.804  -9.163  -29.790 0.8888888955
225770  -23.977  -22.043  -26.552 0.4444444478
226713  -31.668  -10.451  -31.053 0.4444444478
227253  -29.817  -13.402  -30.795 0.6666666865
228415  -31.341  -14.587  -28.263 0.1111111119
231751  -30.913  -12.942  -30.998 0.5555555820
232175  -29.222  -5.881  -28.066 0.8888888955
232316  -20.549  -14.708  -24.729 0.1111111119
232805  -23.816  -24.623  -25.425 0.3333333433
232999  -27.898  -27.315  -24.538 0.1111111119
234228  -21.731  -14.179  -26.314 0.7777777910
234514  -30.706  4.171  -21.173 0.1111111119
235713  -22.363  -9.626  -28.343 0.7777777910
235800  -28.211  6.757  -24.207 0.1111111119
236029  -26.335  -24.834  -26.240 0.3333333433
236931  -27.734  -11.148  -29.841 1.0000000000
237146  -22.077  -25.751  -23.772 0.3333333433
