#!ascii label  , from subject sub-06_ses-009 vox2ras=TkReg
1203
18291  27.220  -68.521  14.677 0.3000000119
23663  23.860  -63.340  16.019 0.6000000238
24671  25.332  -63.129  11.766 0.6999999881
25654  25.421  -62.596  11.476 0.6999999881
17413  26.806  -69.066  15.113 0.4000000060
19121  25.205  -67.096  19.343 0.4000000060
19225  27.620  -67.751  14.982 0.5000000000
24616  24.336  -62.854  16.344 0.6999999881
24636  24.656  -63.239  14.783 0.6999999881
24625  24.905  -62.677  15.077 0.5000000000
24645  25.557  -63.100  13.468 0.6000000238
24663  25.444  -63.511  12.427 0.6000000238
24670  26.153  -63.263  11.843 0.6999999881
207237  25.506  -62.253  11.399 0.6999999881
17401  26.428  -69.143  16.427 0.5000000000
19140  25.378  -67.628  19.065 0.4000000060
18274  27.042  -68.186  15.505 0.6000000238
21777  24.719  -65.456  19.495 0.4000000060
23601  24.746  -63.947  18.866 0.5000000000
19187  26.943  -67.539  16.142 0.6000000238
22686  24.242  -64.047  18.439 0.6000000238
23621  24.185  -63.581  17.714 0.6000000238
19207  27.386  -67.450  15.617 0.6000000238
24598  24.541  -62.939  17.192 0.6000000238
25592  25.481  -62.391  14.500 0.6000000238
25609  26.059  -62.569  13.700 0.6000000238
184004  27.161  -62.976  11.776 0.6999999881
24661  26.758  -63.229  11.974 0.6999999881
25658  27.069  -62.769  11.564 0.6999999881
25659  26.358  -62.727  11.148 0.6999999881
27735  25.999  -60.226  12.134 0.6999999881
26716  27.248  -61.851  11.629 0.6999999881
179868  26.743  -61.109  11.688 0.6999999881
27749  26.387  -60.280  11.887 0.6999999881
191734  27.315  -61.064  11.639 0.6999999881
17388  25.815  -69.371  17.053 0.5000000000
18225  25.926  -68.274  17.784 0.5000000000
17360  25.636  -68.800  18.432 0.5000000000
20926  25.223  -65.840  19.372 0.4000000060
18241  26.620  -67.902  16.720 0.5000000000
22662  24.980  -64.490  19.257 0.5000000000
199302  24.641  -63.592  18.351 0.6000000238
19186  27.404  -67.056  16.078 0.6000000238
205970  27.014  -67.064  16.346 0.5000000000
20067  26.991  -66.034  16.894 0.5000000000
25562  25.343  -62.037  16.262 0.6999999881
25576  25.309  -62.122  15.421 0.6000000238
24615  24.726  -62.388  15.877 0.6999999881
25607  27.326  -62.116  13.268 0.6000000238
179682  26.029  -62.009  14.458 0.6000000238
25632  27.670  -62.541  12.277 0.6000000238
25633  26.692  -62.701  12.964 0.6000000238
25656  28.547  -62.245  11.611 0.6000000238
25657  27.879  -62.339  11.813 0.6999999881
210015  26.231  -59.572  11.996 0.6999999881
181173  28.658  -61.475  11.505 0.6000000238
27748  26.979  -60.301  11.851 0.6999999881
28823  26.513  -59.492  11.887 0.6999999881
27747  27.809  -60.593  11.583 0.6999999881
183442  25.685  -66.180  19.028 0.4000000060
18242  26.303  -68.577  17.070 0.5000000000
19139  25.787  -67.353  18.492 0.4000000060
21794  25.649  -64.730  19.040 0.5000000000
23620  25.210  -63.387  18.514 0.6000000238
20068  26.422  -67.162  17.422 0.4000000060
182734  25.115  -62.435  17.549 0.6000000238
19170  26.746  -67.197  16.758 0.4000000060
176164  26.144  -66.701  18.015 0.4000000060
184929  26.644  -66.509  17.053 0.4000000060
20055  26.598  -65.971  17.508 0.4000000060
25545  25.499  -62.047  17.105 0.6999999881
25575  25.859  -61.655  15.829 0.6000000238
199356  26.327  -61.578  14.805 0.6000000238
26689  27.992  -61.923  13.076 0.6000000238
25651  28.617  -62.511  11.783 0.6000000238
28824  26.309  -58.929  11.944 0.6999999881
29976  27.191  -58.578  11.972 0.6999999881
28821  28.049  -59.810  11.889 0.6000000238
28822  27.314  -59.472  11.962 0.6000000238
206505  25.909  -66.417  18.631 0.4000000060
21819  26.294  -65.015  18.489 0.4000000060
24581  25.428  -62.685  18.120 0.6999999881
20943  26.610  -65.444  17.869 0.4000000060
25544  26.154  -61.873  17.316 0.8000000119
20955  27.289  -65.810  17.008 0.5000000000
26625  26.425  -61.242  16.099 0.6999999881
197884  26.902  -61.291  14.836 0.6000000238
26688  28.617  -61.942  13.031 0.5000000000
26672  27.688  -61.545  13.852 0.6000000238
29963  26.304  -58.595  12.019 0.6999999881
27745  29.961  -60.625  11.731 0.6000000238
26714  29.038  -62.415  11.669 0.6000000238
180833  26.666  -58.015  11.718 0.8000000119
199932  26.458  -57.704  11.522 0.8000000119
27746  29.112  -60.631  11.576 0.6000000238
197197  28.466  -60.457  11.538 0.6000000238
22661  26.098  -64.245  18.654 0.5000000000
23600  25.878  -63.567  18.588 0.6000000238
205617  26.691  -64.391  18.175 0.5000000000
181567  27.932  -64.744  17.844 0.6999999881
21818  26.856  -64.986  17.877 0.4000000060
25560  26.609  -61.584  16.732 0.6999999881
26644  26.952  -61.172  15.641 0.6999999881
26687  28.970  -61.655  13.500 0.6000000238
26662  27.653  -61.187  14.539 0.6000000238
25630  29.290  -62.009  12.541 0.6000000238
31141  26.375  -57.889  11.746 0.6000000238
26707  29.482  -62.369  11.903 0.6000000238
31156  27.525  -57.879  11.757 0.6999999881
31157  26.727  -57.379  11.393 0.6999999881
192326  29.491  -59.834  11.583 0.6999999881
197562  29.168  -59.178  11.696 0.6999999881
29975  27.990  -58.914  11.909 0.6999999881
188349  27.046  -63.895  17.884 0.5000000000
23618  26.844  -63.208  17.969 0.6000000238
23619  26.256  -63.050  18.306 0.6000000238
22683  28.576  -64.436  17.733 0.6999999881
22684  27.739  -64.118  17.764 0.6000000238
25527  26.366  -62.108  17.865 0.6999999881
21816  28.114  -65.220  17.745 0.6999999881
26599  27.313  -61.682  16.828 0.6999999881
26643  27.766  -61.181  15.832 0.6999999881
26670  29.033  -61.507  14.223 0.5000000000
180376  27.967  -61.147  15.180 0.6000000238
35003  26.498  -55.843  12.692 0.5000000000
25648  30.769  -61.849  12.206 0.6000000238
25629  30.253  -62.085  12.762 0.6000000238
33747  26.397  -56.764  11.402 0.6000000238
35002  26.900  -55.420  11.901 0.5000000000
26712  30.492  -61.313  11.889 0.6000000238
26706  30.213  -61.845  12.030 0.6000000238
32393  27.540  -57.070  11.340 0.6000000238
33746  26.868  -56.498  11.203 0.5000000000
35019  27.462  -55.297  10.927 0.5000000000
28818  31.243  -59.957  11.459 0.6999999881
28819  30.343  -59.867  11.665 0.6999999881
31153  29.747  -58.222  11.682 0.6999999881
178722  28.424  -58.186  11.789 0.6999999881
32392  28.413  -56.648  11.308 0.5000000000
31152  30.469  -58.668  11.645 0.6999999881
187491  29.525  -57.485  11.517 0.6000000238
25526  26.929  -62.239  17.780 0.6000000238
23617  27.519  -63.414  17.730 0.6999999881
24578  27.259  -62.682  17.786 0.6000000238
192472  29.242  -64.154  17.429 0.6999999881
25559  28.082  -61.963  16.712 0.6999999881
198520  28.607  -61.419  15.469 0.6999999881
26622  28.414  -61.567  16.180 0.6999999881
25590  29.934  -61.872  14.504 0.6000000238
180349  26.445  -55.115  12.713 0.4000000060
25605  30.574  -62.030  13.840 0.5000000000
36260  27.557  -54.463  11.133 0.4000000060
27743  31.727  -60.649  11.796 0.6000000238
26705  31.056  -61.654  11.893 0.6000000238
33744  28.140  -56.162  11.027 0.5000000000
33745  27.618  -55.855  10.998 0.5000000000
183161  28.849  -57.150  11.579 0.5000000000
186708  28.588  -56.118  11.136 0.4000000060
29972  30.834  -59.321  11.528 0.6000000238
189433  30.491  -57.975  11.629 0.6999999881
32390  29.928  -57.261  11.604 0.5000000000
23637  28.872  -63.413  17.275 0.6000000238
24595  28.478  -62.669  17.046 0.6999999881
23635  30.292  -63.638  17.079 0.6999999881
23636  29.748  -63.785  17.022 0.6999999881
24614  28.976  -62.363  16.439 0.6000000238
197586  29.156  -62.015  15.871 0.6000000238
25627  31.479  -62.072  13.418 0.6000000238
25604  31.247  -62.245  14.044 0.5000000000
25628  30.997  -62.077  12.668 0.6000000238
28809  32.451  -60.292  12.058 0.6000000238
197171  31.420  -61.834  12.205 0.6000000238
35018  28.374  -55.719  10.929 0.4000000060
194451  28.019  -55.244  10.838 0.5000000000
36259  27.812  -54.703  10.864 0.4000000060
29971  32.211  -59.287  11.671 0.6000000238
36258  28.677  -55.110  10.952 0.4000000060
178077  31.515  -58.050  11.644 0.6000000238
32389  30.817  -57.474  11.739 0.5000000000
24594  29.387  -63.168  16.769 0.6999999881
197787  29.774  -63.031  16.240 0.6000000238
24593  31.188  -63.320  16.944 0.6999999881
24612  30.439  -63.332  16.042 0.6000000238
24613  29.953  -62.753  15.703 0.6000000238
199049  30.900  -63.144  17.509 0.6999999881
25573  30.430  -62.664  15.097 0.5000000000
27704  32.394  -60.905  13.774 0.6000000238
26669  32.003  -61.621  13.937 0.6000000238
27719  32.566  -61.113  12.819 0.6000000238
28799  32.678  -60.478  12.523 0.5000000000
28816  32.710  -59.611  11.933 0.6000000238
31151  32.356  -58.721  11.507 0.6000000238
209463  31.698  -57.385  11.735 0.5000000000
25558  31.373  -63.004  16.546 0.6999999881
177995  31.323  -62.849  15.945 0.6999999881
25587  31.775  -62.337  14.815 0.6000000238
26659  31.889  -61.878  14.591 0.5000000000
28786  32.680  -59.687  13.232 0.6000000238
183242  31.927  -60.419  14.321 0.6000000238
29950  33.024  -59.354  12.551 0.6000000238
29961  33.490  -58.669  11.792 0.6000000238
179237  32.321  -58.016  11.438 0.5000000000
19154  28.651  -67.034  17.616 0.5000000000
20940  28.556  -66.094  17.820 0.5000000000
19153  29.158  -67.253  18.144 0.5000000000
20054  28.844  -66.655  18.039 0.5000000000
21815  28.814  -65.579  17.962 0.6999999881
21792  29.769  -65.562  19.135 0.6999999881
20925  29.091  -66.160  18.288 0.5000000000
20924  29.550  -66.155  18.869 0.5000000000
22659  29.339  -65.078  18.152 0.6999999881
21793  29.389  -65.625  18.511 0.6999999881
22682  29.345  -64.588  17.771 0.6999999881
18290  27.587  -68.154  14.353 0.3000000119
25660  25.796  -62.452  11.186 0.6999999881
24635  25.138  -63.205  14.265 0.6000000238
26718  26.011  -62.203  11.290 0.6999999881
28810  25.973  -59.314  12.152 0.6999999881
21817  27.372  -65.035  17.664 0.6000000238
175650  29.108  -62.433  11.727 0.6000000238
29974  28.674  -58.878  11.730 0.6999999881
32395  26.538  -57.187  11.338 0.6000000238
31155  28.288  -57.398  11.650 0.6999999881
32394  26.882  -56.906  11.127 0.6000000238
178723  29.135  -58.527  11.741 0.6999999881
188734  27.219  -55.075  11.069 0.5000000000
36246  27.063  -54.562  11.991 0.5000000000
33742  29.680  -56.665  11.659 0.5000000000
25574  29.531  -61.947  15.251 0.5000000000
24611  31.000  -63.309  16.367 0.6999999881
25588  31.510  -62.444  14.750 0.5000000000
29962  33.143  -59.172  12.065 0.6000000238
29970  33.001  -59.063  11.697 0.6000000238
24624  30.797  -63.064  15.711 0.6000000238
28800  32.725  -60.378  13.233 0.6000000238
200167  31.590  -62.216  15.631 0.5000000000
21756  30.393  -65.330  20.258 0.6000000238
24549  33.325  -62.674  19.742 0.6000000238
26538  33.797  -61.133  19.271 0.4000000060
181177  31.524  -64.234  20.548 0.5000000000
22639  29.962  -64.970  19.395 0.6000000238
21837  23.365  -64.666  17.455 0.5000000000
27611  34.435  -60.541  18.457 0.4000000060
208809  23.469  -64.121  16.631 0.5000000000
23569  32.727  -63.815  20.305 0.5000000000
28720  34.720  -59.170  18.093 0.4000000060
22706  23.556  -63.958  17.166 0.5000000000
23676  23.794  -64.086  14.963 0.5000000000
24532  32.793  -62.470  20.017 0.6000000238
176520  23.972  -63.592  15.445 0.5000000000
22623  30.898  -64.237  20.543 0.5000000000
22658  29.706  -65.062  18.666 0.6000000238
186785  35.635  -56.951  17.200 0.4000000060
33610  36.458  -56.220  16.560 0.4000000060
26539  33.225  -61.273  19.583 0.4000000060
21881  23.206  -64.986  13.702 0.5000000000
192456  32.145  -63.213  20.394 0.5000000000
22758  24.148  -64.308  13.986 0.5000000000
22784  23.558  -64.440  12.756 0.5000000000
193384  30.378  -64.308  20.324 0.6000000238
23585  30.049  -63.853  19.298 0.6000000238
22681  29.811  -64.479  18.084 0.6000000238
23696  25.047  -63.663  13.336 0.5000000000
23721  24.375  -63.526  12.382 0.5000000000
24535  30.322  -63.158  20.218 0.5000000000
189838  31.567  -63.297  20.519 0.5000000000
24550  30.040  -62.683  19.724 0.6000000238
184897  29.961  -63.256  19.074 0.6000000238
23599  30.055  -63.944  18.497 0.6000000238
179175  30.289  -62.853  18.178 0.6000000238
23614  30.207  -63.790  17.701 0.6000000238
28711  34.186  -59.266  18.460 0.4000000060
32267  34.938  -57.469  17.865 0.4000000060
24672  24.597  -63.054  12.065 0.5000000000
24664  24.075  -63.238  12.341 0.5000000000
192589  23.114  -63.727  12.881 0.4000000060
23720  24.875  -63.406  12.152 0.6000000238
183822  23.232  -64.227  12.752 0.4000000060
186486  31.629  -61.539  20.440 0.6000000238
25486  30.196  -61.979  20.095 0.6000000238
25499  29.939  -62.044  19.422 0.6000000238
25513  30.060  -62.143  18.675 0.6000000238
36133  36.475  -55.079  17.154 0.4000000060
25634  24.318  -62.734  12.328 0.5000000000
181234  23.869  -62.032  13.012 0.4000000060
25636  21.945  -62.041  13.347 0.4000000060
183837  32.932  -60.111  19.639 0.6000000238
27613  33.497  -60.022  19.130 0.4000000060
27585  31.208  -60.443  20.140 0.6000000238
25482  32.478  -62.035  20.159 0.6000000238
25485  30.664  -61.965  20.480 0.5000000000
188917  29.815  -60.884  19.362 0.6000000238
26526  30.186  -60.897  19.878 0.5000000000
25525  30.520  -62.418  17.890 0.6000000238
34911  36.877  -55.341  16.600 0.4000000060
29869  34.393  -58.622  18.269 0.4000000060
26710  24.546  -62.026  12.384 0.6000000238
26690  24.175  -61.295  13.027 0.5000000000
26674  22.668  -60.892  13.637 0.5000000000
26691  22.221  -61.430  13.371 0.5000000000
29856  33.249  -58.830  19.062 0.4000000060
29855  33.853  -58.689  18.701 0.4000000060
178001  32.357  -59.555  19.719 0.5000000000
28699  30.686  -59.384  19.887 0.5000000000
189011  29.980  -59.852  19.434 0.5000000000
174623  29.719  -60.855  18.793 0.6000000238
26575  30.069  -60.913  17.839 0.6000000238
25541  31.053  -62.835  17.136 0.6000000238
36119  35.754  -54.812  18.025 0.4000000060
207724  35.858  -55.988  17.532 0.4000000060
36118  36.254  -54.649  17.710 0.4000000060
37341  37.210  -54.297  17.517 0.4000000060
179982  25.566  -60.975  12.198 0.6000000238
34872  34.535  -55.880  18.471 0.4000000060
192581  34.626  -56.940  18.170 0.4000000060
27721  24.314  -60.552  13.236 0.6000000238
27705  23.723  -60.023  13.784 0.5000000000
27706  22.941  -60.189  13.835 0.4000000060
32222  33.400  -57.463  18.671 0.4000000060
186254  31.439  -59.254  19.904 0.5000000000
28713  29.837  -59.611  19.015 0.5000000000
27625  29.738  -60.140  18.469 0.6000000238
27640  30.243  -60.632  17.160 0.6000000238
26621  30.545  -60.894  16.645 0.6000000238
37323  36.620  -54.114  17.986 0.4000000060
28811  25.499  -59.321  12.545 0.6000000238
27720  24.949  -60.309  12.922 0.6000000238
29938  22.516  -58.386  13.412 0.5000000000
33555  34.175  -56.424  18.561 0.4000000060
31002  32.682  -58.320  19.155 0.4000000060
31003  31.937  -58.143  19.305 0.5000000000
29840  30.415  -58.574  19.318 0.5000000000
202431  29.954  -59.482  17.061 0.5000000000
37322  37.301  -53.759  18.065 0.4000000060
29951  25.247  -58.949  13.022 0.6000000238
29935  24.880  -58.503  13.730 0.5000000000
31118  23.749  -57.884  13.980 0.5000000000
31004  31.294  -57.986  19.430 0.5000000000
29857  30.024  -58.844  18.867 0.4000000060
28734  29.813  -59.166  17.567 0.4000000060
27657  30.272  -60.119  16.739 0.4000000060
27656  30.817  -60.726  16.154 0.6000000238
27671  31.646  -61.217  15.051 0.4000000060
38509  37.397  -53.259  18.608 0.4000000060
36105  35.405  -54.470  18.552 0.4000000060
29964  25.827  -58.832  12.418 0.6000000238
36106  34.814  -54.715  18.816 0.4000000060
31130  25.980  -57.734  12.515 0.5000000000
31131  25.595  -58.285  13.052 0.5000000000
31117  24.387  -58.031  13.936 0.5000000000
32342  23.486  -57.212  13.868 0.4000000060
31116  24.994  -57.817  13.646 0.4000000060
32205  30.725  -57.352  19.129 0.5000000000
32206  30.295  -57.546  18.953 0.5000000000
204585  29.944  -57.626  18.227 0.6000000238
180172  30.192  -58.878  16.386 0.4000000060
28761  30.439  -59.212  15.955 0.4000000060
28773  31.192  -59.454  14.867 0.4000000060
31070  30.124  -57.734  16.496 0.5000000000
32361  25.885  -57.041  12.972 0.5000000000
181189  25.560  -57.513  13.368 0.6000000238
33699  25.843  -56.504  13.315 0.4000000060
31102  31.067  -58.288  14.996 0.5000000000
28772  31.597  -59.859  14.453 0.5000000000
32286  30.145  -56.736  16.638 0.5000000000
179737  29.892  -57.476  17.609 0.5000000000
31089  30.398  -58.054  16.125 0.5000000000
31088  30.688  -58.121  15.611 0.5000000000
37305  35.685  -53.865  18.906 0.4000000060
29949  33.447  -58.732  12.203 0.5000000000
29934  32.023  -59.114  13.816 0.4000000060
185712  31.515  -58.590  14.399 0.5000000000
198356  30.638  -56.947  15.585 0.5000000000
32285  30.304  -56.792  16.069 0.5000000000
31128  33.596  -58.201  12.395 0.4000000060
32360  33.062  -57.790  13.014 0.4000000060
31129  33.181  -58.597  12.774 0.5000000000
29933  32.547  -58.877  13.248 0.5000000000
31101  31.435  -57.865  14.518 0.5000000000
31115  31.975  -58.308  13.916 0.5000000000
32322  30.866  -57.478  15.152 0.5000000000
32321  31.360  -57.083  14.573 0.5000000000
32339  31.816  -57.502  13.945 0.4000000060
23712  24.783  -63.825  12.621 0.5000000000
25655  24.859  -62.636  11.836 0.6000000238
23674  24.671  -63.738  14.100 0.6000000238
207252  25.323  -61.540  11.958 0.6000000238
22687  23.725  -64.230  17.952 0.5000000000
32376  26.264  -57.211  11.978 0.5000000000
26620  31.027  -61.693  16.221 0.6000000238
27672  31.130  -60.508  15.561 0.4000000060
22776  23.634  -64.688  13.372 0.5000000000
22783  24.058  -64.442  13.069 0.5000000000
203902  23.608  -63.399  12.702 0.4000000060
194876  22.828  -62.949  13.251 0.4000000060
26523  32.105  -61.044  20.162 0.6000000238
204669  23.049  -61.552  13.319 0.4000000060
32245  34.028  -57.181  18.497 0.4000000060
205613  25.273  -60.636  12.604 0.6000000238
27737  24.939  -61.184  12.578 0.6000000238
27722  23.569  -60.712  13.549 0.5000000000
26675  21.675  -60.796  13.053 0.5000000000
26692  21.305  -61.305  12.964 0.5000000000
28790  22.469  -59.654  13.530 0.5000000000
28802  24.430  -59.833  13.449 0.5000000000
28789  23.256  -59.570  13.920 0.5000000000
29936  24.062  -58.610  13.976 0.5000000000
29870  29.923  -58.710  18.114 0.5000000000
179521  22.897  -59.012  13.621 0.5000000000
184338  31.603  -56.978  19.231 0.5000000000
28760  30.897  -59.681  15.459 0.3000000119
32338  32.339  -57.218  13.504 0.4000000060
11567  34.299  -75.273  13.612 0.3000000119
12381  32.980  -75.026  12.964 0.3000000119
206643  33.952  -74.773  13.945 0.3000000119
13206  32.693  -74.246  13.323 0.3000000119
190966  33.809  -73.224  14.525 0.3000000119
14078  31.923  -73.028  13.603 0.3000000119
14077  32.629  -73.206  13.858 0.3000000119
14925  36.443  -71.606  15.232 0.3000000119
198244  34.660  -72.425  15.065 0.3000000119
14945  34.013  -71.644  14.234 0.3000000119
14946  32.895  -72.066  14.087 0.3000000119
14934  35.067  -71.846  14.790 0.3000000119
199257  37.097  -70.865  14.307 0.3000000119
15769  36.496  -71.160  14.482 0.3000000119
14943  35.172  -71.253  14.095 0.4000000060
177241  33.422  -71.669  14.077 0.4000000060
15797  33.023  -70.552  13.335 0.4000000060
15781  32.423  -71.001  13.746 0.3000000119
16601  37.529  -69.783  13.423 0.3000000119
16603  36.016  -70.250  13.331 0.4000000060
177801  35.286  -70.594  13.484 0.4000000060
15779  33.628  -71.043  13.817 0.4000000060
17419  39.185  -69.641  14.200 0.3000000119
20108  38.023  -67.373  14.010 0.4000000060
18296  38.257  -69.049  13.813 0.4000000060
15798  32.224  -70.386  13.278 0.4000000060
204656  32.056  -69.828  12.766 0.3000000119
16616  37.338  -69.392  13.249 0.4000000060
16617  36.823  -69.545  13.059 0.3000000119
15794  35.525  -70.120  13.167 0.4000000060
184444  37.720  -67.646  13.625 0.4000000060
16638  34.287  -69.399  12.601 0.5000000000
16620  33.934  -69.982  12.852 0.4000000060
19206  27.815  -67.239  15.490 0.5000000000
20116  38.040  -66.531  13.810 0.4000000060
16621  33.390  -69.868  12.648 0.4000000060
19238  28.182  -67.715  13.729 0.3000000119
19222  29.103  -67.562  14.286 0.4000000060
17445  31.128  -68.351  12.047 0.3000000119
20928  23.575  -65.859  18.865 0.4000000060
201785  23.316  -65.512  18.359 0.4000000060
20941  27.915  -65.977  17.247 0.4000000060
20065  28.142  -66.570  17.059 0.4000000060
20066  27.441  -66.235  16.656 0.4000000060
18311  37.164  -68.606  13.134 0.4000000060
17429  36.633  -69.582  12.959 0.3000000119
16636  35.918  -69.539  12.961 0.5000000000
20081  27.943  -66.744  16.510 0.4000000060
20097  27.867  -66.979  15.979 0.4000000060
20117  37.785  -67.027  13.608 0.4000000060
19224  27.959  -67.727  14.370 0.4000000060
16639  33.671  -69.250  12.250 0.4000000060
179707  28.755  -67.589  14.945 0.5000000000
16641  32.321  -69.210  12.201 0.5000000000
19221  29.830  -67.688  14.147 0.4000000060
19237  28.765  -67.555  13.665 0.4000000060
18327  32.377  -67.876  11.887 0.3000000119
19236  29.439  -67.465  13.548 0.4000000060
181526  23.368  -64.547  16.748 0.4000000060
20942  27.583  -65.463  17.445 0.4000000060
19245  37.226  -68.074  13.221 0.4000000060
17439  36.426  -69.277  13.040 0.4000000060
19169  28.470  -67.234  17.035 0.4000000060
179297  28.318  -67.365  15.518 0.5000000000
19247  36.600  -68.292  13.227 0.4000000060
18323  35.694  -69.033  13.084 0.4000000060
18257  29.426  -68.190  16.407 0.5000000000
19246  37.059  -67.728  13.394 0.4000000060
19233  36.431  -67.741  13.736 0.4000000060
18313  36.173  -68.823  13.118 0.4000000060
18325  33.964  -68.774  12.269 0.5000000000
18316  33.495  -68.450  12.484 0.5000000000
19168  28.936  -67.732  16.768 0.4000000060
18256  30.244  -68.394  16.339 0.5000000000
183430  36.761  -66.449  13.872 0.4000000060
18317  32.729  -67.886  12.066 0.5000000000
19204  29.482  -67.795  14.955 0.4000000060
18318  32.088  -67.666  11.999 0.4000000060
18303  31.415  -67.856  13.567 0.4000000060
19235  30.162  -67.595  13.240 0.4000000060
19220  30.564  -67.851  13.926 0.4000000060
18224  29.082  -67.706  17.546 0.4000000060
19138  29.701  -67.285  18.626 0.3000000119
18297  35.866  -68.343  13.627 0.4000000060
18299  34.569  -68.670  13.500 0.4000000060
18239  29.965  -68.374  16.992 0.4000000060
20109  36.401  -66.257  14.443 0.4000000060
20120  36.293  -67.245  14.305 0.4000000060
201961  33.860  -68.511  13.236 0.5000000000
18301  32.542  -68.072  12.978 0.5000000000
18238  30.680  -68.460  16.901 0.5000000000
18255  30.968  -68.460  16.293 0.4000000060
20110  36.223  -66.757  14.783 0.4000000060
191030  32.093  -67.794  12.646 0.4000000060
179323  30.683  -68.337  15.616 0.4000000060
18287  31.681  -68.195  14.508 0.4000000060
18272  31.357  -68.361  15.378 0.4000000060
20039  29.837  -66.716  19.051 0.4000000060
193217  29.778  -68.167  17.581 0.3000000119
18283  35.310  -68.236  14.338 0.4000000060
189568  34.740  -68.463  14.266 0.4000000060
18223  30.909  -68.313  17.958 0.3000000119
19219  35.406  -67.907  14.931 0.4000000060
18268  34.553  -68.418  15.466 0.4000000060
188125  33.591  -68.589  13.960 0.4000000060
185134  32.789  -68.443  14.041 0.5000000000
20993  36.178  -66.232  15.318 0.4000000060
20096  35.419  -67.139  15.916 0.4000000060
176974  32.655  -68.535  15.157 0.4000000060
179119  32.005  -68.331  15.332 0.4000000060
205108  31.163  -68.449  15.877 0.4000000060
20904  30.027  -66.109  19.515 0.4000000060
18269  33.950  -68.595  15.601 0.4000000060
14089  27.351  -72.666  13.371 0.3000000119
15758  37.990  -70.465  15.786 0.3000000119
197957  39.363  -69.769  14.359 0.3000000119
19217  38.237  -68.228  14.430 0.4000000060
21003  37.968  -65.861  13.776 0.4000000060
178061  37.760  -66.368  13.558 0.4000000060
193077  38.062  -64.772  13.546 0.4000000060
193525  36.991  -64.939  13.861 0.4000000060
19136  30.913  -67.727  18.903 0.3000000119
20992  36.376  -65.716  14.733 0.4000000060
207598  30.791  -67.158  19.317 0.4000000060
19135  31.649  -67.724  18.877 0.4000000060
18222  31.623  -68.266  17.839 0.4000000060
20982  35.801  -65.888  15.978 0.4000000060
19182  34.456  -68.270  16.044 0.4000000060
18251  33.781  -68.453  16.308 0.4000000060
18252  33.010  -68.398  16.498 0.4000000060
18253  32.168  -68.450  16.745 0.3000000119
18237  31.684  -68.386  17.228 0.4000000060
20970  35.547  -66.120  16.495 0.4000000060
176416  28.133  -67.483  14.925 0.4000000060
20903  30.552  -66.281  19.957 0.4000000060
11577  32.471  -75.196  12.719 0.3000000119
13204  33.666  -74.153  14.220 0.3000000119
13216  31.908  -73.945  13.208 0.3000000119
13223  27.195  -73.543  13.231 0.3000000119
14088  28.112  -72.977  13.317 0.3000000119
192923  33.446  -72.482  14.245 0.3000000119
15760  37.082  -71.178  14.992 0.3000000119
14935  34.462  -71.946  14.638 0.4000000060
15780  32.996  -71.296  13.914 0.4000000060
15777  35.935  -70.955  14.026 0.3000000119
15768  37.585  -70.401  13.830 0.3000000119
15796  33.857  -70.398  13.252 0.4000000060
186083  38.548  -68.601  14.855 0.3000000119
21002  38.354  -66.003  14.368 0.4000000060
17441  34.355  -69.163  12.700 0.4000000060
204187  32.879  -68.098  11.854 0.5000000000
19253  31.188  -67.848  12.200 0.3000000119
17443  33.278  -68.619  11.911 0.5000000000
21004  37.209  -66.135  13.656 0.4000000060
18302  32.149  -67.988  13.675 0.4000000060
18271  32.449  -68.482  15.977 0.4000000060
21773  33.440  -64.753  19.558 0.4000000060
21752  32.857  -64.540  20.135 0.4000000060
24561  34.474  -63.024  18.943 0.4000000060
25512  34.220  -61.654  19.136 0.3000000119
23584  33.457  -63.476  19.801 0.5000000000
21754  31.591  -65.196  20.376 0.4000000060
21755  30.936  -65.258  20.435 0.4000000060
29947  39.854  -58.395  12.422 0.3000000119
31127  39.359  -58.178  12.822 0.3000000119
33655  38.234  -56.202  14.673 0.3000000119
31087  36.535  -57.756  16.134 0.3000000119
179260  36.578  -56.844  16.302 0.3000000119
29881  35.242  -58.623  17.470 0.3000000119
31112  39.018  -57.831  13.547 0.3000000119
33676  38.930  -56.557  13.763 0.3000000119
33654  38.783  -56.108  14.170 0.3000000119
31138  40.557  -57.880  11.938 0.3000000119
33715  40.544  -56.816  12.026 0.3000000119
33634  36.985  -56.940  15.911 0.3000000119
34910  37.246  -55.652  16.149 0.3000000119
33695  39.665  -56.482  12.872 0.3000000119
34942  39.839  -55.336  14.291 0.3000000119
33632  37.774  -56.037  15.213 0.3000000119
34971  41.392  -55.628  12.669 0.3000000119
177650  40.828  -55.591  13.363 0.3000000119
36185  41.335  -54.900  14.844 0.3000000119
34956  41.571  -55.400  13.403 0.3000000119
36184  42.115  -54.852  14.740 0.3000000119
34993  41.259  -56.103  12.152 0.3000000119
36168  38.910  -54.986  15.427 0.3000000119
36145  39.173  -54.553  16.099 0.3000000119
37340  38.315  -54.191  17.126 0.3000000119
36220  42.829  -55.282  12.718 0.3000000119
36166  40.221  -54.695  15.224 0.3000000119
175406  40.054  -54.005  16.920 0.3000000119
185289  43.587  -54.771  13.891 0.3000000119
36164  41.818  -54.685  15.271 0.3000000119
196171  41.332  -54.609  15.523 0.3000000119
193490  42.527  -54.235  16.168 0.3000000119
38525  38.793  -53.340  18.094 0.3000000119
179232  39.466  -53.903  17.194 0.3000000119
37320  39.158  -53.636  17.605 0.3000000119
38507  38.501  -53.074  18.671 0.3000000119
38492  36.874  -53.079  19.178 0.3000000119
39638  38.498  -52.281  19.645 0.3000000119
39639  37.776  -52.336  19.593 0.3000000119
208133  36.682  -52.805  19.554 0.3000000119
26553  34.621  -61.283  18.549 0.3000000119
24548  33.937  -62.884  19.403 0.4000000060
32284  35.857  -57.344  16.957 0.3000000119
37361  38.164  -54.590  16.589 0.3000000119
22657  34.215  -64.065  18.994 0.5000000000
32357  39.625  -57.057  12.573 0.3000000119
34943  38.675  -55.394  14.825 0.3000000119
32305  37.132  -57.321  15.572 0.3000000119
29899  36.219  -58.555  16.881 0.3000000119
28733  35.500  -58.948  17.352 0.3000000119
34958  39.640  -55.732  13.802 0.3000000119
198308  40.251  -56.262  12.588 0.3000000119
34927  37.791  -55.426  15.630 0.3000000119
34941  40.497  -55.418  14.053 0.3000000119
36182  43.681  -54.613  14.763 0.3000000119
37376  43.693  -54.309  15.555 0.3000000119
37379  40.315  -54.511  15.740 0.3000000119
36203  44.142  -54.738  13.276 0.3000000119
37357  41.137  -54.153  16.365 0.3000000119
18221  32.236  -68.069  17.932 0.3000000119
19167  33.493  -67.974  17.594 0.4000000060
21836  35.146  -65.084  17.342 0.4000000060
20051  34.573  -66.385  17.730 0.4000000060
19134  32.321  -67.557  18.742 0.3000000119
22680  34.992  -64.499  17.779 0.4000000060
23634  35.654  -63.842  17.174 0.3000000119
20053  33.591  -67.133  18.310 0.4000000060
21814  34.502  -65.843  18.233 0.4000000060
23612  35.374  -63.452  17.745 0.3000000119
20036  33.288  -66.804  18.772 0.3000000119
20922  34.062  -66.157  18.500 0.4000000060
23613  35.006  -63.871  18.147 0.4000000060
20901  32.995  -66.402  19.387 0.3000000119
201980  33.799  -65.140  19.054 0.4000000060
23597  34.579  -63.671  18.711 0.4000000060
20018  32.425  -66.756  19.498 0.3000000119
20902  32.328  -66.306  19.827 0.3000000119
20019  31.658  -66.381  20.084 0.3000000119
19120  31.352  -67.288  19.336 0.3000000119
21791  34.322  -65.170  18.595 0.4000000060
20052  34.125  -66.850  18.044 0.4000000060
20991  38.803  -66.261  15.062 0.3000000119
19183  34.273  -67.917  16.659 0.3000000119
21849  40.813  -64.705  15.675 0.3000000119
21851  39.643  -65.291  16.220 0.3000000119
20990  39.166  -65.851  15.430 0.3000000119
20107  38.343  -66.705  14.592 0.3000000119
20064  34.452  -67.100  17.567 0.3000000119
20080  35.268  -66.765  16.596 0.3000000119
180194  41.985  -65.373  13.990 0.3000000119
21867  40.298  -65.110  15.254 0.3000000119
21866  40.951  -64.808  15.103 0.3000000119
22756  39.950  -65.083  14.809 0.3000000119
21889  38.396  -65.363  14.022 0.3000000119
20063  34.881  -66.655  17.202 0.3000000119
22767  43.507  -63.608  14.248 0.3000000119
199542  42.039  -65.335  13.925 0.3000000119
22768  42.612  -63.742  14.029 0.3000000119
21877  40.710  -64.782  14.753 0.3000000119
197998  42.091  -65.542  13.895 0.3000000119
22772  39.638  -64.775  14.422 0.3000000119
23687  42.842  -63.693  13.874 0.3000000119
192222  42.298  -64.313  13.784 0.3000000119
23689  41.197  -64.155  13.920 0.3000000119
23688  41.871  -64.402  13.904 0.3000000119
191033  38.655  -64.809  13.962 0.3000000119
22775  37.449  -64.572  13.572 0.3000000119
21880  36.590  -65.289  14.248 0.3000000119
23685  44.348  -63.605  13.991 0.3000000119
209311  39.820  -63.869  13.596 0.3000000119
23690  40.390  -63.977  13.765 0.3000000119
23692  38.859  -63.874  13.781 0.3000000119
21835  35.396  -65.603  16.813 0.3000000119
23705  42.970  -63.461  13.439 0.3000000119
24651  44.996  -62.950  13.022 0.3000000119
23706  42.576  -63.685  13.422 0.3000000119
23707  41.527  -63.557  13.617 0.3000000119
23710  39.320  -63.447  13.412 0.3000000119
23694  37.437  -63.910  13.753 0.3000000119
21869  36.107  -65.538  15.473 0.3000000119
21853  35.717  -65.323  16.181 0.3000000119
22705  35.522  -64.954  16.785 0.3000000119
18234  33.626  -68.239  16.981 0.3000000119
24655  42.482  -62.933  13.172 0.3000000119
23709  40.015  -63.393  13.409 0.3000000119
23711  38.597  -63.237  13.654 0.3000000119
180455  36.663  -63.910  14.680 0.3000000119
21878  39.506  -65.485  15.129 0.3000000119
21868  39.652  -65.461  15.647 0.3000000119
12380  33.455  -74.726  13.569 0.3000000119
13205  33.074  -73.956  13.841 0.3000000119
13222  27.843  -73.446  13.159 0.3000000119
14070  34.104  -72.413  14.646 0.3000000119
14933  35.780  -71.477  14.650 0.3000000119
14944  34.605  -71.495  14.340 0.4000000060
15759  37.629  -70.899  15.503 0.3000000119
15767  37.632  -70.670  14.609 0.3000000119
15776  36.613  -70.592  13.838 0.3000000119
15778  34.452  -70.896  13.813 0.4000000060
15795  34.693  -70.263  13.159 0.4000000060
16592  39.187  -69.909  14.457 0.3000000119
16593  38.412  -70.146  14.247 0.3000000119
16600  39.112  -69.815  14.216 0.3000000119
16602  36.782  -69.974  13.351 0.4000000060
16618  36.244  -69.640  13.003 0.4000000060
16619  34.963  -69.951  12.993 0.4000000060
16622  32.672  -69.865  12.703 0.3000000119
16637  35.043  -69.508  12.877 0.5000000000
16640  33.015  -69.201  12.154 0.4000000060
17377  25.851  -68.902  17.675 0.5000000000
17400  26.774  -68.942  15.864 0.6000000238
17420  38.310  -69.581  13.716 0.3000000119
17427  37.536  -68.984  13.301 0.4000000060
17428  36.941  -69.274  13.107 0.3000000119
17440  35.010  -69.161  12.992 0.4000000060
17442  33.832  -68.889  12.135 0.5000000000
18200  32.588  -67.793  18.246 0.3000000119
18201  31.956  -68.021  18.394 0.3000000119
18202  31.302  -68.150  18.456 0.4000000060
18203  30.738  -68.080  18.395 0.3000000119
18204  25.751  -68.038  18.477 0.5000000000
18220  32.784  -68.002  17.755 0.3000000119
18235  32.877  -68.227  17.173 0.3000000119
18236  32.218  -68.235  17.431 0.3000000119
18240  29.397  -68.148  17.088 0.4000000060
18254  31.644  -68.484  16.091 0.4000000060
18258  26.701  -68.395  16.298 0.5000000000
18270  33.209  -68.600  15.778 0.4000000060
18273  29.851  -68.155  15.675 0.4000000060
18282  38.712  -69.058  14.308 0.3000000119
18284  34.913  -68.337  14.974 0.4000000060
18285  34.217  -68.596  14.788 0.4000000060
18286  33.374  -68.749  14.886 0.4000000060
18288  30.983  -68.140  14.651 0.4000000060
18289  30.236  -67.994  14.844 0.4000000060
18298  35.188  -68.512  13.754 0.4000000060
18300  33.092  -68.292  13.083 0.5000000000
18304  27.708  -68.031  13.779 0.3000000119
18305  27.246  -68.573  13.793 0.3000000119
18312  36.777  -68.828  13.092 0.4000000060
18314  35.201  -68.820  13.216 0.4000000060
18315  34.215  -68.781  12.855 0.5000000000
18324  34.594  -68.998  12.972 0.4000000060
18326  33.322  -68.454  12.006 0.5000000000
18328  31.688  -67.854  11.962 0.4000000060
18329  30.879  -67.998  12.071 0.3000000119
19119  32.034  -67.196  19.291 0.3000000119
19133  32.958  -67.347  18.541 0.4000000060
19137  30.253  -67.739  18.535 0.3000000119
19150  33.887  -67.471  17.879 0.4000000060
19151  33.242  -67.642  18.074 0.4000000060
19152  29.670  -67.768  18.125 0.3000000119
19155  25.999  -67.540  17.892 0.4000000060
19165  34.677  -67.254  16.945 0.3000000119
19166  34.080  -67.702  17.303 0.3000000119
19171  26.308  -67.780  17.271 0.5000000000
19184  28.811  -67.749  16.118 0.5000000000
19185  28.357  -67.256  16.284 0.4000000060
19200  38.327  -67.564  14.812 0.4000000060
19202  35.503  -67.393  15.362 0.4000000060
19203  35.071  -67.920  15.628 0.4000000060
19205  29.099  -67.844  15.621 0.5000000000
19218  35.870  -67.323  14.881 0.4000000060
19223  28.450  -67.572  14.325 0.4000000060
19232  37.999  -68.295  13.931 0.4000000060
19234  30.856  -67.724  13.158 0.4000000060
19244  37.566  -68.279  13.390 0.4000000060
19248  31.468  -67.738  12.536 0.3000000119
20002  31.073  -66.240  20.177 0.3000000119
20020  31.040  -66.746  19.786 0.3000000119
20021  30.365  -66.734  19.510 0.4000000060
20035  33.852  -66.599  18.458 0.4000000060
20037  32.694  -67.048  19.056 0.3000000119
20038  30.285  -67.246  19.019 0.4000000060
20040  29.335  -66.727  18.538 0.5000000000
20041  25.659  -66.858  18.900 0.4000000060
20042  25.246  -66.523  19.312 0.4000000060
20079  35.747  -66.499  15.995 0.4000000060
20082  27.494  -66.707  16.365 0.6000000238
20083  27.062  -66.558  16.464 0.4000000060
20095  35.863  -66.859  15.408 0.4000000060
20118  37.368  -66.880  13.598 0.4000000060
20119  36.803  -67.111  13.832 0.4000000060
20125  37.458  -67.585  13.465 0.4000000060
20881  32.008  -65.735  20.161 0.4000000060
20882  31.345  -65.784  20.314 0.3000000119
20883  30.351  -65.807  19.967 0.4000000060
20923  33.596  -66.210  18.866 0.3000000119
20939  34.231  -66.363  18.180 0.4000000060
20944  26.164  -65.873  18.397 0.4000000060
20954  35.244  -66.216  17.037 0.3000000119
20956  27.013  -65.507  17.364 0.4000000060
20969  38.871  -66.092  16.269 0.3000000119
20981  38.936  -66.258  15.741 0.3000000119
21005  36.654  -65.875  14.052 0.4000000060
21753  32.309  -65.044  20.209 0.4000000060
21774  32.974  -65.137  19.895 0.4000000060
21775  32.748  -65.738  19.914 0.3000000119
21776  30.102  -65.433  19.744 0.6000000238
21795  25.162  -65.134  19.380 0.5000000000
21797  23.829  -65.117  18.834 0.4000000060
21813  34.785  -65.160  17.998 0.4000000060
21820  23.505  -64.867  18.169 0.5000000000
21850  40.185  -65.065  15.918 0.3000000119
21879  38.908  -65.708  14.750 0.3000000119
21888  39.132  -65.108  14.509 0.3000000119
21890  37.648  -65.290  13.615 0.4000000060
21891  37.079  -65.554  13.790 0.4000000060
22621  32.198  -64.339  20.409 0.5000000000
22622  31.162  -64.720  20.538 0.4000000060
22624  30.161  -64.870  20.172 0.6000000238
22637  33.824  -64.111  19.547 0.4000000060
22638  33.341  -64.162  19.993 0.5000000000
22640  24.707  -64.918  19.431 0.4000000060
22656  34.599  -64.452  18.473 0.4000000060
22660  26.495  -63.722  18.359 0.5000000000
22663  24.378  -64.564  19.025 0.5000000000
22664  23.882  -64.526  18.528 0.6000000238
22679  35.375  -64.465  17.260 0.3000000119
22685  27.199  -64.523  17.787 0.6000000238
22727  23.453  -64.314  16.164 0.5000000000
22741  36.425  -64.364  15.169 0.3000000119
22753  42.116  -65.557  13.925 0.3000000119
22754  41.978  -65.500  14.020 0.3000000119
22755  41.373  -64.725  14.314 0.3000000119
22757  36.582  -64.586  14.415 0.3000000119
22769  42.148  -64.569  13.801 0.3000000119
22770  41.722  -64.906  13.887 0.3000000119
22771  40.854  -64.480  14.247 0.3000000119
22773  39.156  -64.492  14.058 0.3000000119
22774  38.492  -64.273  13.810 0.3000000119
23570  31.910  -63.774  20.520 0.5000000000
23571  31.249  -63.720  20.593 0.5000000000
23572  30.670  -63.697  20.433 0.5000000000
23573  30.220  -63.765  20.021 0.6000000238
23598  34.118  -63.543  19.275 0.5000000000
23615  29.823  -64.110  17.435 0.6999999881
23616  28.347  -63.731  17.613 0.6999999881
23649  35.687  -64.382  16.838 0.3000000119
23650  30.832  -63.486  16.819 0.6999999881
23651  30.294  -63.503  16.565 0.6999999881
23652  23.987  -63.382  16.812 0.5000000000
23653  23.609  -63.795  16.413 0.5000000000
23664  23.632  -63.891  15.729 0.5000000000
23672  42.115  -64.528  13.846 0.3000000119
23675  24.286  -63.676  14.837 0.6000000238
23686  43.487  -63.477  13.839 0.3000000119
23691  39.424  -64.012  13.815 0.3000000119
23693  38.146  -63.649  13.816 0.3000000119
23695  36.983  -64.224  14.044 0.3000000119
23697  24.543  -64.148  13.219 0.5000000000
23702  45.087  -63.517  13.638 0.3000000119
23703  44.347  -63.315  13.515 0.3000000119
23704  43.581  -63.278  13.419 0.3000000119
23708  40.777  -63.306  13.718 0.3000000119
23713  24.206  -64.167  12.606 0.5000000000
23714  23.763  -63.825  12.540 0.5000000000
24533  32.285  -62.589  20.322 0.5000000000
24534  31.579  -62.670  20.533 0.5000000000
24560  34.751  -62.549  18.665 0.4000000060
24562  30.038  -62.681  18.913 0.6000000238
24563  25.733  -62.984  18.433 0.6000000238
24575  30.815  -63.432  17.290 0.6999999881
24576  30.122  -63.328  18.391 0.6000000238
24577  28.019  -62.985  17.521 0.6000000238
24579  26.634  -62.503  18.100 0.6000000238
24580  25.999  -62.500  18.167 0.6000000238
24596  27.562  -62.279  17.342 0.6999999881
24597  24.848  -62.356  16.744 0.6999999881
24623  31.152  -62.728  15.250 0.5000000000
24626  24.348  -63.053  15.485 0.5000000000
24653  43.580  -62.856  12.879 0.3000000119
24662  26.129  -63.245  12.593 0.6000000238
24673  25.992  -62.945  11.364 0.6999999881
25483  31.896  -62.079  20.442 0.6000000238
25484  31.264  -62.019  20.583 0.6000000238
25497  33.812  -62.194  19.466 0.6000000238
25498  33.132  -61.971  19.743 0.4000000060
25511  34.716  -61.961  18.669 0.4000000060
25528  25.708  -62.110  17.812 0.8000000119
25542  30.577  -61.931  17.486 0.6000000238
25543  26.821  -61.942  17.335 0.6999999881
25561  26.003  -61.770  16.567 0.6999999881
25572  31.643  -62.518  15.369 0.6000000238
25589  30.886  -62.474  14.572 0.5000000000
25591  25.865  -61.812  15.082 0.6000000238
25603  31.723  -62.148  14.191 0.6000000238
25606  29.712  -61.776  13.586 0.6000000238
25608  26.655  -61.948  14.061 0.6000000238
25631  28.501  -62.489  12.093 0.6000000238
25635  22.989  -62.133  13.341 0.4000000060
25649  30.085  -62.027  12.298 0.6000000238
25650  29.639  -62.295  12.030 0.6000000238
25652  27.800  -62.568  11.922 0.6000000238
25653  26.653  -63.115  11.502 0.6999999881
26522  32.634  -61.464  19.971 0.6000000238
26524  31.424  -60.993  20.271 0.6000000238
26525  30.762  -60.930  20.180 0.5000000000
26540  32.724  -60.817  19.722 0.6000000238
26541  30.008  -61.433  19.716 0.6000000238
26554  34.183  -61.022  18.824 0.4000000060
26555  29.753  -61.468  19.112 0.6000000238
26597  31.169  -62.369  16.733 0.6999999881
26598  30.558  -61.407  16.998 0.6000000238
26623  27.745  -61.412  16.389 0.6999999881
26624  27.098  -61.280  16.262 0.6999999881
26642  31.735  -62.070  15.138 0.5000000000
26645  26.341  -61.285  15.421 0.6000000238
26660  29.080  -61.544  14.869 0.6000000238
26661  28.405  -61.251  14.721 0.6000000238
26671  28.289  -61.446  13.889 0.6000000238
26673  27.233  -61.467  14.140 0.6000000238
26685  32.215  -61.620  13.209 0.6000000238
26686  31.705  -61.967  12.820 0.6000000238
26704  32.082  -61.684  12.262 0.6000000238
26708  26.117  -61.259  11.728 0.6999999881
26709  25.602  -61.868  11.508 0.6999999881
26711  31.250  -61.275  11.753 0.6000000238
26713  29.572  -61.662  11.717 0.6000000238
26715  27.911  -61.628  11.582 0.6999999881
26717  26.576  -62.098  11.396 0.6999999881
27583  32.301  -60.321  20.001 0.6000000238
27584  31.780  -60.554  20.145 0.6000000238
27586  30.550  -60.380  19.973 0.5000000000
27599  33.342  -60.655  19.361 0.4000000060
27600  30.042  -60.351  19.602 0.5000000000
27612  33.883  -60.548  18.931 0.4000000060
27614  29.759  -60.275  19.143 0.5000000000
27689  31.953  -61.091  14.430 0.5000000000
27690  31.491  -60.286  14.899 0.4000000060
27707  22.049  -60.261  13.430 0.5000000000
27733  32.280  -61.105  12.076 0.6000000238
27734  31.728  -61.515  11.807 0.6000000238
27736  25.521  -60.046  12.533 0.6000000238
27744  30.816  -60.595  11.727 0.6999999881
28686  31.711  -59.971  20.091 0.5000000000
28687  30.976  -59.858  20.039 0.5000000000
28688  30.341  -59.832  19.791 0.5000000000
28698  33.098  -59.475  19.325 0.4000000060
28700  30.191  -59.260  19.511 0.5000000000
28710  34.046  -59.915  18.720 0.4000000060
28712  33.653  -59.368  18.896 0.4000000060
28721  29.809  -59.386  18.290 0.6000000238
28732  35.592  -59.552  17.419 0.3000000119
28749  30.577  -59.910  16.067 0.6000000238
28750  30.150  -59.395  16.509 0.4000000060
28787  32.274  -59.960  13.972 0.6000000238
28788  23.918  -59.347  13.858 0.5000000000
28801  25.062  -59.582  13.041 0.6000000238
28817  32.013  -59.875  11.692 0.6000000238
28820  28.695  -59.674  11.621 0.6999999881
29836  32.719  -58.999  19.358 0.5000000000
29837  32.108  -58.796  19.527 0.5000000000
29838  31.421  -58.575  19.579 0.5000000000
29839  30.795  -58.885  19.692 0.5000000000
29868  34.863  -58.606  17.804 0.4000000060
29879  35.948  -59.040  17.079 0.3000000119
29880  35.724  -58.420  17.219 0.3000000119
29882  29.970  -58.846  16.944 0.4000000060
29900  30.156  -58.357  16.515 0.4000000060
29914  30.793  -58.879  15.373 0.3000000119
29915  30.452  -58.580  16.008 0.4000000060
29923  31.175  -58.885  14.793 0.5000000000
29937  23.303  -58.430  13.906 0.5000000000
29952  24.556  -59.118  13.489 0.5000000000
29973  29.872  -59.065  11.687 0.6999999881
29977  26.606  -58.737  11.910 0.8000000119
29978  26.431  -58.239  11.815 0.6999999881
31005  30.672  -57.903  19.285 0.5000000000
31006  30.235  -58.131  18.928 0.4000000060
31023  33.386  -58.145  18.851 0.4000000060
31025  30.012  -58.183  18.470 0.4000000060
31041  34.669  -58.054  18.041 0.4000000060
31042  34.035  -57.937  18.489 0.4000000060
31043  29.926  -58.096  17.865 0.5000000000
31053  35.644  -57.824  17.161 0.3000000119
31054  29.958  -58.055  17.125 0.5000000000
31068  36.635  -58.356  16.517 0.3000000119
31069  36.165  -57.936  16.799 0.3000000119
31114  32.464  -58.048  13.396 0.5000000000
31126  39.839  -57.829  12.358 0.3000000119
31140  33.820  -58.256  11.950 0.5000000000
31142  26.105  -58.315  12.328 0.6000000238
31150  33.178  -58.431  11.395 0.6000000238
31154  28.979  -57.779  11.699 0.6999999881
32204  31.184  -57.433  19.309 0.5000000000
32223  30.468  -57.025  18.850 0.5000000000
32224  30.119  -57.270  18.570 0.5000000000
32244  34.523  -57.520  18.246 0.4000000060
32246  30.052  -57.066  18.055 0.6000000238
32266  35.401  -57.406  17.377 0.4000000060
32268  30.005  -57.318  16.930 0.5000000000
32283  36.289  -57.335  16.455 0.3000000119
32306  36.651  -57.400  15.912 0.3000000119
32307  30.494  -57.473  15.949 0.5000000000
32319  38.180  -56.949  14.675 0.3000000119
32320  37.741  -57.164  15.185 0.3000000119
32336  38.946  -57.134  13.649 0.3000000119
32337  38.662  -57.446  14.215 0.3000000119
32340  25.047  -57.191  13.820 0.4000000060
32358  39.291  -57.464  12.969 0.3000000119
32371  40.804  -57.440  11.818 0.3000000119
32372  40.244  -57.298  12.147 0.3000000119
32391  29.168  -56.872  11.547 0.5000000000
33512  31.845  -56.387  19.347 0.5000000000
33513  31.073  -56.876  19.072 0.5000000000
33532  30.270  -56.712  18.485 0.5000000000
33553  35.456  -56.173  17.855 0.4000000060
33554  34.831  -56.344  18.150 0.4000000060
33585  36.098  -56.094  17.019 0.4000000060
33586  35.708  -56.485  17.314 0.4000000060
33587  35.196  -56.827  17.655 0.4000000060
33609  37.034  -56.310  16.128 0.3000000119
33611  30.539  -56.256  16.312 0.5000000000
33633  37.408  -56.622  15.523 0.3000000119
33656  37.842  -56.566  15.046 0.3000000119
33675  39.305  -56.165  13.586 0.3000000119
33677  38.603  -56.715  14.199 0.3000000119
33679  31.762  -56.734  14.017 0.5000000000
33696  39.196  -56.772  13.153 0.3000000119
33716  39.972  -56.726  12.351 0.3000000119
33722  26.712  -56.151  11.781 0.6000000238
33723  26.241  -56.513  12.489 0.5000000000
33741  30.305  -57.001  11.764 0.5000000000
34849  34.621  -55.304  18.585 0.4000000060
34870  35.678  -55.492  17.866 0.4000000060
34871  35.102  -55.730  18.242 0.4000000060
34895  36.432  -55.645  16.803 0.4000000060
34896  36.104  -55.543  17.298 0.4000000060
34926  38.319  -55.278  15.268 0.3000000119
34928  37.451  -56.001  15.738 0.3000000119
34944  38.182  -55.656  14.992 0.3000000119
34957  40.177  -55.644  13.630 0.3000000119
34970  42.151  -55.473  12.721 0.3000000119
34972  39.884  -55.968  13.222 0.3000000119
34994  40.756  -56.326  12.189 0.3000000119
35017  28.938  -55.731  11.254 0.4000000060
35020  27.122  -55.730  11.157 0.5000000000
36120  35.245  -55.078  18.347 0.4000000060
36132  37.157  -54.851  16.967 0.4000000060
36134  36.056  -55.092  17.585 0.4000000060
36146  38.483  -54.652  16.017 0.3000000119
36147  37.954  -54.897  16.090 0.3000000119
36148  37.430  -55.159  16.312 0.3000000119
36162  43.190  -54.615  15.234 0.3000000119
36163  42.511  -54.642  15.390 0.3000000119
36165  40.756  -54.673  15.315 0.3000000119
36167  39.678  -54.677  15.541 0.3000000119
36169  38.256  -55.004  15.646 0.3000000119
36183  42.933  -54.771  14.521 0.3000000119
36186  40.508  -55.022  14.694 0.3000000119
36187  39.829  -54.944  14.941 0.3000000119
36204  43.002  -54.911  13.439 0.3000000119
36205  41.089  -55.306  14.124 0.3000000119
36221  42.256  -55.131  13.410 0.3000000119
36263  28.276  -54.672  10.829 0.5000000000
37304  36.749  -53.490  18.475 0.4000000060
37321  38.490  -53.723  17.617 0.3000000119
37324  35.974  -54.270  18.255 0.4000000060
37338  40.787  -53.833  16.841 0.3000000119
37339  38.917  -54.020  17.164 0.3000000119
37342  36.706  -54.579  17.430 0.4000000060
37356  41.802  -54.165  16.371 0.3000000119
37358  40.504  -54.221  16.310 0.3000000119
37359  39.850  -54.345  16.214 0.3000000119
37360  38.743  -54.417  16.633 0.3000000119
37377  41.893  -54.496  15.806 0.3000000119
37378  40.898  -54.505  15.903 0.3000000119
37450  28.176  -54.028  10.676 0.4000000060
38508  37.929  -53.076  18.748 0.4000000060
38510  36.310  -53.005  19.515 0.3000000119
38526  38.026  -53.436  18.183 0.3000000119
39637  39.244  -52.215  19.647 0.3000000119
39640  37.055  -52.496  19.628 0.3000000119
39641  36.405  -52.484  19.793 0.3000000119
39661  38.192  -52.718  19.152 0.3000000119
39662  37.542  -52.812  19.124 0.4000000060
174480  39.084  -55.595  14.225 0.3000000119
174555  37.848  -53.997  17.627 0.3000000119
174627  36.257  -53.841  18.538 0.3000000119
174656  31.724  -57.539  19.155 0.5000000000
174948  36.035  -56.732  16.772 0.4000000060
175841  39.378  -54.250  16.740 0.3000000119
175983  39.270  -55.200  14.784 0.3000000119
176415  31.377  -68.483  16.785 0.4000000060
176876  42.189  -65.355  14.026 0.3000000119
176879  41.864  -64.892  14.509 0.3000000119
177038  33.396  -65.604  19.407 0.4000000060
177162  30.917  -58.399  19.470 0.5000000000
177198  35.174  -59.089  17.703 0.3000000119
177946  29.923  -58.575  17.524 0.4000000060
178561  34.893  -67.537  16.323 0.4000000060
180128  34.559  -59.805  18.293 0.4000000060
180779  33.963  -65.694  18.764 0.4000000060
180940  27.430  -61.154  15.211 0.6999999881
181664  40.757  -55.862  12.595 0.3000000119
181966  30.119  -61.591  18.341 0.6000000238
181967  35.605  -69.693  12.971 0.5000000000
182046  29.883  -59.967  17.574 0.5000000000
182163  36.927  -57.734  15.704 0.3000000119
182546  36.266  -53.426  19.010 0.3000000119
183163  36.993  -68.307  13.152 0.4000000060
184064  31.500  -62.592  16.061 0.6999999881
184299  32.143  -61.633  20.279 0.6000000238
185001  31.113  -68.441  17.382 0.5000000000
185056  40.308  -58.284  12.104 0.3000000119
185703  41.778  -55.108  14.127 0.3000000119
186252  32.032  -66.720  19.727 0.3000000119
187217  25.404  -64.039  18.877 0.5000000000
187391  42.421  -54.918  14.061 0.3000000119
187659  32.679  -68.423  11.816 0.5000000000
187724  32.796  -63.048  20.139 0.6000000238
188025  34.305  -62.381  19.047 0.4000000060
188253  33.989  -64.599  18.999 0.5000000000
188318  30.965  -61.474  20.475 0.5000000000
188403  25.744  -65.459  19.055 0.5000000000
188429  29.971  -64.491  18.881 0.6000000238
188475  30.962  -62.054  13.355 0.5000000000
188628  27.535  -56.487  11.115 0.6000000238
188760  30.753  -65.802  20.214 0.4000000060
190079  31.539  -59.297  14.348 0.5000000000
190272  36.364  -65.085  14.938 0.4000000060
190471  30.437  -68.403  17.502 0.3000000119
191282  29.066  -67.601  13.051 0.4000000060
191297  33.696  -61.638  19.485 0.6000000238
191503  23.535  -61.301  13.315 0.4000000060
191615  35.175  -58.069  17.514 0.3000000119
191918  28.745  -64.973  17.844 0.6999999881
191952  31.755  -64.693  20.418 0.5000000000
192514  30.092  -64.375  19.728 0.6000000238
192870  41.409  -54.441  16.015 0.3000000119
193386  30.357  -61.433  20.260 0.5000000000
193464  37.739  -54.483  17.096 0.3000000119
193592  30.040  -63.322  19.692 0.6000000238
193613  32.931  -57.708  18.901 0.4000000060
193767  30.962  -63.067  20.517 0.5000000000
194542  32.817  -59.795  12.350 0.6000000238
194697  33.291  -73.423  14.153 0.3000000119
194743  37.584  -65.834  13.611 0.4000000060
195021  30.541  -64.781  20.499 0.5000000000
195236  39.258  -69.518  14.505 0.3000000119
195342  30.279  -68.167  18.048 0.3000000119
195389  30.474  -62.534  20.360 0.5000000000
196351  23.727  -62.815  12.911 0.4000000060
196433  31.649  -66.859  19.676 0.3000000119
196512  43.042  -54.390  15.726 0.3000000119
196684  27.172  -62.838  12.314 0.6000000238
196717  26.065  -56.126  13.165 0.4000000060
197193  39.508  -53.269  18.032 0.3000000119
197209  41.951  -63.656  13.496 0.3000000119
197564  31.362  -58.806  11.610 0.6000000238
197571  39.901  -64.318  14.059 0.3000000119
198533  38.313  -69.989  13.831 0.3000000119
198779  32.232  -68.342  14.565 0.4000000060
199405  43.611  -54.850  13.069 0.3000000119
199460  31.703  -67.718  12.057 0.3000000119
199700  32.533  -71.622  13.958 0.4000000060
199970  34.957  -65.790  17.521 0.4000000060
200261  36.974  -58.183  16.105 0.3000000119
200323  40.362  -55.828  13.041 0.3000000119
200359  36.789  -55.799  16.442 0.3000000119
200488  34.936  -66.262  17.361 0.3000000119
201208  35.820  -67.786  14.287 0.4000000060
201551  32.903  -60.004  12.751 0.6000000238
202177  24.857  -63.110  17.923 0.6000000238
202269  36.470  -66.723  14.214 0.4000000060
202826  38.564  -55.736  14.554 0.3000000119
203109  25.177  -62.049  11.820 0.6000000238
203505  31.548  -59.470  11.534 0.6000000238
204378  31.331  -61.445  15.599 0.4000000060
204844  30.157  -57.180  16.420 0.5000000000
205207  29.442  -62.598  16.029 0.6000000238
205586  30.975  -62.437  20.585 0.5000000000
205720  28.425  -66.453  17.556 0.5000000000
206528  23.535  -58.993  13.905 0.5000000000
207314  34.203  -68.597  13.959 0.4000000060
207536  28.204  -65.642  17.697 0.4000000060
207904  35.233  -64.014  17.602 0.3000000119
208383  30.557  -63.370  17.777 0.6999999881
208515  32.276  -57.503  11.495 0.5000000000
208602  31.873  -61.953  13.489 0.6000000238
208728  40.193  -64.697  14.494 0.3000000119
209003  37.845  -64.243  13.567 0.3000000119
209008  37.699  -54.831  16.631 0.3000000119
209345  39.435  -54.973  15.185 0.3000000119
209445  30.093  -57.739  18.651 0.5000000000
209882  35.601  -65.705  16.360 0.3000000119
209906  30.500  -68.320  12.125 0.3000000119
