#!ascii label  , from subject sub-01 vox2ras=TkReg
2012
233320  -13.704  -22.094  46.334 0.0000000000
225285  -25.821  -18.071  29.093 0.0000000000
222238  -26.553  -10.339  27.865 0.0000000000
75779  -21.015  -18.279  36.561 0.0000000000
91965  -36.428  -7.977  21.788 0.0000000000
89185  -33.851  -10.207  22.055 0.0000000000
72106  -28.985  -20.213  36.671 0.0000000000
78533  -24.641  -16.405  34.351 0.0000000000
99777  -41.323  -3.575  27.162 0.0000000000
109590  -45.102  3.364  27.156 0.0000000000
111963  -48.067  4.608  24.681 0.0000000000
89003  -32.282  -9.732  31.592 0.0000000000
93225  -30.264  -7.860  24.016 0.0000000000
90404  -35.713  -8.876  28.797 0.0000000000
86618  -37.614  -11.776  25.320 0.0000000000
79875  -16.087  -15.679  36.712 0.0000000000
67009  -11.839  -23.655  51.753 0.0000000000
81371  -25.835  -14.781  29.266 0.0000000000
83814  -30.499  -12.877  34.358 0.0000000000
211407  -17.973  -18.843  32.896 0.0000000000
77237  -19.340  -17.002  30.504 0.0000000000
108493  -46.902  1.979  16.426 0.0000000000
196110  -51.244  2.680  21.840 0.0000000000
86735  -36.134  -11.568  21.093 0.0000000000
90453  -39.335  -9.180  25.776 0.0000000000
70708  -13.450  -21.202  42.925 0.0000000000
203633  -8.362  -28.508  50.673 0.0000000000
233043  -43.585  -0.325  27.021 0.0000000000
90376  -34.049  -8.792  30.027 0.0000000000
74472  -14.501  -18.946  35.457 0.0000000000
69355  -12.746  -22.771  49.302 0.0000000000
81410  -24.499  -15.574  25.360 0.0000000000
78593  -26.308  -16.799  28.957 0.0000000000
218659  -19.364  -18.441  34.082 0.0000000000
74570  -18.605  -18.859  31.954 0.0000000000
78527  -20.476  -16.787  33.771 0.0000000000
77196  -25.586  -17.282  32.017 0.0000000000
79932  -23.332  -15.753  30.644 0.0000000000
227147  -23.569  -16.007  28.206 0.0000000000
74416  -19.785  -19.346  38.173 0.0000000000
77130  -18.684  -17.785  35.742 0.0000000000
107130  -40.591  0.855  20.936 0.0000000000
108465  -45.156  2.313  18.040 0.0000000000
109660  -49.603  3.122  23.323 0.0000000000
91947  -32.205  -8.404  23.058 0.0000000000
86709  -35.282  -11.592  21.804 0.0000000000
87903  -40.141  -11.208  24.182 0.0000000000
77047  -12.533  -17.290  40.397 0.0000000000
77009  -10.955  -16.948  43.202 0.0000000000
75631  -10.157  -17.900  45.173 0.0000000000
70730  -13.367  -20.955  40.726 0.0000000000
63037  -8.789  -27.188  47.236 0.0000000000
74538  -27.493  -19.331  32.638 0.0000000000
75865  -28.009  -18.325  31.940 0.0000000000
75795  -29.711  -18.930  35.984 0.0000000000
75712  -23.556  -18.482  39.372 0.0000000000
78496  -23.187  -16.762  36.112 0.0000000000
77067  -25.803  -17.533  38.354 0.0000000000
202355  -27.128  -18.120  36.070 0.0000000000
97244  -37.757  -5.167  25.496 0.0000000000
102191  -40.152  -1.993  24.926 0.0000000000
105840  -41.911  0.440  24.450 0.0000000000
109658  -43.584  2.880  23.627 0.0000000000
110914  -45.713  3.321  22.094 0.0000000000
113137  -46.301  5.061  26.302 0.0000000000
227515  -29.418  -9.856  29.659 0.0000000000
91875  -28.354  -8.417  26.110 0.0000000000
91823  -31.088  -8.611  28.377 0.0000000000
93196  -32.684  -7.850  26.081 0.0000000000
91918  -34.605  -8.723  24.833 0.0000000000
89145  -35.589  -10.425  23.618 0.0000000000
89076  -36.780  -9.984  26.540 0.0000000000
81286  -15.111  -14.928  40.009 0.0000000000
230955  -13.698  -17.933  38.251 0.0000000000
108499  -52.403  2.301  16.428 0.0000000000
66999  -10.775  -23.719  54.549 0.0000000000
83891  -24.454  -13.576  25.269 0.0000000000
85179  -26.038  -12.467  29.192 0.0000000000
225894  -27.909  -16.292  32.943 0.0000000000
83824  -27.701  -13.523  32.262 0.0000000000
86531  -28.627  -11.648  31.377 0.0000000000
86513  -31.399  -11.430  33.373 0.0000000000
79911  -21.746  -15.632  32.544 0.0000000000
219547  -18.268  -16.087  39.045 0.0000000000
77167  -16.901  -17.470  34.147 0.0000000000
109724  -47.063  2.880  20.654 0.0000000000
109751  -48.900  2.869  18.642 0.0000000000
109782  -50.638  2.811  17.421 0.0000000000
226474  -52.587  2.365  20.654 0.0000000000
66011  -13.009  -24.648  43.463 0.0000000000
66001  -12.443  -24.684  44.809 0.0000000000
89195  -37.612  -10.148  20.957 0.0000000000
201330  -37.020  -11.935  22.675 0.0000000000
89188  -38.696  -10.626  22.439 0.0000000000
91919  -37.395  -8.370  24.151 0.0000000000
95992  -39.338  -5.494  27.205 0.0000000000
70661  -13.528  -21.624  44.985 0.0000000000
64958  -10.818  -24.875  47.790 0.0000000000
63990  -10.787  -25.609  51.225 0.0000000000
63009  -9.660  -26.697  53.567 0.0000000000
234353  -13.002  -22.363  48.214 0.0000000000
77301  -24.921  -17.246  27.246 0.0000000000
78637  -25.183  -16.933  26.935 0.0000000000
75934  -26.146  -17.863  28.685 0.0000000000
75806  -20.179  -18.409  35.120 0.0000000000
75846  -19.764  -17.953  33.845 0.0000000000
77149  -20.410  -17.728  34.785 0.0000000000
77225  -25.428  -17.656  30.553 0.0000000000
77238  -24.453  -16.730  29.935 0.0000000000
78604  -24.494  -17.047  28.018 0.0000000000
212744  -24.316  -16.765  27.027 0.0000000000
74418  -21.182  -19.202  38.209 0.0000000000
203018  -20.745  -19.819  39.195 0.0000000000
205205  -20.109  -19.110  36.737 0.0000000000
74474  -19.655  -18.851  35.942 0.0000000000
108449  -43.751  2.058  18.942 0.0000000000
86585  -25.773  -10.819  26.839 0.0000000000
227061  -26.220  -10.017  26.085 0.0000000000
90525  -33.228  -9.088  22.744 0.0000000000
89184  -33.143  -10.009  21.903 0.0000000000
87970  -34.949  -11.095  22.043 0.0000000000
73226  -13.360  -19.595  39.499 0.0000000000
75682  -11.904  -17.555  41.336 0.0000000000
211137  -13.022  -19.343  40.768 0.0000000000
73176  -12.829  -19.448  41.483 0.0000000000
195902  -13.351  -20.922  40.111 0.0000000000
73283  -28.234  -19.816  35.084 0.0000000000
73296  -28.787  -19.814  34.431 0.0000000000
73286  -29.469  -20.109  36.034 0.0000000000
75696  -24.537  -18.397  40.105 0.0000000000
75735  -24.734  -17.810  39.009 0.0000000000
75715  -25.881  -17.983  39.634 0.0000000000
74422  -28.455  -19.561  37.681 0.0000000000
75768  -27.603  -18.581  37.002 0.0000000000
74477  -27.875  -19.319  35.763 0.0000000000
74496  -27.236  -18.726  34.522 0.0000000000
99793  -39.468  -3.841  26.055 0.0000000000
99809  -38.927  -3.629  25.407 0.0000000000
101034  -40.742  -2.426  25.824 0.0000000000
107054  -44.034  1.378  27.021 0.0000000000
105827  -42.468  0.272  25.361 0.0000000000
108327  -43.664  2.319  25.925 0.0000000000
108355  -42.722  1.939  24.239 0.0000000000
214734  -44.410  3.523  25.601 0.0000000000
111959  -45.212  4.227  25.059 0.0000000000
111925  -45.645  4.392  26.855 0.0000000000
89012  -30.784  -9.895  30.549 0.0000000000
228207  -30.244  -9.241  29.078 0.0000000000
90373  -31.747  -9.205  29.873 0.0000000000
234375  -34.799  -8.667  29.300 0.0000000000
91839  -33.080  -8.334  27.781 0.0000000000
91840  -34.026  -8.283  27.167 0.0000000000
91900  -34.060  -8.358  25.289 0.0000000000
91883  -34.816  -8.502  26.161 0.0000000000
90451  -35.808  -9.182  26.013 0.0000000000
221247  -36.291  -9.037  27.738 0.0000000000
79831  -16.683  -15.123  39.628 0.0000000000
81251  -16.021  -15.126  41.001 0.0000000000
79842  -15.547  -15.210  38.656 0.0000000000
75776  -14.166  -18.065  36.650 0.0000000000
108467  -53.359  2.254  17.674 0.0000000000
108486  -54.377  1.729  17.433 0.0000000000
68180  -11.309  -23.400  53.689 0.0000000000
81384  -25.205  -14.962  27.459 0.0000000000
198460  -24.528  -14.905  25.583 0.0000000000
82607  -25.112  -14.025  27.600 0.0000000000
83877  -24.953  -13.236  27.306 0.0000000000
82594  -25.846  -13.889  29.314 0.0000000000
77173  -28.680  -17.941  33.650 0.0000000000
77198  -27.838  -17.429  32.067 0.0000000000
78521  -28.626  -16.380  34.315 0.0000000000
82560  -30.430  -13.689  35.114 0.0000000000
81343  -28.673  -14.380  33.810 0.0000000000
83819  -29.136  -13.115  33.357 0.0000000000
83832  -27.952  -12.834  31.986 0.0000000000
85144  -29.169  -12.260  32.498 0.0000000000
86522  -30.060  -11.521  32.430 0.0000000000
86496  -31.066  -11.875  33.734 0.0000000000
75894  -19.020  -17.783  31.372 0.0000000000
78509  -24.333  -16.585  35.731 0.0000000000
78530  -22.522  -16.009  34.329 0.0000000000
78531  -23.596  -16.007  33.963 0.0000000000
79938  -21.370  -15.399  29.964 0.0000000000
77055  -19.197  -17.301  39.793 0.0000000000
75826  -18.149  -18.056  33.954 0.0000000000
77148  -17.925  -17.269  34.789 0.0000000000
75825  -17.339  -17.924  33.741 0.0000000000
74534  -16.566  -19.136  33.131 0.0000000000
110883  -46.766  3.710  23.066 0.0000000000
194705  -46.287  3.030  21.449 0.0000000000
109676  -47.369  3.285  22.356 0.0000000000
195506  -50.429  2.784  22.437 0.0000000000
195668  -49.062  2.809  21.126 0.0000000000
225440  -49.787  2.823  20.214 0.0000000000
200065  -49.704  2.861  17.800 0.0000000000
195505  -50.444  2.846  19.323 0.0000000000
109754  -51.592  2.694  19.065 0.0000000000
109715  -51.831  2.588  20.856 0.0000000000
93208  -29.581  -7.808  25.152 0.0000000000
90486  -27.939  -8.740  24.470 0.0000000000
87997  -36.548  -10.862  19.942 0.0000000000
213472  -37.322  -10.837  21.139 0.0000000000
220152  -36.787  -11.079  24.809 0.0000000000
87927  -36.325  -11.512  23.432 0.0000000000
214440  -37.282  -11.931  24.244 0.0000000000
227088  -39.935  -10.278  24.522 0.0000000000
87951  -39.297  -11.132  23.140 0.0000000000
90509  -38.898  -9.587  23.916 0.0000000000
90507  -37.875  -9.220  23.253 0.0000000000
91902  -38.255  -8.470  25.145 0.0000000000
94592  -37.907  -6.809  26.117 0.0000000000
93181  -38.716  -7.684  26.899 0.0000000000
73135  -11.817  -19.589  43.716 0.0000000000
73115  -11.457  -19.789  45.091 0.0000000000
73102  -11.297  -19.962  45.732 0.0000000000
199850  -13.737  -21.712  43.477 0.0000000000
212480  -13.070  -23.513  42.781 0.0000000000
194565  -12.954  -23.115  41.808 0.0000000000
64973  -11.188  -25.284  44.630 0.0000000000
64966  -11.581  -24.565  45.814 0.0000000000
64968  -10.217  -25.404  45.879 0.0000000000
61894  -8.522  -27.556  48.956 0.0000000000
63993  -9.570  -26.282  49.688 0.0000000000
199615  -9.373  -27.011  50.899 0.0000000000
63981  -10.309  -26.236  52.497 0.0000000000
61883  -9.116  -27.796  52.139 0.0000000000
74387  -27.132  -18.428  39.842 0.0000000000
100993  -42.992  -2.697  27.698 0.0000000000
102154  -42.815  -1.752  26.893 0.0000000000
104561  -44.309  -0.627  27.851 0.0000000000
90363  -33.123  -9.176  30.685 0.0000000000
77145  -15.401  -17.413  34.931 0.0000000000
77126  -14.828  -17.084  36.012 0.0000000000
213003  -11.231  -21.836  51.002 0.0000000000
68195  -12.508  -23.231  50.378 0.0000000000
80017  -24.353  -16.060  25.188 0.0000000000
79993  -25.238  -16.356  26.715 0.0000000000
220720  -26.109  -16.116  29.084 0.0000000000
85088  -32.222  -12.345  35.641 0.0000000000
74536  -18.482  -18.790  32.964 0.0000000000
73326  -18.294  -19.203  32.091 0.0000000000
74554  -18.977  -18.459  32.731 0.0000000000
75879  -19.157  -17.929  31.993 0.0000000000
77194  -19.790  -17.031  32.215 0.0000000000
77171  -25.393  -16.864  33.719 0.0000000000
78552  -23.887  -15.939  32.708 0.0000000000
206069  -24.291  -16.318  31.370 0.0000000000
79941  -23.305  -15.828  29.486 0.0000000000
80005  -22.542  -15.932  26.167 0.0000000000
75711  -19.603  -18.773  39.073 0.0000000000
77078  -18.970  -17.697  37.844 0.0000000000
75763  -19.019  -18.387  37.022 0.0000000000
75792  -18.918  -18.330  35.366 0.0000000000
214713  -39.514  -0.024  21.604 0.0000000000
108480  -46.049  2.268  17.315 0.0000000000
199169  -49.390  5.184  26.119 0.0000000000
204985  -49.008  3.841  24.172 0.0000000000
91932  -31.288  -8.133  23.420 0.0000000000
86733  -34.849  -11.724  21.182 0.0000000000
86734  -35.594  -11.700  21.425 0.0000000000
85223  -38.967  -12.375  26.112 0.0000000000
85257  -38.389  -12.360  24.639 0.0000000000
86620  -40.686  -11.817  25.318 0.0000000000
198786  -12.533  -15.723  41.319 0.0000000000
79767  -11.863  -15.410  43.058 0.0000000000
228189  -10.537  -15.895  45.347 0.0000000000
76996  -10.364  -17.237  44.396 0.0000000000
73146  -11.988  -19.469  43.109 0.0000000000
230698  -13.423  -21.478  41.682 0.0000000000
68271  -13.138  -22.585  41.357 0.0000000000
67086  -12.955  -22.741  40.564 0.0000000000
75896  -26.375  -18.662  30.458 0.0000000000
75897  -27.059  -18.456  30.429 0.0000000000
74557  -27.755  -19.278  32.269 0.0000000000
75831  -28.872  -18.823  33.755 0.0000000000
75750  -22.043  -18.414  37.896 0.0000000000
77112  -22.033  -17.366  36.421 0.0000000000
77079  -23.176  -17.600  37.793 0.0000000000
199658  -24.736  -17.187  37.452 0.0000000000
77116  -25.141  -16.931  36.266 0.0000000000
75737  -26.873  -17.985  38.714 0.0000000000
77100  -26.633  -17.642  37.215 0.0000000000
77137  -26.077  -17.285  35.401 0.0000000000
77172  -26.133  -17.454  33.940 0.0000000000
75847  -26.542  -18.349  32.679 0.0000000000
74404  -22.443  -19.300  39.547 0.0000000000
94625  -36.232  -6.766  23.640 0.0000000000
96044  -35.769  -6.210  22.686 0.0000000000
98498  -36.661  -4.489  23.851 0.0000000000
101044  -38.141  -2.822  24.028 0.0000000000
103336  -38.983  -1.573  23.449 0.0000000000
103304  -42.051  -1.245  25.921 0.0000000000
225370  -41.296  -0.544  24.584 0.0000000000
104634  -40.266  -0.277  23.084 0.0000000000
107116  -41.618  1.008  22.986 0.0000000000
108388  -42.351  1.749  22.295 0.0000000000
108414  -43.399  2.413  21.415 0.0000000000
109721  -44.465  2.616  20.734 0.0000000000
110899  -44.826  3.404  22.905 0.0000000000
111975  -46.212  4.437  24.327 0.0000000000
113139  -47.533  5.320  25.791 0.0000000000
113085  -46.662  5.288  28.333 0.0000000000
220636  -48.473  5.690  26.479 0.0000000000
89031  -27.917  -9.954  28.724 0.0000000000
90416  -27.109  -9.527  27.153 0.0000000000
194296  -28.628  -9.091  28.005 0.0000000000
91834  -29.706  -8.374  27.319 0.0000000000
91877  -30.257  -7.863  26.178 0.0000000000
91811  -31.941  -8.658  28.905 0.0000000000
205969  -31.488  -8.147  27.206 0.0000000000
93210  -31.501  -7.665  25.413 0.0000000000
93229  -32.769  -7.839  24.705 0.0000000000
91934  -33.233  -8.380  23.680 0.0000000000
90505  -34.208  -9.085  23.572 0.0000000000
89166  -34.818  -10.159  22.838 0.0000000000
89123  -35.325  -9.839  24.058 0.0000000000
89104  -36.072  -9.972  25.038 0.0000000000
89091  -37.085  -10.601  26.085 0.0000000000
89064  -38.042  -10.563  27.644 0.0000000000
86586  -38.595  -11.716  26.840 0.0000000000
211386  -14.273  -14.967  41.672 0.0000000000
78484  -14.422  -16.520  37.493 0.0000000000
78469  -13.924  -16.168  38.778 0.0000000000
200240  -13.210  -15.619  40.443 0.0000000000
230352  -13.276  -17.365  39.230 0.0000000000
204625  -25.118  -11.960  27.054 0.0000000000
86564  -26.455  -11.182  28.623 0.0000000000
77226  -27.004  -17.723  30.260 0.0000000000
78571  -26.907  -16.808  30.634 0.0000000000
81366  -26.269  -15.225  30.408 0.0000000000
81353  -27.561  -14.976  32.606 0.0000000000
82584  -26.674  -14.148  31.065 0.0000000000
228171  -26.816  -13.066  30.753 0.0000000000
85171  -27.261  -11.944  30.379 0.0000000000
86554  -27.276  -11.023  29.555 0.0000000000
87794  -28.750  -10.838  30.463 0.0000000000
87783  -30.262  -10.717  31.508 0.0000000000
87773  -32.087  -10.435  32.633 0.0000000000
86470  -32.305  -11.607  34.768 0.0000000000
87715  -33.264  -10.776  34.683 0.0000000000
78515  -21.320  -16.613  34.696 0.0000000000
78551  -20.761  -16.189  32.709 0.0000000000
214524  -20.076  -16.242  31.149 0.0000000000
79921  -22.807  -15.557  31.684 0.0000000000
79937  -20.735  -15.604  30.281 0.0000000000
79823  -17.629  -15.719  40.819 0.0000000000
79855  -16.940  -15.333  37.974 0.0000000000
78485  -18.383  -16.530  37.114 0.0000000000
78494  -17.354  -16.017  36.223 0.0000000000
78503  -16.251  -16.297  35.529 0.0000000000
74515  -16.159  -18.584  33.582 0.0000000000
109736  -45.358  2.678  19.867 0.0000000000
109748  -46.085  2.746  19.174 0.0000000000
109762  -47.041  2.732  18.294 0.0000000000
109692  -48.223  2.926  21.834 0.0000000000
109750  -47.743  2.854  19.059 0.0000000000
109778  -47.808  2.689  17.546 0.0000000000
109792  -48.789  2.595  16.886 0.0000000000
108497  -49.748  2.468  16.289 0.0000000000
108509  -50.212  2.224  15.793 0.0000000000
108498  -51.306  2.541  16.444 0.0000000000
109769  -52.098  2.676  18.208 0.0000000000
67062  -13.754  -23.158  44.666 0.0000000000
66002  -13.288  -23.931  45.292 0.0000000000
64979  -12.778  -25.106  43.617 0.0000000000
90469  -27.302  -9.028  25.362 0.0000000000
197916  -37.438  -9.156  21.040 0.0000000000
87949  -35.209  -10.775  22.597 0.0000000000
86681  -36.101  -11.657  22.724 0.0000000000
86711  -36.948  -11.737  22.119 0.0000000000
86657  -38.080  -12.156  23.613 0.0000000000
86712  -37.659  -11.686  22.337 0.0000000000
87972  -37.541  -11.235  21.764 0.0000000000
87984  -37.970  -10.538  21.523 0.0000000000
90528  -37.424  -9.075  22.576 0.0000000000
91936  -36.660  -8.054  23.133 0.0000000000
94613  -36.913  -6.915  24.713 0.0000000000
96004  -38.440  -5.623  26.424 0.0000000000
98459  -40.567  -4.235  27.217 0.0000000000
71921  -10.661  -20.588  48.375 0.0000000000
71945  -10.919  -20.321  47.019 0.0000000000
70649  -13.505  -21.705  45.638 0.0000000000
207843  -13.303  -23.454  43.608 0.0000000000
206483  -12.750  -24.742  42.425 0.0000000000
65985  -12.900  -23.899  46.718 0.0000000000
65978  -12.756  -23.865  48.074 0.0000000000
65953  -12.143  -24.315  49.802 0.0000000000
64005  -9.795  -25.767  47.766 0.0000000000
64949  -10.538  -25.406  49.617 0.0000000000
64943  -11.544  -24.675  51.944 0.0000000000
64939  -10.950  -25.167  53.162 0.0000000000
63975  -10.170  -25.459  54.069 0.0000000000
59356  -7.955  -29.287  51.776 0.0000000000
60650  -8.523  -28.034  52.897 0.0000000000
70628  -11.990  -21.467  47.724 0.0000000000
69394  -13.727  -22.307  46.823 0.0000000000
77269  -25.435  -17.725  28.084 0.0000000000
77284  -25.370  -17.443  27.568 0.0000000000
75920  -25.806  -17.922  28.600 0.0000000000
75793  -20.352  -18.526  35.720 0.0000000000
77131  -20.634  -17.938  35.390 0.0000000000
75895  -25.991  -18.273  30.107 0.0000000000
77239  -25.383  -17.853  29.626 0.0000000000
77252  -25.386  -17.871  28.748 0.0000000000
77283  -24.987  -17.401  27.738 0.0000000000
75764  -21.250  -18.502  37.133 0.0000000000
74435  -20.881  -19.026  37.548 0.0000000000
74454  -20.480  -18.653  36.328 0.0000000000
207302  -20.065  -18.912  36.100 0.0000000000
108436  -43.300  2.008  19.505 0.0000000000
87841  -26.115  -10.513  27.380 0.0000000000
89074  -26.153  -10.226  26.679 0.0000000000
89060  -26.564  -9.993  27.223 0.0000000000
89164  -33.520  -9.632  22.371 0.0000000000
222069  -34.195  -10.825  21.801 0.0000000000
89186  -34.592  -10.456  22.267 0.0000000000
216069  -13.393  -20.038  39.316 0.0000000000
73212  -13.279  -19.620  40.152 0.0000000000
194841  -13.371  -20.484  39.727 0.0000000000
206522  -13.331  -20.187  40.523 0.0000000000
215542  -28.681  -19.985  34.876 0.0000000000
72120  -29.235  -20.234  36.318 0.0000000000
74369  -25.636  -18.492  40.684 0.0000000000
75697  -25.314  -18.228  40.174 0.0000000000
75698  -25.911  -18.235  40.230 0.0000000000
73256  -28.709  -19.998  37.113 0.0000000000
74456  -28.044  -19.322  36.522 0.0000000000
73271  -28.374  -19.868  35.850 0.0000000000
74353  -24.379  -19.111  41.088 0.0000000000
98479  -40.003  -3.743  26.401 0.0000000000
227287  -39.934  -3.429  26.047 0.0000000000
99795  -40.929  -3.235  26.614 0.0000000000
221379  -44.582  2.479  27.231 0.0000000000
108320  -43.620  1.561  26.368 0.0000000000
109601  -44.216  2.762  26.374 0.0000000000
109620  -44.035  3.051  25.737 0.0000000000
110812  -44.521  3.340  26.173 0.0000000000
110830  -44.908  3.934  25.819 0.0000000000
111902  -45.377  3.907  27.162 0.0000000000
89002  -31.598  -10.000  31.476 0.0000000000
89023  -31.293  -9.558  30.217 0.0000000000
89014  -31.915  -9.630  31.093 0.0000000000
91814  -35.146  -8.696  28.965 0.0000000000
202129  -34.131  -8.397  28.016 0.0000000000
226745  -34.792  -8.487  28.075 0.0000000000
91860  -34.800  -8.436  26.802 0.0000000000
91842  -35.309  -8.589  27.747 0.0000000000
207270  -35.873  -8.817  27.388 0.0000000000
90420  -35.822  -8.791  28.079 0.0000000000
79854  -16.229  -15.203  38.362 0.0000000000
79843  -16.279  -15.053  39.084 0.0000000000
79853  -15.604  -15.413  38.050 0.0000000000
199941  -53.699  2.068  19.116 0.0000000000
108485  -53.816  1.970  17.212 0.0000000000
108453  -54.072  1.973  18.623 0.0000000000
69326  -11.419  -22.694  52.774 0.0000000000
69319  -11.340  -22.817  53.603 0.0000000000
227666  -11.614  -23.645  52.481 0.0000000000
81377  -25.639  -15.059  28.554 0.0000000000
81376  -25.329  -14.595  28.133 0.0000000000
82600  -25.340  -13.828  28.318 0.0000000000
82601  -25.569  -14.285  28.765 0.0000000000
78534  -28.456  -16.976  33.810 0.0000000000
207980  -29.055  -17.021  35.065 0.0000000000
83801  -30.209  -13.414  34.624 0.0000000000
82566  -29.682  -13.707  34.383 0.0000000000
83813  -29.960  -13.135  34.101 0.0000000000
83826  -28.818  -12.780  32.851 0.0000000000
85125  -30.247  -12.597  33.817 0.0000000000
85135  -30.004  -12.328  33.275 0.0000000000
85126  -30.781  -12.364  34.045 0.0000000000
73317  -17.680  -19.226  32.514 0.0000000000
73325  -17.917  -19.510  32.148 0.0000000000
77135  -24.886  -16.714  35.846 0.0000000000
202336  -23.860  -16.172  34.449 0.0000000000
78532  -24.135  -16.164  33.832 0.0000000000
75844  -17.709  -18.408  33.317 0.0000000000
74535  -17.342  -18.886  32.951 0.0000000000
108505  -47.339  1.827  16.014 0.0000000000
111977  -47.622  4.328  24.182 0.0000000000
204920  -47.268  3.486  22.753 0.0000000000
111991  -47.909  3.856  23.677 0.0000000000
195378  -50.613  2.724  21.775 0.0000000000
109712  -50.084  2.745  21.495 0.0000000000
109713  -50.427  2.737  21.081 0.0000000000
109738  -50.325  2.805  19.990 0.0000000000
109729  -50.723  2.749  20.501 0.0000000000
109730  -51.327  2.693  20.360 0.0000000000
109714  -51.121  2.690  21.145 0.0000000000
93224  -29.656  -7.921  24.395 0.0000000000
91914  -29.140  -8.297  24.042 0.0000000000
91915  -29.718  -8.204  23.721 0.0000000000
86745  -35.567  -11.746  20.613 0.0000000000
87990  -36.664  -11.128  20.716 0.0000000000
87886  -37.160  -11.383  25.076 0.0000000000
86635  -37.001  -11.527  24.501 0.0000000000
86636  -37.444  -11.870  24.735 0.0000000000
89126  -39.472  -10.030  24.082 0.0000000000
90473  -39.188  -9.337  25.156 0.0000000000
90490  -38.602  -9.225  24.330 0.0000000000
91903  -38.811  -8.782  25.453 0.0000000000
93198  -38.500  -8.003  26.365 0.0000000000
91862  -39.002  -8.435  26.648 0.0000000000
72006  -12.888  -20.403  43.060 0.0000000000
73124  -11.618  -19.665  44.411 0.0000000000
71992  -12.838  -20.555  43.686 0.0000000000
71980  -12.743  -20.728  44.340 0.0000000000
194422  -13.623  -21.690  42.850 0.0000000000
194494  -13.575  -22.234  42.841 0.0000000000
68265  -13.327  -22.496  42.155 0.0000000000
64016  -10.296  -25.658  45.037 0.0000000000
61890  -8.326  -28.135  49.743 0.0000000000
63026  -8.740  -27.335  49.712 0.0000000000
61891  -8.967  -27.466  50.550 0.0000000000
61887  -9.068  -27.641  51.349 0.0000000000
61886  -8.693  -28.085  51.022 0.0000000000
90322  -34.443  -9.281  32.798 0.0000000000
74493  -15.305  -18.534  34.374 0.0000000000
213253  -11.903  -22.146  49.494 0.0000000000
70580  -11.149  -21.653  50.354 0.0000000000
70581  -11.696  -22.245  50.413 0.0000000000
69337  -12.181  -22.754  50.395 0.0000000000
69343  -12.568  -22.871  49.812 0.0000000000
223640  -24.350  -16.320  25.664 0.0000000000
78605  -25.944  -16.936  27.898 0.0000000000
78619  -25.603  -16.698  27.212 0.0000000000
79980  -25.760  -16.193  27.777 0.0000000000
194983  -26.027  -16.372  28.437 0.0000000000
74517  -18.830  -18.502  33.431 0.0000000000
74537  -18.817  -18.645  32.925 0.0000000000
74518  -19.176  -18.380  33.274 0.0000000000
77184  -19.995  -17.307  33.394 0.0000000000
75845  -19.561  -17.906  33.293 0.0000000000
77183  -19.674  -17.477  32.784 0.0000000000
228095  -19.479  -17.602  32.276 0.0000000000
77195  -20.019  -17.003  32.781 0.0000000000
77185  -25.516  -17.124  32.771 0.0000000000
78554  -25.078  -16.739  32.307 0.0000000000
78563  -25.145  -16.959  31.720 0.0000000000
215534  -24.316  -16.643  29.374 0.0000000000
219136  -23.891  -16.241  29.745 0.0000000000
79953  -23.459  -15.919  28.794 0.0000000000
79964  -22.888  -15.646  28.369 0.0000000000
209018  -22.686  -15.627  27.778 0.0000000000
79977  -22.938  -15.781  27.173 0.0000000000
78651  -23.090  -16.271  25.738 0.0000000000
73241  -20.195  -19.525  38.356 0.0000000000
73213  -20.514  -19.762  39.566 0.0000000000
73228  -20.037  -19.528  39.179 0.0000000000
74383  -19.805  -19.150  39.487 0.0000000000
74401  -19.718  -19.276  38.833 0.0000000000
75749  -19.250  -18.487  37.916 0.0000000000
74432  -19.322  -18.767  37.412 0.0000000000
74495  -19.564  -18.709  35.434 0.0000000000
74494  -19.265  -18.693  35.670 0.0000000000
75804  -19.188  -18.525  34.854 0.0000000000
75827  -18.857  -18.350  34.001 0.0000000000
105869  -40.557  0.696  21.531 0.0000000000
91933  -31.824  -8.056  23.519 0.0000000000
210235  -31.531  -8.434  22.994 0.0000000000
90523  -31.851  -8.902  22.592 0.0000000000
86708  -34.541  -11.363  21.528 0.0000000000
198860  -40.273  -12.595  26.224 0.0000000000
233878  -40.070  -12.380  25.333 0.0000000000
90455  -40.267  -9.985  26.286 0.0000000000
78443  -12.273  -16.190  41.121 0.0000000000
79785  -12.369  -15.575  41.926 0.0000000000
78430  -12.039  -16.043  41.639 0.0000000000
77036  -11.588  -17.236  41.930 0.0000000000
78412  -11.307  -16.381  42.865 0.0000000000
78397  -11.062  -16.320  43.368 0.0000000000
78376  -10.422  -16.146  44.932 0.0000000000
76997  -10.662  -17.148  43.825 0.0000000000
199712  -13.249  -20.312  41.587 0.0000000000
74329  -12.123  -19.262  42.536 0.0000000000
72045  -13.333  -20.664  41.544 0.0000000000
73148  -12.960  -20.237  42.452 0.0000000000
195465  -13.344  -21.443  41.131 0.0000000000
197351  -13.219  -22.000  40.902 0.0000000000
74555  -26.932  -18.980  31.517 0.0000000000
74572  -27.230  -19.128  31.261 0.0000000000
74539  -27.905  -19.480  32.821 0.0000000000
74498  -29.083  -19.438  34.623 0.0000000000
74521  -28.834  -19.436  34.016 0.0000000000
74478  -29.420  -19.247  35.286 0.0000000000
75732  -22.703  -18.479  38.629 0.0000000000
75766  -22.446  -17.833  37.577 0.0000000000
195748  -23.060  -17.987  38.369 0.0000000000
77066  -25.093  -17.539  38.446 0.0000000000
77081  -24.600  -17.402  38.035 0.0000000000
77082  -25.387  -17.270  37.730 0.0000000000
77098  -25.206  -17.100  36.897 0.0000000000
74388  -27.756  -18.799  39.560 0.0000000000
75767  -27.149  -18.001  37.419 0.0000000000
75781  -27.137  -18.081  36.750 0.0000000000
77117  -26.616  -17.588  36.515 0.0000000000
77138  -26.606  -17.659  35.774 0.0000000000
77153  -26.166  -17.392  34.663 0.0000000000
77154  -26.653  -17.893  35.000 0.0000000000
74497  -27.553  -19.337  33.808 0.0000000000
75830  -27.046  -18.772  33.719 0.0000000000
75848  -26.970  -18.910  32.996 0.0000000000
75881  -26.425  -18.633  31.178 0.0000000000
74385  -23.083  -19.020  39.782 0.0000000000
74405  -22.877  -18.757  39.181 0.0000000000
224604  -22.269  -18.997  38.935 0.0000000000
96023  -36.528  -5.701  24.224 0.0000000000
97243  -37.383  -4.778  24.976 0.0000000000
101032  -39.199  -2.897  25.030 0.0000000000
99824  -38.554  -3.184  24.732 0.0000000000
101045  -38.863  -2.532  24.384 0.0000000000
101054  -38.590  -2.142  23.737 0.0000000000
102190  -39.814  -1.660  24.313 0.0000000000
103296  -42.874  -1.135  26.589 0.0000000000
102166  -42.425  -1.503  26.391 0.0000000000
201595  -42.886  -0.507  26.297 0.0000000000
105826  -42.095  0.250  24.932 0.0000000000
104597  -42.116  -0.214  25.246 0.0000000000
105839  -41.502  0.089  24.210 0.0000000000
104625  -40.489  -0.510  23.664 0.0000000000
105852  -41.288  0.325  23.612 0.0000000000
105863  -40.569  0.222  22.682 0.0000000000
105860  -41.526  0.773  23.374 0.0000000000
109642  -43.073  2.485  23.956 0.0000000000
107118  -42.379  1.787  23.008 0.0000000000
108390  -43.310  2.463  22.594 0.0000000000
108399  -42.826  2.088  21.819 0.0000000000
109686  -43.880  2.761  22.205 0.0000000000
109704  -43.958  2.707  21.625 0.0000000000
109659  -44.174  3.210  23.243 0.0000000000
206224  -45.546  4.471  25.693 0.0000000000
111974  -45.558  4.285  24.400 0.0000000000
113147  -46.258  4.930  25.627 0.0000000000
111961  -46.584  4.765  24.862 0.0000000000
113138  -46.878  5.238  26.027 0.0000000000
114329  -48.544  5.957  27.047 0.0000000000
89021  -28.864  -10.102  29.614 0.0000000000
89046  -28.515  -9.581  28.677 0.0000000000
89033  -28.997  -9.703  29.168 0.0000000000
90402  -30.648  -8.963  28.713 0.0000000000
90401  -29.955  -8.974  28.517 0.0000000000
90419  -29.994  -8.570  27.918 0.0000000000
91855  -29.708  -8.156  26.564 0.0000000000
91835  -30.431  -8.314  27.514 0.0000000000
221559  -33.477  -8.949  30.216 0.0000000000
90375  -32.958  -9.024  30.076 0.0000000000
90388  -32.826  -8.765  29.565 0.0000000000
91859  -32.553  -8.074  26.957 0.0000000000
91838  -32.479  -8.268  27.571 0.0000000000
91880  -32.292  -7.915  26.537 0.0000000000
91879  -31.585  -7.912  26.627 0.0000000000
93195  -32.058  -7.740  25.922 0.0000000000
93211  -32.162  -7.677  25.097 0.0000000000
93212  -32.775  -7.794  25.463 0.0000000000
91916  -33.301  -8.181  24.268 0.0000000000
91917  -33.990  -8.437  24.571 0.0000000000
90487  -34.433  -8.896  24.191 0.0000000000
90506  -34.775  -9.425  23.821 0.0000000000
90488  -34.973  -9.255  24.438 0.0000000000
90452  -36.315  -9.508  26.277 0.0000000000
90471  -35.712  -9.380  25.366 0.0000000000
89090  -36.594  -10.143  25.878 0.0000000000
89105  -36.417  -10.247  25.362 0.0000000000
87817  -38.590  -10.661  28.619 0.0000000000
87830  -38.956  -11.168  28.251 0.0000000000
87843  -38.476  -11.192  27.254 0.0000000000
86588  -39.314  -12.277  27.046 0.0000000000
81269  -15.541  -14.925  40.541 0.0000000000
81250  -15.434  -14.991  41.215 0.0000000000
81233  -14.743  -14.997  42.051 0.0000000000
81285  -14.498  -14.975  40.098 0.0000000000
75790  -14.570  -17.830  35.862 0.0000000000
197711  -14.824  -16.339  36.963 0.0000000000
75777  -14.445  -17.483  36.433 0.0000000000
202562  -13.890  -18.485  37.321 0.0000000000
77077  -13.992  -17.026  37.956 0.0000000000
77063  -13.789  -16.837  38.526 0.0000000000
78459  -13.568  -15.897  39.375 0.0000000000
78468  -13.531  -16.689  39.022 0.0000000000
78458  -13.190  -16.627  39.556 0.0000000000
219701  -13.554  -18.209  38.518 0.0000000000
66996  -10.386  -23.596  54.929 0.0000000000
82630  -24.436  -14.294  25.183 0.0000000000
85237  -24.545  -12.796  25.565 0.0000000000
85190  -25.366  -12.668  28.310 0.0000000000
85201  -25.109  -12.477  27.649 0.0000000000
86562  -25.406  -12.097  28.147 0.0000000000
86563  -25.866  -11.564  28.237 0.0000000000
86552  -26.230  -11.813  28.923 0.0000000000
75882  -27.636  -18.742  31.415 0.0000000000
77211  -27.633  -17.948  31.368 0.0000000000
78555  -27.584  -16.467  32.302 0.0000000000
78564  -27.422  -17.028  31.590 0.0000000000
204601  -27.149  -16.210  31.666 0.0000000000
79933  -26.557  -16.020  30.398 0.0000000000
79924  -26.935  -15.390  31.616 0.0000000000
82571  -28.393  -14.102  33.321 0.0000000000
81348  -27.912  -14.490  33.015 0.0000000000
82576  -27.573  -14.251  32.472 0.0000000000
81357  -26.905  -14.549  31.557 0.0000000000
82580  -26.964  -13.853  31.514 0.0000000000
211525  -26.565  -13.614  30.653 0.0000000000
83838  -26.874  -13.417  31.147 0.0000000000
85153  -28.295  -12.212  31.695 0.0000000000
85161  -27.519  -12.232  30.873 0.0000000000
86539  -27.809  -11.630  30.632 0.0000000000
86545  -26.982  -11.652  29.849 0.0000000000
86547  -28.141  -11.078  30.293 0.0000000000
86540  -28.394  -11.368  30.835 0.0000000000
86523  -30.643  -11.362  32.618 0.0000000000
87770  -30.405  -11.035  32.113 0.0000000000
87771  -30.956  -10.875  32.299 0.0000000000
87785  -31.269  -10.449  31.898 0.0000000000
87755  -31.721  -10.916  33.028 0.0000000000
85074  -33.003  -12.275  36.547 0.0000000000
85104  -31.985  -12.115  35.080 0.0000000000
86437  -33.307  -11.657  36.225 0.0000000000
87738  -33.051  -10.559  34.122 0.0000000000
73335  -18.273  -19.243  31.621 0.0000000000
77113  -22.709  -17.105  36.566 0.0000000000
77133  -21.835  -17.159  35.842 0.0000000000
78506  -22.269  -16.605  35.460 0.0000000000
79893  -22.228  -15.745  33.707 0.0000000000
78542  -21.512  -15.883  33.580 0.0000000000
79901  -21.337  -15.871  32.914 0.0000000000
79909  -20.579  -16.143  32.205 0.0000000000
79910  -21.163  -15.783  32.240 0.0000000000
79922  -23.304  -15.700  31.335 0.0000000000
79913  -23.382  -15.696  32.095 0.0000000000
79931  -22.637  -15.502  30.976 0.0000000000
79833  -17.704  -15.737  40.097 0.0000000000
79845  -17.701  -15.620  39.435 0.0000000000
226371  -17.602  -15.506  38.639 0.0000000000
77093  -18.861  -17.743  37.178 0.0000000000
78478  -18.761  -16.849  38.057 0.0000000000
77092  -18.583  -17.092  36.807 0.0000000000
77147  -17.209  -17.065  34.618 0.0000000000
78505  -17.804  -16.558  35.815 0.0000000000
78504  -17.038  -16.284  35.598 0.0000000000
77146  -16.446  -17.087  34.565 0.0000000000
77166  -16.186  -17.557  34.220 0.0000000000
75824  -16.525  -17.988  33.811 0.0000000000
109688  -45.148  3.030  21.721 0.0000000000
108438  -44.875  2.589  20.217 0.0000000000
109706  -45.246  2.889  21.290 0.0000000000
195931  -46.401  2.921  20.846 0.0000000000
226247  -45.988  2.819  20.452 0.0000000000
202286  -46.656  2.800  19.454 0.0000000000
203366  -46.516  2.737  18.734 0.0000000000
110868  -49.243  3.443  23.695 0.0000000000
110904  -48.749  3.212  23.098 0.0000000000
194437  -48.722  2.957  22.418 0.0000000000
195584  -48.712  2.855  19.850 0.0000000000
109726  -48.376  2.825  20.589 0.0000000000
196766  -48.198  2.861  18.594 0.0000000000
109763  -47.598  2.819  18.488 0.0000000000
199843  -48.028  2.809  18.056 0.0000000000
109791  -48.111  2.555  16.977 0.0000000000
109779  -48.513  2.758  17.559 0.0000000000
109781  -50.078  2.828  17.457 0.0000000000
109793  -49.427  2.664  16.833 0.0000000000
109794  -50.067  2.751  16.907 0.0000000000
223166  -50.293  2.552  16.366 0.0000000000
108510  -50.783  2.425  16.071 0.0000000000
109795  -50.707  2.689  16.727 0.0000000000
109741  -52.067  2.572  19.479 0.0000000000
109755  -52.129  2.617  18.873 0.0000000000
109742  -52.683  2.416  19.248 0.0000000000
109756  -52.730  2.473  18.633 0.0000000000
108429  -53.171  2.224  20.265 0.0000000000
66012  -13.228  -23.985  43.836 0.0000000000
66007  -13.058  -24.521  44.029 0.0000000000
90434  -27.988  -8.804  26.653 0.0000000000
90448  -27.025  -9.253  25.863 0.0000000000
90449  -27.663  -8.774  25.885 0.0000000000
87991  -37.114  -10.503  20.432 0.0000000000
196624  -37.651  -9.640  20.814 0.0000000000
89167  -35.326  -10.457  23.100 0.0000000000
86682  -36.552  -11.846  22.903 0.0000000000
221070  -36.462  -11.866  22.419 0.0000000000
85280  -39.114  -12.066  24.026 0.0000000000
85279  -38.479  -12.310  24.079 0.0000000000
86659  -39.353  -11.619  23.540 0.0000000000
89169  -39.007  -10.660  22.896 0.0000000000
87950  -38.794  -11.146  22.679 0.0000000000
216941  -38.294  -11.011  22.129 0.0000000000
89187  -38.360  -10.175  22.066 0.0000000000
91938  -37.736  -8.897  23.864 0.0000000000
91937  -37.215  -8.621  23.379 0.0000000000
91950  -36.936  -8.466  22.749 0.0000000000
93247  -36.925  -7.884  23.766 0.0000000000
93230  -36.640  -7.203  24.082 0.0000000000
93231  -37.123  -7.661  24.455 0.0000000000
95990  -38.263  -6.422  26.605 0.0000000000
96003  -37.942  -6.021  26.028 0.0000000000
95991  -38.764  -5.970  26.962 0.0000000000
97222  -39.637  -4.715  26.919 0.0000000000
97209  -39.922  -5.147  27.432 0.0000000000
71969  -12.639  -20.905  45.066 0.0000000000
71957  -11.063  -20.163  46.349 0.0000000000
71959  -12.420  -20.912  45.737 0.0000000000
70647  -12.285  -21.113  46.357 0.0000000000
69437  -13.766  -21.918  44.715 0.0000000000
68253  -13.830  -22.661  44.254 0.0000000000
69438  -13.898  -22.229  44.484 0.0000000000
67079  -12.880  -23.665  42.204 0.0000000000
66018  -12.895  -24.192  42.601 0.0000000000
66017  -12.697  -24.303  42.038 0.0000000000
232065  -12.843  -24.349  45.187 0.0000000000
65994  -13.378  -23.701  46.149 0.0000000000
66000  -12.286  -24.441  45.465 0.0000000000
64965  -10.825  -24.879  46.226 0.0000000000
218540  -11.989  -24.230  47.237 0.0000000000
65976  -11.427  -24.497  47.461 0.0000000000
65962  -12.572  -24.027  49.160 0.0000000000
65960  -11.570  -24.533  48.916 0.0000000000
63042  -9.113  -26.954  46.013 0.0000000000
64011  -9.400  -26.382  46.174 0.0000000000
64004  -9.374  -26.217  47.446 0.0000000000
63989  -10.242  -25.994  50.836 0.0000000000
63999  -9.966  -25.797  49.283 0.0000000000
63995  -10.790  -25.390  50.395 0.0000000000
202853  -11.278  -25.091  50.927 0.0000000000
64945  -11.234  -25.128  51.615 0.0000000000
64940  -11.381  -24.743  52.740 0.0000000000
63986  -10.768  -25.668  52.065 0.0000000000
63012  -9.885  -26.819  52.891 0.0000000000
63977  -10.163  -26.217  53.259 0.0000000000
204361  -9.890  -26.062  53.854 0.0000000000
63971  -9.858  -25.167  54.443 0.0000000000
59353  -7.890  -29.074  52.182 0.0000000000
60653  -8.204  -28.518  52.515 0.0000000000
69368  -12.796  -22.471  48.671 0.0000000000
196413  -24.561  -16.641  26.206 0.0000000000
77302  -25.200  -17.196  27.192 0.0000000000
77270  -25.767  -17.657  27.980 0.0000000000
77253  -26.129  -17.301  28.398 0.0000000000
75805  -19.702  -18.563  34.945 0.0000000000
231080  -19.469  -18.199  33.656 0.0000000000
75828  -19.945  -18.235  34.475 0.0000000000
77169  -20.196  -17.496  34.133 0.0000000000
77170  -20.699  -17.008  34.440 0.0000000000
77209  -25.499  -17.474  31.316 0.0000000000
77208  -24.906  -16.923  31.115 0.0000000000
77224  -24.913  -17.135  30.299 0.0000000000
232407  -24.909  -17.253  29.752 0.0000000000
78592  -24.425  -16.880  28.739 0.0000000000
79978  -23.714  -16.269  27.073 0.0000000000
73230  -21.793  -19.587  39.241 0.0000000000
201493  -20.748  -19.630  38.645 0.0000000000
73242  -20.505  -19.398  37.984 0.0000000000
74433  -19.779  -19.145  37.337 0.0000000000
74453  -19.726  -18.964  36.544 0.0000000000
74475  -19.968  -18.762  35.516 0.0000000000
107142  -41.139  1.199  20.654 0.0000000000
108464  -44.313  2.098  18.241 0.0000000000
87865  -25.401  -11.062  25.713 0.0000000000
90524  -32.531  -8.950  22.652 0.0000000000
90544  -32.850  -9.418  22.198 0.0000000000
89183  -32.391  -9.918  21.915 0.0000000000
75693  -12.836  -18.078  40.182 0.0000000000
77042  -12.179  -17.212  40.910 0.0000000000
75683  -12.394  -17.998  40.803 0.0000000000
75673  -12.159  -18.243  41.403 0.0000000000
75672  -11.762  -18.036  41.871 0.0000000000
75664  -11.382  -17.781  42.427 0.0000000000
208486  -13.292  -20.275  41.093 0.0000000000
196706  -13.124  -22.075  40.179 0.0000000000
200498  -13.235  -21.463  39.823 0.0000000000
73294  -28.043  -19.657  33.823 0.0000000000
73306  -28.201  -19.577  33.299 0.0000000000
73295  -28.390  -19.734  34.404 0.0000000000
73285  -29.105  -19.925  35.255 0.0000000000
74479  -29.624  -19.670  35.914 0.0000000000
74386  -23.805  -18.707  39.963 0.0000000000
75734  -24.021  -18.038  38.923 0.0000000000
75713  -24.268  -18.228  39.499 0.0000000000
75714  -25.042  -18.006  39.581 0.0000000000
75736  -26.191  -17.797  38.901 0.0000000000
74421  -27.992  -18.937  38.072 0.0000000000
74437  -28.027  -19.067  37.322 0.0000000000
75782  -27.579  -18.662  36.298 0.0000000000
231099  -27.495  -18.687  35.727 0.0000000000
74476  -27.147  -18.335  35.368 0.0000000000
226492  -27.630  -19.115  35.144 0.0000000000
219606  -27.835  -19.528  34.442 0.0000000000
74367  -24.086  -18.872  40.558 0.0000000000
98478  -38.315  -4.725  25.712 0.0000000000
98487  -37.958  -4.449  25.264 0.0000000000
99810  -39.603  -3.236  25.607 0.0000000000
201747  -40.290  -2.428  25.415 0.0000000000
105803  -43.984  0.690  27.293 0.0000000000
105814  -43.349  0.443  26.460 0.0000000000
107064  -43.264  0.948  26.102 0.0000000000
107076  -42.827  0.943  25.491 0.0000000000
108337  -42.780  1.637  24.976 0.0000000000
198024  -42.405  1.380  24.380 0.0000000000
108338  -43.253  2.143  25.286 0.0000000000
109619  -43.596  2.787  25.113 0.0000000000
110865  -43.835  3.239  24.619 0.0000000000
110866  -44.320  3.592  24.499 0.0000000000
110852  -44.624  3.799  25.090 0.0000000000
113122  -46.023  4.852  26.841 0.0000000000
205403  -30.303  -9.885  30.234 0.0000000000
90385  -29.651  -9.397  29.141 0.0000000000
89022  -30.745  -9.587  29.946 0.0000000000
90386  -30.810  -9.257  29.331 0.0000000000
90403  -31.247  -8.902  28.861 0.0000000000
91806  -34.098  -8.616  29.350 0.0000000000
91813  -33.334  -8.562  29.184 0.0000000000
91826  -33.786  -8.439  28.712 0.0000000000
231649  -33.556  -8.311  27.666 0.0000000000
195358  -33.156  -8.165  27.158 0.0000000000
91881  -33.381  -8.071  25.842 0.0000000000
198651  -33.647  -8.148  26.526 0.0000000000
91882  -34.141  -8.306  25.976 0.0000000000
91901  -34.733  -8.613  25.528 0.0000000000
90470  -35.150  -9.064  25.078 0.0000000000
90450  -35.306  -8.876  25.755 0.0000000000
90435  -35.863  -9.007  26.695 0.0000000000
90436  -36.445  -9.311  27.070 0.0000000000
79788  -16.596  -15.534  41.946 0.0000000000
206752  -16.461  -15.260  40.750 0.0000000000
81287  -15.663  -14.909  40.009 0.0000000000
81301  -15.442  -15.013  39.390 0.0000000000
74471  -14.328  -18.562  36.034 0.0000000000
74415  -13.683  -18.867  37.878 0.0000000000
108483  -52.630  2.401  16.957 0.0000000000
108500  -52.963  2.088  16.408 0.0000000000
108484  -53.231  2.173  17.029 0.0000000000
108501  -53.661  1.824  16.473 0.0000000000
107191  -54.162  1.457  16.225 0.0000000000
67000  -11.040  -23.515  54.220 0.0000000000
81390  -25.136  -15.422  26.785 0.0000000000
81389  -24.787  -14.936  26.241 0.0000000000
82615  -24.947  -14.522  26.942 0.0000000000
82614  -24.699  -14.025  26.478 0.0000000000
83876  -24.765  -13.297  26.672 0.0000000000
83861  -25.416  -13.232  28.470 0.0000000000
83852  -25.928  -13.151  29.306 0.0000000000
223534  -28.489  -18.116  32.977 0.0000000000
77199  -28.226  -17.816  32.543 0.0000000000
77188  -28.334  -17.404  33.180 0.0000000000
78546  -28.186  -16.604  33.338 0.0000000000
230560  -29.643  -14.514  34.989 0.0000000000
82565  -29.161  -14.021  34.097 0.0000000000
82572  -28.888  -13.736  33.603 0.0000000000
83818  -28.584  -13.431  33.103 0.0000000000
83825  -28.273  -13.148  32.528 0.0000000000
85143  -28.558  -12.501  32.269 0.0000000000
85154  -28.891  -11.947  31.918 0.0000000000
86532  -29.218  -11.401  31.608 0.0000000000
85145  -29.737  -12.021  32.749 0.0000000000
86511  -30.292  -11.807  32.979 0.0000000000
86512  -30.854  -11.621  33.176 0.0000000000
86438  -33.898  -11.372  36.504 0.0000000000
75878  -18.828  -18.360  31.672 0.0000000000
78497  -23.840  -16.745  36.196 0.0000000000
78507  -22.973  -16.526  35.545 0.0000000000
78518  -23.435  -16.302  35.015 0.0000000000
196328  -23.210  -16.066  34.407 0.0000000000
79903  -22.596  -15.648  33.163 0.0000000000
79940  -22.791  -15.561  30.099 0.0000000000
79930  -22.050  -15.371  30.399 0.0000000000
78461  -18.721  -16.523  39.999 0.0000000000
75791  -18.522  -17.750  35.094 0.0000000000
77129  -18.174  -17.161  35.432 0.0000000000
77168  -17.684  -17.503  34.213 0.0000000000
75843  -16.915  -18.423  33.338 0.0000000000
226408  -17.115  -19.372  32.702 0.0000000000
110901  -46.143  3.529  22.569 0.0000000000
109689  -45.706  3.079  21.576 0.0000000000
110902  -46.681  3.431  22.390 0.0000000000
109690  -46.828  3.200  21.894 0.0000000000
109691  -47.515  3.061  21.841 0.0000000000
109693  -49.426  2.834  22.191 0.0000000000
109711  -49.560  2.770  21.606 0.0000000000
223835  -49.322  2.844  19.853 0.0000000000
223989  -49.461  2.864  18.926 0.0000000000
202403  -49.066  2.845  17.980 0.0000000000
195664  -49.976  2.864  18.833 0.0000000000
226623  -50.027  2.875  18.302 0.0000000000
109766  -50.327  2.853  17.933 0.0000000000
109767  -50.898  2.826  18.062 0.0000000000
109753  -51.031  2.763  19.181 0.0000000000
109740  -51.473  2.685  19.675 0.0000000000
109731  -51.969  2.549  20.147 0.0000000000
64983  -12.634  -25.308  42.545 0.0000000000
64982  -12.733  -25.246  43.103 0.0000000000
210048  -28.832  -8.068  25.528 0.0000000000
210842  -28.147  -8.391  25.524 0.0000000000
91898  -28.996  -8.104  24.727 0.0000000000
91929  -28.752  -8.689  23.710 0.0000000000
87926  -35.998  -10.914  23.737 0.0000000000
202414  -36.470  -11.129  24.246 0.0000000000
86655  -36.870  -11.740  23.926 0.0000000000
204477  -36.925  -11.983  23.307 0.0000000000
89127  -39.909  -10.728  24.063 0.0000000000
87928  -39.786  -11.178  23.652 0.0000000000
89147  -39.104  -10.029  23.556 0.0000000000
218956  -39.007  -10.239  23.136 0.0000000000
89168  -38.714  -10.182  22.680 0.0000000000
89146  -38.593  -9.752  23.281 0.0000000000
91920  -38.067  -8.790  24.463 0.0000000000
93232  -37.657  -8.130  24.835 0.0000000000
93213  -37.352  -7.409  25.100 0.0000000000
93214  -37.898  -7.836  25.428 0.0000000000
93180  -38.255  -7.247  26.586 0.0000000000
95979  -39.136  -6.323  27.509 0.0000000000
75632  -10.488  -18.416  44.821 0.0000000000
73123  -11.003  -19.126  44.782 0.0000000000
74296  -10.600  -18.891  45.308 0.0000000000
71968  -11.947  -20.399  45.408 0.0000000000
70674  -13.572  -21.510  44.351 0.0000000000
68259  -13.601  -22.727  43.521 0.0000000000
69457  -13.735  -22.062  43.336 0.0000000000
215516  -13.091  -23.094  42.388 0.0000000000
67082  -12.706  -23.750  41.612 0.0000000000
64974  -12.006  -25.127  44.399 0.0000000000
64970  -11.738  -24.820  45.060 0.0000000000
64969  -10.920  -25.053  45.421 0.0000000000
64964  -10.190  -25.301  46.645 0.0000000000
63033  -8.656  -27.276  47.852 0.0000000000
63030  -9.088  -26.692  48.565 0.0000000000
217434  -9.139  -26.739  49.307 0.0000000000
209590  -9.241  -26.861  50.098 0.0000000000
63020  -9.824  -26.574  51.271 0.0000000000
63985  -10.313  -26.149  51.659 0.0000000000
63016  -9.900  -26.746  52.081 0.0000000000
63015  -9.490  -27.314  52.495 0.0000000000
63011  -9.367  -27.253  53.176 0.0000000000
74370  -26.833  -18.560  40.480 0.0000000000
73231  -28.837  -19.793  38.900 0.0000000000
99779  -42.454  -2.958  27.431 0.0000000000
101007  -42.105  -2.699  26.965 0.0000000000
101008  -42.666  -2.383  27.178 0.0000000000
103297  -43.301  -1.328  27.082 0.0000000000
104572  -44.016  -0.057  27.485 0.0000000000
108310  -45.017  2.218  27.857 0.0000000000
110797  -45.327  3.371  27.681 0.0000000000
110798  -45.612  3.855  27.846 0.0000000000
88994  -33.176  -9.678  32.427 0.0000000000
90350  -32.951  -9.400  31.362 0.0000000000
90351  -33.436  -9.359  31.816 0.0000000000
90352  -34.168  -9.184  31.675 0.0000000000
196155  -34.443  -9.039  31.063 0.0000000000
90365  -35.170  -9.112  30.909 0.0000000000
90377  -35.227  -8.965  30.335 0.0000000000
90390  -36.210  -9.139  29.274 0.0000000000
78502  -15.661  -16.513  35.563 0.0000000000
79874  -15.312  -15.912  36.784 0.0000000000
77127  -15.320  -16.951  35.454 0.0000000000
75801  -14.906  -17.927  35.167 0.0000000000
69332  -11.510  -22.556  51.942 0.0000000000
67010  -12.215  -23.439  51.017 0.0000000000
80006  -24.650  -16.144  25.721 0.0000000000
78653  -24.881  -16.685  26.229 0.0000000000
81399  -25.015  -15.971  26.159 0.0000000000
79979  -25.446  -15.863  27.264 0.0000000000
79967  -25.757  -15.719  28.307 0.0000000000
79942  -26.051  -15.555  29.479 0.0000000000
83803  -31.237  -12.888  35.097 0.0000000000
73318  -18.194  -19.047  32.487 0.0000000000
74553  -18.623  -18.821  32.505 0.0000000000
75861  -18.918  -18.390  32.249 0.0000000000
75862  -19.274  -18.058  32.669 0.0000000000
77207  -19.418  -17.409  31.755 0.0000000000
77223  -19.326  -17.220  31.141 0.0000000000
234112  -25.280  -16.709  34.531 0.0000000000
207501  -24.700  -16.377  33.626 0.0000000000
78545  -24.945  -16.538  33.020 0.0000000000
78553  -24.510  -16.299  32.520 0.0000000000
78569  -23.844  -16.045  30.996 0.0000000000
78570  -24.390  -16.538  30.690 0.0000000000
78580  -23.882  -16.200  30.358 0.0000000000
219797  -23.449  -15.878  30.074 0.0000000000
79952  -22.650  -15.550  29.436 0.0000000000
78634  -23.264  -16.165  26.444 0.0000000000
75710  -19.496  -18.134  39.334 0.0000000000
75730  -19.426  -18.295  38.852 0.0000000000
199812  -19.048  -18.265  37.477 0.0000000000
77110  -18.810  -17.896  36.483 0.0000000000
74473  -19.320  -18.778  36.266 0.0000000000
211371  -18.951  -18.450  36.020 0.0000000000
210570  -18.723  -18.224  34.409 0.0000000000
74516  -18.387  -18.560  33.416 0.0000000000
104637  -39.045  -0.508  21.864 0.0000000000
208991  -46.425  2.131  16.816 0.0000000000
113150  -48.560  4.926  25.236 0.0000000000
111978  -48.346  4.097  24.145 0.0000000000
111964  -49.154  4.537  25.110 0.0000000000
111979  -49.516  4.035  24.692 0.0000000000
109681  -51.451  2.688  22.913 0.0000000000
93243  -30.825  -7.993  23.668 0.0000000000
91931  -30.275  -8.266  23.415 0.0000000000
196443  -30.832  -8.442  23.059 0.0000000000
86602  -38.416  -12.216  25.782 0.0000000000
86619  -37.940  -12.151  24.942 0.0000000000
197234  -39.003  -12.446  25.474 0.0000000000
85240  -39.648  -12.403  25.063 0.0000000000
86639  -40.340  -11.582  24.713 0.0000000000
87904  -40.321  -10.826  24.716 0.0000000000
89092  -40.185  -10.080  25.748 0.0000000000
90454  -39.830  -9.564  26.038 0.0000000000
91887  -39.419  -9.017  26.332 0.0000000000
91843  -39.094  -8.175  27.221 0.0000000000
78429  -11.623  -16.418  42.142 0.0000000000
79749  -11.677  -15.316  43.584 0.0000000000
75642  -10.635  -17.930  44.152 0.0000000000
75655  -11.265  -18.287  43.004 0.0000000000
74318  -10.992  -18.459  43.692 0.0000000000
70722  -13.415  -21.215  42.111 0.0000000000
69462  -13.468  -21.824  42.212 0.0000000000
69468  -13.361  -21.951  41.581 0.0000000000
60664  -7.858  -28.709  49.435 0.0000000000
218312  -26.371  -18.583  29.924 0.0000000000
217869  -26.454  -18.452  29.605 0.0000000000
74586  -26.698  -18.610  30.257 0.0000000000
74588  -27.376  -19.003  31.192 0.0000000000
74574  -27.956  -19.012  32.039 0.0000000000
74520  -28.591  -19.355  33.427 0.0000000000
75849  -28.603  -18.756  33.131 0.0000000000
77174  -28.981  -18.243  34.294 0.0000000000
73273  -29.942  -19.988  36.599 0.0000000000
77111  -21.406  -17.713  36.208 0.0000000000
77094  -22.223  -17.541  37.022 0.0000000000
77095  -22.912  -17.338  37.151 0.0000000000
77114  -23.384  -16.998  36.633 0.0000000000
75752  -23.791  -17.722  38.321 0.0000000000
77080  -24.028  -17.293  37.646 0.0000000000
227081  -23.959  -16.929  36.659 0.0000000000
77115  -24.495  -16.816  36.333 0.0000000000
77136  -25.431  -16.924  35.661 0.0000000000
75699  -26.473  -18.225  40.045 0.0000000000
75716  -26.662  -18.049  39.400 0.0000000000
75753  -26.463  -17.679  38.267 0.0000000000
75738  -27.505  -18.380  38.431 0.0000000000
231951  -26.682  -17.723  37.746 0.0000000000
77083  -26.161  -17.461  37.745 0.0000000000
77099  -25.996  -17.309  37.062 0.0000000000
225469  -25.899  -17.195  36.230 0.0000000000
209166  -25.617  -16.938  34.981 0.0000000000
77152  -25.744  -17.022  34.372 0.0000000000
77186  -26.078  -17.573  33.153 0.0000000000
75807  -26.662  -18.035  34.226 0.0000000000
75829  -26.586  -18.153  33.460 0.0000000000
77197  -26.027  -17.804  32.365 0.0000000000
77210  -25.974  -17.996  31.612 0.0000000000
73216  -22.101  -19.836  39.949 0.0000000000
74403  -21.727  -19.142  38.624 0.0000000000
74419  -21.721  -18.844  38.169 0.0000000000
217482  -36.266  -7.629  22.864 0.0000000000
93257  -36.110  -7.460  22.263 0.0000000000
94624  -35.908  -6.378  23.264 0.0000000000
96033  -35.996  -5.155  23.079 0.0000000000
98486  -37.620  -4.099  24.745 0.0000000000
99822  -37.398  -3.834  24.137 0.0000000000
99838  -37.104  -3.558  23.518 0.0000000000
101021  -41.748  -2.421  26.491 0.0000000000
102164  -41.394  -2.116  26.007 0.0000000000
103316  -40.751  -1.524  25.029 0.0000000000
104598  -42.493  -0.311  25.763 0.0000000000
103317  -41.308  -1.132  25.165 0.0000000000
103330  -40.431  -1.326  24.525 0.0000000000
103338  -40.173  -1.064  23.971 0.0000000000
104624  -39.926  -0.777  23.415 0.0000000000
104632  -39.186  -0.775  22.508 0.0000000000
104639  -40.072  -0.111  22.574 0.0000000000
105862  -40.181  0.253  21.992 0.0000000000
105864  -40.973  0.721  22.120 0.0000000000
107117  -41.920  1.182  23.407 0.0000000000
204298  -41.959  1.366  22.720 0.0000000000
107122  -41.610  1.180  21.810 0.0000000000
108398  -42.233  1.648  21.604 0.0000000000
108413  -42.837  2.036  21.185 0.0000000000
195259  -43.432  2.236  20.845 0.0000000000
108426  -43.532  2.167  20.196 0.0000000000
109720  -43.969  2.598  21.087 0.0000000000
109687  -44.514  2.929  21.912 0.0000000000
109675  -45.034  3.206  22.257 0.0000000000
110880  -44.659  3.636  23.733 0.0000000000
213976  -45.269  3.645  23.248 0.0000000000
110882  -45.942  3.788  23.248 0.0000000000
111989  -46.500  4.146  23.685 0.0000000000
111976  -46.908  4.437  24.231 0.0000000000
113149  -47.778  5.046  25.220 0.0000000000
111903  -45.833  4.454  27.442 0.0000000000
202253  -46.210  4.992  27.324 0.0000000000
113123  -46.643  5.279  26.795 0.0000000000
113124  -47.339  5.551  26.415 0.0000000000
113125  -48.012  5.538  26.151 0.0000000000
196547  -48.726  5.350  25.951 0.0000000000
113126  -49.200  5.577  26.641 0.0000000000
87828  -27.411  -10.234  28.707 0.0000000000
89061  -27.026  -9.896  27.759 0.0000000000
90398  -27.566  -9.509  27.720 0.0000000000
222633  -28.048  -9.213  27.698 0.0000000000
90417  -28.329  -8.902  27.302 0.0000000000
90400  -29.187  -9.237  28.598 0.0000000000
91833  -28.964  -8.636  27.400 0.0000000000
91854  -28.635  -8.538  26.789 0.0000000000
194464  -29.058  -8.225  26.292 0.0000000000
91876  -29.603  -7.922  25.884 0.0000000000
208541  -30.570  -7.676  25.273 0.0000000000
233408  -32.556  -9.221  30.425 0.0000000000
90387  -32.161  -8.886  29.453 0.0000000000
221645  -31.589  -8.586  28.532 0.0000000000
91825  -32.769  -8.428  28.304 0.0000000000
91824  -32.079  -8.442  28.264 0.0000000000
91836  -31.106  -8.322  27.729 0.0000000000
91878  -30.894  -7.861  26.435 0.0000000000
93193  -30.823  -7.707  25.713 0.0000000000
93209  -30.951  -7.642  25.031 0.0000000000
93227  -31.587  -7.651  24.614 0.0000000000
93245  -31.925  -7.795  24.057 0.0000000000
232186  -32.557  -8.044  23.835 0.0000000000
91899  -33.384  -8.096  25.008 0.0000000000
91948  -32.902  -8.541  23.167 0.0000000000
90504  -33.603  -8.785  23.320 0.0000000000
90526  -33.887  -9.320  22.929 0.0000000000
89165  -34.188  -9.881  22.597 0.0000000000
90527  -34.543  -9.583  23.189 0.0000000000
89144  -35.065  -9.981  23.453 0.0000000000
90489  -35.527  -9.635  24.700 0.0000000000
89124  -35.951  -10.357  24.333 0.0000000000
89125  -36.418  -10.608  24.872 0.0000000000
87867  -36.837  -10.753  25.389 0.0000000000
87868  -37.334  -11.249  25.708 0.0000000000
90405  -36.427  -9.124  28.438 0.0000000000
90406  -37.124  -9.529  28.357 0.0000000000
90422  -37.232  -9.778  27.750 0.0000000000
233843  -38.214  -10.253  28.981 0.0000000000
89048  -38.119  -10.336  28.373 0.0000000000
89063  -37.548  -10.210  27.369 0.0000000000
87842  -37.879  -10.794  26.964 0.0000000000
87853  -37.607  -11.049  26.336 0.0000000000
86601  -37.926  -11.707  25.944 0.0000000000
86587  -38.914  -12.154  26.720 0.0000000000
85212  -39.494  -12.467  26.494 0.0000000000
79863  -14.930  -15.924  37.361 0.0000000000
205106  -14.970  -15.514  38.279 0.0000000000
79840  -14.378  -15.763  38.482 0.0000000000
77108  -14.246  -17.521  36.932 0.0000000000
78476  -14.174  -16.359  38.196 0.0000000000
196324  -14.172  -15.550  39.062 0.0000000000
197379  -13.987  -15.127  40.217 0.0000000000
79820  -13.685  -15.222  40.717 0.0000000000
79804  -13.102  -15.464  41.049 0.0000000000
78451  -12.799  -16.596  40.140 0.0000000000
77048  -12.975  -17.365  39.812 0.0000000000
74400  -13.515  -18.877  38.504 0.0000000000
74399  -13.406  -18.587  39.025 0.0000000000
75694  -13.183  -18.198  39.528 0.0000000000
108469  -54.474  1.760  18.115 0.0000000000
204764  -54.803  1.328  16.981 0.0000000000
85211  -24.929  -12.096  26.463 0.0000000000
86600  -25.143  -11.598  26.069 0.0000000000
86584  -25.437  -11.388  27.002 0.0000000000
86575  -25.784  -11.136  27.515 0.0000000000
234319  -26.647  -10.686  28.357 0.0000000000
75922  -26.468  -18.107  29.238 0.0000000000
77240  -26.749  -17.691  29.525 0.0000000000
78594  -26.597  -17.081  29.362 0.0000000000
78572  -27.262  -17.409  30.941 0.0000000000
216165  -26.747  -16.933  29.953 0.0000000000
78581  -26.344  -16.309  29.628 0.0000000000
79943  -26.227  -15.615  30.000 0.0000000000
81365  -26.080  -14.949  29.936 0.0000000000
226735  -28.172  -15.681  33.456 0.0000000000
222080  -27.898  -15.118  33.102 0.0000000000
79914  -27.327  -15.586  32.174 0.0000000000
81362  -26.565  -15.120  30.985 0.0000000000
82588  -26.283  -14.409  30.481 0.0000000000
82587  -26.043  -14.182  29.851 0.0000000000
83845  -26.146  -13.438  29.794 0.0000000000
85169  -26.266  -12.724  29.748 0.0000000000
83839  -27.173  -12.799  31.098 0.0000000000
85160  -26.990  -12.545  30.596 0.0000000000
85180  -26.516  -12.073  29.504 0.0000000000
86553  -26.757  -11.420  29.220 0.0000000000
87815  -27.038  -10.756  28.872 0.0000000000
87816  -27.710  -10.471  29.221 0.0000000000
87804  -28.465  -10.540  29.864 0.0000000000
87805  -29.108  -10.335  30.080 0.0000000000
86541  -28.985  -11.104  31.039 0.0000000000
87782  -29.612  -10.856  31.265 0.0000000000
87796  -30.126  -10.296  30.817 0.0000000000
87784  -30.888  -10.239  31.293 0.0000000000
88992  -31.850  -10.185  32.063 0.0000000000
85103  -31.495  -12.399  34.827 0.0000000000
86469  -31.754  -11.863  34.544 0.0000000000
86498  -32.104  -11.391  34.200 0.0000000000
86454  -33.097  -11.465  35.597 0.0000000000
87714  -32.698  -11.066  34.437 0.0000000000
87736  -31.923  -11.182  33.606 0.0000000000
87756  -32.312  -10.655  33.260 0.0000000000
88976  -32.675  -10.161  32.847 0.0000000000
88977  -33.278  -9.934  33.151 0.0000000000
77132  -21.191  -17.498  35.632 0.0000000000
77150  -20.959  -17.273  35.051 0.0000000000
78516  -22.030  -16.364  34.860 0.0000000000
78528  -21.086  -16.405  34.027 0.0000000000
78540  -20.389  -16.663  33.075 0.0000000000
78550  -20.273  -16.565  32.473 0.0000000000
78559  -19.694  -16.827  31.527 0.0000000000
78568  -19.602  -16.720  30.948 0.0000000000
78543  -23.710  -15.929  33.399 0.0000000000
79904  -23.204  -15.695  32.915 0.0000000000
79912  -22.464  -15.537  32.403 0.0000000000
79920  -22.157  -15.466  31.622 0.0000000000
79919  -21.371  -15.529  31.492 0.0000000000
79928  -20.705  -15.707  30.984 0.0000000000
78578  -19.729  -16.374  30.390 0.0000000000
78431  -17.555  -15.895  41.964 0.0000000000
79822  -17.225  -15.518  40.353 0.0000000000
79844  -17.069  -15.237  39.211 0.0000000000
79865  -16.503  -15.472  37.306 0.0000000000
77064  -19.134  -17.533  38.981 0.0000000000
78471  -18.778  -16.744  38.696 0.0000000000
78470  -18.314  -16.147  38.329 0.0000000000
78495  -18.059  -16.394  36.559 0.0000000000
79856  -17.812  -15.738  37.823 0.0000000000
79866  -17.298  -15.608  37.280 0.0000000000
79876  -16.895  -15.658  36.718 0.0000000000
78513  -15.909  -16.765  34.995 0.0000000000
75823  -15.787  -18.136  34.090 0.0000000000
108427  -44.232  2.419  20.224 0.0000000000
221276  -44.482  2.396  19.752 0.0000000000
108451  -45.015  2.451  18.803 0.0000000000
109707  -45.716  2.861  20.994 0.0000000000
109747  -45.523  2.705  19.298 0.0000000000
109761  -45.786  2.642  18.560 0.0000000000
108466  -45.778  2.433  17.871 0.0000000000
109776  -46.415  2.571  17.975 0.0000000000
209909  -46.593  2.369  17.320 0.0000000000
204437  -48.172  3.530  23.268 0.0000000000
109677  -48.017  3.116  22.346 0.0000000000
109709  -47.738  2.884  21.153 0.0000000000
109710  -48.458  2.841  21.303 0.0000000000
196053  -47.303  2.843  19.425 0.0000000000
109749  -47.128  2.801  18.909 0.0000000000
109777  -47.130  2.599  17.599 0.0000000000
108482  -47.541  2.502  17.110 0.0000000000
108494  -47.611  2.212  16.514 0.0000000000
108495  -48.375  2.286  16.356 0.0000000000
108507  -48.687  2.005  15.714 0.0000000000
109780  -49.204  2.771  17.377 0.0000000000
108496  -49.084  2.356  16.274 0.0000000000
108508  -49.496  2.053  15.584 0.0000000000
108511  -51.372  2.218  15.766 0.0000000000
109796  -51.915  2.629  16.882 0.0000000000
195920  -51.172  2.803  17.686 0.0000000000
109783  -51.678  2.748  17.612 0.0000000000
109784  -52.311  2.624  17.528 0.0000000000
109770  -52.809  2.480  17.997 0.0000000000
206751  -53.165  2.254  19.008 0.0000000000
108441  -53.916  2.013  19.643 0.0000000000
68244  -13.986  -22.645  45.473 0.0000000000
67053  -13.931  -23.147  45.883 0.0000000000
203154  -13.621  -23.519  45.094 0.0000000000
202747  -13.001  -24.399  44.652 0.0000000000
64975  -12.673  -24.931  44.212 0.0000000000
64978  -12.290  -25.400  43.817 0.0000000000
89075  -26.657  -9.650  26.463 0.0000000000
90468  -26.863  -9.390  25.235 0.0000000000
217618  -29.763  -8.551  23.172 0.0000000000
213394  -36.914  -8.528  22.113 0.0000000000
87971  -35.580  -11.400  22.391 0.0000000000
207694  -35.738  -11.054  23.086 0.0000000000
86710  -35.935  -11.712  22.133 0.0000000000
218102  -36.296  -11.712  21.869 0.0000000000
86637  -37.833  -12.201  24.286 0.0000000000
86656  -37.410  -12.092  23.738 0.0000000000
86683  -37.684  -11.998  23.017 0.0000000000
86685  -38.920  -11.559  23.074 0.0000000000
86713  -38.275  -11.564  22.631 0.0000000000
87983  -36.815  -11.453  21.479 0.0000000000
89196  -37.879  -9.784  21.424 0.0000000000
90529  -38.202  -9.661  22.624 0.0000000000
90546  -37.932  -9.541  22.050 0.0000000000
90545  -37.406  -9.106  21.754 0.0000000000
91949  -36.465  -8.071  22.490 0.0000000000
93246  -36.386  -7.452  23.437 0.0000000000
94612  -36.516  -6.454  24.251 0.0000000000
216652  -36.933  -6.033  24.857 0.0000000000
94591  -37.624  -6.499  25.728 0.0000000000
97231  -38.148  -5.333  25.952 0.0000000000
97233  -39.176  -4.458  26.443 0.0000000000
232887  -39.691  -4.169  26.539 0.0000000000
233624  -40.953  -3.984  27.318 0.0000000000
71935  -10.796  -20.475  47.687 0.0000000000
70636  -12.138  -21.304  47.037 0.0000000000
69407  -13.699  -21.990  45.938 0.0000000000
202783  -13.938  -22.643  44.869 0.0000000000
67068  -13.503  -23.282  44.073 0.0000000000
66015  -13.107  -24.018  43.234 0.0000000000
67074  -13.226  -23.292  43.240 0.0000000000
66014  -12.905  -24.745  42.935 0.0000000000
67052  -13.773  -23.356  46.361 0.0000000000
65986  -13.485  -23.484  46.949 0.0000000000
68209  -13.357  -23.096  48.418 0.0000000000
65992  -12.254  -24.272  46.214 0.0000000000
196003  -12.541  -23.969  47.390 0.0000000000
67034  -13.243  -23.393  48.554 0.0000000000
67028  -12.931  -23.538  49.535 0.0000000000
67022  -12.608  -23.612  50.126 0.0000000000
65949  -12.276  -24.078  50.607 0.0000000000
64015  -9.797  -25.999  45.695 0.0000000000
64012  -9.748  -25.831  46.364 0.0000000000
64961  -10.213  -25.287  47.396 0.0000000000
64001  -9.405  -26.225  48.153 0.0000000000
64954  -10.358  -25.307  48.900 0.0000000000
64955  -10.884  -24.894  48.533 0.0000000000
64951  -11.592  -24.601  49.569 0.0000000000
232155  -12.033  -24.313  50.869 0.0000000000
214848  -11.832  -24.033  51.793 0.0000000000
65943  -11.616  -24.325  52.233 0.0000000000
65940  -11.385  -24.300  53.066 0.0000000000
65939  -10.953  -24.460  53.844 0.0000000000
63982  -10.693  -25.704  52.883 0.0000000000
64936  -10.740  -25.088  53.767 0.0000000000
64934  -10.492  -24.886  54.316 0.0000000000
64932  -10.129  -24.474  54.642 0.0000000000
60662  -8.005  -28.965  50.317 0.0000000000
59359  -7.763  -29.751  50.838 0.0000000000
60660  -8.368  -28.731  51.464 0.0000000000
60658  -8.728  -28.257  51.791 0.0000000000
60654  -8.651  -28.230  52.427 0.0000000000
61879  -8.803  -27.534  53.323 0.0000000000
59360  -8.108  -29.057  51.036 0.0000000000
60657  -8.288  -28.737  52.088 0.0000000000
61876  -9.050  -26.979  53.690 0.0000000000
61880  -9.038  -27.772  52.807 0.0000000000
63019  -9.462  -27.186  51.705 0.0000000000
63023  -9.712  -26.413  50.472 0.0000000000
63025  -8.840  -27.093  48.968 0.0000000000
63029  -8.739  -27.161  48.379 0.0000000000
63034  -9.017  -26.773  47.817 0.0000000000
63038  -9.077  -26.800  46.647 0.0000000000
63974  -9.557  -25.793  54.273 0.0000000000
63978  -10.482  -25.643  53.564 0.0000000000
63994  -10.124  -25.873  50.050 0.0000000000
63998  -9.427  -26.197  48.911 0.0000000000
64002  -9.844  -25.757  48.513 0.0000000000
64007  -9.380  -26.255  46.798 0.0000000000
64008  -9.761  -25.776  47.057 0.0000000000
64937  -11.103  -24.743  53.332 0.0000000000
64942  -11.120  -25.168  52.434 0.0000000000
64947  -11.587  -24.757  50.306 0.0000000000
64950  -10.976  -24.954  49.235 0.0000000000
64957  -10.266  -25.293  48.143 0.0000000000
64962  -10.804  -24.853  47.027 0.0000000000
65933  -10.640  -24.222  54.472 0.0000000000
65936  -10.932  -23.972  54.155 0.0000000000
65946  -11.921  -24.248  51.401 0.0000000000
65954  -12.423  -24.102  49.956 0.0000000000
65961  -12.096  -24.311  49.241 0.0000000000
65968  -11.510  -24.485  48.206 0.0000000000
65969  -12.283  -24.165  48.614 0.0000000000
65970  -12.908  -23.746  48.635 0.0000000000
65977  -12.103  -24.182  47.845 0.0000000000
65983  -11.589  -24.433  46.666 0.0000000000
65984  -12.283  -24.162  46.842 0.0000000000
65993  -12.864  -24.154  45.845 0.0000000000
66008  -13.372  -23.832  44.511 0.0000000000
67002  -11.227  -23.923  53.688 0.0000000000
67005  -11.472  -23.803  53.078 0.0000000000
67015  -12.154  -23.857  51.197 0.0000000000
67016  -12.394  -23.635  50.625 0.0000000000
67029  -13.182  -23.268  49.004 0.0000000000
67033  -13.027  -23.551  49.018 0.0000000000
67039  -13.157  -23.575  48.138 0.0000000000
67040  -13.537  -23.289  47.773 0.0000000000
67045  -13.114  -23.644  47.553 0.0000000000
67046  -13.808  -23.158  46.944 0.0000000000
67047  -13.924  -23.083  46.416 0.0000000000
67057  -13.690  -23.479  45.681 0.0000000000
67058  -13.880  -23.159  45.246 0.0000000000
68186  -11.500  -23.310  52.991 0.0000000000
68190  -11.962  -23.223  51.441 0.0000000000
68194  -12.079  -22.932  50.950 0.0000000000
68199  -12.826  -23.284  49.844 0.0000000000
68203  -13.006  -23.143  49.423 0.0000000000
68208  -13.094  -22.950  48.877 0.0000000000
68218  -13.521  -22.881  47.880 0.0000000000
68227  -13.714  -22.789  47.301 0.0000000000
68228  -13.906  -22.687  46.661 0.0000000000
68236  -13.986  -22.652  46.073 0.0000000000
68254  -13.848  -22.172  43.872 0.0000000000
69342  -12.174  -22.495  49.779 0.0000000000
69354  -12.286  -22.314  49.197 0.0000000000
69369  -13.255  -22.678  48.209 0.0000000000
69381  -13.143  -22.245  47.802 0.0000000000
69382  -13.514  -22.493  47.552 0.0000000000
69393  -13.306  -22.085  47.132 0.0000000000
69395  -13.899  -22.296  46.266 0.0000000000
69408  -13.935  -22.267  45.696 0.0000000000
69422  -13.728  -21.909  45.322 0.0000000000
69423  -13.925  -22.256  45.088 0.0000000000
69451  -13.786  -21.822  44.099 0.0000000000
69475  -13.278  -21.426  40.494 0.0000000000
70571  -11.699  -22.484  51.107 0.0000000000
70593  -11.603  -21.962  49.831 0.0000000000
70629  -12.693  -21.835  47.422 0.0000000000
70637  -12.835  -21.645  46.702 0.0000000000
70638  -13.448  -21.914  46.352 0.0000000000
70648  -12.978  -21.402  45.937 0.0000000000
70660  -13.165  -21.343  45.291 0.0000000000
70673  -13.200  -21.224  44.648 0.0000000000
70691  -13.578  -21.375  43.696 0.0000000000
71881  -10.678  -21.139  50.880 0.0000000000
71936  -11.428  -20.920  47.350 0.0000000000
71946  -11.596  -20.728  46.693 0.0000000000
71958  -11.764  -20.546  46.050 0.0000000000
71979  -12.117  -20.276  44.721 0.0000000000
71981  -13.262  -21.063  43.998 0.0000000000
72007  -13.222  -20.700  42.786 0.0000000000
72026  -13.274  -20.640  42.183 0.0000000000
72058  -13.353  -20.594  40.919 0.0000000000
72069  -13.365  -20.519  40.332 0.0000000000
72119  -29.057  -20.162  35.786 0.0000000000
73114  -10.891  -19.415  45.472 0.0000000000
73125  -12.266  -20.143  44.036 0.0000000000
73136  -12.388  -20.021  43.386 0.0000000000
73147  -12.489  -19.876  42.775 0.0000000000
73159  -12.630  -19.663  42.139 0.0000000000
73160  -13.074  -20.051  41.848 0.0000000000
73177  -13.173  -19.915  41.261 0.0000000000
73194  -13.249  -19.910  40.748 0.0000000000
73195  -20.114  -19.239  40.127 0.0000000000
73229  -20.359  -19.617  38.920 0.0000000000
73240  -19.964  -19.504  38.674 0.0000000000
73258  -30.306  -20.017  37.305 0.0000000000
73272  -28.776  -20.190  36.048 0.0000000000
73284  -28.714  -20.128  35.420 0.0000000000
73307  -28.503  -19.645  33.872 0.0000000000
74295  -10.223  -18.433  45.499 0.0000000000
74308  -11.259  -19.078  44.047 0.0000000000
74319  -11.473  -18.962  43.402 0.0000000000
74328  -11.686  -18.534  42.411 0.0000000000
74341  -12.245  -18.862  41.850 0.0000000000
74351  -12.589  -18.793  41.129 0.0000000000
74363  -12.795  -18.654  40.575 0.0000000000
74364  -13.090  -18.853  40.115 0.0000000000
74368  -24.850  -18.636  40.678 0.0000000000
74382  -13.286  -19.039  39.548 0.0000000000
74384  -22.678  -19.563  40.145 0.0000000000
74402  -21.299  -19.510  38.787 0.0000000000
74417  -20.039  -19.414  37.833 0.0000000000
74420  -22.166  -18.683  38.394 0.0000000000
74434  -20.263  -19.246  37.382 0.0000000000
74436  -21.493  -18.715  37.717 0.0000000000
74438  -28.342  -19.594  37.014 0.0000000000
74452  -19.379  -18.839  36.849 0.0000000000
74455  -20.632  -18.825  36.951 0.0000000000
74457  -28.516  -19.926  36.512 0.0000000000
74492  -14.884  -18.578  34.891 0.0000000000
74519  -27.783  -19.513  33.244 0.0000000000
74540  -28.227  -19.285  32.745 0.0000000000
74556  -27.365  -19.219  31.883 0.0000000000
74571  -26.847  -18.791  30.884 0.0000000000
74573  -27.556  -19.117  31.652 0.0000000000
74587  -27.090  -18.790  30.832 0.0000000000
75641  -10.297  -17.787  44.674 0.0000000000
75654  -10.896  -17.731  43.444 0.0000000000
75663  -11.099  -17.559  42.904 0.0000000000
75709  -13.411  -17.912  38.904 0.0000000000
75729  -13.672  -17.572  38.416 0.0000000000
75731  -19.478  -18.819  38.444 0.0000000000
75733  -23.314  -18.183  38.843 0.0000000000
75748  -13.747  -18.263  37.960 0.0000000000
75751  -22.583  -18.164  38.121 0.0000000000
75754  -27.053  -17.982  38.053 0.0000000000
75755  -27.597  -18.448  37.716 0.0000000000
75762  -14.016  -17.867  37.363 0.0000000000
75765  -21.853  -18.165  37.347 0.0000000000
75778  -19.043  -18.527  36.539 0.0000000000
75780  -21.629  -17.933  36.777 0.0000000000
75794  -20.834  -18.112  35.968 0.0000000000
75802  -15.308  -18.039  34.630 0.0000000000
75803  -18.345  -17.792  34.503 0.0000000000
75863  -26.457  -18.572  31.916 0.0000000000
75864  -26.972  -19.020  32.236 0.0000000000
75866  -28.316  -18.635  32.514 0.0000000000
75880  -25.949  -18.158  30.856 0.0000000000
75898  -27.369  -18.682  30.921 0.0000000000
75910  -26.099  -18.283  29.548 0.0000000000
75911  -26.717  -18.277  29.838 0.0000000000
75921  -26.170  -18.103  29.151 0.0000000000
76985  -10.133  -17.298  44.991 0.0000000000
77022  -11.269  -17.034  42.554 0.0000000000
77062  -13.512  -17.293  38.798 0.0000000000
77065  -24.472  -17.678  38.542 0.0000000000
77090  -14.160  -17.251  37.397 0.0000000000
77091  -14.583  -16.973  36.821 0.0000000000
77096  -23.631  -17.177  37.157 0.0000000000
77097  -24.412  -17.037  36.962 0.0000000000
77109  -18.441  -17.090  36.117 0.0000000000
77128  -17.498  -16.730  35.151 0.0000000000
77134  -22.500  -16.882  36.012 0.0000000000
77144  -14.971  -17.435  35.462 0.0000000000
77151  -21.588  -16.889  35.295 0.0000000000
77155  -28.792  -17.257  34.449 0.0000000000
77165  -15.701  -17.661  34.456 0.0000000000
77187  -28.011  -16.998  32.735 0.0000000000
77227  -27.361  -18.148  30.793 0.0000000000
77251  -24.836  -17.283  29.198 0.0000000000
77254  -26.510  -17.597  28.915 0.0000000000
77268  -24.940  -17.446  28.372 0.0000000000
77285  -25.560  -17.280  27.351 0.0000000000
78398  -11.372  -15.802  43.336 0.0000000000
78442  -11.917  -16.724  41.367 0.0000000000
78450  -12.348  -16.619  40.734 0.0000000000
78460  -18.253  -16.104  39.732 0.0000000000
78477  -18.391  -16.330  37.643 0.0000000000
78486  -18.705  -17.017  37.436 0.0000000000
78491  -15.019  -16.464  36.396 0.0000000000
78492  -15.715  -16.154  36.129 0.0000000000
78493  -16.553  -15.913  36.118 0.0000000000
78501  -15.245  -16.585  35.866 0.0000000000
78508  -23.656  -16.515  35.633 0.0000000000
78514  -16.712  -16.589  34.993 0.0000000000
78517  -22.751  -16.291  34.943 0.0000000000
78519  -24.146  -16.369  35.077 0.0000000000
78520  -24.923  -16.601  35.180 0.0000000000
78529  -21.770  -16.107  34.226 0.0000000000
78541  -20.905  -16.264  33.348 0.0000000000
78544  -24.318  -16.184  33.191 0.0000000000
78560  -20.153  -16.431  31.881 0.0000000000
78561  -24.107  -16.068  32.014 0.0000000000
78562  -24.692  -16.503  31.832 0.0000000000
78591  -23.911  -16.295  29.120 0.0000000000
78603  -24.026  -16.423  28.427 0.0000000000
78617  -24.046  -16.484  27.678 0.0000000000
78618  -24.627  -17.118  27.363 0.0000000000
78650  -22.205  -16.178  25.662 0.0000000000
79747  -10.920  -16.006  43.825 0.0000000000
79766  -11.652  -15.865  42.646 0.0000000000
79784  -11.898  -15.849  42.139 0.0000000000
79803  -12.693  -15.959  40.606 0.0000000000
79805  -16.515  -15.398  41.288 0.0000000000
79806  -17.157  -15.634  41.497 0.0000000000
79819  -13.130  -15.971  39.975 0.0000000000
79821  -16.691  -15.234  40.227 0.0000000000
79829  -14.032  -15.296  39.661 0.0000000000
79830  -14.657  -15.122  39.479 0.0000000000
79832  -17.179  -15.412  39.828 0.0000000000
79841  -14.817  -15.313  38.860 0.0000000000
79852  -14.634  -15.935  37.911 0.0000000000
79864  -15.648  -15.586  37.392 0.0000000000
79867  -17.963  -16.007  37.177 0.0000000000
79877  -17.561  -15.799  36.758 0.0000000000
79894  -23.030  -15.808  33.711 0.0000000000
79896  -28.995  -14.665  34.241 0.0000000000
79902  -21.982  -15.671  33.056 0.0000000000
79905  -27.728  -15.686  32.782 0.0000000000
79918  -20.633  -15.900  31.679 0.0000000000
79923  -26.814  -16.058  31.096 0.0000000000
79954  -25.902  -15.589  28.854 0.0000000000
79965  -23.347  -15.860  27.709 0.0000000000
79966  -25.468  -15.399  27.931 0.0000000000
81234  -15.312  -15.083  41.874 0.0000000000
81248  -14.115  -14.982  41.206 0.0000000000
81249  -14.735  -14.944  41.360 0.0000000000
81267  -14.305  -14.928  40.700 0.0000000000
81268  -14.932  -14.884  40.647 0.0000000000
81270  -16.110  -15.019  40.395 0.0000000000
81288  -16.153  -14.972  39.782 0.0000000000
81334  -29.413  -14.298  34.593 0.0000000000
81349  -28.259  -14.794  33.463 0.0000000000
81358  -27.223  -14.791  32.071 0.0000000000
82559  -29.920  -13.994  34.848 0.0000000000
82577  -28.061  -13.815  32.818 0.0000000000
82581  -27.254  -14.019  31.951 0.0000000000
83802  -30.735  -13.144  34.857 0.0000000000
83812  -29.398  -13.400  33.881 0.0000000000
83820  -29.714  -12.863  33.568 0.0000000000
83831  -27.344  -13.248  31.651 0.0000000000
83846  -26.533  -13.046  30.277 0.0000000000
83862  -25.660  -12.878  28.830 0.0000000000
83871  -25.170  -13.243  27.968 0.0000000000
83883  -24.583  -13.418  26.028 0.0000000000
85087  -31.713  -12.626  35.366 0.0000000000
85089  -32.738  -12.021  35.936 0.0000000000
85102  -30.996  -12.621  34.602 0.0000000000
85127  -31.284  -12.134  34.280 0.0000000000
85134  -29.424  -12.544  33.064 0.0000000000
85136  -30.549  -12.106  33.501 0.0000000000
85152  -27.716  -12.525  31.413 0.0000000000
85162  -28.056  -11.927  31.146 0.0000000000
85170  -26.752  -12.326  30.078 0.0000000000
85191  -25.743  -12.233  28.641 0.0000000000
85224  -39.731  -12.501  25.733 0.0000000000
85239  -38.429  -12.336  25.202 0.0000000000
85241  -40.280  -12.154  25.050 0.0000000000
85258  -38.932  -12.442  24.884 0.0000000000
85259  -39.410  -12.263  24.490 0.0000000000
85260  -39.980  -12.098  24.622 0.0000000000
86453  -32.511  -11.811  35.341 0.0000000000
86471  -32.907  -11.278  34.995 0.0000000000
86497  -31.578  -11.657  33.958 0.0000000000
86521  -29.475  -11.706  32.200 0.0000000000
86533  -29.810  -11.171  31.897 0.0000000000
86546  -27.554  -11.341  30.099 0.0000000000
86574  -25.390  -11.732  27.622 0.0000000000
86577  -39.499  -12.161  27.551 0.0000000000
86638  -39.792  -11.702  24.144 0.0000000000
86658  -38.749  -11.995  23.537 0.0000000000
86684  -38.414  -11.855  23.063 0.0000000000
86714  -38.626  -11.527  22.826 0.0000000000
87737  -32.494  -10.851  33.866 0.0000000000
87754  -31.177  -11.140  32.830 0.0000000000
87757  -32.847  -10.345  33.530 0.0000000000
87772  -31.511  -10.673  32.453 0.0000000000
87795  -29.400  -10.607  30.633 0.0000000000
87803  -27.882  -10.819  29.766 0.0000000000
87806  -29.747  -10.086  30.188 0.0000000000
87826  -26.206  -10.877  28.013 0.0000000000
87827  -27.007  -10.261  28.335 0.0000000000
87829  -38.525  -10.867  27.956 0.0000000000
87852  -25.448  -11.157  26.380 0.0000000000
87854  -38.153  -11.418  26.606 0.0000000000
87866  -25.806  -10.549  26.075 0.0000000000
88993  -32.476  -9.970  32.233 0.0000000000
88995  -33.731  -9.537  32.795 0.0000000000
89004  -32.853  -9.625  31.885 0.0000000000
89013  -31.407  -9.792  30.856 0.0000000000
89032  -28.368  -10.113  29.265 0.0000000000
89034  -30.135  -9.597  29.669 0.0000000000
89037  -38.590  -10.504  29.300 0.0000000000
89045  -27.488  -9.877  28.251 0.0000000000
89062  -37.031  -9.825  27.192 0.0000000000
89077  -37.333  -10.405  26.728 0.0000000000
89088  -26.510  -9.669  25.713 0.0000000000
89089  -36.176  -9.720  25.641 0.0000000000
89106  -40.113  -10.179  25.124 0.0000000000
89107  -40.467  -10.618  25.470 0.0000000000
89148  -39.418  -10.578  23.456 0.0000000000
90339  -33.923  -9.342  32.272 0.0000000000
90353  -34.938  -9.144  31.503 0.0000000000
90361  -31.937  -9.359  30.505 0.0000000000
90362  -32.443  -9.406  30.950 0.0000000000
90364  -33.886  -8.969  30.623 0.0000000000
90372  -31.200  -9.341  29.729 0.0000000000
90374  -32.360  -9.084  29.974 0.0000000000
90399  -28.013  -9.494  28.209 0.0000000000
90418  -29.395  -8.776  27.986 0.0000000000
90421  -36.814  -9.349  27.745 0.0000000000
90433  -27.333  -9.177  26.530 0.0000000000
90438  -40.331  -9.832  26.800 0.0000000000
90472  -38.667  -9.011  24.851 0.0000000000
90474  -39.730  -9.695  25.470 0.0000000000
90485  -27.299  -9.135  24.691 0.0000000000
90491  -39.074  -9.487  24.522 0.0000000000
90492  -39.597  -9.818  24.806 0.0000000000
90508  -38.296  -9.249  23.861 0.0000000000
91805  -33.454  -8.780  29.712 0.0000000000
91807  -34.718  -8.770  29.858 0.0000000000
91812  -32.672  -8.536  29.006 0.0000000000
91822  -30.517  -8.573  28.160 0.0000000000
91827  -34.565  -8.501  28.699 0.0000000000
91828  -35.217  -8.635  28.394 0.0000000000
91837  -31.783  -8.292  27.638 0.0000000000
91841  -34.748  -8.445  27.486 0.0000000000
91856  -30.330  -8.078  26.860 0.0000000000
91857  -30.974  -8.107  27.056 0.0000000000
91858  -32.017  -8.089  27.075 0.0000000000
91861  -35.361  -8.599  27.075 0.0000000000
91863  -39.439  -8.857  26.902 0.0000000000
91884  -35.368  -8.710  26.402 0.0000000000
91885  -38.381  -8.234  25.769 0.0000000000
91886  -38.904  -8.602  26.053 0.0000000000
91896  -27.750  -8.688  25.142 0.0000000000
91897  -28.336  -8.349  24.944 0.0000000000
91913  -28.540  -8.468  24.282 0.0000000000
91935  -33.846  -8.584  23.921 0.0000000000
93170  -38.973  -7.287  27.426 0.0000000000
93192  -30.188  -7.731  25.514 0.0000000000
93194  -31.378  -7.751  26.048 0.0000000000
93197  -38.052  -7.579  26.020 0.0000000000
93226  -30.892  -7.723  24.333 0.0000000000
93228  -32.207  -7.744  24.458 0.0000000000
93244  -31.400  -7.819  23.919 0.0000000000
94581  -38.654  -6.812  27.040 0.0000000000
94603  -37.288  -6.649  25.283 0.0000000000
94604  -37.629  -7.139  25.640 0.0000000000
94637  -35.887  -6.635  22.063 0.0000000000
94638  -35.947  -6.970  22.921 0.0000000000
96014  -37.490  -5.904  25.499 0.0000000000
96034  -36.206  -6.085  23.718 0.0000000000
96059  -35.791  -5.927  22.148 0.0000000000
97221  -38.987  -5.165  26.706 0.0000000000
97223  -40.231  -4.606  27.250 0.0000000000
97232  -38.652  -4.916  26.192 0.0000000000
97253  -36.576  -5.001  24.075 0.0000000000
97254  -36.929  -5.229  24.615 0.0000000000
97265  -36.322  -4.783  23.537 0.0000000000
98468  -40.126  -4.194  26.850 0.0000000000
98469  -40.597  -3.759  26.835 0.0000000000
98488  -38.489  -4.195  25.447 0.0000000000
98499  -37.060  -4.490  24.334 0.0000000000
98511  -36.964  -4.100  23.839 0.0000000000
99778  -41.918  -3.223  27.281 0.0000000000
99792  -38.843  -4.282  25.887 0.0000000000
99794  -40.377  -3.355  26.319 0.0000000000
99808  -38.236  -3.805  25.041 0.0000000000
99811  -40.200  -2.940  25.815 0.0000000000
99823  -37.939  -3.502  24.435 0.0000000000
99839  -37.643  -3.329  23.925 0.0000000000
100994  -43.557  -2.484  28.021 0.0000000000
101006  -41.531  -2.987  26.815 0.0000000000
101019  -40.672  -2.956  26.183 0.0000000000
101020  -41.165  -2.720  26.311 0.0000000000
101033  -39.824  -2.643  25.235 0.0000000000
101046  -39.501  -2.278  24.657 0.0000000000
102141  -43.278  -2.018  27.466 0.0000000000
102142  -43.669  -1.468  27.533 0.0000000000
102153  -42.288  -2.095  26.698 0.0000000000
102165  -41.932  -1.836  26.190 0.0000000000
102176  -40.573  -2.039  25.346 0.0000000000
102177  -41.075  -1.773  25.515 0.0000000000
102189  -39.228  -1.945  24.028 0.0000000000
103286  -43.756  -0.833  27.371 0.0000000000
103318  -41.578  -1.498  25.744 0.0000000000
103331  -40.928  -1.055  24.691 0.0000000000
103337  -39.565  -1.354  23.727 0.0000000000
103345  -39.380  -1.034  23.135 0.0000000000
104549  -44.712  -0.512  28.201 0.0000000000
104583  -42.502  -0.905  26.075 0.0000000000
104584  -43.253  -0.123  26.588 0.0000000000
104596  -41.735  -0.626  25.122 0.0000000000
104613  -40.731  -0.780  24.228 0.0000000000
104614  -41.785  -0.107  24.749 0.0000000000
104626  -41.036  -0.240  23.933 0.0000000000
104633  -39.734  -0.525  22.841 0.0000000000
104635  -40.815  0.016  23.316 0.0000000000
104638  -39.618  -0.263  22.245 0.0000000000
105802  -43.633  0.255  26.930 0.0000000000
105813  -42.903  0.234  26.015 0.0000000000
105853  -41.701  0.637  23.869 0.0000000000
105859  -41.186  0.596  22.940 0.0000000000
107053  -43.632  0.887  26.700 0.0000000000
107077  -43.165  1.627  25.722 0.0000000000
107087  -42.296  0.859  24.840 0.0000000000
107103  -42.059  1.013  24.125 0.0000000000
107104  -42.319  1.582  23.772 0.0000000000
107121  -41.543  1.054  22.462 0.0000000000
107131  -41.093  1.045  21.385 0.0000000000
107132  -41.721  1.368  21.121 0.0000000000
107170  -54.684  1.717  18.705 0.0000000000
108309  -44.505  1.826  27.403 0.0000000000
108321  -44.107  2.153  26.753 0.0000000000
108356  -43.103  2.344  24.677 0.0000000000
108374  -42.729  2.081  23.502 0.0000000000
108389  -42.854  2.106  22.437 0.0000000000
108400  -43.374  2.465  21.983 0.0000000000
108425  -42.903  1.992  20.550 0.0000000000
108428  -52.643  2.403  19.896 0.0000000000
108437  -43.951  2.209  19.626 0.0000000000
108439  -44.968  2.533  19.539 0.0000000000
108450  -44.404  2.290  19.147 0.0000000000
108452  -53.406  2.246  18.427 0.0000000000
108468  -53.923  2.028  17.913 0.0000000000
108481  -47.013  2.311  16.948 0.0000000000
108502  -54.266  1.609  16.768 0.0000000000
109579  -45.043  2.869  27.496 0.0000000000
109589  -44.693  3.019  26.838 0.0000000000
109643  -43.494  2.861  24.346 0.0000000000
109672  -43.168  2.511  23.220 0.0000000000
109673  -43.732  2.825  22.882 0.0000000000
109674  -44.367  3.052  22.545 0.0000000000
109678  -49.425  2.952  22.762 0.0000000000
109694  -50.005  2.776  22.003 0.0000000000
109705  -44.632  2.787  21.311 0.0000000000
109708  -46.964  2.991  21.321 0.0000000000
109722  -45.477  2.738  20.379 0.0000000000
109723  -46.519  2.844  20.194 0.0000000000
109725  -47.638  2.853  20.426 0.0000000000
109727  -49.170  2.822  20.439 0.0000000000
109728  -50.225  2.776  20.554 0.0000000000
109737  -45.934  2.772  19.829 0.0000000000
109739  -50.892  2.770  19.839 0.0000000000
109752  -49.102  2.857  19.315 0.0000000000
109764  -48.543  2.837  18.159 0.0000000000
109765  -49.524  2.902  18.401 0.0000000000
109768  -51.449  2.780  18.133 0.0000000000
109785  -52.879  2.415  17.445 0.0000000000
110813  -44.973  3.647  26.606 0.0000000000
110851  -44.086  3.379  25.122 0.0000000000
110867  -44.938  3.954  24.426 0.0000000000
110879  -43.946  3.316  24.008 0.0000000000
110881  -45.357  3.959  23.816 0.0000000000
110884  -47.544  3.658  23.210 0.0000000000
110885  -48.585  3.617  23.657 0.0000000000
110900  -45.512  3.485  22.661 0.0000000000
110903  -47.941  3.389  22.804 0.0000000000
111942  -45.350  4.193  26.420 0.0000000000
111943  -45.815  4.696  26.288 0.0000000000
111944  -49.259  4.908  25.591 0.0000000000
111960  -45.877  4.567  24.984 0.0000000000
111962  -47.330  4.735  24.749 0.0000000000
111988  -45.895  4.172  23.889 0.0000000000
111990  -47.211  4.027  23.646 0.0000000000
113103  -46.653  5.333  27.564 0.0000000000
113140  -48.129  5.281  25.650 0.0000000000
113148  -47.049  5.066  25.363 0.0000000000
114328  -47.880  5.820  26.747 0.0000000000
194297  -48.786  4.342  24.648 0.0000000000
194458  -32.933  -7.997  26.518 0.0000000000
195107  -33.658  -9.155  31.215 0.0000000000
195122  -38.463  -11.962  26.346 0.0000000000
195230  -51.220  2.708  17.149 0.0000000000
195329  -48.919  2.852  21.767 0.0000000000
195408  -13.531  -15.460  40.002 0.0000000000
195504  -50.569  2.848  18.601 0.0000000000
195585  -47.167  2.860  19.976 0.0000000000
195665  -49.787  2.842  19.489 0.0000000000
195666  -48.418  2.868  19.196 0.0000000000
195667  -49.777  2.793  20.943 0.0000000000
196052  -51.207  2.785  18.603 0.0000000000
196290  -40.527  -12.303  25.579 0.0000000000
197257  -13.321  -22.859  42.850 0.0000000000
197479  -13.375  -21.038  41.352 0.0000000000
197649  -13.413  -20.078  39.942 0.0000000000
197910  -33.409  -8.389  28.192 0.0000000000
198391  -12.134  -15.477  42.485 0.0000000000
198633  -19.199  -18.050  38.408 0.0000000000
199362  -38.039  -12.075  25.452 0.0000000000
199811  -39.973  -12.557  27.023 0.0000000000
200112  -43.288  -0.730  26.800 0.0000000000
200176  -27.730  -9.184  27.182 0.0000000000
200452  -51.687  2.729  18.582 0.0000000000
201020  -9.107  -26.635  47.177 0.0000000000
201188  -51.892  2.312  16.118 0.0000000000
201863  -27.381  -19.265  33.257 0.0000000000
203022  -34.607  -8.864  30.483 0.0000000000
204393  -25.617  -13.550  28.851 0.0000000000
205671  -11.644  -23.183  52.120 0.0000000000
205886  -28.381  -16.259  33.819 0.0000000000
205960  -10.599  -15.753  45.700 0.0000000000
205986  -30.299  -7.707  24.813 0.0000000000
206578  -9.814  -26.239  45.163 0.0000000000
206832  -13.405  -19.138  39.110 0.0000000000
207260  -18.975  -17.377  38.403 0.0000000000
207728  -16.838  -15.180  38.645 0.0000000000
207897  -45.067  2.733  20.838 0.0000000000
208226  -13.890  -17.656  37.887 0.0000000000
208230  -16.174  -15.367  37.820 0.0000000000
208925  -24.902  -13.815  26.998 0.0000000000
208983  -37.267  -5.414  25.116 0.0000000000
209089  -12.086  -24.327  50.447 0.0000000000
210148  -11.074  -25.028  49.826 0.0000000000
211154  -25.467  -17.746  38.990 0.0000000000
211192  -34.268  -8.287  26.521 0.0000000000
211510  -18.780  -16.691  39.371 0.0000000000
212542  -15.125  -15.641  37.784 0.0000000000
213420  -14.617  -18.357  35.460 0.0000000000
214032  -10.842  -18.619  44.287 0.0000000000
214861  -11.651  -23.996  52.413 0.0000000000
215047  -15.909  -17.264  34.594 0.0000000000
215183  -31.493  -9.075  29.343 0.0000000000
215553  -49.692  2.793  17.268 0.0000000000
215846  -26.301  -13.721  30.216 0.0000000000
215982  -36.237  -5.417  23.656 0.0000000000
216623  -11.794  -22.891  51.476 0.0000000000
217601  -26.223  -18.396  40.539 0.0000000000
217962  -11.737  -24.630  51.083 0.0000000000
219059  -31.549  -8.436  28.131 0.0000000000
219658  -23.799  -15.924  31.565 0.0000000000
221039  -30.770  -10.678  31.817 0.0000000000
221223  -33.196  -8.442  28.716 0.0000000000
221232  -45.527  3.361  28.165 0.0000000000
221512  -29.036  -18.954  34.263 0.0000000000
221939  -42.097  -0.714  25.617 0.0000000000
222119  -13.256  -20.910  43.347 0.0000000000
222129  -46.222  3.265  21.936 0.0000000000
223042  -35.900  -5.796  23.177 0.0000000000
223219  -19.692  -18.604  39.529 0.0000000000
223528  -29.220  -8.375  26.870 0.0000000000
223611  -47.516  2.744  18.003 0.0000000000
223920  -18.773  -18.177  34.831 0.0000000000
224257  -39.987  0.400  21.118 0.0000000000
224856  -27.093  -16.711  31.175 0.0000000000
224924  -52.288  2.493  21.268 0.0000000000
225126  -21.909  -15.403  31.047 0.0000000000
225219  -41.943  1.397  22.173 0.0000000000
225608  -42.863  2.185  22.941 0.0000000000
225996  -10.025  -17.553  45.378 0.0000000000
226273  -10.926  -21.461  51.511 0.0000000000
226356  -43.942  2.460  20.626 0.0000000000
226388  -8.624  -27.893  50.324 0.0000000000
226680  -25.218  -11.630  26.592 0.0000000000
226763  -38.842  -12.337  24.431 0.0000000000
227337  -47.897  2.858  19.779 0.0000000000
227718  -22.898  -15.646  29.010 0.0000000000
229307  -46.191  3.411  22.223 0.0000000000
229418  -44.390  2.613  26.803 0.0000000000
229509  -21.783  -15.541  32.070 0.0000000000
229858  -28.110  -10.481  29.535 0.0000000000
230025  -32.399  -8.494  28.674 0.0000000000
230198  -35.497  -9.118  30.657 0.0000000000
230239  -12.842  -21.147  45.498 0.0000000000
230526  -30.242  -8.643  22.999 0.0000000000
230664  -27.562  -18.429  31.073 0.0000000000
230864  -19.514  -18.990  37.852 0.0000000000
231663  -24.827  -16.938  36.613 0.0000000000
232104  -37.813  -5.596  25.775 0.0000000000
232501  -24.708  -15.544  25.808 0.0000000000
233116  -48.357  3.164  22.681 0.0000000000
233123  -11.679  -18.903  42.887 0.0000000000
233377  -38.839  -11.356  27.720 0.0000000000
234435  -41.754  -1.036  25.490 0.0000000000
