#!ascii label  , from subject sub-05 vox2ras=TkReg
668
103757  -28.796  3.297  -28.993 0.0000000000
110592  -26.604  8.408  -29.516 0.0000000000
198081  -25.671  22.488  -31.066 0.0000000000
201640  -29.163  18.198  -30.912 0.0000000000
217244  -28.537  13.078  -33.651 0.0000000000
108379  -32.220  6.799  -32.726 0.0000000000
133410  -24.076  24.772  -31.651 0.0000000000
120459  -29.614  16.015  -31.873 0.0000000000
118310  -27.657  14.062  -29.949 0.0000000000
106007  -26.840  5.596  -30.926 0.0000000000
108366  -28.853  7.375  -32.716 0.0000000000
104930  -30.552  4.621  -32.084 0.0000000000
99281  -21.757  0.798  -26.437 0.0000000000
104884  -25.227  3.796  -29.371 0.0000000000
139101  -24.001  30.447  -31.060 0.0000000000
137353  -25.294  28.439  -31.606 0.0000000000
213399  -26.675  26.906  -31.546 0.0000000000
133416  -29.008  25.200  -31.471 0.0000000000
130360  -30.184  22.640  -32.358 0.0000000000
127002  -28.198  20.904  -30.230 0.0000000000
127074  -29.342  20.057  -34.191 0.0000000000
201041  -27.994  17.622  -35.061 0.0000000000
120499  -29.991  15.732  -35.329 0.0000000000
117260  -31.984  13.201  -33.775 0.0000000000
113854  -28.461  10.904  -30.935 0.0000000000
112869  -30.726  10.093  -33.609 0.0000000000
119350  -26.923  14.887  -29.990 0.0000000000
118307  -25.494  13.828  -30.195 0.0000000000
195341  -27.915  4.206  -30.799 0.0000000000
106010  -28.949  4.881  -31.813 0.0000000000
104898  -29.459  4.178  -30.521 0.0000000000
182404  -21.366  -3.221  -24.429 0.0000000000
95603  -21.668  -1.822  -24.203 0.0000000000
98037  -22.088  -0.618  -24.406 0.0000000000
107039  -24.653  5.378  -28.860 0.0000000000
104866  -23.056  4.435  -28.631 0.0000000000
136428  -25.791  27.863  -31.273 0.0000000000
131374  -25.494  23.824  -31.145 0.0000000000
205225  -26.179  24.996  -31.407 0.0000000000
131359  -27.438  23.723  -30.850 0.0000000000
131377  -29.818  23.759  -31.857 0.0000000000
130322  -28.459  22.816  -30.728 0.0000000000
125929  -28.679  19.742  -30.305 0.0000000000
127047  -29.688  20.439  -31.590 0.0000000000
125951  -29.944  19.616  -32.372 0.0000000000
190603  -28.697  18.824  -34.855 0.0000000000
123802  -29.664  18.225  -33.228 0.0000000000
118343  -29.016  14.164  -32.965 0.0000000000
120481  -28.623  15.369  -34.258 0.0000000000
119401  -29.113  14.183  -34.712 0.0000000000
119402  -31.349  14.063  -34.752 0.0000000000
117269  -30.010  13.087  -34.429 0.0000000000
112811  -25.957  10.384  -29.362 0.0000000000
114907  -27.194  11.127  -29.863 0.0000000000
111771  -27.875  9.500  -30.394 0.0000000000
109566  -31.211  7.445  -33.297 0.0000000000
110664  -29.431  8.812  -33.344 0.0000000000
216970  -32.035  8.418  -33.133 0.0000000000
113874  -32.139  10.645  -32.775 0.0000000000
110642  -32.058  8.171  -32.144 0.0000000000
100437  -22.948  1.182  -26.332 0.0000000000
100472  -22.513  1.598  -27.790 0.0000000000
100452  -24.176  1.662  -26.545 0.0000000000
183380  -24.813  2.157  -27.833 0.0000000000
123747  -27.362  17.636  -30.089 0.0000000000
122652  -29.292  17.025  -31.125 0.0000000000
121530  -28.053  16.400  -30.152 0.0000000000
202293  -28.448  14.633  -30.395 0.0000000000
208367  -29.049  13.231  -31.268 0.0000000000
108356  -27.351  6.673  -30.434 0.0000000000
110626  -27.689  8.081  -31.122 0.0000000000
209374  -27.944  6.421  -32.344 0.0000000000
106036  -29.569  5.824  -32.707 0.0000000000
106038  -31.611  5.072  -33.073 0.0000000000
99254  -22.717  0.415  -25.119 0.0000000000
109513  -25.833  7.688  -29.180 0.0000000000
107068  -26.180  6.282  -29.759 0.0000000000
104895  -26.284  4.264  -30.148 0.0000000000
103755  -26.874  3.404  -29.623 0.0000000000
140018  -25.126  31.050  -31.650 0.0000000000
139110  -22.940  29.855  -31.337 0.0000000000
138207  -24.924  29.106  -31.686 0.0000000000
137364  -26.465  28.562  -32.183 0.0000000000
205407  -27.416  28.082  -32.593 0.0000000000
194017  -28.127  27.299  -32.384 0.0000000000
133412  -25.711  25.444  -31.532 0.0000000000
134389  -28.008  25.871  -31.565 0.0000000000
198516  -30.028  26.251  -32.567 0.0000000000
133433  -30.667  24.914  -33.112 0.0000000000
130385  -30.363  23.474  -33.835 0.0000000000
192032  -29.851  22.725  -34.506 0.0000000000
129230  -26.694  21.975  -30.798 0.0000000000
197581  -29.332  21.567  -31.067 0.0000000000
128194  -29.983  21.416  -33.188 0.0000000000
129304  -28.732  21.507  -35.451 0.0000000000
127085  -27.631  19.812  -36.117 0.0000000000
122716  -28.460  17.217  -36.349 0.0000000000
122675  -29.591  16.851  -33.133 0.0000000000
121598  -28.677  16.298  -35.626 0.0000000000
116019  -25.968  12.566  -29.902 0.0000000000
116034  -28.513  12.136  -30.609 0.0000000000
116046  -28.694  12.049  -32.251 0.0000000000
111798  -28.340  9.295  -31.821 0.0000000000
112861  -28.989  10.090  -32.996 0.0000000000
114964  -29.277  11.499  -33.727 0.0000000000
185413  -31.922  11.703  -33.745 0.0000000000
192851  -32.203  11.882  -32.350 0.0000000000
212854  -24.192  2.940  -29.149 0.0000000000
102652  -26.001  2.875  -28.630 0.0000000000
102654  -27.677  2.896  -28.160 0.0000000000
103768  -28.298  3.907  -30.221 0.0000000000
213324  -28.947  3.940  -30.181 0.0000000000
192760  -28.836  3.692  -29.656 0.0000000000
103758  -29.891  3.232  -29.632 0.0000000000
102672  -29.487  2.926  -29.070 0.0000000000
93451  -21.943  -3.790  -24.501 0.0000000000
185027  -21.516  -2.518  -24.226 0.0000000000
94488  -22.038  -3.005  -24.271 0.0000000000
130343  -25.747  23.118  -31.045 0.0000000000
131375  -26.166  23.814  -30.994 0.0000000000
130344  -26.499  23.216  -30.839 0.0000000000
131360  -28.264  23.649  -30.822 0.0000000000
130320  -27.048  22.677  -30.826 0.0000000000
123767  -27.694  18.239  -30.029 0.0000000000
124840  -27.241  18.985  -29.807 0.0000000000
124842  -28.961  18.877  -30.585 0.0000000000
202290  -29.738  19.372  -31.412 0.0000000000
124855  -29.804  18.822  -31.676 0.0000000000
124879  -29.943  18.930  -32.863 0.0000000000
201512  -29.849  18.277  -32.091 0.0000000000
197043  -28.870  13.359  -32.911 0.0000000000
198462  -28.665  14.316  -33.799 0.0000000000
199655  -28.569  13.603  -33.721 0.0000000000
118357  -29.518  13.601  -34.703 0.0000000000
117259  -29.173  12.757  -34.254 0.0000000000
111748  -26.107  9.722  -29.322 0.0000000000
112813  -27.257  10.090  -29.555 0.0000000000
111769  -27.000  8.810  -29.859 0.0000000000
186707  -32.036  7.128  -33.016 0.0000000000
109578  -31.314  8.262  -33.305 0.0000000000
109567  -32.002  7.833  -33.095 0.0000000000
110655  -32.206  8.265  -32.871 0.0000000000
109554  -32.246  7.595  -32.793 0.0000000000
109543  -31.692  7.859  -31.328 0.0000000000
108367  -31.795  6.754  -31.635 0.0000000000
100438  -23.681  1.288  -26.054 0.0000000000
209792  -26.542  16.787  -30.168 0.0000000000
122631  -27.594  16.963  -30.066 0.0000000000
121528  -26.883  16.254  -30.007 0.0000000000
199592  -27.376  14.596  -29.973 0.0000000000
119351  -27.474  15.231  -29.955 0.0000000000
118311  -28.262  14.032  -30.152 0.0000000000
118323  -28.769  13.985  -30.684 0.0000000000
201150  -28.513  13.382  -30.452 0.0000000000
216532  -27.079  6.110  -30.715 0.0000000000
108365  -27.607  6.723  -31.227 0.0000000000
107105  -27.672  6.217  -31.739 0.0000000000
104929  -29.789  4.767  -31.905 0.0000000000
106023  -29.550  5.316  -32.439 0.0000000000
106024  -30.558  5.051  -32.553 0.0000000000
106037  -30.572  5.595  -32.837 0.0000000000
104931  -31.244  4.526  -32.843 0.0000000000
104943  -32.063  4.479  -33.196 0.0000000000
103796  -31.763  3.979  -32.939 0.0000000000
183586  -20.491  -4.035  -24.982 0.0000000000
98055  -22.389  -0.070  -24.679 0.0000000000
207184  -23.244  0.492  -24.913 0.0000000000
108337  -26.153  7.049  -29.309 0.0000000000
104868  -24.931  4.726  -29.075 0.0000000000
187089  -25.670  5.255  -29.371 0.0000000000
104885  -25.860  3.944  -29.665 0.0000000000
103766  -26.594  3.705  -30.149 0.0000000000
103753  -25.773  3.269  -29.725 0.0000000000
140008  -24.711  31.134  -31.447 0.0000000000
139102  -24.669  30.514  -31.286 0.0000000000
139113  -25.245  30.450  -31.523 0.0000000000
212330  -25.021  30.184  -31.477 0.0000000000
137352  -24.565  28.420  -31.615 0.0000000000
138206  -24.157  29.132  -31.598 0.0000000000
190107  -25.337  29.772  -31.634 0.0000000000
138208  -25.579  29.051  -31.760 0.0000000000
138217  -26.086  29.051  -32.093 0.0000000000
137363  -25.907  28.510  -31.787 0.0000000000
136429  -26.453  27.502  -31.433 0.0000000000
206053  -26.921  27.987  -32.084 0.0000000000
136430  -27.031  27.278  -31.896 0.0000000000
137365  -27.962  27.851  -32.756 0.0000000000
135420  -27.611  27.031  -32.013 0.0000000000
133411  -25.015  25.314  -31.567 0.0000000000
133405  -28.021  24.824  -31.097 0.0000000000
133413  -26.860  25.196  -31.363 0.0000000000
134390  -28.720  25.767  -31.678 0.0000000000
134399  -29.103  26.189  -32.083 0.0000000000
134391  -29.403  25.649  -31.782 0.0000000000
134400  -30.246  25.713  -32.425 0.0000000000
133425  -30.067  25.169  -32.167 0.0000000000
190101  -30.020  23.180  -32.191 0.0000000000
131392  -30.506  23.853  -32.953 0.0000000000
130377  -30.392  23.341  -33.271 0.0000000000
131416  -30.159  23.298  -34.354 0.0000000000
130384  -30.113  22.840  -33.767 0.0000000000
127025  -26.161  20.408  -30.530 0.0000000000
192039  -26.294  21.030  -30.657 0.0000000000
128145  -26.797  21.389  -30.652 0.0000000000
190705  -27.893  21.639  -30.434 0.0000000000
128147  -28.398  21.189  -30.455 0.0000000000
127059  -29.906  20.298  -32.738 0.0000000000
128185  -30.012  21.090  -32.445 0.0000000000
128198  -29.607  20.884  -33.917 0.0000000000
128203  -29.556  21.506  -34.459 0.0000000000
128202  -29.005  21.063  -34.979 0.0000000000
128208  -28.327  20.760  -35.655 0.0000000000
127079  -28.577  20.257  -35.321 0.0000000000
124886  -28.661  18.135  -34.696 0.0000000000
124899  -27.840  18.704  -35.557 0.0000000000
124898  -27.296  17.866  -35.868 0.0000000000
208537  -27.417  17.853  -36.657 0.0000000000
122704  -27.715  17.184  -36.123 0.0000000000
121553  -29.544  16.488  -31.502 0.0000000000
122665  -29.881  16.993  -32.409 0.0000000000
121567  -29.705  16.362  -32.802 0.0000000000
120488  -28.584  15.264  -34.819 0.0000000000
121582  -28.476  15.738  -34.646 0.0000000000
121590  -28.857  15.710  -35.407 0.0000000000
121599  -29.607  16.121  -35.538 0.0000000000
118359  -31.717  13.626  -34.300 0.0000000000
117251  -32.123  13.549  -33.033 0.0000000000
116018  -25.287  12.500  -30.028 0.0000000000
113839  -28.058  10.597  -30.370 0.0000000000
114923  -27.175  11.696  -29.886 0.0000000000
114925  -28.343  11.496  -30.466 0.0000000000
116035  -28.893  12.063  -31.355 0.0000000000
113855  -28.554  10.985  -31.969 0.0000000000
109552  -27.827  7.638  -32.198 0.0000000000
186378  -27.943  8.617  -31.658 0.0000000000
110641  -28.349  8.185  -32.675 0.0000000000
200642  -30.243  9.694  -33.502 0.0000000000
111811  -29.362  9.560  -33.381 0.0000000000
112862  -29.714  10.151  -33.299 0.0000000000
114955  -28.643  11.077  -33.325 0.0000000000
114965  -30.400  11.050  -33.710 0.0000000000
116062  -30.740  11.764  -33.978 0.0000000000
114966  -31.509  11.149  -33.716 0.0000000000
113865  -31.922  10.672  -31.951 0.0000000000
114948  -32.116  11.227  -32.204 0.0000000000
197215  -31.897  11.147  -31.500 0.0000000000
193770  -25.559  2.417  -27.613 0.0000000000
102651  -25.079  2.515  -28.376 0.0000000000
102637  -26.132  2.667  -27.928 0.0000000000
102653  -26.490  2.816  -28.292 0.0000000000
102639  -27.377  2.518  -27.691 0.0000000000
120427  -25.933  15.604  -30.271 0.0000000000
118308  -25.945  14.291  -30.161 0.0000000000
196971  -26.094  13.668  -29.969 0.0000000000
104909  -27.749  4.801  -31.093 0.0000000000
106009  -28.251  5.228  -31.523 0.0000000000
104910  -28.435  4.567  -31.221 0.0000000000
183927  -29.192  4.467  -31.263 0.0000000000
104911  -30.155  4.295  -31.233 0.0000000000
103780  -30.759  3.857  -31.140 0.0000000000
103770  -30.184  3.692  -30.398 0.0000000000
185889  -30.656  2.952  -30.112 0.0000000000
93450  -21.150  -3.894  -24.729 0.0000000000
98036  -21.461  -0.730  -24.577 0.0000000000
96743  -21.840  -1.179  -24.294 0.0000000000
185676  -22.258  -1.616  -24.137 0.0000000000
107065  -24.608  6.139  -28.725 0.0000000000
107038  -24.086  5.508  -29.004 0.0000000000
105963  -24.269  4.829  -29.047 0.0000000000
104867  -23.815  4.267  -28.924 0.0000000000
139100  -23.262  30.369  -30.924 0.0000000000
198251  -25.005  27.776  -31.429 0.0000000000
135407  -25.464  27.235  -31.117 0.0000000000
207764  -26.069  26.822  -31.281 0.0000000000
199522  -25.492  24.858  -31.379 0.0000000000
132394  -25.884  24.389  -31.191 0.0000000000
206951  -26.603  24.471  -31.101 0.0000000000
132385  -28.489  24.346  -31.020 0.0000000000
132386  -29.139  24.529  -31.342 0.0000000000
131361  -28.985  23.869  -31.097 0.0000000000
131362  -29.446  23.341  -31.365 0.0000000000
130324  -29.759  22.662  -31.473 0.0000000000
127027  -27.873  20.459  -30.040 0.0000000000
127029  -29.279  20.498  -31.080 0.0000000000
125930  -29.120  20.055  -30.827 0.0000000000
125941  -29.800  19.847  -31.783 0.0000000000
125960  -29.872  19.576  -33.172 0.0000000000
125967  -29.199  19.393  -34.424 0.0000000000
125968  -29.602  19.484  -33.866 0.0000000000
201837  -29.292  18.800  -34.267 0.0000000000
196986  -29.187  17.999  -34.067 0.0000000000
119377  -29.421  15.440  -32.023 0.0000000000
120474  -29.097  15.687  -33.344 0.0000000000
119386  -29.124  15.012  -32.939 0.0000000000
119400  -28.537  14.458  -34.405 0.0000000000
119411  -29.685  14.639  -34.971 0.0000000000
120490  -30.458  15.183  -35.160 0.0000000000
118367  -30.235  14.080  -34.873 0.0000000000
118358  -30.731  13.550  -34.601 0.0000000000
116072  -31.235  13.057  -34.233 0.0000000000
114905  -26.091  11.400  -29.599 0.0000000000
113820  -26.369  10.844  -29.411 0.0000000000
113838  -27.530  10.639  -29.844 0.0000000000
112826  -28.156  9.928  -30.631 0.0000000000
109565  -29.777  7.524  -33.032 0.0000000000
110654  -29.537  8.177  -33.291 0.0000000000
109577  -30.433  7.959  -33.351 0.0000000000
110666  -30.972  8.852  -33.379 0.0000000000
111818  -31.235  9.442  -33.702 0.0000000000
112870  -31.697  10.003  -33.585 0.0000000000
111819  -32.081  9.437  -33.412 0.0000000000
194056  -31.992  9.509  -32.136 0.0000000000
192865  -31.644  9.594  -31.074 0.0000000000
110628  -31.631  8.415  -31.003 0.0000000000
100436  -22.286  1.028  -26.754 0.0000000000
210871  -22.218  1.239  -27.319 0.0000000000
100450  -22.758  1.331  -27.159 0.0000000000
100473  -23.185  1.649  -27.655 0.0000000000
213072  -23.610  1.947  -27.951 0.0000000000
187299  -23.755  2.190  -28.548 0.0000000000
101581  -24.478  1.971  -27.204 0.0000000000
101582  -25.131  2.068  -27.070 0.0000000000
123746  -26.683  17.733  -30.197 0.0000000000
212264  -27.987  17.733  -30.240 0.0000000000
123780  -29.402  17.622  -31.308 0.0000000000
123768  -28.416  17.445  -30.493 0.0000000000
122651  -28.805  16.977  -30.692 0.0000000000
120444  -28.914  15.855  -30.801 0.0000000000
120429  -27.274  15.847  -29.939 0.0000000000
120443  -28.394  15.839  -30.326 0.0000000000
119366  -29.228  15.192  -31.296 0.0000000000
216444  -29.299  14.493  -31.529 0.0000000000
118334  -29.222  14.019  -32.141 0.0000000000
198854  -29.144  13.449  -31.999 0.0000000000
109531  -27.194  7.486  -30.010 0.0000000000
110613  -27.399  8.137  -30.319 0.0000000000
109541  -27.556  7.410  -30.721 0.0000000000
109542  -27.695  7.372  -31.618 0.0000000000
108377  -28.491  6.823  -32.587 0.0000000000
106022  -28.769  5.517  -32.072 0.0000000000
107107  -28.694  6.070  -32.466 0.0000000000
107108  -29.469  6.485  -32.596 0.0000000000
107120  -30.523  6.220  -32.943 0.0000000000
107121  -31.554  5.927  -33.115 0.0000000000
108390  -32.088  6.358  -32.945 0.0000000000
200255  -32.359  6.006  -32.815 0.0000000000
107109  -32.813  5.043  -33.089 0.0000000000
103781  -31.468  3.667  -31.837 0.0000000000
206052  -20.525  -4.934  -24.822 0.0000000000
216916  -21.401  0.594  -26.272 0.0000000000
98054  -21.770  -0.256  -24.894 0.0000000000
99253  -22.061  0.240  -25.300 0.0000000000
99269  -22.372  0.751  -25.891 0.0000000000
100423  -23.228  0.906  -25.471 0.0000000000
99255  -23.741  0.598  -24.998 0.0000000000
110591  -26.068  8.320  -29.310 0.0000000000
109514  -26.585  7.719  -29.463 0.0000000000
107085  -26.809  6.198  -30.298 0.0000000000
216681  -26.492  5.675  -30.278 0.0000000000
107067  -25.708  5.930  -29.225 0.0000000000
107084  -26.087  5.309  -29.861 0.0000000000
105996  -26.613  4.981  -30.478 0.0000000000
105997  -26.851  4.239  -30.582 0.0000000000
103767  -27.385  3.809  -30.273 0.0000000000
196550  -27.536  3.473  -29.398 0.0000000000
140887  -24.543  31.743  -30.916 0.0000000000
139111  -23.726  29.798  -31.310 0.0000000000
139112  -24.566  29.859  -31.484 0.0000000000
139114  -25.700  30.024  -31.809 0.0000000000
137354  -26.343  28.124  -31.626 0.0000000000
137369  -27.053  28.601  -32.717 0.0000000000
137370  -27.691  28.397  -33.032 0.0000000000
137371  -28.377  28.230  -33.194 0.0000000000
136441  -28.772  27.629  -32.819 0.0000000000
136442  -29.523  27.220  -32.693 0.0000000000
134387  -25.198  25.892  -31.550 0.0000000000
200527  -26.578  26.325  -31.574 0.0000000000
189615  -26.420  25.631  -31.615 0.0000000000
135408  -27.155  26.677  -31.672 0.0000000000
135421  -28.145  26.816  -32.054 0.0000000000
135422  -28.801  26.865  -32.348 0.0000000000
135431  -30.065  26.720  -32.869 0.0000000000
134407  -30.422  26.179  -32.940 0.0000000000
132429  -30.736  24.634  -33.768 0.0000000000
132407  -30.059  24.518  -32.163 0.0000000000
132420  -30.630  24.356  -33.200 0.0000000000
128169  -25.445  21.543  -31.016 0.0000000000
130319  -26.261  22.577  -30.898 0.0000000000
198215  -27.734  22.567  -30.593 0.0000000000
129233  -28.967  22.151  -30.849 0.0000000000
129255  -29.978  22.141  -31.674 0.0000000000
128170  -29.531  21.008  -31.345 0.0000000000
191717  -30.088  21.675  -31.959 0.0000000000
129292  -30.045  22.127  -33.393 0.0000000000
129298  -29.845  22.166  -34.122 0.0000000000
130390  -29.034  22.138  -35.267 0.0000000000
125981  -28.071  19.496  -35.603 0.0000000000
125980  -27.233  18.875  -36.161 0.0000000000
124907  -28.194  18.366  -36.994 0.0000000000
123839  -29.413  18.245  -37.085 0.0000000000
123781  -29.786  17.657  -31.919 0.0000000000
199925  -29.287  17.395  -33.573 0.0000000000
123809  -28.762  17.034  -34.436 0.0000000000
121575  -28.858  15.895  -33.936 0.0000000000
122691  -28.335  16.291  -34.917 0.0000000000
197320  -28.214  16.848  -35.024 0.0000000000
122705  -28.131  16.843  -35.898 0.0000000000
120491  -31.559  15.086  -35.167 0.0000000000
193735  -25.581  13.188  -30.019 0.0000000000
117216  -26.669  13.369  -29.893 0.0000000000
116006  -26.486  12.008  -29.762 0.0000000000
116020  -27.151  12.394  -29.895 0.0000000000
117217  -27.619  12.870  -29.993 0.0000000000
117230  -28.707  12.712  -30.881 0.0000000000
210980  -29.003  12.534  -31.600 0.0000000000
116052  -28.641  12.094  -33.020 0.0000000000
111786  -27.699  8.811  -30.598 0.0000000000
111787  -28.201  9.291  -30.998 0.0000000000
112851  -28.590  9.865  -31.977 0.0000000000
111810  -28.778  9.118  -33.055 0.0000000000
198184  -28.830  9.653  -32.915 0.0000000000
113864  -28.653  10.374  -32.185 0.0000000000
114954  -28.511  11.421  -32.816 0.0000000000
114963  -28.574  11.653  -33.380 0.0000000000
116060  -28.675  12.120  -33.615 0.0000000000
116061  -29.388  12.196  -33.994 0.0000000000
116071  -30.413  12.548  -34.178 0.0000000000
116063  -31.788  12.409  -33.944 0.0000000000
114956  -32.080  11.328  -33.065 0.0000000000
116053  -32.198  12.098  -33.172 0.0000000000
185874  -32.149  12.833  -33.155 0.0000000000
103735  -23.422  3.650  -28.676 0.0000000000
197745  -24.627  3.297  -29.307 0.0000000000
101618  -24.405  2.292  -28.522 0.0000000000
103751  -24.687  2.772  -28.987 0.0000000000
103752  -25.246  3.087  -29.390 0.0000000000
102670  -25.821  3.058  -29.383 0.0000000000
103737  -27.270  3.152  -28.855 0.0000000000
103738  -28.042  3.335  -28.708 0.0000000000
92384  -20.208  -4.633  -25.133 0.0000000000
99236  -23.042  0.072  -24.595 0.0000000000
99237  -23.542  0.230  -24.659 0.0000000000
99268  -21.690  0.452  -25.902 0.0000000000
100449  -21.733  0.999  -27.089 0.0000000000
100451  -23.433  1.482  -26.850 0.0000000000
101580  -23.832  1.842  -27.335 0.0000000000
101603  -24.153  2.036  -27.934 0.0000000000
102638  -26.743  2.584  -27.728 0.0000000000
102669  -25.379  2.872  -28.908 0.0000000000
102671  -26.518  3.054  -28.999 0.0000000000
103736  -24.031  3.488  -29.121 0.0000000000
103754  -26.240  3.254  -29.770 0.0000000000
103756  -28.151  3.630  -29.513 0.0000000000
103769  -29.454  3.720  -29.900 0.0000000000
104883  -24.487  4.056  -29.164 0.0000000000
104886  -26.206  3.581  -29.918 0.0000000000
104896  -27.336  4.290  -30.843 0.0000000000
104897  -28.669  4.218  -30.711 0.0000000000
104912  -31.084  4.223  -31.887 0.0000000000
105962  -23.614  4.971  -29.033 0.0000000000
105982  -25.477  4.655  -29.303 0.0000000000
105983  -25.880  4.655  -29.617 0.0000000000
106008  -27.125  4.912  -30.873 0.0000000000
106039  -32.426  4.858  -33.220 0.0000000000
107037  -23.487  5.547  -29.140 0.0000000000
107066  -25.197  5.541  -28.998 0.0000000000
107094  -27.467  5.598  -31.347 0.0000000000
107106  -28.138  5.895  -31.857 0.0000000000
107122  -32.351  5.457  -33.014 0.0000000000
108336  -25.521  7.039  -28.935 0.0000000000
108355  -26.742  6.910  -29.834 0.0000000000
108376  -27.891  7.067  -32.333 0.0000000000
108378  -29.355  7.022  -32.666 0.0000000000
108388  -30.329  6.889  -32.986 0.0000000000
108389  -31.476  6.669  -33.206 0.0000000000
109553  -28.247  7.582  -32.558 0.0000000000
109564  -28.875  7.890  -32.874 0.0000000000
110612  -26.956  8.130  -29.831 0.0000000000
110627  -27.744  7.994  -31.847 0.0000000000
110640  -27.956  8.147  -32.317 0.0000000000
110652  -28.234  8.779  -32.535 0.0000000000
110653  -28.796  8.486  -33.017 0.0000000000
110665  -30.294  8.529  -33.395 0.0000000000
110667  -31.761  8.895  -33.369 0.0000000000
111749  -26.785  9.536  -29.500 0.0000000000
111770  -27.426  9.459  -29.914 0.0000000000
111799  -28.576  9.429  -32.508 0.0000000000
111812  -32.206  9.431  -32.924 0.0000000000
111817  -30.228  9.146  -33.474 0.0000000000
112812  -26.611  10.212  -29.325 0.0000000000
112825  -27.734  10.039  -30.062 0.0000000000
112844  -28.471  9.822  -31.262 0.0000000000
112845  -31.765  10.205  -30.599 0.0000000000
112852  -28.740  9.955  -32.549 0.0000000000
112853  -31.787  10.139  -31.544 0.0000000000
112863  -32.104  10.055  -32.534 0.0000000000
112871  -32.115  9.983  -33.114 0.0000000000
113821  -26.974  10.712  -29.534 0.0000000000
113863  -28.566  10.381  -31.521 0.0000000000
113872  -28.633  10.646  -32.742 0.0000000000
113873  -29.165  10.549  -33.191 0.0000000000
113879  -30.079  10.561  -33.420 0.0000000000
113880  -31.175  10.570  -33.707 0.0000000000
113881  -31.815  10.597  -33.294 0.0000000000
114906  -26.690  11.304  -29.688 0.0000000000
114924  -27.757  11.245  -30.114 0.0000000000
114938  -28.693  11.520  -31.161 0.0000000000
114939  -31.982  11.681  -31.517 0.0000000000
114947  -28.615  11.595  -31.967 0.0000000000
116021  -27.870  12.097  -30.069 0.0000000000
116047  -32.116  12.574  -32.432 0.0000000000
117215  -26.176  13.089  -29.935 0.0000000000
117218  -28.201  12.795  -30.265 0.0000000000
117242  -28.983  12.733  -32.366 0.0000000000
117250  -28.647  12.655  -33.303 0.0000000000
117258  -28.647  12.660  -33.827 0.0000000000
117267  -28.585  13.175  -34.089 0.0000000000
117268  -29.001  13.225  -34.484 0.0000000000
118309  -26.785  14.164  -29.980 0.0000000000
118324  -29.166  13.960  -31.367 0.0000000000
118356  -28.554  13.737  -34.432 0.0000000000
119349  -26.228  14.888  -30.165 0.0000000000
119352  -28.144  15.242  -30.158 0.0000000000
119365  -28.670  15.240  -30.614 0.0000000000
119410  -28.801  14.771  -34.747 0.0000000000
119412  -30.973  14.555  -35.095 0.0000000000
120428  -26.709  15.562  -30.023 0.0000000000
120430  -27.814  15.822  -30.054 0.0000000000
120458  -29.320  15.912  -31.381 0.0000000000
120468  -29.523  15.848  -32.500 0.0000000000
120482  -32.104  15.211  -34.678 0.0000000000
120489  -28.944  15.191  -35.168 0.0000000000
121529  -27.457  16.344  -29.996 0.0000000000
121542  -28.599  16.420  -30.533 0.0000000000
121543  -29.099  16.454  -30.978 0.0000000000
121554  -29.837  16.448  -32.122 0.0000000000
121576  -29.262  16.271  -33.395 0.0000000000
121589  -28.424  15.786  -35.200 0.0000000000
121600  -30.685  16.212  -35.733 0.0000000000
122630  -26.902  17.227  -30.113 0.0000000000
122632  -28.256  16.938  -30.337 0.0000000000
122664  -29.740  17.039  -31.680 0.0000000000
122685  -28.942  16.477  -34.015 0.0000000000
122697  -27.756  17.135  -35.828 0.0000000000
122698  -28.203  16.659  -35.465 0.0000000000
122715  -27.570  17.476  -36.387 0.0000000000
123769  -28.985  17.565  -30.773 0.0000000000
123793  -29.687  17.699  -32.712 0.0000000000
123808  -28.422  17.424  -34.758 0.0000000000
123814  -27.575  17.476  -35.571 0.0000000000
123815  -27.898  17.146  -35.318 0.0000000000
123822  -27.392  17.437  -36.077 0.0000000000
123830  -28.359  17.774  -36.744 0.0000000000
124841  -28.231  18.928  -30.057 0.0000000000
124854  -29.446  18.827  -31.153 0.0000000000
124868  -29.950  18.901  -32.225 0.0000000000
124887  -29.703  18.847  -33.582 0.0000000000
124892  -27.917  18.074  -35.226 0.0000000000
124906  -27.181  17.941  -36.345 0.0000000000
124915  -26.964  18.495  -36.774 0.0000000000
125928  -27.814  19.650  -29.861 0.0000000000
125940  -29.474  19.945  -31.319 0.0000000000
125974  -28.783  19.645  -34.958 0.0000000000
125988  -26.664  19.036  -36.879 0.0000000000
127026  -26.897  20.775  -30.422 0.0000000000
127028  -28.776  20.574  -30.414 0.0000000000
127046  -25.632  20.881  -30.812 0.0000000000
127048  -29.917  20.386  -32.089 0.0000000000
127068  -29.705  20.201  -33.493 0.0000000000
127073  -29.136  20.521  -34.641 0.0000000000
127084  -27.675  20.459  -36.290 0.0000000000
128146  -27.582  21.206  -30.354 0.0000000000
128148  -29.800  21.586  -31.521 0.0000000000
128168  -24.757  21.714  -31.115 0.0000000000
129229  -25.923  22.026  -30.977 0.0000000000
129231  -27.427  22.082  -30.604 0.0000000000
129232  -28.187  22.135  -30.490 0.0000000000
129234  -29.608  22.131  -31.246 0.0000000000
129273  -30.152  21.979  -32.571 0.0000000000
129297  -29.164  21.696  -34.958 0.0000000000
130321  -27.659  23.124  -30.780 0.0000000000
130323  -29.269  22.734  -31.060 0.0000000000
130345  -30.041  22.624  -31.884 0.0000000000
130361  -30.348  23.248  -32.679 0.0000000000
130376  -30.247  22.694  -32.971 0.0000000000
130391  -29.465  22.748  -35.152 0.0000000000
131358  -26.805  23.797  -30.909 0.0000000000
131373  -25.050  23.309  -31.344 0.0000000000
131376  -29.411  23.976  -31.457 0.0000000000
131391  -30.244  23.825  -32.431 0.0000000000
131406  -30.578  23.928  -33.546 0.0000000000
132383  -27.151  24.212  -30.924 0.0000000000
132384  -27.761  24.263  -30.899 0.0000000000
132393  -24.807  24.674  -31.484 0.0000000000
132395  -29.639  24.367  -31.680 0.0000000000
132408  -30.494  24.423  -32.714 0.0000000000
133404  -27.304  24.751  -31.028 0.0000000000
133406  -28.624  24.855  -31.212 0.0000000000
133414  -27.607  25.328  -31.312 0.0000000000
133415  -28.335  25.314  -31.371 0.0000000000
133417  -29.645  25.011  -31.742 0.0000000000
133426  -30.419  25.056  -32.567 0.0000000000
134388  -27.200  25.933  -31.544 0.0000000000
134392  -29.877  25.532  -31.999 0.0000000000
134398  -28.418  26.326  -31.913 0.0000000000
134401  -30.608  25.568  -32.996 0.0000000000
134408  -30.753  26.083  -33.482 0.0000000000
135409  -27.767  26.473  -31.732 0.0000000000
135423  -29.559  26.559  -32.443 0.0000000000
136440  -27.491  27.579  -32.324 0.0000000000
136449  -29.467  27.684  -33.129 0.0000000000
138218  -26.578  29.118  -32.551 0.0000000000
182239  -30.679  24.688  -34.555 0.0000000000
183275  -26.593  12.722  -29.914 0.0000000000
183750  -31.751  8.932  -31.590 0.0000000000
184289  -24.006  2.490  -28.951 0.0000000000
185264  -32.132  8.859  -32.571 0.0000000000
185279  -29.049  21.055  -30.825 0.0000000000
186292  -28.649  21.600  -30.698 0.0000000000
186790  -32.000  14.282  -34.246 0.0000000000
188197  -28.686  14.954  -33.895 0.0000000000
189876  -29.333  14.713  -32.149 0.0000000000
190404  -29.886  21.613  -33.837 0.0000000000
191120  -27.018  2.838  -28.265 0.0000000000
192225  -28.378  10.333  -30.915 0.0000000000
195007  -32.020  7.431  -32.101 0.0000000000
195132  -27.232  21.669  -30.520 0.0000000000
195608  -28.526  18.119  -30.429 0.0000000000
196036  -23.694  2.892  -29.014 0.0000000000
196714  -28.983  16.792  -36.081 0.0000000000
196912  -27.326  13.483  -29.897 0.0000000000
197455  -27.087  23.303  -30.886 0.0000000000
198077  -29.912  21.025  -31.801 0.0000000000
198496  -28.582  14.937  -34.462 0.0000000000
199312  -29.854  20.798  -33.111 0.0000000000
199511  -29.735  26.003  -32.193 0.0000000000
199873  -28.928  23.292  -30.961 0.0000000000
200124  -25.900  26.072  -31.479 0.0000000000
200246  -29.858  18.410  -32.618 0.0000000000
200252  -27.995  13.443  -30.000 0.0000000000
200304  -25.344  26.546  -31.341 0.0000000000
200311  -24.753  26.313  -31.553 0.0000000000
200366  -29.443  10.886  -33.454 0.0000000000
200394  -29.504  22.163  -34.755 0.0000000000
200703  -29.796  23.096  -31.768 0.0000000000
201419  -29.288  19.475  -30.931 0.0000000000
201508  -29.924  19.318  -31.860 0.0000000000
201510  -27.934  14.639  -30.014 0.0000000000
201639  -29.000  14.591  -30.904 0.0000000000
202295  -29.530  18.232  -31.511 0.0000000000
205149  -27.078  12.969  -29.904 0.0000000000
205380  -22.351  -1.047  -24.172 0.0000000000
205580  -25.638  2.707  -28.266 0.0000000000
206718  -32.175  8.878  -33.075 0.0000000000
207139  -25.328  24.341  -31.319 0.0000000000
207237  -25.802  6.563  -29.095 0.0000000000
208352  -30.164  22.203  -32.032 0.0000000000
212344  -29.299  3.395  -29.409 0.0000000000
212770  -29.323  21.009  -34.486 0.0000000000
213049  -25.766  14.674  -30.295 0.0000000000
213250  -27.936  17.354  -30.216 0.0000000000
213320  -27.076  16.729  -30.012 0.0000000000
213721  -25.939  27.365  -31.138 0.0000000000
216512  -29.096  5.677  -32.510 0.0000000000
216937  -27.699  6.704  -31.966 0.0000000000
217020  -28.208  11.049  -30.402 0.0000000000
217366  -29.897  23.159  -34.860 0.0000000000
217897  -27.370  6.090  -31.090 0.0000000000
