#!ascii label  , from subject sub-05_ses-007 vox2ras=TkReg
1426
98836  -22.808  -21.266  -12.349 0.4285714328
101069  -23.748  -19.401  -12.114 0.2857142985
216502  -22.994  -19.940  -12.487 0.4285714328
202228  -24.389  -19.677  -11.707 0.4285714328
102255  -24.697  -19.343  -10.982 0.4285714328
103475  -24.241  -18.340  -11.600 0.2857142985
210165  -24.653  -18.736  -11.122 0.4285714328
205765  -25.181  -18.663  -11.016 0.4285714328
105809  -24.672  -16.551  -11.760 0.4285714328
104672  -25.160  -16.910  -11.308 0.4285714328
106885  -24.630  -15.762  -12.692 0.4285714328
106886  -26.180  -15.473  -12.244 0.4285714328
108010  -25.174  -15.098  -14.564 0.5714285970
106919  -25.500  -15.245  -13.808 0.5714285970
106906  -26.440  -15.255  -12.803 0.4285714328
201582  -27.389  -14.689  -13.184 0.2857142985
108036  -26.314  -14.727  -15.075 0.7142857313
108013  -27.436  -14.595  -13.924 0.7142857313
109155  -28.682  -13.760  -14.007 0.7142857313
108014  -29.388  -14.122  -13.934 0.4285714328
109153  -27.809  -14.082  -14.171 0.7142857313
109135  -28.129  -13.920  -13.588 0.5714285970
109178  -30.712  -13.461  -14.687 0.5714285970
110224  -28.606  -13.444  -14.742 0.5714285970
110226  -29.867  -13.365  -14.864 0.5714285970
110244  -30.289  -12.998  -15.324 0.5714285970
203241  -28.726  -13.198  -15.630 0.5714285970
110227  -31.377  -13.488  -15.082 0.4285714328
111355  -31.333  -12.696  -15.947 0.5714285970
110264  -32.595  -13.010  -16.262 0.5714285970
111367  -29.638  -12.493  -16.716 0.7142857313
191779  -31.707  -12.388  -16.559 0.7142857313
111382  -32.213  -12.133  -17.279 0.7142857313
111370  -33.000  -13.042  -16.997 0.5714285970
203882  -30.261  -12.404  -16.349 0.5714285970
112520  -28.152  -11.694  -16.317 0.5714285970
111380  -30.654  -11.878  -17.263 0.8571428657
111383  -33.094  -12.406  -17.595 0.7142857313
110273  -33.956  -12.645  -17.985 0.5714285970
221554  -30.023  -11.742  -17.443 0.7142857313
112527  -29.166  -11.504  -17.395 0.5714285970
113760  -33.096  -11.074  -18.998 0.7142857313
111397  -34.146  -12.175  -18.909 0.5714285970
190198  -31.117  -11.404  -17.555 0.7142857313
112531  -33.024  -11.607  -18.165 0.7142857313
113774  -34.057  -11.095  -19.950 0.5714285970
112541  -32.084  -11.360  -18.531 0.7142857313
113776  -35.654  -11.173  -20.205 0.5714285970
113746  -30.795  -10.877  -17.938 0.5714285970
113772  -32.014  -10.728  -18.873 0.7142857313
113773  -33.014  -10.521  -19.500 0.7142857313
116244  -33.824  -9.443  -20.037 0.7142857313
220452  -35.208  -10.822  -20.082 0.7142857313
116228  -31.508  -9.692  -19.751 0.7142857313
116229  -32.363  -9.758  -20.081 0.7142857313
116230  -33.472  -9.040  -20.155 0.7142857313
117442  -34.534  -7.950  -20.051 0.7142857313
117426  -34.631  -8.694  -19.922 0.5714285970
117425  -32.220  -9.150  -19.828 0.7142857313
116212  -30.271  -9.519  -18.966 0.5714285970
119574  -34.186  -6.922  -19.396 0.5714285970
196716  -33.923  -6.489  -18.682 0.5714285970
117439  -31.117  -7.866  -20.140 0.8571428657
117423  -30.922  -8.374  -19.881 0.8571428657
120667  -33.917  -5.860  -19.634 0.7142857313
120666  -33.505  -5.981  -19.981 0.7142857313
224292  -31.844  -7.171  -20.223 0.8571428657
119585  -32.514  -6.665  -20.211 0.7142857313
123996  -31.862  -3.533  -20.287 0.8571428657
122774  -34.207  -4.545  -19.877 0.5714285970
121685  -33.128  -5.371  -20.201 0.8571428657
122782  -31.725  -4.742  -20.012 0.8571428657
119584  -31.483  -6.677  -20.119 0.8571428657
120664  -32.013  -6.030  -19.982 0.8571428657
125112  -31.940  -2.514  -19.958 0.8571428657
126229  -32.268  -2.103  -20.898 0.8571428657
128530  -31.813  -0.928  -20.300 0.8571428657
122772  -31.718  -4.102  -20.251 0.8571428657
204711  -31.844  -1.992  -20.189 0.8571428657
127372  -31.921  -1.484  -18.230 1.0000000000
127385  -31.746  -1.467  -20.016 1.0000000000
220460  -31.772  -3.229  -19.729 0.8571428657
128516  -32.052  -0.923  -18.890 1.0000000000
126213  -32.211  -2.046  -19.112 1.0000000000
190091  -32.194  0.638  -18.137 1.0000000000
131841  -30.230  1.757  -16.913 0.7142857313
129662  -32.113  -0.118  -19.231 1.0000000000
129661  -32.022  -0.141  -17.878 1.0000000000
130787  -31.534  1.322  -17.597 1.0000000000
135065  -30.681  4.517  -16.428 1.0000000000
133991  -29.958  4.246  -16.395 0.8571428657
137296  -29.474  6.005  -17.170 0.8571428657
136213  -29.692  5.316  -16.963 1.0000000000
212717  -29.955  8.747  -17.356 0.8571428657
187268  -30.028  7.935  -17.060 0.8571428657
224977  -30.230  7.138  -16.958 1.0000000000
142169  -29.803  10.620  -17.792 0.8571428657
213709  -30.053  10.105  -17.548 0.8571428657
143149  -29.052  11.215  -18.211 0.7142857313
212669  -28.743  10.043  -17.943 0.5714285970
144053  -28.963  11.798  -18.344 0.7142857313
144925  -29.465  12.164  -18.681 0.5714285970
213400  -27.263  11.802  -17.490 0.5714285970
213526  -28.405  11.401  -17.896 0.5714285970
144918  -26.054  12.609  -18.063 0.4285714328
146603  -27.411  14.044  -17.887 0.4285714328
146604  -28.336  13.970  -18.138 0.4285714328
146589  -25.323  14.224  -17.451 0.2857142985
147431  -25.095  14.626  -16.680 0.2857142985
146592  -24.990  13.398  -18.015 0.2857142985
102253  -23.670  -18.683  -11.806 0.2857142985
110245  -31.035  -12.915  -15.256 0.5714285970
120655  -34.140  -5.766  -19.032 0.5714285970
118504  -33.749  -7.669  -20.221 0.7142857313
119587  -33.897  -6.659  -19.918 0.7142857313
122773  -33.029  -4.136  -20.371 0.8571428657
123997  -33.029  -3.251  -20.145 0.8571428657
125124  -32.895  -2.757  -20.328 0.8571428657
127391  -31.730  -1.567  -20.956 0.8571428657
131842  -31.019  1.843  -17.259 0.8571428657
148204  -26.218  15.354  -14.287 0.1428571492
200322  -23.047  -19.094  -11.983 0.2857142985
103487  -23.577  -18.024  -11.715 0.2857142985
104670  -24.113  -17.568  -11.530 0.2857142985
104671  -24.607  -17.157  -11.555 0.4285714328
105812  -26.483  -16.489  -11.560 0.4285714328
105824  -23.530  -16.774  -12.398 0.2857142985
106904  -25.080  -15.505  -13.211 0.4285714328
104689  -24.087  -16.945  -11.885 0.4285714328
106874  -26.649  -15.900  -11.820 0.4285714328
106903  -24.376  -15.704  -13.487 0.5714285970
108011  -25.910  -14.948  -14.390 0.5714285970
107986  -27.831  -14.183  -13.433 0.4285714328
109174  -25.862  -14.517  -15.985 0.2857142985
108037  -27.118  -14.606  -14.734 0.7142857313
109177  -28.028  -13.793  -14.910 0.7142857313
110210  -29.308  -13.629  -14.450 0.4285714328
109195  -27.423  -13.205  -16.258 0.5714285970
108046  -33.038  -14.455  -15.475 0.4285714328
110243  -28.114  -12.930  -16.221 0.7142857313
110262  -28.800  -12.971  -16.565 0.7142857313
110246  -31.729  -13.134  -15.521 0.7142857313
110247  -32.419  -13.272  -15.750 0.5714285970
110248  -32.992  -13.385  -16.216 0.4285714328
111381  -31.389  -11.962  -17.134 0.7142857313
112530  -31.849  -11.632  -17.813 0.7142857313
198980  -28.625  -11.623  -17.014 0.5714285970
111379  -29.446  -11.991  -17.248 0.5714285970
210230  -35.471  -10.741  -19.908 0.5714285970
113743  -29.512  -10.967  -17.742 0.5714285970
112543  -35.434  -11.999  -20.030 0.5714285970
115009  -32.217  -10.046  -19.510 0.7142857313
116231  -34.597  -9.561  -19.477 0.5714285970
114995  -30.452  -9.859  -18.882 0.8571428657
117440  -32.792  -8.273  -19.999 0.7142857313
195000  -34.152  -3.847  -19.858 0.5714285970
122771  -31.684  -4.291  -19.746 1.0000000000
129674  -31.643  -0.286  -20.981 1.0000000000
226789  -31.582  -1.783  -17.567 1.0000000000
130768  -30.784  1.162  -16.970 0.8571428657
201558  -29.534  2.811  -16.889 0.7142857313
132935  -30.852  2.557  -16.994 1.0000000000
132947  -31.874  2.694  -18.089 1.0000000000
132936  -31.490  3.009  -17.244 1.0000000000
208407  -29.457  3.544  -16.950 0.7142857313
136187  -30.443  5.311  -16.314 0.8571428657
138362  -29.919  6.603  -16.944 1.0000000000
137268  -30.182  5.993  -16.600 1.0000000000
143146  -29.169  10.660  -17.923 0.7142857313
145733  -27.064  13.266  -17.764 0.7142857313
187514  -28.646  10.663  -17.770 0.5714285970
214021  -28.227  12.154  -18.000 0.7142857313
144924  -28.949  12.542  -18.194 0.7142857313
187539  -25.844  11.811  -17.838 0.4285714328
226134  -26.040  14.588  -17.546 0.2857142985
145735  -28.905  13.351  -18.137 0.4285714328
147448  -27.707  14.643  -18.237 0.4285714328
147432  -25.790  14.788  -17.096 0.2857142985
147447  -26.752  14.726  -17.831 0.4285714328
109193  -25.939  -13.726  -16.188 0.4285714328
110241  -26.615  -13.063  -16.647 0.4285714328
144923  -27.398  12.556  -17.897 0.7142857313
146593  -26.135  13.935  -17.707 0.2857142985
99957  -23.289  -20.672  -12.553 0.4285714328
99958  -24.099  -20.671  -12.270 0.4285714328
101071  -24.876  -19.966  -11.233 0.4285714328
102254  -24.272  -19.019  -11.718 0.4285714328
102266  -22.997  -18.426  -11.589 0.2857142985
215750  -24.934  -17.822  -11.221 0.4285714328
105825  -24.182  -16.325  -12.406 0.2857142985
197623  -24.807  -16.009  -12.097 0.4285714328
105810  -25.272  -16.182  -11.651 0.4285714328
105826  -25.366  -15.632  -12.283 0.4285714328
105839  -24.056  -15.952  -13.035 0.4285714328
106918  -24.773  -15.482  -14.089 0.4285714328
108035  -25.535  -14.730  -15.275 0.2857142985
107985  -26.761  -14.944  -13.185 0.4285714328
109176  -27.430  -14.195  -15.265 0.5714285970
217482  -27.636  -13.763  -15.698 0.5714285970
203616  -29.448  -13.090  -15.786 0.5714285970
111353  -29.920  -12.792  -16.081 0.5714285970
109197  -32.793  -13.810  -15.589 0.4285714328
111368  -30.866  -12.252  -16.513 0.7142857313
110265  -33.668  -13.337  -17.082 0.5714285970
111365  -28.563  -12.433  -16.966 0.7142857313
201823  -30.129  -12.173  -16.973 0.7142857313
111364  -28.012  -12.533  -16.294 0.7142857313
112529  -30.469  -11.252  -17.583 0.5714285970
112542  -34.227  -11.595  -19.652 0.5714285970
115021  -33.624  -9.838  -19.866 0.7142857313
113744  -30.014  -10.613  -17.854 0.7142857313
115008  -31.338  -9.952  -18.942 0.8571428657
117441  -33.967  -8.338  -20.164 0.7142857313
117409  -30.565  -9.021  -19.372 0.8571428657
121686  -33.775  -5.446  -20.000 0.8571428657
123995  -31.686  -3.751  -19.869 0.8571428657
125123  -31.993  -2.917  -20.163 0.8571428657
225447  -31.439  -5.694  -19.509 0.8571428657
200876  -32.127  -2.589  -19.007 1.0000000000
129644  -31.418  0.567  -17.340 1.0000000000
131840  -29.655  2.125  -16.608 0.8571428657
212448  -29.386  9.316  -17.446 0.8571428657
187426  -29.333  10.035  -17.639 0.8571428657
145726  -25.692  13.147  -18.008 0.4285714328
145734  -28.057  13.526  -17.942 0.4285714328
146585  -24.620  14.165  -16.199 0.2857142985
147428  -25.501  15.042  -15.824 0.2857142985
147417  -25.762  14.924  -14.876 0.1428571492
104688  -23.525  -17.378  -11.987 0.2857142985
134016  -30.528  3.096  -16.935 1.0000000000
213971  -28.159  12.905  -18.006 0.5714285970
149783  -27.324  16.742  -20.139 0.2857142985
150547  -27.016  17.671  -18.790 0.1428571492
148252  -27.761  15.734  -19.242 0.2857142985
149049  -27.523  16.175  -20.372 0.2857142985
149764  -27.591  16.858  -18.359 0.1428571492
150534  -26.391  18.665  -18.859 0.1428571492
210103  -26.329  15.231  -17.594 0.1428571492
148235  -27.671  15.318  -18.468 0.2857142985
149022  -27.569  16.361  -18.243 0.1428571492
148261  -28.140  15.639  -20.494 0.2857142985
148253  -27.799  15.487  -19.799 0.2857142985
144943  -30.955  12.651  -19.660 0.2857142985
146625  -29.911  13.677  -20.007 0.2857142985
150535  -27.273  17.440  -17.683 0.1428571492
147449  -28.330  15.021  -18.623 0.2857142985
144936  -29.926  12.674  -19.026 0.2857142985
148254  -28.401  15.135  -20.156 0.2857142985
148244  -28.001  15.407  -19.027 0.2857142985
143156  -32.000  10.849  -18.721 0.1428571492
145747  -30.395  12.824  -19.601 0.2857142985
146615  -29.455  13.865  -19.475 0.2857142985
146605  -29.096  14.024  -18.474 0.2857142985
148245  -28.473  15.216  -19.392 0.2857142985
141250  -32.917  8.415  -20.600 0.1428571492
142176  -32.500  10.002  -18.968 0.1428571492
144064  -30.604  11.703  -18.966 0.4285714328
144935  -29.448  12.853  -18.429 0.2857142985
140282  -32.001  8.215  -17.899 0.2857142985
143152  -30.865  10.626  -18.155 0.4285714328
144063  -29.940  11.961  -18.959 0.2857142985
138411  -32.704  7.012  -19.299 0.1428571492
142172  -32.248  9.488  -18.467 0.2857142985
144055  -30.088  11.457  -18.503 0.4285714328
142167  -31.344  9.344  -17.696 0.5714285970
143151  -30.280  10.965  -18.064 0.7142857313
137320  -32.523  6.047  -19.242 0.1428571492
138385  -32.380  7.082  -18.046 0.1428571492
142170  -30.487  10.392  -17.740 0.7142857313
144054  -29.484  11.642  -18.528 0.4285714328
140275  -31.577  8.245  -17.364 0.4285714328
136247  -32.132  5.567  -21.508 0.2857142985
136215  -32.564  5.352  -18.480 0.7142857313
141228  -30.728  8.955  -17.451 0.7142857313
137269  -30.712  5.867  -16.447 0.8571428657
205663  -31.609  6.490  -17.003 0.8571428657
140274  -31.105  8.357  -17.125 0.5714285970
134070  -32.531  4.110  -22.154 0.2857142985
135146  -32.733  4.464  -21.663 0.2857142985
139333  -31.312  7.688  -16.942 0.7142857313
187365  -29.020  8.672  -17.299 0.5714285970
212707  -30.700  7.378  -16.800 0.8571428657
134075  -33.706  3.978  -23.180 0.1428571492
135108  -32.421  4.852  -18.961 0.7142857313
187668  -33.704  3.374  -22.738 0.1428571492
126183  -29.026  -1.964  -16.427 0.5714285970
128502  -31.000  -0.731  -16.815 0.8571428657
128501  -30.550  -0.235  -16.667 0.8571428657
222339  -30.067  -0.365  -16.438 0.4285714328
129643  -30.724  0.414  -16.730 0.5714285970
133993  -31.068  3.982  -16.901 0.8571428657
132948  -32.475  2.649  -19.326 0.8571428657
135066  -31.395  4.512  -16.888 0.8571428657
215945  -33.098  1.868  -22.815 0.2857142985
134029  -32.465  3.500  -18.517 0.8571428657
135093  -32.346  4.659  -18.001 0.8571428657
138363  -31.176  6.955  -16.658 0.8571428657
212828  -33.780  1.590  -22.267 0.4285714328
187312  -32.504  3.730  -21.720 0.7142857313
134046  -32.536  4.270  -19.367 0.7142857313
125088  -28.589  -2.966  -16.605 0.2857142985
127339  -30.462  -1.435  -16.699 0.5714285970
127338  -29.963  -1.380  -16.526 0.5714285970
128503  -31.586  -0.762  -17.653 0.8571428657
130788  -32.246  1.461  -18.570 0.8571428657
131859  -32.150  2.167  -18.607 0.8571428657
134028  -31.914  3.340  -17.730 0.8571428657
187816  -32.272  1.530  -22.674 0.4285714328
216673  -32.077  1.603  -22.025 0.8571428657
224741  -32.316  2.961  -20.674 0.8571428657
187653  -33.718  0.562  -21.877 0.4285714328
118461  -29.475  -7.855  -16.976 0.7142857313
120623  -29.096  -6.390  -16.239 0.4285714328
118476  -30.609  -8.080  -17.981 0.7142857313
120640  -31.204  -5.896  -17.918 0.8571428657
121628  -30.292  -5.023  -16.567 0.5714285970
123952  -29.620  -3.861  -16.486 0.5714285970
123950  -28.102  -3.484  -16.605 0.4285714328
122759  -31.220  -4.634  -17.869 0.8571428657
123953  -30.360  -3.940  -16.890 0.5714285970
208235  -29.148  -2.479  -16.376 0.5714285970
123982  -31.738  -3.587  -18.817 0.8571428657
125099  -31.163  -2.869  -17.281 0.7142857313
125090  -30.568  -2.809  -16.643 0.5714285970
127392  -32.648  -1.834  -21.375 0.7142857313
127400  -32.043  -1.327  -21.541 0.7142857313
130812  -31.459  0.554  -21.520 0.7142857313
130804  -32.173  1.064  -19.897 0.8571428657
201157  -34.085  -0.853  -19.357 0.2857142985
225948  -33.944  -0.832  -20.340 0.4285714328
129693  -33.703  -0.098  -21.920 0.5714285970
114980  -29.452  -10.210  -17.149 0.4285714328
117385  -29.188  -8.636  -16.490 0.4285714328
119524  -28.637  -7.018  -16.342 0.4285714328
118502  -31.162  -7.299  -20.225 0.7142857313
119572  -30.960  -6.837  -19.283 0.7142857313
119560  -31.194  -6.023  -19.176 0.7142857313
123981  -31.612  -4.074  -18.209 0.8571428657
125130  -33.633  -2.548  -20.101 0.7142857313
127374  -34.089  -1.581  -19.097 0.2857142985
126231  -33.746  -2.094  -20.215 0.5714285970
126230  -33.099  -2.308  -20.815 0.5714285970
113735  -28.967  -10.894  -17.163 0.4285714328
116164  -27.815  -9.394  -15.951 0.5714285970
116211  -30.009  -9.009  -17.538 0.5714285970
117400  -30.058  -8.337  -17.501 0.5714285970
118490  -30.900  -7.548  -19.809 0.7142857313
121664  -33.984  -5.006  -18.968 0.4285714328
123983  -33.858  -3.057  -18.277 0.4285714328
125113  -33.878  -2.538  -18.434 0.4285714328
126224  -34.078  -2.364  -19.375 0.4285714328
111351  -27.046  -12.820  -16.703 0.5714285970
111398  -35.214  -12.547  -19.670 0.4285714328
113761  -36.019  -11.407  -20.059 0.4285714328
118464  -34.081  -7.487  -17.681 0.4285714328
118478  -34.621  -8.091  -19.484 0.4285714328
195406  -34.079  -6.452  -16.906 0.4285714328
201207  -34.046  -5.443  -18.368 0.4285714328
106875  -27.276  -15.712  -11.901 0.1428571492
114996  -34.907  -10.256  -19.188 0.4285714328
193237  -34.090  -8.904  -17.652 0.4285714328
204197  -34.164  -8.102  -17.165 0.4285714328
107972  -28.320  -15.055  -12.734 0.1428571492
106907  -29.698  -15.569  -13.131 0.1428571492
108017  -31.919  -15.021  -14.402 0.2857142985
108089  -35.820  -14.322  -20.289 0.2857142985
194914  -35.296  -13.036  -17.190 0.2857142985
110275  -36.081  -13.123  -19.693 0.2857142985
109210  -34.100  -13.838  -17.316 0.4285714328
111371  -34.962  -12.449  -17.138 0.2857142985
111384  -35.729  -12.236  -19.020 0.2857142985
109233  -35.000  -13.294  -19.937 0.2857142985
205091  -34.721  -11.391  -16.793 0.2857142985
206726  -34.834  -11.005  -17.863 0.4285714328
105829  -28.764  -16.360  -12.806 0.1428571492
106890  -28.912  -15.704  -12.935 0.1428571492
107970  -27.030  -14.930  -12.580 0.1428571492
106908  -30.386  -15.876  -13.634 0.2857142985
106920  -31.046  -15.777  -13.894 0.2857142985
104735  -33.680  -16.930  -16.167 0.2857142985
187815  -34.958  -15.666  -18.167 0.2857142985
106988  -34.784  -15.178  -17.561 0.2857142985
108048  -33.646  -15.129  -16.044 0.2857142985
108076  -35.241  -14.956  -19.290 0.2857142985
105841  -29.983  -16.336  -13.228 0.1428571492
103510  -32.432  -17.498  -14.947 0.2857142985
104709  -30.765  -17.026  -13.680 0.2857142985
105869  -32.693  -16.382  -14.734 0.2857142985
105852  -31.501  -16.341  -13.964 0.2857142985
107989  -30.199  -15.144  -13.552 0.2857142985
209777  -33.159  -16.410  -15.278 0.2857142985
104675  -27.017  -16.994  -11.519 0.1428571492
104673  -25.799  -16.617  -11.313 0.2857142985
104691  -28.006  -16.956  -12.073 0.1428571492
97783  -23.991  -21.686  -11.978 0.2857142985
216775  -23.477  -21.749  -11.633 0.2857142985
97782  -22.797  -21.751  -11.866 0.2857142985
223901  -26.180  -17.608  -10.906 0.2857142985
97784  -24.643  -21.643  -11.610 0.1428571492
97767  -22.388  -22.032  -11.334 0.2857142985
190313  -22.696  -22.610  -10.719 0.1428571492
105842  -30.410  -16.522  -13.607 0.1428571492
104711  -31.814  -16.916  -14.073 0.2857142985
104734  -33.318  -16.991  -15.525 0.2857142985
187574  -35.663  -15.621  -19.564 0.2857142985
106956  -33.912  -15.608  -16.303 0.2857142985
108090  -36.556  -14.183  -20.198 0.2857142985
110266  -34.563  -13.041  -18.608 0.4285714328
195662  -35.883  -12.225  -19.839 0.4285714328
112522  -35.055  -11.881  -17.624 0.2857142985
113722  -34.413  -10.297  -16.362 0.2857142985
120624  -29.869  -6.297  -16.403 0.7142857313
116191  -34.493  -9.245  -16.750 0.4285714328
202095  -30.829  -3.426  -17.028 0.5714285970
119561  -34.057  -7.158  -18.604 0.4285714328
122761  -34.260  -4.141  -18.972 0.4285714328
123968  -33.979  -3.461  -17.381 0.2857142985
127358  -34.369  -1.480  -17.955 0.2857142985
127386  -33.885  -1.409  -20.239 0.5714285970
187393  -29.247  6.682  -17.211 0.7142857313
188138  -31.622  0.713  -22.331 0.7142857313
136188  -31.078  5.158  -16.696 0.8571428657
187218  -28.838  9.495  -17.999 0.5714285970
129686  -34.019  0.057  -21.039 0.2857142985
136189  -31.537  5.133  -17.057 0.8571428657
210924  -30.771  7.977  -16.921 0.8571428657
194918  -32.386  4.453  -20.871 0.5714285970
145745  -29.624  13.420  -18.644 0.2857142985
139350  -32.499  7.624  -18.386 0.4285714328
224077  -31.752  8.548  -17.636 0.4285714328
149754  -27.335  17.181  -17.118 0.1428571492
144065  -31.457  11.476  -18.783 0.2857142985
142175  -31.811  10.096  -18.617 0.1428571492
189465  -28.990  14.671  -20.551 0.2857142985
98838  -24.378  -21.152  -11.963 0.1428571492
99956  -22.492  -20.661  -12.732 0.2857142985
101072  -25.765  -19.870  -11.798 0.1428571492
207076  -26.863  -17.632  -11.308 0.1428571492
208236  -25.702  -17.310  -10.882 0.2857142985
105828  -28.302  -16.328  -12.283 0.1428571492
104698  -29.924  -17.521  -13.049 0.1428571492
210838  -30.826  -17.568  -13.774 0.1428571492
109157  -30.823  -14.256  -14.130 0.2857142985
106922  -32.353  -15.694  -14.584 0.2857142985
106955  -33.483  -15.813  -15.731 0.2857142985
187258  -35.031  -16.739  -18.422 0.2857142985
109180  -32.551  -14.265  -15.138 0.2857142985
187606  -36.215  -15.108  -20.354 0.2857142985
114965  -28.779  -10.112  -16.662 0.5714285970
109198  -33.368  -14.002  -16.231 0.2857142985
204043  -34.123  -15.116  -16.758 0.2857142985
118442  -28.264  -7.611  -16.293 0.2857142985
112513  -34.698  -11.767  -16.151 0.2857142985
116166  -34.337  -9.424  -15.439 0.2857142985
118463  -30.565  -7.378  -17.816 0.7142857313
225156  -30.808  -7.782  -18.277 0.5714285970
196308  -28.009  -4.589  -16.406 0.4285714328
120601  -29.593  -5.762  -16.006 0.5714285970
114944  -34.180  -9.653  -16.083 0.4285714328
126181  -27.661  -2.262  -16.895 0.2857142985
117386  -34.504  -8.541  -16.591 0.2857142985
117410  -34.174  -8.839  -18.899 0.4285714328
122724  -30.688  -4.640  -17.006 0.7142857313
127336  -28.562  -1.556  -16.693 0.2857142985
119525  -34.213  -6.667  -16.351 0.1428571492
198411  -34.024  -4.800  -17.089 0.4285714328
197721  -33.737  -4.817  -18.094 0.4285714328
192494  -34.274  -4.064  -16.209 0.1428571492
215205  -34.268  -2.958  -16.847 0.1428571492
127393  -33.543  -1.814  -21.180 0.5714285970
205707  -33.975  -0.307  -19.924 0.2857142985
187545  -33.019  0.917  -22.515 0.5714285970
187042  -32.498  2.595  -21.788 0.7142857313
137270  -31.144  5.676  -17.036 0.8571428657
187201  -33.946  2.112  -20.388 0.2857142985
187040  -33.883  2.681  -21.816 0.1428571492
187495  -32.509  3.162  -23.070 0.4285714328
210779  -33.892  4.031  -21.750 0.1428571492
137299  -32.358  6.407  -17.640 0.5714285970
187280  -33.702  4.916  -22.007 0.1428571492
136230  -32.505  5.545  -19.869 0.1428571492
137338  -32.449  6.554  -20.572 0.1428571492
211844  -27.433  16.447  -17.717 0.1428571492
139334  -31.931  7.696  -17.549 0.5714285970
207021  -32.257  5.916  -21.050 0.1428571492
143154  -30.770  11.251  -18.396 0.2857142985
218916  -31.349  10.184  -18.311 0.2857142985
141240  -32.523  8.802  -18.766 0.2857142985
141241  -32.809  8.606  -19.626 0.1428571492
200273  -32.589  9.283  -19.011 0.1428571492
144938  -31.153  11.959  -19.442 0.2857142985
144077  -31.890  11.805  -19.393 0.2857142985
143166  -32.572  10.809  -19.246 0.1428571492
190516  -26.173  -20.500  -11.701 0.1428571492
211070  -28.709  -17.667  -12.476 0.1428571492
213071  -36.867  -14.606  -20.151 0.2857142985
188302  -34.122  -0.857  -18.258 0.2857142985
204491  -33.593  10.318  -20.067 0.1428571492
144944  -31.775  12.619  -19.747 0.2857142985
98835  -22.204  -21.059  -12.293 0.2857142985
98837  -23.644  -21.183  -12.234 0.2857142985
99959  -24.762  -20.612  -11.888 0.1428571492
99960  -25.395  -20.490  -11.671 0.1428571492
215056  -25.258  -19.340  -11.133 0.1428571492
205764  -25.772  -18.703  -11.183 0.1428571492
106887  -26.774  -15.344  -12.162 0.1428571492
106888  -27.881  -15.522  -12.201 0.1428571492
107988  -28.710  -14.363  -13.510 0.2857142985
109156  -30.060  -13.833  -14.240 0.4285714328
201120  -30.595  -14.852  -13.854 0.2857142985
223042  -28.488  -14.667  -13.087 0.1428571492
195131  -31.410  -13.983  -14.686 0.2857142985
197629  -30.292  -8.985  -18.563 0.5714285970
116203  -29.976  -9.634  -18.345 0.4285714328
119546  -33.964  -6.653  -17.695 0.4285714328
210632  -30.733  -8.254  -19.128 0.7142857313
121673  -31.590  -5.115  -19.361 0.7142857313
129685  -31.483  -0.102  -21.733 0.7142857313
127357  -31.336  -1.280  -17.278 0.8571428657
125100  -31.864  -2.913  -18.235 0.8571428657
126200  -31.365  -2.287  -17.486 0.8571428657
214310  -32.100  0.367  -20.040 0.8571428657
212802  -29.993  9.497  -17.445 0.7142857313
143150  -29.623  11.158  -18.137 0.5714285970
212013  -28.500  14.424  -18.445 0.2857142985
123998  -34.047  -3.373  -19.064 0.4285714328
105813  -27.142  -16.363  -11.663 0.1428571492
110242  -27.482  -12.830  -16.646 0.5714285970
108039  -33.305  -15.091  -15.398 0.2857142985
114983  -34.912  -10.661  -18.482 0.4285714328
211108  -30.898  -2.372  -16.820 0.5714285970
134017  -31.589  3.790  -17.205 0.8571428657
137297  -31.059  6.285  -16.794 0.8571428657
147435  -26.996  15.363  -18.079 0.2857142985
121663  -31.455  -5.249  -18.407 0.8571428657
149042  -27.410  15.976  -19.754 0.2857142985
150561  -27.083  17.597  -19.819 0.1428571492
149773  -27.173  16.717  -19.287 0.2857142985
149032  -27.606  16.217  -18.879 0.2857142985
149050  -27.837  16.006  -20.925 0.2857142985
148234  -27.341  15.911  -18.148 0.1428571492
222859  -30.770  13.017  -19.847 0.2857142985
146633  -29.298  14.230  -20.746 0.2857142985
145746  -29.977  13.338  -19.392 0.2857142985
210107  -27.558  16.823  -17.677 0.1428571492
144937  -30.470  12.259  -19.320 0.2857142985
147459  -28.929  14.612  -19.124 0.2857142985
147466  -29.170  14.327  -20.091 0.2857142985
143155  -31.337  10.770  -18.490 0.2857142985
144066  -32.168  11.413  -18.932 0.1428571492
142177  -32.900  9.297  -19.646 0.1428571492
142185  -33.064  10.111  -19.636 0.1428571492
140293  -32.580  8.210  -18.551 0.1428571492
142166  -30.649  9.693  -17.641 0.5714285970
202125  -31.090  9.974  -17.934 0.4285714328
139371  -32.800  7.494  -19.473 0.1428571492
209468  -32.597  6.564  -18.771 0.1428571492
142171  -31.718  9.675  -18.079 0.2857142985
141229  -31.492  8.767  -17.424 0.5714285970
212555  -30.545  8.401  -17.121 0.7142857313
203868  -32.413  5.784  -18.022 0.4285714328
138364  -31.877  7.070  -17.101 0.5714285970
135120  -32.413  5.023  -20.340 0.5714285970
134064  -32.471  4.378  -21.873 0.5714285970
187041  -32.808  2.426  -22.994 0.4285714328
204239  -32.595  4.171  -18.339 0.8571428657
126185  -30.343  -2.075  -16.464 0.5714285970
128480  -30.490  -0.881  -16.407 0.5714285970
128500  -29.501  -0.115  -16.374 0.4285714328
127354  -28.700  -0.903  -16.820 0.4285714328
131878  -32.369  1.777  -19.608 0.8571428657
187609  -32.417  2.112  -20.676 0.8571428657
192462  -32.504  2.175  -22.704 0.4285714328
199788  -32.493  3.573  -19.950 0.8571428657
187039  -31.562  1.056  -22.159 0.7142857313
222692  -29.175  -8.130  -16.608 0.5714285970
119543  -29.488  -7.101  -16.641 0.4285714328
119545  -30.765  -6.923  -17.837 0.7142857313
197202  -30.805  -5.766  -17.063 0.7142857313
121662  -31.028  -5.213  -17.470 0.7142857313
121626  -29.125  -5.174  -16.249 0.4285714328
122723  -30.022  -4.506  -16.576 0.5714285970
196162  -30.101  -3.293  -16.798 0.5714285970
214740  -28.727  -4.613  -16.393 0.4285714328
122721  -27.753  -4.034  -16.764 0.2857142985
123966  -31.084  -4.041  -17.370 0.7142857313
123967  -31.502  -3.488  -17.729 0.8571428657
127401  -33.007  -1.276  -21.721 0.5714285970
129692  -32.427  0.088  -21.859 0.7142857313
116202  -29.822  -9.603  -17.268 0.5714285970
194017  -28.807  -8.860  -16.063 0.5714285970
122742  -33.806  -4.164  -17.715 0.4285714328
125101  -34.028  -2.698  -17.531 0.2857142985
110290  -35.593  -13.167  -20.125 0.2857142985
112532  -35.630  -11.906  -19.094 0.4285714328
187926  -34.101  -8.230  -18.199 0.4285714328
219195  -34.309  -7.557  -16.871 0.4285714328
120626  -34.119  -5.959  -17.247 0.4285714328
114982  -34.432  -9.840  -17.767 0.4285714328
106940  -32.947  -15.724  -15.087 0.2857142985
109234  -35.568  -13.676  -20.337 0.2857142985
108088  -35.062  -13.960  -19.637 0.2857142985
110274  -35.822  -12.612  -18.752 0.2857142985
109219  -34.651  -13.656  -18.612 0.2857142985
108075  -34.543  -14.485  -17.771 0.2857142985
114966  -34.500  -9.849  -16.795 0.4285714328
104692  -28.639  -17.053  -12.483 0.1428571492
208726  -29.117  -16.818  -12.839 0.1428571492
204407  -31.313  -16.818  -13.802 0.2857142985
104747  -34.120  -16.829  -16.910 0.2857142985
104699  -30.205  -16.984  -13.331 0.1428571492
104724  -32.402  -16.970  -14.477 0.2857142985
104725  -32.920  -16.985  -14.980 0.2857142985
97769  -24.054  -22.000  -11.260 0.1428571492
97768  -23.163  -22.017  -11.134 0.1428571492
97770  -24.896  -22.175  -11.245 0.1428571492
193701  -33.949  -4.090  -16.852 0.2857142985
149013  -27.319  16.812  -17.089 0.1428571492
97785  -25.330  -21.669  -11.450 0.1428571492
148225  -26.785  16.125  -17.345 0.1428571492
212562  -28.276  7.370  -17.137 0.5714285970
136229  -28.376  5.476  -17.288 0.4285714328
187051  -27.997  6.073  -17.210 0.4285714328
212676  -28.626  6.871  -17.143 0.5714285970
206746  -28.878  4.934  -16.697 0.4285714328
187619  -28.678  6.168  -17.235 0.5714285970
187052  -29.658  7.220  -17.308 0.4285714328
132932  -28.093  2.878  -17.203 0.4285714328
134014  -28.934  3.709  -17.114 0.4285714328
134027  -28.090  4.022  -17.765 0.4285714328
135089  -28.608  4.193  -17.283 0.5714285970
222506  -29.212  5.110  -16.884 0.5714285970
136212  -29.017  5.487  -17.181 0.5714285970
130767  -30.177  0.999  -16.455 0.5714285970
200405  -34.929  -13.486  -16.081 0.1428571492
110267  -34.913  -12.902  -16.260 0.1428571492
217635  -34.493  -11.309  -15.248 0.1428571492
108009  -24.446  -15.286  -14.668 0.2857142985
109221  -36.220  -13.661  -19.200 0.1428571492
106941  -35.463  -15.391  -14.898 0.1428571492
108050  -35.443  -14.900  -16.359 0.1428571492
109159  -35.319  -14.176  -14.117 0.1428571492
217830  -35.229  -14.217  -15.756 0.1428571492
191135  -35.394  -14.087  -13.458 0.1428571492
106917  -24.065  -15.582  -14.158 0.2857142985
187209  -36.857  -16.642  -20.559 0.1428571492
214576  -36.694  -16.812  -18.913 0.1428571492
187382  -36.820  -15.476  -20.260 0.1428571492
187371  -35.672  -15.522  -17.003 0.1428571492
105854  -35.635  -15.955  -13.851 0.1428571492
212723  -35.766  -16.063  -16.282 0.1428571492
107942  -35.912  -14.909  -10.522 0.1428571492
106891  -35.667  -15.582  -12.773 0.1428571492
107955  -35.936  -14.309  -11.040 0.1428571492
106916  -23.411  -15.703  -14.119 0.2857142985
103528  -33.503  -18.174  -16.385 0.1428571492
103529  -34.286  -18.154  -17.332 0.1428571492
104767  -34.515  -17.315  -17.670 0.1428571492
187494  -36.224  -16.732  -20.287 0.1428571492
187512  -36.445  -17.645  -18.163 0.1428571492
187677  -36.878  -17.577  -20.241 0.1428571492
104736  -35.867  -17.308  -15.980 0.1428571492
187806  -36.975  -17.548  -19.728 0.1428571492
190694  -35.688  -17.069  -14.177 0.1428571492
190695  -35.828  -17.061  -12.723 0.1428571492
105802  -35.536  -16.161  -11.047 0.1428571492
188923  -35.606  -15.648  -12.124 0.1428571492
106902  -23.640  -15.990  -13.699 0.2857142985
201605  -22.543  -16.089  -12.765 0.2857142985
103520  -32.446  -17.964  -15.523 0.1428571492
102312  -33.190  -18.955  -16.456 0.1428571492
102313  -33.741  -18.686  -16.931 0.1428571492
102321  -34.968  -18.527  -18.371 0.1428571492
102322  -36.667  -18.651  -18.563 0.1428571492
205913  -35.737  -18.200  -19.172 0.1428571492
102305  -36.081  -18.583  -15.719 0.1428571492
196107  -35.750  -17.720  -13.000 0.1428571492
196106  -35.961  -17.809  -14.513 0.1428571492
107943  -36.204  -14.883  -9.839 0.1428571492
106853  -35.800  -15.485  -9.991 0.1428571492
104723  -31.919  -17.511  -14.405 0.1428571492
102304  -32.753  -18.454  -15.989 0.1428571492
102303  -32.038  -18.703  -15.583 0.1428571492
101136  -33.332  -19.821  -17.209 0.1428571492
101129  -32.834  -19.534  -16.803 0.1428571492
101162  -35.666  -19.917  -19.075 0.1428571492
102320  -34.141  -18.906  -17.734 0.1428571492
101139  -36.597  -19.284  -18.081 0.1428571492
195073  -35.606  -19.453  -19.139 0.1428571492
102314  -36.134  -19.000  -16.486 0.1428571492
104680  -35.696  -16.969  -12.003 0.1428571492
201378  -35.931  -18.381  -14.092 0.1428571492
210170  -35.442  -16.759  -10.667 0.1428571492
220503  -35.585  -16.677  -11.375 0.1428571492
102302  -31.162  -18.761  -15.385 0.1428571492
104710  -31.252  -17.400  -14.053 0.1428571492
221112  -31.613  -19.993  -17.480 0.1428571492
100015  -30.717  -19.935  -17.108 0.1428571492
101115  -31.401  -19.248  -16.030 0.1428571492
208306  -33.541  -20.288  -17.555 0.1428571492
101135  -32.515  -20.066  -17.378 0.1428571492
102311  -32.427  -19.240  -16.124 0.1428571492
100031  -35.963  -20.360  -17.910 0.1428571492
100047  -35.002  -21.015  -19.129 0.1428571492
101130  -35.880  -19.691  -16.571 0.1428571492
102293  -35.861  -19.022  -14.419 0.1428571492
101138  -36.084  -19.745  -17.584 0.1428571492
196096  -35.749  -17.642  -12.345 0.1428571492
101116  -35.865  -19.269  -15.731 0.1428571492
188677  -31.154  -20.316  -17.394 0.1428571492
100014  -29.522  -19.773  -16.974 0.1428571492
101127  -30.623  -19.742  -16.550 0.1428571492
98918  -33.275  -21.466  -18.682 0.1428571492
98905  -31.859  -20.895  -17.646 0.1428571492
98932  -35.224  -21.202  -19.004 0.1428571492
98919  -33.978  -21.348  -18.803 0.1428571492
102283  -35.797  -18.950  -13.662 0.1428571492
100001  -35.599  -20.036  -15.627 0.1428571492
197493  -33.006  -20.563  -17.579 0.1428571492
102319  -33.590  -19.312  -17.069 0.1428571492
100037  -35.060  -20.205  -19.116 0.1428571492
101164  -36.401  -18.742  -19.125 0.1428571492
222075  -34.363  -16.790  -17.586 0.1428571492
105788  -35.818  -15.994  -9.463 0.1428571492
107924  -36.562  -14.834  -9.220 0.1428571492
105816  -35.621  -16.232  -11.787 0.1428571492
105870  -35.647  -16.531  -14.770 0.1428571492
221141  -35.752  -16.628  -13.062 0.1428571492
109212  -35.852  -14.054  -18.095 0.1428571492
109181  -35.031  -13.627  -15.151 0.1428571492
105837  -22.984  -16.553  -12.759 0.2857142985
102276  -35.727  -19.014  -12.896 0.1428571492
201211  -35.702  -18.178  -11.918 0.1428571492
198486  -36.281  -15.934  -9.051 0.1428571492
107925  -37.095  -14.756  -8.786 0.1428571492
131838  -28.536  2.295  -16.959 0.4285714328
109085  -36.490  -13.790  -9.661 0.1428571492
107966  -35.570  -14.969  -11.223 0.1428571492
107956  -36.326  -14.219  -10.278 0.1428571492
109123  -35.725  -13.894  -12.270 0.1428571492
109095  -36.111  -13.625  -10.775 0.1428571492
112497  -34.761  -11.937  -14.969 0.1428571492
114945  -34.349  -10.106  -15.623 0.1428571492
187053  -28.698  7.902  -17.542 0.4285714328
144945  -32.485  12.869  -20.130 0.1428571492
212701  -29.300  7.767  -17.357 0.4285714328
105838  -23.544  -16.307  -13.001 0.2857142985
145773  -31.329  13.415  -20.217 0.1428571492
109211  -35.459  -13.728  -16.938 0.1428571492
220852  -33.401  -17.493  -15.961 0.1428571492
102292  -31.794  -18.119  -14.989 0.1428571492
103503  -31.393  -18.056  -14.320 0.1428571492
103521  -33.004  -17.896  -15.850 0.1428571492
186953  -36.378  -16.009  -20.334 0.1428571492
117361  -34.531  -8.318  -15.881 0.1428571492
118422  -34.531  -7.680  -15.793 0.1428571492
212452  -36.942  -15.048  -19.597 0.1428571492
108049  -35.510  -14.365  -16.900 0.1428571492
110249  -34.877  -13.033  -15.440 0.1428571492
106957  -35.476  -15.465  -15.779 0.1428571492
109182  -35.194  -14.165  -14.815 0.1428571492
106923  -35.535  -15.363  -14.147 0.1428571492
188512  -35.569  -16.001  -15.255 0.1428571492
187435  -36.468  -15.515  -18.429 0.1428571492
108018  -35.483  -14.749  -13.685 0.1428571492
110228  -35.060  -13.661  -14.421 0.1428571492
110194  -35.325  -12.870  -12.937 0.1428571492
223957  -35.536  -14.457  -13.112 0.1428571492
103569  -36.297  -17.432  -19.936 0.1428571492
186952  -36.990  -16.911  -20.475 0.1428571492
213094  -36.946  -15.881  -19.516 0.1428571492
212780  -36.156  -16.108  -17.777 0.1428571492
105843  -35.742  -16.074  -13.210 0.1428571492
218005  -35.478  -16.581  -13.627 0.1428571492
186950  -35.860  -16.750  -16.905 0.1428571492
201495  -35.644  -14.494  -11.822 0.1428571492
103547  -35.116  -17.857  -18.578 0.1428571492
187735  -36.754  -18.085  -19.489 0.1428571492
187427  -36.330  -17.921  -17.054 0.1428571492
102342  -35.664  -18.838  -19.124 0.1428571492
104726  -35.790  -17.208  -15.033 0.1428571492
103523  -36.061  -17.939  -16.234 0.1428571492
103495  -35.775  -17.755  -13.741 0.1428571492
102341  -34.827  -19.426  -18.656 0.1428571492
101137  -33.871  -19.619  -17.856 0.1428571492
102315  -36.410  -18.820  -17.387 0.1428571492
101149  -36.553  -19.075  -18.893 0.1428571492
203442  -36.038  -18.966  -15.102 0.1428571492
201379  -35.778  -18.349  -13.336 0.1428571492
102291  -31.108  -18.577  -14.665 0.1428571492
101114  -30.722  -19.442  -15.795 0.1428571492
101128  -31.750  -19.662  -16.815 0.1428571492
226348  -35.914  -19.371  -19.120 0.1428571492
100049  -35.622  -20.619  -19.106 0.1428571492
100028  -32.091  -20.295  -17.709 0.1428571492
100030  -34.280  -20.172  -18.420 0.1428571492
100017  -35.590  -20.368  -16.502 0.1428571492
101103  -35.816  -19.498  -14.984 0.1428571492
101095  -35.698  -19.516  -13.890 0.1428571492
100036  -34.458  -20.737  -18.789 0.1428571492
98906  -32.834  -21.018  -17.800 0.1428571492
97766  -21.360  -22.158  -11.112 0.1428571492
214097  -21.948  -21.909  -11.288 0.1428571492
98821  -20.548  -21.081  -10.777 0.1428571492
98822  -21.813  -21.306  -11.353 0.1428571492
97781  -22.239  -21.679  -11.980 0.1428571492
98834  -21.726  -20.555  -11.855 0.1428571492
99955  -22.108  -20.480  -12.370 0.1428571492
101081  -22.506  -19.451  -12.149 0.1428571492
102264  -21.680  -18.661  -12.331 0.1428571492
103485  -22.206  -18.045  -12.264 0.1428571492
102265  -22.424  -18.773  -11.985 0.1428571492
103486  -22.926  -17.810  -12.061 0.1428571492
102263  -20.971  -18.562  -12.419 0.1428571492
103484  -21.405  -17.916  -12.329 0.1428571492
202487  -22.463  -17.402  -12.355 0.1428571492
104696  -22.305  -16.739  -12.600 0.1428571492
105835  -21.035  -16.097  -13.168 0.1428571492
106899  -21.698  -15.458  -13.079 0.1428571492
108007  -22.820  -15.485  -13.793 0.1428571492
106900  -22.377  -15.651  -13.127 0.1428571492
109152  -23.183  -14.946  -14.282 0.2857142985
108008  -23.797  -15.262  -14.618 0.1428571492
219191  -23.653  -14.707  -14.814 0.1428571492
108034  -24.906  -14.660  -14.909 0.1428571492
109191  -25.386  -14.017  -15.519 0.2857142985
190369  -26.617  -10.607  -15.775 0.4285714328
113734  -28.480  -10.778  -16.557 0.4285714328
114964  -28.210  -10.086  -16.156 0.4285714328
204579  -28.687  0.819  -16.709 0.2857142985
213871  -28.396  1.547  -16.838 0.2857142985
207255  -29.080  1.857  -16.675 0.2857142985
136246  -26.650  5.476  -18.082 0.2857142985
187252  -27.508  6.306  -17.490 0.2857142985
187197  -27.966  6.806  -16.992 0.2857142985
212755  -27.793  7.434  -17.156 0.4285714328
106901  -23.045  -16.206  -13.554 0.1428571492
109151  -22.684  -14.251  -14.002 0.1428571492
109171  -23.295  -13.992  -14.476 0.2857142985
218111  -25.042  -14.238  -15.084 0.1428571492
101068  -21.565  -19.911  -12.091 0.1428571492
105823  -21.407  -16.694  -12.731 0.1428571492
107983  -22.147  -15.087  -13.531 0.1428571492
108006  -22.035  -14.462  -13.894 0.1428571492
110221  -23.058  -13.162  -14.696 0.2857142985
109172  -24.378  -14.299  -15.100 0.2857142985
110222  -23.600  -13.509  -14.973 0.2857142985
110237  -23.812  -13.052  -15.241 0.2857142985
109190  -24.774  -13.789  -15.080 0.2857142985
110239  -25.656  -13.478  -15.726 0.2857142985
111350  -26.422  -12.768  -16.777 0.4285714328
112511  -26.822  -12.066  -15.824 0.4285714328
214928  -25.849  -10.756  -15.899 0.2857142985
128499  -28.846  -0.294  -16.799 0.2857142985
202160  -27.924  0.866  -16.923 0.2857142985
130765  -29.063  1.299  -16.618 0.2857142985
207203  -27.060  1.709  -17.379 0.2857142985
131837  -27.765  2.142  -17.220 0.2857142985
134013  -28.352  3.539  -17.239 0.2857142985
135105  -26.913  4.208  -18.004 0.2857142985
135118  -25.753  4.369  -18.652 0.2857142985
212816  -27.336  5.620  -18.088 0.2857142985
218315  -25.075  -13.405  -15.290 0.2857142985
129641  -28.228  0.146  -16.790 0.2857142985
214008  -27.681  1.446  -17.144 0.2857142985
129639  -26.924  0.282  -17.534 0.2857142985
226336  -26.710  2.450  -17.855 0.2857142985
134044  -25.886  3.649  -18.676 0.2857142985
132946  -27.421  2.872  -17.463 0.2857142985
201974  -27.303  3.357  -17.763 0.2857142985
134045  -26.283  3.942  -18.225 0.2857142985
135106  -27.534  4.428  -17.853 0.2857142985
131855  -26.027  2.038  -18.465 0.2857142985
132964  -25.311  2.667  -19.198 0.2857142985
132966  -26.400  3.184  -18.604 0.2857142985
113720  -27.083  -11.286  -15.663 0.4285714328
206440  -27.619  -11.221  -15.958 0.4285714328
221460  -22.665  -18.305  -11.898 0.1428571492
104687  -22.964  -17.131  -12.387 0.1428571492
110240  -26.218  -13.380  -16.445 0.4285714328
99968  -22.229  -20.050  -12.470 0.1428571492
218112  -27.545  5.016  -17.786 0.2857142985
134026  -27.448  3.843  -17.862 0.2857142985
108032  -23.793  -14.310  -15.196 0.1428571492
105836  -21.845  -16.096  -12.932 0.1428571492
99954  -20.952  -20.107  -11.597 0.1428571492
101067  -21.220  -19.222  -12.250 0.1428571492
104686  -21.803  -17.301  -12.354 0.1428571492
104685  -21.036  -17.262  -12.466 0.1428571492
110209  -22.650  -13.427  -13.997 0.2857142985
113719  -26.383  -11.354  -15.603 0.4285714328
199804  -27.027  4.899  -17.966 0.2857142985
112509  -25.461  -12.163  -15.469 0.4285714328
132980  -25.089  3.228  -19.290 0.2857142985
116163  -27.025  -9.297  -15.886 0.2857142985
114943  -27.461  -10.027  -15.859 0.2857142985
117384  -28.699  -8.240  -16.226 0.2857142985
149071  -30.763  17.285  -23.532 0.1428571492
225062  -31.513  16.442  -23.476 0.1428571492
149060  -29.642  16.126  -22.060 0.1428571492
147474  -30.454  14.300  -20.972 0.1428571492
146626  -30.545  13.872  -20.393 0.1428571492
150582  -30.474  18.104  -23.587 0.1428571492
148270  -29.737  15.289  -21.586 0.1428571492
149058  -27.761  15.938  -22.054 0.1428571492
217753  -26.175  19.379  -22.093 0.1428571492
117359  -27.546  -8.743  -15.864 0.2857142985
117382  -27.090  -8.136  -16.092 0.2857142985
146635  -31.244  14.141  -21.212 0.1428571492
147489  -31.452  15.645  -22.447 0.1428571492
147480  -30.588  15.354  -21.671 0.1428571492
145759  -30.489  13.434  -19.861 0.1428571492
149051  -28.177  15.655  -21.469 0.1428571492
149804  -28.470  17.177  -23.059 0.1428571492
188617  -26.722  18.936  -22.516 0.1428571492
149800  -27.718  16.954  -22.417 0.1428571492
149799  -27.479  17.373  -21.657 0.1428571492
150560  -26.701  18.362  -20.558 0.1428571492
149792  -27.556  16.678  -21.162 0.1428571492
146634  -29.823  14.037  -20.630 0.1428571492
148263  -29.247  14.825  -20.978 0.1428571492
113733  -27.972  -10.799  -16.092 0.2857142985
149069  -30.822  16.624  -23.283 0.1428571492
150581  -29.358  18.998  -23.617 0.1428571492
147488  -30.850  16.037  -22.535 0.1428571492
148269  -28.971  15.646  -21.307 0.1428571492
149068  -29.297  16.688  -22.789 0.1428571492
151396  -29.572  18.815  -23.601 0.1428571492
149059  -28.262  15.983  -22.048 0.1428571492
147481  -31.045  14.877  -21.626 0.1428571492
130784  -25.262  0.976  -18.907 0.1428571492
129638  -26.535  0.674  -17.631 0.1428571492
130786  -26.188  1.427  -18.242 0.1428571492
134043  -25.363  3.764  -18.997 0.1428571492
135134  -23.406  5.253  -20.040 0.1428571492
136263  -23.964  5.451  -19.605 0.1428571492
128498  -27.619  -0.440  -16.902 0.1428571492
135117  -25.053  4.449  -19.071 0.1428571492
137334  -24.194  6.761  -19.237 0.1428571492
137335  -24.987  6.428  -18.814 0.1428571492
138409  -25.502  6.967  -18.708 0.2857142985
120600  -28.753  -5.757  -16.205 0.2857142985
121624  -27.647  -5.269  -16.402 0.1428571492
127351  -26.359  -1.839  -17.747 0.1428571492
208665  -27.447  -1.713  -17.062 0.1428571492
128496  -26.641  -0.103  -17.920 0.1428571492
187038  -33.882  1.132  -20.280 0.1428571492
208110  -25.237  1.596  -19.123 0.1428571492
136245  -25.960  5.165  -18.463 0.1428571492
138384  -26.816  6.786  -17.903 0.1428571492
138410  -26.095  6.911  -18.286 0.1428571492
139370  -26.320  7.420  -18.070 0.2857142985
212721  -26.823  8.207  -18.134 0.2857142985
187234  -25.383  10.846  -18.065 0.2857142985
212980  -25.180  10.488  -18.541 0.2857142985
145713  -25.101  14.048  -15.390 0.1428571492
212678  -28.039  7.884  -17.634 0.2857142985
187367  -27.571  8.920  -18.266 0.2857142985
212837  -28.101  9.679  -18.097 0.2857142985
212447  -27.366  9.475  -18.193 0.2857142985
212486  -25.969  10.218  -18.439 0.2857142985
187061  -27.926  10.192  -17.669 0.2857142985
187573  -26.857  10.537  -17.860 0.2857142985
145725  -24.920  12.736  -18.422 0.1428571492
212296  -25.086  11.385  -18.009 0.2857142985
225157  -25.733  15.050  -16.484 0.1428571492
148216  -26.032  15.538  -15.171 0.1428571492
212437  -25.350  10.189  -18.630 0.1428571492
139369  -25.658  7.559  -18.393 0.2857142985
144917  -24.998  12.375  -18.434 0.1428571492
212487  -24.950  11.795  -18.356 0.2857142985
145723  -24.684  13.132  -18.158 0.1428571492
144914  -24.359  12.051  -16.679 0.1428571492
138407  -24.117  6.997  -19.087 0.2857142985
187278  -25.769  11.223  -16.861 0.1428571492
145714  -25.480  13.986  -14.860 0.1428571492
187659  -25.621  11.532  -16.324 0.1428571492
138380  -22.518  6.539  -18.554 0.1428571492
207584  -34.104  1.850  -19.033 0.1428571492
127340  -34.407  -1.512  -17.064 0.1428571492
125098  -27.214  -2.732  -17.170 0.1428571492
196955  -25.178  -0.870  -18.564 0.1428571492
130789  -34.250  1.165  -18.492 0.1428571492
128514  -25.073  -0.257  -18.577 0.1428571492
131888  -24.043  1.873  -19.703 0.1428571492
202491  -23.516  2.451  -19.723 0.1428571492
132963  -24.835  2.752  -19.510 0.1428571492
200088  -23.192  4.494  -20.153 0.1428571492
136264  -24.664  5.164  -19.086 0.1428571492
137333  -23.535  7.205  -19.946 0.1428571492
215632  -26.030  5.767  -18.297 0.1428571492
138408  -24.847  7.171  -19.056 0.2857142985
187338  -26.032  8.710  -18.438 0.1428571492
214480  -26.834  9.324  -18.420 0.2857142985
213091  -25.683  9.934  -18.593 0.1428571492
187057  -26.455  9.841  -18.616 0.1428571492
187059  -24.954  11.897  -18.361 0.1428571492
145719  -24.944  13.814  -15.827 0.1428571492
128517  -34.056  -0.220  -18.658 0.1428571492
129675  -34.099  0.400  -19.354 0.1428571492
129663  -34.205  0.408  -18.064 0.1428571492
187060  -27.700  10.929  -17.542 0.2857142985
146588  -24.651  13.962  -17.210 0.1428571492
147427  -24.725  14.571  -16.065 0.1428571492
221981  -26.703  11.187  -17.460 0.2857142985
222961  -24.995  12.338  -18.362 0.2857142985
145722  -24.531  13.762  -17.091 0.1428571492
148221  -25.985  15.581  -15.985 0.1428571492
212722  -28.225  8.492  -17.762 0.2857142985
123949  -27.492  -3.432  -16.950 0.1428571492
123965  -26.886  -3.370  -17.248 0.1428571492
212716  -28.226  9.149  -18.019 0.2857142985
127353  -27.960  -1.150  -16.915 0.1428571492
126186  -34.324  -2.240  -16.761 0.1428571492
137337  -26.374  6.190  -18.095 0.1428571492
187355  -27.418  7.126  -17.436 0.1428571492
129659  -25.547  0.314  -18.478 0.1428571492
131876  -24.848  2.066  -19.468 0.1428571492
132979  -24.478  3.222  -19.603 0.1428571492
130811  -24.114  1.245  -19.615 0.1428571492
129673  -24.938  0.349  -18.778 0.1428571492
135135  -23.914  4.470  -19.799 0.1428571492
135136  -24.472  4.644  -19.485 0.1428571492
137356  -24.374  6.012  -19.169 0.1428571492
220320  -24.888  5.630  -18.725 0.1428571492
128515  -26.621  -0.767  -17.773 0.1428571492
137336  -25.767  6.374  -18.567 0.1428571492
127371  -26.175  -1.225  -17.987 0.1428571492
212679  -26.856  7.555  -17.947 0.2857142985
214766  -26.045  8.043  -18.114 0.2857142985
212677  -26.832  8.845  -18.331 0.2857142985
212362  -27.548  8.371  -18.108 0.2857142985
187342  -27.435  7.798  -17.801 0.2857142985
212628  -25.148  10.715  -18.641 0.1428571492
187807  -27.060  9.908  -18.133 0.2857142985
149009  -26.353  16.194  -16.212 0.1428571492
218878  -25.447  8.519  -18.503 0.1428571492
212672  -25.998  9.397  -18.605 0.2857142985
110208  -21.800  -13.190  -13.976 0.1428571492
215031  -23.330  -12.943  -15.070 0.1428571492
111346  -23.393  -12.517  -15.301 0.1428571492
111333  -21.832  -11.907  -14.604 0.1428571492
216395  -21.991  -11.290  -14.742 0.1428571492
113714  -22.442  -10.971  -15.205 0.1428571492
111345  -22.960  -12.073  -15.361 0.1428571492
198446  -22.706  -10.437  -15.650 0.1428571492
214671  -23.259  -11.503  -15.498 0.1428571492
111347  -24.118  -12.448  -15.391 0.1428571492
114960  -23.439  -9.973  -16.482 0.1428571492
113732  -24.535  -10.841  -16.022 0.1428571492
188565  -25.618  -11.440  -15.760 0.1428571492
114962  -24.723  -10.241  -16.251 0.1428571492
113718  -25.131  -10.821  -16.008 0.1428571492
114938  -22.894  -10.015  -16.106 0.1428571492
114961  -24.129  -9.974  -16.477 0.1428571492
114941  -25.968  -10.056  -15.927 0.1428571492
217100  -26.080  -8.655  -16.255 0.1428571492
118440  -26.655  -7.541  -16.128 0.1428571492
205427  -27.850  -7.003  -16.207 0.1428571492
206248  -24.813  7.403  -18.936 0.1428571492
112507  -23.520  -11.971  -15.533 0.1428571492
111348  -25.008  -12.787  -15.447 0.1428571492
110207  -21.209  -13.384  -13.701 0.1428571492
111320  -21.143  -12.130  -14.224 0.1428571492
112496  -22.482  -11.666  -14.985 0.1428571492
199635  -28.194  -6.312  -16.103 0.1428571492
114942  -26.665  -9.867  -15.740 0.1428571492
110220  -22.317  -12.898  -14.710 0.1428571492
110238  -24.442  -13.186  -15.305 0.1428571492
219066  -24.668  -12.082  -15.521 0.1428571492
116161  -26.142  -9.274  -15.986 0.1428571492
111321  -21.738  -12.559  -14.404 0.1428571492
111335  -22.853  -12.654  -15.104 0.1428571492
111334  -22.361  -12.349  -14.925 0.1428571492
113702  -21.137  -10.690  -14.706 0.1428571492
213801  -22.921  -11.453  -15.323 0.1428571492
113715  -23.076  -10.954  -15.517 0.1428571492
114939  -23.310  -10.471  -15.898 0.1428571492
113716  -23.575  -10.965  -15.600 0.1428571492
112508  -24.150  -11.678  -15.480 0.1428571492
113731  -23.918  -10.592  -16.218 0.1428571492
214589  -22.979  -9.649  -16.639 0.1428571492
187895  -24.796  -11.473  -15.822 0.1428571492
116187  -24.655  -9.599  -16.665 0.1428571492
114937  -21.987  -9.756  -15.614 0.1428571492
110206  -20.701  -13.053  -13.735 0.1428571492
98839  -25.091  -21.094  -11.693 0.1428571492
98892  -35.682  -20.724  -17.247 0.1428571492
100029  -33.654  -20.837  -18.247 0.1428571492
100038  -35.885  -20.524  -18.681 0.1428571492
100048  -35.406  -20.650  -19.219 0.1428571492
101070  -24.446  -20.185  -11.941 0.4285714328
101080  -21.937  -19.356  -12.118 0.1428571492
101131  -36.224  -19.292  -17.198 0.1428571492
101148  -36.349  -19.812  -18.591 0.1428571492
101163  -36.121  -19.333  -19.068 0.1428571492
102343  -36.582  -18.516  -19.151 0.1428571492
102353  -36.150  -18.884  -19.133 0.1428571492
103476  -25.708  -17.996  -10.942 0.2857142985
103477  -26.425  -18.322  -11.336 0.2857142985
103494  -30.676  -18.092  -13.545 0.1428571492
103511  -32.911  -17.439  -15.473 0.2857142985
103522  -33.847  -17.484  -16.688 0.1428571492
103530  -36.461  -18.246  -17.677 0.1428571492
103548  -36.677  -18.059  -18.776 0.1428571492
103573  -36.361  -18.123  -19.414 0.1428571492
103574  -36.593  -18.210  -19.352 0.1428571492
104674  -26.331  -17.122  -11.269 0.1428571492
104690  -27.521  -16.829  -11.749 0.1428571492
104700  -35.623  -17.154  -13.383 0.1428571492
105764  -35.703  -16.514  -9.600 0.1428571492
105787  -35.543  -16.185  -10.171 0.1428571492
105811  -25.950  -15.960  -11.705 0.4285714328
105827  -27.724  -16.280  -11.924 0.1428571492
105830  -35.770  -16.317  -12.542 0.1428571492
105840  -29.411  -16.238  -12.925 0.1428571492
105851  -30.906  -16.400  -13.755 0.2857142985
105853  -32.103  -16.352  -14.306 0.2857142985
105881  -33.513  -16.489  -15.796 0.2857142985
105882  -35.804  -16.618  -15.626 0.1428571492
106854  -36.181  -15.424  -9.367 0.1428571492
106868  -35.609  -15.534  -10.758 0.1428571492
106880  -35.546  -15.594  -11.461 0.1428571492
106889  -28.486  -15.796  -12.590 0.1428571492
106905  -25.809  -15.365  -12.995 0.4285714328
106909  -35.585  -15.449  -13.436 0.1428571492
106921  -31.688  -15.702  -14.177 0.2857142985
106972  -34.386  -15.712  -16.994 0.2857142985
106998  -36.498  -14.546  -20.323 0.2857142985
107971  -27.672  -14.891  -12.570 0.2857142985
107984  -26.205  -15.126  -13.549 0.4285714328
107987  -28.012  -14.327  -13.031 0.4285714328
107990  -30.683  -15.323  -13.768 0.2857142985
107991  -35.579  -14.957  -12.983 0.1428571492
108012  -26.752  -14.838  -14.005 0.7142857313
108015  -30.088  -14.507  -13.881 0.2857142985
108016  -31.202  -15.023  -13.995 0.2857142985
108033  -24.082  -14.819  -14.972 0.1428571492
108038  -32.671  -14.925  -14.892 0.2857142985
108047  -33.413  -14.647  -15.890 0.2857142985
108061  -33.863  -14.528  -16.536 0.2857142985
108062  -35.922  -14.872  -17.949 0.1428571492
108077  -36.677  -14.360  -19.596 0.2857142985
108092  -36.113  -14.071  -20.320 0.2857142985
109068  -37.390  -14.117  -8.846 0.1428571492
109154  -28.243  -13.752  -14.173 0.7142857313
109158  -31.528  -14.475  -14.244 0.2857142985
109173  -25.521  -14.600  -15.759 0.1428571492
109175  -26.611  -14.363  -15.668 0.5714285970
109179  -32.056  -14.374  -14.679 0.2857142985
109192  -25.880  -14.177  -16.262 0.2857142985
109194  -26.889  -13.698  -16.055 0.5714285970
109196  -32.056  -13.768  -15.198 0.4285714328
109220  -35.856  -13.251  -18.346 0.2857142985
109235  -36.439  -13.777  -19.926 0.2857142985
109240  -36.086  -13.655  -20.217 0.2857142985
110211  -34.939  -13.096  -14.681 0.1428571492
110223  -24.027  -13.764  -15.261 0.2857142985
110225  -29.197  -13.335  -15.067 0.5714285970
110261  -28.371  -12.780  -16.751 0.7142857313
110263  -32.058  -12.836  -16.078 0.5714285970
110289  -35.274  -12.955  -19.958 0.4285714328
111336  -34.842  -12.597  -14.973 0.1428571492
111349  -25.887  -12.795  -15.565 0.4285714328
111352  -29.303  -12.842  -16.493 0.5714285970
111354  -30.629  -12.611  -15.829 0.5714285970
111366  -28.903  -12.630  -17.025 0.7142857313
111369  -32.406  -12.666  -16.762 0.7142857313
111399  -35.753  -12.636  -19.779 0.2857142985
112510  -26.171  -12.090  -15.596 0.4285714328
112512  -27.505  -11.912  -16.030 0.4285714328
112521  -28.905  -12.138  -17.195 0.5714285970
112528  -29.693  -11.315  -17.778 0.7142857313
112540  -31.434  -11.302  -18.394 0.5714285970
112544  -36.018  -11.787  -19.970 0.4285714328
112558  -35.139  -11.477  -20.146 0.5714285970
112559  -35.814  -11.589  -20.163 0.5714285970
113717  -24.113  -11.081  -15.572 0.1428571492
113721  -27.335  -10.690  -15.756 0.4285714328
113723  -34.452  -10.916  -15.936 0.2857142985
113736  -34.634  -10.915  -16.904 0.2857142985
113745  -30.246  -10.823  -17.832 0.5714285970
113747  -35.665  -11.358  -19.206 0.4285714328
113758  -30.375  -10.301  -18.278 0.7142857313
113759  -31.121  -10.360  -18.392 0.8571428657
113775  -34.800  -11.034  -20.171 0.5714285970
113787  -33.817  -10.489  -19.739 0.7142857313
114940  -25.394  -10.284  -16.085 0.1428571492
114967  -34.528  -10.436  -17.274 0.4285714328
114981  -29.892  -10.225  -17.726 0.4285714328
114993  -30.082  -10.095  -18.203 0.4285714328
114994  -30.172  -9.838  -18.663 0.8571428657
114997  -35.621  -10.925  -19.701 0.5714285970
115010  -34.782  -10.367  -19.607 0.5714285970
115020  -33.033  -9.928  -19.758 0.7142857313
115022  -34.316  -10.326  -19.721 0.7142857313
116165  -34.383  -8.987  -15.968 0.1428571492
116186  -23.961  -9.400  -16.629 0.1428571492
116188  -25.552  -8.921  -16.390 0.1428571492
116189  -28.465  -9.427  -16.276 0.5714285970
116190  -29.123  -9.381  -16.706 0.5714285970
116213  -30.711  -9.487  -19.260 0.8571428657
116214  -31.196  -9.171  -19.843 0.8571428657
116215  -34.531  -9.433  -18.642 0.4285714328
116243  -33.232  -9.545  -20.029 0.7142857313
116245  -34.344  -9.449  -19.765 0.7142857313
117360  -28.320  -8.793  -15.831 0.2857142985
117383  -27.910  -8.143  -16.086 0.2857142985
117399  -29.524  -8.444  -17.049 0.4285714328
117424  -31.487  -8.373  -20.046 0.8571428657
118441  -27.483  -7.589  -16.255 0.1428571492
118443  -28.972  -7.641  -16.489 0.5714285970
118444  -34.506  -7.904  -16.426 0.4285714328
118462  -30.042  -7.582  -17.313 0.7142857313
118477  -30.840  -7.318  -18.666 0.5714285970
118491  -34.415  -7.309  -19.924 0.5714285970
118503  -32.729  -7.389  -20.245 0.8571428657
118505  -34.132  -7.337  -20.139 0.7142857313
119522  -27.104  -6.973  -16.283 0.1428571492
119544  -30.271  -6.842  -17.161 0.7142857313
119559  -31.069  -6.580  -18.342 0.8571428657
119573  -31.046  -6.755  -19.870 0.7142857313
119586  -33.497  -6.988  -20.342 0.7142857313
120602  -30.280  -5.652  -16.318 0.5714285970
120625  -30.862  -6.400  -17.460 0.7142857313
120641  -34.067  -5.943  -18.092 0.4285714328
120654  -31.372  -6.107  -19.770 0.8571428657
120665  -32.793  -5.969  -20.232 0.8571428657
121625  -28.387  -5.163  -16.235 0.2857142985
121627  -29.802  -5.125  -16.296 0.4285714328
121645  -30.635  -5.246  -16.818 0.5714285970
121674  -34.068  -5.238  -19.740 0.8571428657
121683  -31.719  -5.469  -19.731 0.8571428657
121684  -32.286  -5.327  -20.111 0.8571428657
122722  -28.408  -4.065  -16.544 0.4285714328
122741  -27.121  -3.997  -17.044 0.2857142985
122760  -31.552  -4.557  -18.823 0.8571428657
122783  -32.514  -4.716  -20.320 0.8571428657
122784  -33.606  -4.893  -20.266 0.8571428657
123951  -28.853  -3.555  -16.581 0.5714285970
123954  -34.155  -3.498  -16.507 0.1428571492
125087  -27.853  -2.852  -16.716 0.2857142985
125089  -29.875  -2.660  -16.423 0.5714285970
125125  -33.855  -2.924  -19.480 0.4285714328
126182  -28.400  -2.269  -16.624 0.2857142985
126184  -29.593  -2.016  -16.276 0.5714285970
126197  -26.767  -2.240  -17.438 0.1428571492
126198  -27.179  -2.188  -17.263 0.1428571492
126199  -30.943  -1.746  -16.993 0.5714285970
126201  -34.161  -2.035  -17.661 0.2857142985
126212  -31.916  -2.169  -18.227 0.8571428657
126214  -34.119  -1.980  -18.475 0.2857142985
126223  -32.252  -2.448  -20.487 0.8571428657
127335  -28.053  -1.789  -16.936 0.2857142985
127337  -29.264  -1.326  -16.574 0.4285714328
127352  -26.659  -1.371  -17.679 0.1428571492
127355  -29.231  -0.674  -16.716 0.2857142985
127356  -30.817  -1.205  -16.813 0.8571428657
127373  -32.122  -1.602  -19.227 1.0000000000
128479  -29.757  -0.784  -16.593 0.4285714328
128497  -27.047  -0.308  -17.352 0.1428571492
128537  -31.542  -0.868  -21.377 0.7142857313
128538  -33.805  -1.162  -21.184 0.4285714328
128544  -31.927  -0.775  -21.786 0.7142857313
128545  -32.984  -0.547  -21.761 0.7142857313
128546  -33.568  -0.685  -21.455 0.5714285970
129640  -27.451  0.254  -17.044 0.2857142985
129642  -30.045  0.229  -16.406 0.8571428657
129660  -26.176  0.337  -18.053 0.1428571492
129684  -24.469  0.689  -19.218 0.1428571492
130764  -27.150  0.932  -17.296 0.2857142985
130766  -29.633  1.461  -16.546 0.2857142985
130785  -25.920  0.901  -18.494 0.1428571492
130802  -24.753  1.373  -19.327 0.1428571492
130803  -25.714  1.498  -18.748 0.1428571492
131839  -29.118  2.405  -16.752 0.4285714328
131856  -26.581  1.963  -17.926 0.2857142985
131857  -26.950  2.377  -17.487 0.2857142985
131858  -31.705  1.985  -17.814 0.8571428657
131875  -24.294  2.589  -19.695 0.1428571492
131877  -25.484  2.091  -18.960 0.2857142985
131887  -23.301  1.713  -19.953 0.1428571492
132915  -31.078  3.324  -16.890 1.0000000000
132933  -28.831  3.020  -16.953 0.4285714328
132934  -30.121  2.597  -16.898 0.7142857313
132944  -26.391  2.551  -18.237 0.2857142985
132945  -26.861  2.938  -17.919 0.2857142985
132965  -25.833  2.654  -18.695 0.2857142985
132987  -33.021  3.857  -22.918 0.1428571492
133992  -30.582  3.732  -16.570 0.7142857313
134012  -27.760  3.447  -17.485 0.2857142985
134015  -30.042  3.388  -16.926 1.0000000000
134018  -32.234  3.949  -17.746 0.8571428657
134025  -26.871  3.563  -18.039 0.2857142985
134062  -24.047  3.724  -19.654 0.1428571492
134063  -24.623  3.906  -19.364 0.1428571492
134069  -32.497  3.951  -22.391 0.4285714328
135064  -30.075  4.815  -16.398 0.8571428657
135090  -29.151  4.321  -16.468 0.5714285970
135091  -29.458  4.437  -16.930 0.5714285970
135092  -31.877  4.531  -17.304 0.8571428657
135107  -28.158  4.787  -17.551 0.4285714328
135119  -26.417  4.695  -18.231 0.2857142985
135133  -22.624  4.580  -20.210 0.1428571492
135137  -32.449  4.804  -21.591 0.2857142985
135147  -33.836  4.890  -21.812 0.1428571492
135152  -33.568  4.500  -22.634 0.2857142985
135153  -33.738  4.079  -22.925 0.1428571492
135157  -33.593  4.883  -22.483 0.2857142985
136214  -32.022  5.238  -17.641 0.8571428657
136228  -27.786  5.534  -17.487 0.2857142985
136244  -25.330  5.053  -18.790 0.1428571492
136260  -22.393  5.562  -20.414 0.1428571492
136275  -33.713  4.750  -22.539 0.2857142985
136276  -33.770  5.010  -22.157 0.1428571492
136280  -33.742  4.923  -22.391 0.1428571492
137298  -31.666  5.822  -17.266 0.8571428657
137319  -27.092  5.970  -18.072 0.1428571492
137366  -33.920  4.972  -21.985 0.1428571492
138342  -30.571  6.618  -16.589 1.0000000000
139368  -25.176  7.454  -18.772 0.2857142985
141233  -32.003  8.918  -17.976 0.4285714328
144078  -32.538  11.463  -19.536 0.1428571492
146624  -29.485  13.974  -20.282 0.2857142985
147473  -29.938  14.643  -21.104 0.1428571492
148243  -27.671  15.796  -18.676 0.2857142985
148262  -28.731  15.344  -20.759 0.2857142985
148277  -31.810  16.225  -23.568 0.1428571492
149043  -27.596  15.810  -20.209 0.2857142985
149067  -28.043  16.372  -22.409 0.1428571492
149805  -31.182  17.693  -23.700 0.1428571492
151392  -29.141  19.644  -23.634 0.1428571492
186949  -36.301  -18.419  -16.666 0.1428571492
186951  -35.458  -16.197  -18.993 0.2857142985
187062  -32.690  5.145  -22.539 0.2857142985
187224  -37.033  -16.425  -20.212 0.1428571492
187456  -35.461  -17.221  -18.973 0.1428571492
187516  -33.213  3.217  -23.129 0.4285714328
187553  -33.136  4.632  -21.969 0.2857142985
187636  -31.866  1.299  -21.176 0.8571428657
187690  -34.528  -16.297  -17.539 0.2857142985
188415  -35.341  -14.874  -15.355 0.1428571492
188419  -28.968  7.307  -17.266 0.5714285970
188725  -35.518  -15.940  -14.501 0.1428571492
189707  -23.842  -20.092  -12.217 0.4285714328
190603  -34.203  -7.018  -16.949 0.4285714328
190671  -35.577  -15.046  -12.343 0.1428571492
190826  -34.515  -7.550  -19.523 0.5714285970
190848  -33.427  2.519  -22.881 0.2857142985
191081  -29.497  -14.846  -13.594 0.2857142985
191740  -34.802  -12.447  -15.779 0.1428571492
191916  -31.648  -4.020  -19.124 1.0000000000
191967  -35.552  -17.234  -11.270 0.1428571492
192527  -34.381  -7.303  -16.334 0.1428571492
194202  -27.124  -1.083  -17.210 0.1428571492
195370  -35.312  -13.491  -13.188 0.1428571492
196034  -31.179  -0.122  -17.166 1.0000000000
196148  -29.530  -8.966  -17.001 0.4285714328
196366  -35.959  -20.053  -19.018 0.1428571492
196519  -34.974  -11.454  -17.845 0.4285714328
197722  -35.876  -17.921  -15.350 0.1428571492
197823  -31.456  2.401  -17.326 1.0000000000
198466  -22.577  -14.855  -13.866 0.1428571492
198553  -25.676  3.181  -18.926 0.2857142985
198987  -26.906  -1.795  -17.424 0.1428571492
199161  -34.227  -8.753  -20.138 0.7142857313
199217  -32.454  0.706  -19.015 0.8571428657
200217  -23.711  -11.367  -15.386 0.1428571492
200865  -27.209  17.482  -20.718 0.1428571492
201377  -36.023  -18.460  -14.836 0.1428571492
201380  -35.861  -18.300  -12.594 0.1428571492
201985  -34.168  -4.534  -16.464 0.1428571492
202220  -34.259  -7.702  -18.721 0.4285714328
203298  -29.468  0.715  -16.469 0.2857142985
203575  -33.262  -6.464  -20.139 0.7142857313
204507  -28.144  -13.437  -15.629 0.5714285970
204795  -33.845  -6.365  -19.283 0.7142857313
204834  -34.172  -5.395  -17.620 0.4285714328
205211  -28.976  -15.032  -13.131 0.1428571492
205404  -23.341  -21.553  -12.073 0.4285714328
205457  -33.742  4.810  -22.390 0.1428571492
205535  -35.631  -19.608  -14.417 0.1428571492
206287  -27.299  -15.157  -12.210 0.1428571492
206705  -34.014  -16.251  -16.396 0.2857142985
207108  -35.857  -20.201  -17.132 0.1428571492
207278  -29.341  -3.091  -16.819 0.5714285970
207469  -31.750  -7.741  -20.194 0.8571428657
207964  -29.636  -16.904  -13.050 0.1428571492
207967  -25.516  5.735  -18.641 0.1428571492
208491  -29.394  -4.570  -16.406 0.5714285970
208657  -28.988  0.254  -16.648 0.4285714328
208662  -33.921  -0.532  -21.142 0.4285714328
208891  -30.518  -17.560  -13.293 0.1428571492
211924  -25.893  -0.467  -18.186 0.1428571492
212430  -36.770  -16.994  -20.801 0.1428571492
212581  -33.658  4.936  -22.108 0.1428571492
212582  -33.279  5.497  -22.236 0.1428571492
212791  -36.219  -17.390  -17.115 0.1428571492
213313  -35.258  -14.504  -15.081 0.1428571492
213583  -22.890  5.151  -20.229 0.1428571492
213881  -27.027  -10.288  -15.779 0.1428571492
213974  -21.214  -21.371  -10.893 0.1428571492
214149  -35.562  -14.473  -12.562 0.1428571492
214579  -22.455  -9.971  -15.747 0.1428571492
214644  -36.456  -14.365  -9.596 0.1428571492
215032  -35.560  -15.134  -11.793 0.1428571492
215620  -26.605  1.275  -17.696 0.1428571492
216236  -35.665  -17.595  -11.776 0.1428571492
216270  -33.891  -3.647  -18.195 0.4285714328
217316  -35.415  -14.735  -14.566 0.1428571492
217346  -32.610  6.183  -18.273 0.5714285970
218500  -28.841  14.853  -19.854 0.2857142985
219725  -35.561  -16.409  -14.180 0.1428571492
220479  -26.778  18.215  -18.124 0.1428571492
222502  -31.708  -9.576  -20.138 0.7142857313
223418  -23.706  1.454  -19.806 0.1428571492
224039  -24.450  1.640  -19.525 0.1428571492
224709  -28.299  -11.219  -16.479 0.4285714328
224932  -28.217  -0.520  -16.785 0.2857142985
225198  -29.022  -4.126  -16.439 0.4285714328
225317  -32.809  -9.346  -19.866 0.7142857313
225410  -35.001  -13.181  -14.111 0.1428571492
225638  -26.620  0.251  -17.854 0.2857142985
225797  -33.013  -3.607  -20.284 0.8571428657
226256  -30.384  -6.185  -16.889 0.7142857313
226357  -26.169  0.916  -17.889 0.1428571492
