#!ascii label  , from subject sub-05_ses-007 vox2ras=TkReg
1729
87787  17.820  -24.448  54.626 0.0000000000
87738  31.812  -23.897  57.577 0.0000000000
224617  37.362  -6.423  33.744 0.0000000000
102738  29.060  -15.801  41.696 0.0000000000
95493  34.313  -18.836  48.303 0.0000000000
221245  46.990  0.553  25.562 0.0000000000
112035  38.954  -9.121  36.156 0.0000000000
112050  33.039  -9.008  35.389 0.0000000000
87741  13.417  -24.530  56.914 0.0000000000
194088  23.140  -26.816  55.377 0.0000000000
87828  26.523  -23.530  53.927 0.0000000000
85101  19.332  -26.098  50.950 0.0000000000
126928  42.412  1.510  30.983 0.0000000000
83633  20.902  -25.854  58.276 0.0000000000
89126  17.563  -23.378  60.450 0.0000000000
123543  42.680  -0.917  34.497 0.0000000000
89102  12.680  -23.183  62.021 0.0000000000
84915  9.284  -26.428  63.388 0.0000000000
110890  32.698  -10.284  40.344 0.0000000000
101429  31.933  -16.840  43.588 0.0000000000
94333  29.885  -19.653  45.247 0.0000000000
91963  29.154  -20.014  50.414 0.0000000000
115341  39.083  -6.840  37.642 0.0000000000
113202  35.914  -8.436  35.894 0.0000000000
115359  36.072  -6.989  37.535 0.0000000000
115321  41.855  -6.586  38.262 0.0000000000
87806  16.140  -25.477  53.472 0.0000000000
86360  14.361  -25.905  55.017 0.0000000000
89183  15.587  -23.814  56.045 0.0000000000
86388  20.004  -24.706  54.510 0.0000000000
227449  20.844  -25.924  52.453 0.0000000000
86404  18.217  -25.380  52.703 0.0000000000
85088  17.233  -26.851  51.557 0.0000000000
118960  36.491  -4.858  32.748 0.0000000000
204111  40.681  -5.252  34.522 0.0000000000
225511  39.415  -2.932  34.310 0.0000000000
123552  39.288  -1.120  33.369 0.0000000000
196032  18.103  -23.460  62.795 0.0000000000
90496  15.812  -22.291  61.056 0.0000000000
209519  15.605  -21.990  63.773 0.0000000000
89007  10.897  -23.002  67.900 0.0000000000
87646  10.473  -23.909  64.871 0.0000000000
86231  9.181  -25.253  65.726 0.0000000000
83531  7.505  -26.844  66.226 0.0000000000
84863  6.974  -26.488  68.679 0.0000000000
102651  34.101  -15.021  46.924 0.0000000000
99010  33.870  -17.811  46.216 0.0000000000
95563  31.761  -19.357  43.937 0.0000000000
93182  31.899  -19.665  46.510 0.0000000000
87865  23.681  -23.385  51.748 0.0000000000
90627  28.481  -21.310  52.260 0.0000000000
90663  25.144  -21.660  50.526 0.0000000000
93155  26.454  -19.729  48.684 0.0000000000
106540  29.784  -12.885  40.743 0.0000000000
107650  29.655  -11.902  38.361 0.0000000000
104008  28.267  -14.623  38.497 0.0000000000
124708  48.666  -0.422  23.793 0.0000000000
123606  46.979  -1.362  24.299 0.0000000000
114298  38.473  -8.168  33.819 0.0000000000
112078  35.761  -9.172  34.071 0.0000000000
115372  41.922  -6.665  35.722 0.0000000000
85013  28.034  -25.204  57.167 0.0000000000
87783  29.544  -23.592  56.153 0.0000000000
86387  25.556  -25.062  54.644 0.0000000000
85097  22.129  -25.225  51.880 0.0000000000
85123  19.659  -25.940  49.455 0.0000000000
128139  46.243  1.833  33.150 0.0000000000
130467  45.642  3.153  31.037 0.0000000000
128175  44.900  2.631  27.986 0.0000000000
124686  44.442  0.239  25.782 0.0000000000
86342  19.516  -24.949  56.823 0.0000000000
87740  18.055  -23.962  57.398 0.0000000000
86308  19.760  -24.904  59.427 0.0000000000
202225  21.837  -26.682  56.638 0.0000000000
125758  42.822  0.722  33.429 0.0000000000
89153  15.890  -23.114  58.461 0.0000000000
87718  13.347  -23.930  59.171 0.0000000000
86303  11.487  -25.121  60.161 0.0000000000
89052  13.508  -22.477  64.746 0.0000000000
86268  10.843  -24.403  62.765 0.0000000000
83477  5.364  -27.043  71.537 0.0000000000
114199  35.198  -7.657  40.293 0.0000000000
105285  30.738  -13.795  42.486 0.0000000000
105248  31.998  -13.813  44.705 0.0000000000
101452  30.544  -16.687  42.894 0.0000000000
97852  31.140  -18.515  42.391 0.0000000000
95587  30.133  -20.161  42.497 0.0000000000
95568  26.708  -19.643  43.152 0.0000000000
89234  31.101  -21.576  54.799 0.0000000000
91915  31.728  -20.784  51.619 0.0000000000
91976  31.886  -19.892  49.443 0.0000000000
93152  29.598  -19.699  48.585 0.0000000000
95508  26.594  -19.815  46.216 0.0000000000
112022  32.379  -8.788  37.994 0.0000000000
108778  30.000  -11.645  35.249 0.0000000000
218352  38.908  -5.334  38.803 0.0000000000
115342  37.698  -6.749  37.451 0.0000000000
116469  36.846  -6.047  38.677 0.0000000000
117677  40.052  -5.252  39.011 0.0000000000
191124  16.411  -24.929  53.893 0.0000000000
196096  16.107  -24.646  54.368 0.0000000000
87766  16.618  -24.104  54.971 0.0000000000
87785  18.917  -24.653  55.217 0.0000000000
199996  19.480  -25.002  53.780 0.0000000000
87804  18.096  -24.756  54.161 0.0000000000
86405  17.450  -25.497  52.814 0.0000000000
117728  36.859  -5.270  33.314 0.0000000000
117722  39.030  -5.876  34.186 0.0000000000
118949  40.279  -4.569  34.606 0.0000000000
201697  38.002  -4.926  34.004 0.0000000000
120109  37.497  -3.883  33.899 0.0000000000
87600  9.554  -23.680  68.148 0.0000000000
87612  9.628  -23.871  67.205 0.0000000000
210241  9.003  -25.143  66.963 0.0000000000
84869  8.382  -25.946  66.355 0.0000000000
84861  8.076  -25.716  67.577 0.0000000000
83509  7.140  -26.738  67.613 0.0000000000
100163  34.770  -16.851  47.052 0.0000000000
97787  34.112  -18.234  46.955 0.0000000000
96681  33.168  -18.797  46.106 0.0000000000
94295  33.445  -19.144  47.306 0.0000000000
87744  32.400  -22.852  56.879 0.0000000000
87881  21.839  -24.017  50.155 0.0000000000
90653  24.554  -22.214  50.981 0.0000000000
90666  23.017  -22.613  49.814 0.0000000000
91981  23.169  -21.860  48.745 0.0000000000
105297  29.468  -13.972  41.410 0.0000000000
105318  28.787  -13.612  40.191 0.0000000000
126951  46.620  1.526  26.268 0.0000000000
126969  47.993  1.246  25.825 0.0000000000
125823  48.094  0.170  25.108 0.0000000000
124692  47.733  -0.435  24.911 0.0000000000
201107  47.054  -0.509  24.991 0.0000000000
113214  39.258  -8.937  34.422 0.0000000000
113227  37.402  -9.106  33.819 0.0000000000
112062  37.735  -9.279  35.106 0.0000000000
113215  34.562  -8.650  35.191 0.0000000000
112065  34.810  -9.092  34.803 0.0000000000
112080  33.599  -9.608  34.324 0.0000000000
114246  40.594  -7.870  37.144 0.0000000000
113200  40.424  -8.239  35.399 0.0000000000
114287  40.041  -7.533  34.610 0.0000000000
87769  13.835  -25.130  55.779 0.0000000000
86328  12.353  -25.278  57.826 0.0000000000
83666  25.822  -25.951  56.518 0.0000000000
85032  26.493  -25.152  56.197 0.0000000000
83686  24.411  -26.051  54.958 0.0000000000
85085  19.929  -25.830  51.936 0.0000000000
85084  21.344  -25.740  51.990 0.0000000000
85100  20.289  -25.801  51.026 0.0000000000
85110  21.282  -25.487  50.970 0.0000000000
225283  19.533  -26.099  50.289 0.0000000000
202527  18.702  -26.458  50.657 0.0000000000
207432  30.700  -19.224  40.774 0.0000000000
128150  44.392  2.087  32.268 0.0000000000
129334  46.077  2.668  32.261 0.0000000000
128163  43.984  2.552  31.196 0.0000000000
126941  43.452  1.550  28.115 0.0000000000
126956  43.212  0.974  27.084 0.0000000000
126954  44.511  1.155  26.884 0.0000000000
84989  19.981  -25.362  57.668 0.0000000000
86326  19.628  -25.039  57.871 0.0000000000
84972  20.152  -25.115  58.916 0.0000000000
226929  21.037  -25.988  57.866 0.0000000000
85000  20.388  -25.696  56.858 0.0000000000
125756  44.233  1.052  33.828 0.0000000000
124647  42.490  0.182  33.787 0.0000000000
124658  38.975  -0.630  32.167 0.0000000000
87726  18.173  -23.758  58.781 0.0000000000
89152  16.735  -23.066  58.054 0.0000000000
89140  16.790  -22.971  59.305 0.0000000000
89100  14.147  -22.648  61.541 0.0000000000
89129  14.587  -22.843  60.019 0.0000000000
87702  12.898  -23.559  60.568 0.0000000000
87720  11.977  -24.626  59.886 0.0000000000
87704  11.733  -24.343  61.201 0.0000000000
90423  13.174  -22.310  66.039 0.0000000000
86256  9.811  -25.259  64.179 0.0000000000
87659  10.596  -24.076  64.177 0.0000000000
86270  9.944  -25.469  63.502 0.0000000000
84927  10.151  -25.759  62.160 0.0000000000
107598  31.350  -12.425  42.920 0.0000000000
102670  32.908  -15.429  45.185 0.0000000000
103895  32.789  -14.057  45.720 0.0000000000
102682  31.657  -15.486  44.091 0.0000000000
103920  30.945  -14.951  43.418 0.0000000000
101441  30.888  -16.618  43.398 0.0000000000
190708  30.733  -17.367  42.776 0.0000000000
99056  31.116  -17.780  42.939 0.0000000000
95539  30.418  -20.092  44.152 0.0000000000
95585  30.769  -20.076  42.983 0.0000000000
191728  29.842  -19.896  43.599 0.0000000000
209007  28.093  -19.889  42.991 0.0000000000
95542  28.679  -19.780  44.310 0.0000000000
87815  28.067  -23.273  55.017 0.0000000000
89224  29.674  -22.513  55.377 0.0000000000
89237  28.428  -22.501  54.518 0.0000000000
91932  28.346  -20.703  51.632 0.0000000000
215394  29.989  -20.947  52.501 0.0000000000
91930  30.570  -20.423  51.005 0.0000000000
219691  31.559  -20.220  50.672 0.0000000000
91961  30.818  -19.874  50.135 0.0000000000
217165  30.626  -19.639  49.115 0.0000000000
93132  29.493  -19.702  49.133 0.0000000000
93173  24.384  -20.786  47.346 0.0000000000
208613  26.122  -19.948  47.435 0.0000000000
111993  34.014  -9.197  40.716 0.0000000000
113158  33.786  -7.862  38.966 0.0000000000
110912  32.243  -9.788  39.170 0.0000000000
106579  28.842  -13.174  36.760 0.0000000000
108768  29.838  -11.446  36.622 0.0000000000
125861  47.984  -0.110  22.785 0.0000000000
113175  38.939  -8.095  36.638 0.0000000000
113188  37.759  -8.755  36.144 0.0000000000
114249  37.608  -7.658  36.557 0.0000000000
114265  36.395  -7.807  36.559 0.0000000000
114278  33.960  -7.861  36.124 0.0000000000
116447  41.115  -5.656  39.414 0.0000000000
220340  40.114  -6.338  37.903 0.0000000000
86376  15.108  -25.578  54.182 0.0000000000
87767  15.000  -24.621  54.988 0.0000000000
89184  14.810  -24.056  56.359 0.0000000000
83689  21.180  -26.276  54.721 0.0000000000
82335  21.824  -26.278  53.736 0.0000000000
85057  20.652  -25.879  53.312 0.0000000000
86419  19.449  -25.677  52.373 0.0000000000
86435  18.524  -26.002  51.492 0.0000000000
188905  18.274  -26.402  51.013 0.0000000000
85072  17.346  -26.201  51.929 0.0000000000
85073  16.612  -26.662  52.112 0.0000000000
125783  40.175  0.628  29.826 0.0000000000
83615  20.944  -25.782  59.517 0.0000000000
120102  41.993  -4.079  34.978 0.0000000000
121228  41.242  -2.827  34.862 0.0000000000
122395  40.921  -1.790  34.261 0.0000000000
123546  40.488  -1.270  33.974 0.0000000000
122398  38.933  -2.206  33.907 0.0000000000
121238  37.758  -2.597  33.249 0.0000000000
89098  17.798  -23.342  61.651 0.0000000000
89113  17.188  -22.910  61.105 0.0000000000
89087  16.910  -22.210  62.369 0.0000000000
90469  15.345  -22.104  62.864 0.0000000000
89077  14.316  -22.293  62.850 0.0000000000
89027  11.725  -22.734  66.529 0.0000000000
89028  10.905  -23.081  66.740 0.0000000000
86230  9.521  -24.830  65.374 0.0000000000
84886  9.083  -25.943  64.698 0.0000000000
84887  8.624  -26.280  64.987 0.0000000000
101397  33.738  -16.412  46.151 0.0000000000
100187  32.887  -16.969  45.107 0.0000000000
204391  31.658  -18.077  43.546 0.0000000000
221701  32.587  -18.829  44.865 0.0000000000
94345  31.387  -19.782  44.788 0.0000000000
94315  30.846  -19.649  46.116 0.0000000000
89261  25.336  -23.305  52.608 0.0000000000
89258  27.203  -22.257  53.193 0.0000000000
90629  26.419  -22.345  52.391 0.0000000000
90650  26.766  -21.480  51.341 0.0000000000
91965  27.132  -20.581  50.332 0.0000000000
93134  27.478  -19.603  49.621 0.0000000000
91977  26.217  -20.587  49.707 0.0000000000
91989  24.383  -21.213  48.536 0.0000000000
108713  30.907  -11.347  40.679 0.0000000000
109849  31.017  -10.843  39.549 0.0000000000
107631  29.191  -12.479  39.642 0.0000000000
106563  28.609  -13.469  38.022 0.0000000000
124703  48.610  -0.447  24.345 0.0000000000
123605  47.573  -1.111  24.179 0.0000000000
115392  38.211  -7.213  33.695 0.0000000000
115398  36.748  -7.101  33.036 0.0000000000
113237  37.043  -8.576  33.245 0.0000000000
112063  36.357  -9.114  34.828 0.0000000000
110957  34.532  -9.671  33.616 0.0000000000
116462  43.192  -6.196  38.417 0.0000000000
116492  43.107  -6.070  37.011 0.0000000000
116509  42.513  -5.659  35.574 0.0000000000
116517  41.187  -5.833  34.750 0.0000000000
207530  39.520  -6.816  34.245 0.0000000000
86340  30.375  -25.222  56.641 0.0000000000
87762  30.853  -23.757  56.727 0.0000000000
86355  29.388  -24.527  57.087 0.0000000000
189055  27.339  -24.469  55.744 0.0000000000
87818  26.270  -24.081  54.156 0.0000000000
83712  22.533  -25.712  53.396 0.0000000000
85081  23.403  -25.092  52.911 0.0000000000
86430  24.483  -24.083  53.440 0.0000000000
86457  22.936  -24.219  51.640 0.0000000000
87869  21.653  -24.592  50.394 0.0000000000
86473  19.919  -25.548  49.109 0.0000000000
130464  47.477  3.666  30.562 0.0000000000
129358  44.062  2.544  29.630 0.0000000000
130491  45.489  3.304  29.652 0.0000000000
130489  46.922  3.678  29.339 0.0000000000
129381  46.253  2.800  27.722 0.0000000000
126952  45.831  1.442  26.564 0.0000000000
125811  45.757  0.513  25.612 0.0000000000
124694  45.756  -0.554  25.060 0.0000000000
87764  18.314  -24.598  55.933 0.0000000000
87765  17.731  -24.264  56.200 0.0000000000
87739  18.558  -24.293  57.255 0.0000000000
87725  18.750  -24.251  58.483 0.0000000000
227332  18.672  -23.917  59.866 0.0000000000
84954  19.988  -25.216  60.363 0.0000000000
87692  18.865  -24.067  61.916 0.0000000000
196298  18.511  -24.207  62.929 0.0000000000
86324  32.353  -25.267  57.889 0.0000000000
84986  29.859  -25.927  57.557 0.0000000000
83652  27.321  -25.937  57.739 0.0000000000
82265  25.322  -26.607  57.149 0.0000000000
80864  23.798  -26.861  56.895 0.0000000000
82284  22.134  -26.725  56.139 0.0000000000
85017  20.670  -25.692  55.779 0.0000000000
86358  19.708  -25.043  56.051 0.0000000000
126906  46.140  1.484  33.693 0.0000000000
126917  44.497  1.653  32.863 0.0000000000
126919  42.319  1.098  32.084 0.0000000000
124650  40.393  -0.243  33.276 0.0000000000
125766  40.398  0.399  32.308 0.0000000000
126931  40.578  0.728  31.338 0.0000000000
89172  16.775  -23.666  56.809 0.0000000000
89163  15.592  -23.414  57.277 0.0000000000
89164  14.936  -23.499  57.847 0.0000000000
89128  15.626  -22.770  59.953 0.0000000000
89155  14.260  -23.474  58.903 0.0000000000
225507  13.054  -24.342  58.461 0.0000000000
86310  12.224  -24.876  58.974 0.0000000000
86311  11.716  -25.233  59.404 0.0000000000
90442  14.268  -22.162  64.487 0.0000000000
89079  12.774  -22.931  63.407 0.0000000000
87657  12.130  -23.310  63.632 0.0000000000
87685  12.117  -23.586  62.270 0.0000000000
86286  11.190  -24.783  61.484 0.0000000000
84832  6.598  -26.720  70.422 0.0000000000
116442  36.948  -5.990  40.224 0.0000000000
109826  32.705  -10.636  41.379 0.0000000000
108693  30.917  -11.665  41.958 0.0000000000
106521  30.135  -13.216  41.783 0.0000000000
103947  30.020  -14.780  42.336 0.0000000000
208474  31.702  -13.712  43.383 0.0000000000
103946  30.350  -14.845  42.818 0.0000000000
102737  29.817  -15.983  42.279 0.0000000000
100238  30.168  -17.773  41.992 0.0000000000
99069  30.839  -18.366  41.830 0.0000000000
96751  30.718  -19.340  41.388 0.0000000000
97842  31.323  -18.962  42.798 0.0000000000
96739  30.646  -19.739  42.040 0.0000000000
220745  30.117  -20.190  41.406 0.0000000000
95608  28.468  -20.055  41.531 0.0000000000
95610  26.698  -20.141  41.790 0.0000000000
94272  34.076  -19.365  49.273 0.0000000000
89207  31.550  -22.546  55.962 0.0000000000
89221  31.864  -22.007  55.287 0.0000000000
90600  32.359  -21.376  54.017 0.0000000000
89246  29.361  -21.915  53.826 0.0000000000
90612  31.645  -21.182  53.372 0.0000000000
91913  33.051  -20.490  52.434 0.0000000000
219491  33.051  -20.463  51.741 0.0000000000
91959  33.173  -20.144  50.457 0.0000000000
93145  33.038  -19.777  48.533 0.0000000000
93149  31.905  -19.836  47.685 0.0000000000
93171  30.876  -19.662  47.691 0.0000000000
94317  29.408  -19.615  46.323 0.0000000000
208595  28.050  -19.719  48.916 0.0000000000
94299  28.343  -19.716  47.807 0.0000000000
189459  28.000  -19.532  45.828 0.0000000000
96683  26.279  -19.517  44.897 0.0000000000
115325  35.579  -6.838  38.802 0.0000000000
114254  33.716  -7.635  37.662 0.0000000000
113195  32.027  -8.588  36.690 0.0000000000
109871  30.530  -10.658  38.141 0.0000000000
110931  30.848  -10.099  36.904 0.0000000000
110944  31.424  -10.004  35.408 0.0000000000
123597  46.061  -1.065  24.723 0.0000000000
117669  38.356  -5.344  39.186 0.0000000000
225466  37.622  -5.986  38.357 0.0000000000
192641  37.611  -5.745  38.954 0.0000000000
117678  39.535  -5.250  38.909 0.0000000000
193709  16.960  -24.423  54.413 0.0000000000
201818  17.592  -24.227  55.292 0.0000000000
224979  18.425  -24.556  54.794 0.0000000000
87803  18.697  -24.667  54.536 0.0000000000
87805  17.194  -24.841  53.861 0.0000000000
224766  36.739  -5.754  33.265 0.0000000000
115399  36.483  -6.494  32.583 0.0000000000
214786  36.736  -6.325  33.309 0.0000000000
116528  37.813  -6.051  33.906 0.0000000000
117723  38.273  -5.579  34.076 0.0000000000
117724  37.523  -5.307  33.761 0.0000000000
87613  9.294  -24.251  67.358 0.0000000000
86210  8.827  -24.886  67.636 0.0000000000
86215  8.662  -25.318  67.286 0.0000000000
86211  8.369  -25.173  67.834 0.0000000000
97778  34.838  -17.982  48.265 0.0000000000
98985  34.507  -17.913  47.277 0.0000000000
96667  34.273  -18.573  47.465 0.0000000000
95517  33.824  -18.778  47.085 0.0000000000
95495  33.814  -18.938  47.590 0.0000000000
87737  32.479  -22.795  57.473 0.0000000000
208094  31.940  -23.218  57.488 0.0000000000
89295  21.781  -24.013  49.346 0.0000000000
89294  22.181  -23.526  49.835 0.0000000000
89306  22.071  -23.440  49.021 0.0000000000
103960  28.809  -14.644  41.364 0.0000000000
218699  28.511  -14.701  40.720 0.0000000000
226789  46.655  0.961  25.859 0.0000000000
128218  47.476  1.791  26.169 0.0000000000
126970  47.216  1.184  25.800 0.0000000000
125809  47.675  0.706  25.429 0.0000000000
211459  47.378  0.044  25.272 0.0000000000
125824  46.713  -0.002  25.307 0.0000000000
112060  39.067  -9.373  35.103 0.0000000000
112075  38.086  -9.211  34.389 0.0000000000
112061  38.426  -9.127  35.149 0.0000000000
112049  33.746  -8.739  35.218 0.0000000000
112067  33.333  -9.318  34.857 0.0000000000
225810  32.684  -10.081  33.986 0.0000000000
110951  32.298  -9.792  34.654 0.0000000000
212090  39.802  -8.308  36.444 0.0000000000
113185  40.292  -8.416  36.117 0.0000000000
113201  39.936  -8.646  35.316 0.0000000000
113213  39.734  -8.534  34.542 0.0000000000
87751  13.625  -24.863  56.308 0.0000000000
86344  13.342  -25.551  55.961 0.0000000000
87752  12.960  -25.266  56.597 0.0000000000
86334  12.563  -25.323  57.202 0.0000000000
87742  12.904  -24.782  57.126 0.0000000000
83668  24.572  -26.055  56.117 0.0000000000
83675  25.236  -25.765  55.929 0.0000000000
82308  23.564  -26.603  54.941 0.0000000000
221667  19.499  -25.933  51.395 0.0000000000
225807  19.995  -25.871  51.373 0.0000000000
213057  19.679  -25.978  50.713 0.0000000000
85112  19.155  -26.369  50.302 0.0000000000
95625  30.544  -19.824  40.597 0.0000000000
128161  43.254  1.909  31.475 0.0000000000
128159  44.399  2.488  31.645 0.0000000000
128164  42.913  1.915  30.863 0.0000000000
125802  43.503  0.615  26.532 0.0000000000
84981  20.470  -25.564  57.951 0.0000000000
84982  20.111  -25.211  58.195 0.0000000000
84971  20.523  -25.471  58.573 0.0000000000
83632  21.228  -26.172  58.084 0.0000000000
83641  20.974  -25.934  57.626 0.0000000000
124641  43.686  -0.166  34.303 0.0000000000
124642  42.966  -0.349  34.135 0.0000000000
87717  18.188  -23.624  60.170 0.0000000000
89139  17.521  -23.307  59.079 0.0000000000
212924  17.489  -23.352  59.773 0.0000000000
89101  13.358  -22.862  61.750 0.0000000000
89115  13.509  -23.094  61.028 0.0000000000
89116  12.761  -23.341  61.295 0.0000000000
87703  12.270  -23.914  60.898 0.0000000000
87694  12.172  -23.753  61.592 0.0000000000
90412  13.106  -22.112  66.661 0.0000000000
84901  9.552  -25.820  63.770 0.0000000000
84914  9.664  -26.055  63.114 0.0000000000
227760  32.256  -16.388  44.121 0.0000000000
102681  32.199  -15.776  44.468 0.0000000000
101419  31.866  -16.159  43.980 0.0000000000
101430  31.244  -16.362  43.667 0.0000000000
101440  31.151  -17.073  43.359 0.0000000000
100222  31.569  -17.244  43.417 0.0000000000
94348  30.388  -19.827  44.807 0.0000000000
223466  29.900  -19.964  43.792 0.0000000000
95541  29.433  -19.754  44.020 0.0000000000
95522  28.630  -19.643  45.196 0.0000000000
87816  27.466  -23.737  54.688 0.0000000000
89238  27.683  -23.068  54.508 0.0000000000
91945  29.105  -20.117  51.288 0.0000000000
91931  29.823  -20.518  51.317 0.0000000000
91944  30.124  -20.218  50.608 0.0000000000
91962  30.116  -19.791  49.962 0.0000000000
93113  30.120  -19.549  49.426 0.0000000000
93114  29.405  -19.751  49.699 0.0000000000
111994  33.449  -9.456  40.560 0.0000000000
112001  33.173  -9.106  39.968 0.0000000000
110899  32.355  -9.845  39.922 0.0000000000
115355  38.821  -7.478  37.190 0.0000000000
114248  38.271  -7.887  36.665 0.0000000000
115356  38.044  -7.315  37.047 0.0000000000
115358  36.690  -7.059  37.270 0.0000000000
114250  36.946  -7.502  36.684 0.0000000000
114251  35.827  -7.449  37.167 0.0000000000
207259  34.993  -7.816  36.662 0.0000000000
114252  34.916  -7.401  37.191 0.0000000000
117664  41.321  -5.348  39.890 0.0000000000
116484  39.380  -6.099  38.000 0.0000000000
116483  39.817  -6.063  38.093 0.0000000000
115340  39.519  -6.725  37.630 0.0000000000
114235  39.773  -7.309  37.322 0.0000000000
89209  15.740  -24.360  54.904 0.0000000000
87788  15.347  -24.928  54.453 0.0000000000
89194  14.850  -24.343  55.647 0.0000000000
85035  20.749  -25.784  55.013 0.0000000000
83690  20.746  -25.849  54.180 0.0000000000
85045  20.398  -25.161  54.564 0.0000000000
86403  19.039  -25.331  52.924 0.0000000000
86402  19.653  -25.441  53.082 0.0000000000
86434  19.200  -25.838  51.695 0.0000000000
86420  18.769  -25.626  52.120 0.0000000000
86421  18.072  -25.932  51.983 0.0000000000
86406  16.311  -25.686  52.873 0.0000000000
86422  16.863  -25.824  52.470 0.0000000000
85059  16.289  -26.249  52.640 0.0000000000
117711  41.241  -5.263  34.713 0.0000000000
118944  41.455  -4.572  34.911 0.0000000000
120105  39.848  -3.801  34.573 0.0000000000
120103  40.531  -3.872  34.690 0.0000000000
121229  40.186  -3.142  34.563 0.0000000000
122391  41.229  -2.189  34.630 0.0000000000
201980  40.026  -2.525  34.280 0.0000000000
122396  40.222  -1.896  34.226 0.0000000000
120115  37.120  -3.949  33.399 0.0000000000
120114  37.440  -3.287  33.549 0.0000000000
188994  36.970  -3.443  33.034 0.0000000000
89086  17.843  -23.206  62.339 0.0000000000
89099  17.186  -22.689  61.749 0.0000000000
90455  17.538  -22.674  62.762 0.0000000000
201806  16.156  -22.008  62.790 0.0000000000
90457  15.898  -22.088  63.254 0.0000000000
90458  15.084  -22.111  63.408 0.0000000000
89006  11.392  -22.526  67.696 0.0000000000
89014  11.478  -22.422  67.074 0.0000000000
86219  9.374  -24.700  66.118 0.0000000000
86245  9.320  -25.397  65.046 0.0000000000
84874  8.986  -25.798  65.382 0.0000000000
83535  7.632  -26.999  65.575 0.0000000000
225595  7.083  -26.540  68.137 0.0000000000
83510  6.729  -26.933  68.136 0.0000000000
84852  7.025  -26.266  69.268 0.0000000000
100175  34.229  -17.450  46.667 0.0000000000
205377  34.451  -16.861  46.690 0.0000000000
100176  34.039  -16.842  46.450 0.0000000000
100186  33.400  -16.884  45.986 0.0000000000
100198  33.206  -17.573  45.361 0.0000000000
99021  32.814  -17.951  45.043 0.0000000000
97816  33.107  -18.418  45.453 0.0000000000
94329  32.396  -19.346  45.874 0.0000000000
95520  32.521  -19.217  45.670 0.0000000000
93193  31.968  -19.447  45.787 0.0000000000
94331  30.999  -19.734  45.270 0.0000000000
93196  30.979  -19.674  45.853 0.0000000000
87852  24.643  -23.523  52.493 0.0000000000
89260  25.978  -22.982  52.807 0.0000000000
89269  25.093  -22.995  52.057 0.0000000000
90652  25.359  -21.908  51.081 0.0000000000
91949  25.972  -21.429  50.555 0.0000000000
91947  26.988  -21.107  50.823 0.0000000000
91948  26.559  -21.176  50.557 0.0000000000
91966  26.409  -20.886  50.193 0.0000000000
91967  25.776  -21.235  50.040 0.0000000000
91980  23.805  -21.519  49.028 0.0000000000
108702  30.401  -11.680  41.042 0.0000000000
108714  30.277  -11.662  40.407 0.0000000000
107624  29.581  -12.476  40.300 0.0000000000
103985  28.194  -14.633  39.352 0.0000000000
106556  28.609  -13.470  38.820 0.0000000000
105340  28.428  -14.022  38.270 0.0000000000
123595  47.357  -0.925  24.618 0.0000000000
124704  47.994  -0.740  24.492 0.0000000000
123610  47.119  -1.407  23.869 0.0000000000
114299  37.985  -7.650  33.599 0.0000000000
114304  37.248  -7.776  33.265 0.0000000000
113236  37.728  -8.360  33.569 0.0000000000
112077  36.721  -9.364  34.083 0.0000000000
113228  36.756  -9.047  33.460 0.0000000000
112090  36.121  -9.103  33.396 0.0000000000
112091  35.552  -9.267  33.260 0.0000000000
200135  37.053  -8.615  35.951 0.0000000000
112046  36.772  -8.895  35.523 0.0000000000
112047  36.137  -8.777  35.412 0.0000000000
110958  33.861  -9.854  33.805 0.0000000000
188811  34.301  -9.434  34.256 0.0000000000
110970  33.975  -10.029  33.244 0.0000000000
218239  34.404  -9.920  32.996 0.0000000000
192962  42.482  -6.194  38.669 0.0000000000
223745  43.232  -5.725  38.943 0.0000000000
115320  42.346  -6.733  38.113 0.0000000000
115373  41.976  -7.393  36.014 0.0000000000
116493  42.819  -6.618  37.382 0.0000000000
116500  42.751  -6.547  36.684 0.0000000000
116499  42.928  -5.798  36.247 0.0000000000
116510  41.983  -6.054  35.524 0.0000000000
117701  41.891  -5.573  35.110 0.0000000000
116511  41.389  -6.201  35.269 0.0000000000
203328  39.065  -7.858  33.953 0.0000000000
114296  39.696  -7.259  34.336 0.0000000000
115390  39.232  -7.292  33.936 0.0000000000
115391  38.691  -7.014  33.857 0.0000000000
86341  29.317  -25.054  57.318 0.0000000000
189049  29.888  -24.805  57.195 0.0000000000
86356  28.702  -24.844  56.978 0.0000000000
86372  26.233  -24.987  55.613 0.0000000000
86371  26.741  -24.656  55.855 0.0000000000
196956  26.509  -24.598  55.373 0.0000000000
86398  26.666  -24.319  54.790 0.0000000000
86399  25.892  -24.523  54.448 0.0000000000
83715  20.996  -25.954  53.113 0.0000000000
82334  22.011  -26.133  53.536 0.0000000000
83728  21.673  -25.930  52.810 0.0000000000
85098  21.706  -25.546  51.763 0.0000000000
222099  22.528  -25.288  52.822 0.0000000000
85096  22.573  -25.083  52.286 0.0000000000
86417  24.122  -24.498  53.736 0.0000000000
86432  23.554  -24.740  52.680 0.0000000000
86444  23.655  -24.104  52.693 0.0000000000
86446  22.742  -24.682  51.917 0.0000000000
86462  20.198  -25.534  49.920 0.0000000000
86460  21.496  -25.088  50.639 0.0000000000
86461  20.865  -25.303  50.273 0.0000000000
86471  21.279  -24.997  49.923 0.0000000000
83730  17.678  -26.928  51.049 0.0000000000
126905  46.851  1.840  33.636 0.0000000000
188827  45.559  2.816  31.578 0.0000000000
192779  46.776  3.040  32.198 0.0000000000
130453  46.975  3.359  31.664 0.0000000000
130452  47.614  3.500  31.328 0.0000000000
130465  46.824  3.461  30.993 0.0000000000
126938  42.035  1.325  29.165 0.0000000000
128173  42.500  1.651  29.635 0.0000000000
128176  44.346  2.380  28.232 0.0000000000
128170  44.123  2.610  28.849 0.0000000000
129368  44.718  2.778  28.629 0.0000000000
130490  46.113  3.531  29.493 0.0000000000
129367  45.319  2.855  28.483 0.0000000000
129366  45.972  3.013  28.327 0.0000000000
129382  45.558  2.616  27.920 0.0000000000
125801  44.188  0.606  26.521 0.0000000000
126953  45.147  1.352  26.726 0.0000000000
126973  44.847  0.690  26.397 0.0000000000
126972  45.479  0.907  26.176 0.0000000000
125812  45.146  0.420  25.699 0.0000000000
86359  18.973  -24.703  56.398 0.0000000000
87748  18.463  -24.395  56.637 0.0000000000
86343  19.057  -24.635  57.028 0.0000000000
222180  19.854  -24.877  58.921 0.0000000000
86327  19.302  -24.606  58.147 0.0000000000
86318  19.443  -24.554  58.900 0.0000000000
87716  18.771  -24.101  59.227 0.0000000000
86309  19.215  -24.455  59.845 0.0000000000
84953  20.498  -25.430  59.888 0.0000000000
86284  19.625  -24.620  61.531 0.0000000000
86293  19.322  -24.397  61.491 0.0000000000
87683  18.673  -24.173  62.473 0.0000000000
84977  31.101  -25.938  57.520 0.0000000000
83639  26.398  -26.420  57.668 0.0000000000
82269  21.907  -26.764  57.136 0.0000000000
80867  22.698  -27.047  56.993 0.0000000000
80866  23.006  -27.118  56.676 0.0000000000
82285  21.955  -26.680  55.923 0.0000000000
82300  21.734  -26.618  55.815 0.0000000000
83669  21.112  -26.046  55.969 0.0000000000
85019  19.885  -25.260  56.601 0.0000000000
85018  20.293  -25.459  56.276 0.0000000000
220034  19.377  -24.937  56.239 0.0000000000
87763  18.868  -24.764  55.795 0.0000000000
208462  36.117  -8.255  32.388 0.0000000000
125757  43.507  0.933  33.647 0.0000000000
126908  44.534  1.495  33.504 0.0000000000
126910  43.204  1.066  32.936 0.0000000000
220959  43.440  1.375  32.539 0.0000000000
125764  42.531  0.985  32.793 0.0000000000
123551  40.068  -0.864  33.549 0.0000000000
123550  40.780  -0.645  33.736 0.0000000000
124651  39.711  -0.557  33.014 0.0000000000
124664  38.751  -0.526  31.635 0.0000000000
124657  39.470  -0.366  32.425 0.0000000000
125767  39.752  0.191  32.115 0.0000000000
190963  40.642  0.690  31.895 0.0000000000
125776  39.464  0.248  31.388 0.0000000000
87749  17.859  -24.189  56.909 0.0000000000
89181  17.231  -23.961  56.529 0.0000000000
89171  17.351  -23.822  57.133 0.0000000000
205656  15.864  -23.286  57.922 0.0000000000
89154  14.979  -23.412  58.475 0.0000000000
90480  16.533  -22.354  61.298 0.0000000000
90495  16.359  -22.647  60.599 0.0000000000
90508  15.287  -22.548  60.578 0.0000000000
89143  13.910  -23.339  59.542 0.0000000000
212827  13.471  -24.024  58.656 0.0000000000
87728  12.782  -24.438  58.765 0.0000000000
87719  12.663  -24.341  59.297 0.0000000000
86312  11.148  -25.827  59.790 0.0000000000
89063  13.520  -22.511  63.941 0.0000000000
87632  11.054  -23.250  65.292 0.0000000000
87674  10.708  -24.239  63.463 0.0000000000
87658  11.365  -23.641  63.874 0.0000000000
87673  11.484  -23.854  63.183 0.0000000000
87672  12.178  -23.512  62.958 0.0000000000
87686  11.575  -24.054  62.518 0.0000000000
87695  11.635  -24.195  61.852 0.0000000000
86277  11.014  -24.576  62.104 0.0000000000
84831  6.843  -26.135  70.575 0.0000000000
84825  6.725  -25.900  71.218 0.0000000000
192285  5.699  -27.218  71.085 0.0000000000
220866  34.612  -9.112  41.134 0.0000000000
109815  32.728  -10.725  41.937 0.0000000000
109816  32.144  -10.911  41.739 0.0000000000
108691  32.208  -11.104  42.299 0.0000000000
106513  31.063  -13.232  42.699 0.0000000000
107599  30.899  -12.623  42.520 0.0000000000
106520  30.564  -13.144  42.223 0.0000000000
105286  30.301  -13.727  42.085 0.0000000000
210740  30.445  -14.274  42.339 0.0000000000
103896  32.238  -14.253  44.961 0.0000000000
106493  31.782  -13.749  44.041 0.0000000000
102709  30.717  -15.514  43.301 0.0000000000
103932  30.754  -14.802  43.165 0.0000000000
102723  30.497  -15.664  42.986 0.0000000000
102724  30.090  -15.426  42.645 0.0000000000
205458  30.315  -16.102  42.674 0.0000000000
101453  30.302  -16.786  42.255 0.0000000000
99068  30.987  -18.227  42.284 0.0000000000
99057  30.720  -17.920  42.233 0.0000000000
97866  30.693  -18.811  41.218 0.0000000000
97865  30.902  -18.738  41.917 0.0000000000
97831  31.720  -18.641  43.677 0.0000000000
97841  31.401  -18.537  43.290 0.0000000000
96715  31.614  -19.190  43.435 0.0000000000
95586  30.458  -20.187  42.693 0.0000000000
95604  30.501  -20.119  42.482 0.0000000000
95605  30.310  -20.160  41.953 0.0000000000
95606  30.028  -20.144  41.878 0.0000000000
95607  29.473  -20.128  41.417 0.0000000000
201310  29.317  -20.133  42.281 0.0000000000
95567  27.550  -19.705  43.400 0.0000000000
95589  27.299  -19.893  42.535 0.0000000000
95590  26.325  -19.835  42.398 0.0000000000
86354  30.215  -23.835  56.777 0.0000000000
87780  31.327  -23.205  56.343 0.0000000000
87781  30.760  -23.110  56.258 0.0000000000
89223  30.438  -22.227  55.363 0.0000000000
89222  31.104  -21.935  55.362 0.0000000000
90587  32.435  -21.681  54.611 0.0000000000
90601  31.738  -21.381  54.070 0.0000000000
90628  27.608  -21.773  52.669 0.0000000000
89247  28.543  -22.138  53.647 0.0000000000
90615  29.134  -21.454  52.955 0.0000000000
218539  31.189  -20.827  51.847 0.0000000000
90625  30.741  -20.975  52.505 0.0000000000
90624  31.533  -20.992  52.490 0.0000000000
90623  32.030  -20.938  52.797 0.0000000000
91914  32.148  -20.861  52.098 0.0000000000
91927  32.604  -20.514  51.916 0.0000000000
91928  32.193  -20.608  51.431 0.0000000000
209192  31.855  -19.908  50.147 0.0000000000
91960  32.562  -20.177  50.264 0.0000000000
93110  32.352  -19.933  49.555 0.0000000000
93126  33.164  -19.829  49.031 0.0000000000
93127  32.733  -20.035  48.885 0.0000000000
195527  32.578  -19.965  48.226 0.0000000000
93128  32.259  -20.160  48.828 0.0000000000
93131  30.159  -19.644  48.882 0.0000000000
93150  30.886  -19.744  48.473 0.0000000000
93151  30.264  -19.680  48.269 0.0000000000
94297  29.963  -19.568  47.101 0.0000000000
94298  29.187  -19.636  47.432 0.0000000000
93135  26.741  -19.905  49.270 0.0000000000
93154  27.112  -19.559  48.889 0.0000000000
95497  26.238  -19.810  46.976 0.0000000000
211851  27.588  -19.728  47.821 0.0000000000
94300  27.230  -19.866  47.398 0.0000000000
201874  28.107  -19.607  46.529 0.0000000000
95507  27.438  -19.732  46.535 0.0000000000
217019  27.277  -19.546  45.629 0.0000000000
214714  26.623  -19.582  45.435 0.0000000000
115296  36.101  -6.753  40.490 0.0000000000
116451  36.371  -6.476  39.350 0.0000000000
115306  35.404  -7.130  39.736 0.0000000000
113160  32.865  -8.600  38.501 0.0000000000
202751  34.334  -7.490  38.645 0.0000000000
193198  32.867  -8.432  37.874 0.0000000000
113177  33.186  -8.059  37.354 0.0000000000
113178  32.478  -8.496  37.329 0.0000000000
108733  30.096  -11.537  38.859 0.0000000000
109861  30.828  -10.761  38.870 0.0000000000
108748  30.131  -11.373  38.125 0.0000000000
109889  29.947  -11.368  35.913 0.0000000000
225993  30.142  -11.040  36.389 0.0000000000
198051  30.342  -10.729  35.916 0.0000000000
195010  31.408  -9.637  36.006 0.0000000000
109897  30.748  -10.561  35.395 0.0000000000
125860  48.568  0.363  22.827 0.0000000000
127030  48.449  1.057  22.554 0.0000000000
128253  48.733  1.727  22.234 0.0000000000
122454  45.722  -1.585  24.519 0.0000000000
116485  38.828  -6.238  37.973 0.0000000000
206933  38.445  -6.839  37.533 0.0000000000
212814  38.066  -6.327  37.951 0.0000000000
116486  37.263  -6.304  37.990 0.0000000000
115344  36.349  -6.703  37.888 0.0000000000
87807  15.743  -25.270  53.981 0.0000000000
89192  16.167  -23.879  55.497 0.0000000000
86389  19.280  -24.717  54.660 0.0000000000
86390  18.647  -24.989  53.732 0.0000000000
87819  17.725  -25.156  53.410 0.0000000000
87820  16.845  -25.252  53.121 0.0000000000
189360  39.560  -5.452  34.511 0.0000000000
117721  40.070  -5.166  34.657 0.0000000000
118950  39.523  -4.530  34.447 0.0000000000
120107  38.741  -3.946  34.173 0.0000000000
219222  38.487  -3.299  34.085 0.0000000000
118952  38.058  -4.292  34.040 0.0000000000
118953  37.412  -4.535  33.798 0.0000000000
89076  18.034  -22.833  63.102 0.0000000000
195389  17.323  -22.247  63.165 0.0000000000
90438  17.464  -22.128  63.581 0.0000000000
87621  9.290  -24.605  66.876 0.0000000000
86220  9.087  -25.167  66.430 0.0000000000
84868  8.877  -25.667  66.089 0.0000000000
86221  8.733  -25.512  66.719 0.0000000000
84865  8.302  -25.848  67.008 0.0000000000
84870  7.856  -26.304  66.638 0.0000000000
84866  7.722  -26.256  67.312 0.0000000000
84862  7.443  -26.145  68.039 0.0000000000
84851  7.366  -25.878  68.788 0.0000000000
203160  34.726  -17.583  47.647 0.0000000000
100174  34.563  -17.552  47.123 0.0000000000
97799  33.953  -17.998  46.575 0.0000000000
210019  33.364  -18.508  46.106 0.0000000000
219468  33.654  -18.631  46.752 0.0000000000
94312  33.261  -19.095  46.904 0.0000000000
217589  32.679  -19.632  47.087 0.0000000000
89282  22.919  -23.441  50.798 0.0000000000
89280  24.047  -22.822  51.401 0.0000000000
89292  23.229  -22.863  50.482 0.0000000000
89291  23.851  -22.593  50.724 0.0000000000
90664  24.365  -21.991  50.346 0.0000000000
90674  24.137  -21.783  49.694 0.0000000000
90675  23.388  -22.045  49.440 0.0000000000
90677  22.322  -22.826  48.676 0.0000000000
106528  29.812  -13.306  41.300 0.0000000000
106541  29.190  -12.982  40.226 0.0000000000
105304  28.935  -14.121  40.729 0.0000000000
105305  28.417  -14.304  40.141 0.0000000000
128200  46.968  2.149  26.647 0.0000000000
129392  48.507  2.888  27.088 0.0000000000
128199  47.871  2.367  26.701 0.0000000000
124691  48.450  -0.321  24.824 0.0000000000
123596  46.693  -0.989  24.626 0.0000000000
219473  38.835  -8.405  34.028 0.0000000000
113226  38.084  -8.771  33.924 0.0000000000
112076  37.402  -9.323  34.428 0.0000000000
113203  35.043  -8.383  35.783 0.0000000000
112048  35.376  -8.858  35.396 0.0000000000
110959  33.161  -10.044  33.828 0.0000000000
114233  40.951  -7.452  37.424 0.0000000000
115338  42.001  -7.090  37.855 0.0000000000
114275  41.522  -7.931  35.947 0.0000000000
114276  40.918  -7.937  35.346 0.0000000000
114286  40.543  -7.270  34.886 0.0000000000
114277  40.376  -7.796  34.893 0.0000000000
113224  39.409  -8.239  34.165 0.0000000000
86335  12.333  -26.126  57.352 0.0000000000
84999  27.349  -25.448  57.409 0.0000000000
215008  27.484  -25.157  56.879 0.0000000000
85016  26.202  -25.559  56.561 0.0000000000
85033  25.966  -25.546  55.855 0.0000000000
85044  24.799  -25.823  54.482 0.0000000000
218390  20.525  -25.922  51.968 0.0000000000
83729  21.066  -25.896  52.276 0.0000000000
192582  20.695  -25.866  51.649 0.0000000000
85099  20.990  -25.741  51.332 0.0000000000
86448  21.864  -25.244  51.274 0.0000000000
86449  20.553  -25.589  50.669 0.0000000000
85111  19.877  -25.854  50.278 0.0000000000
205068  19.333  -26.150  49.787 0.0000000000
85113  18.382  -26.934  49.961 0.0000000000
97876  30.578  -18.961  40.618 0.0000000000
126916  45.098  1.935  32.662 0.0000000000
225861  46.329  2.161  32.677 0.0000000000
128158  45.381  2.380  32.123 0.0000000000
129335  44.974  2.615  31.527 0.0000000000
129343  44.545  2.733  30.898 0.0000000000
126942  42.882  1.278  28.353 0.0000000000
126949  42.470  0.854  27.969 0.0000000000
128186  43.997  1.840  27.883 0.0000000000
128185  44.578  2.091  27.692 0.0000000000
126955  43.925  0.940  27.083 0.0000000000
125813  43.844  0.225  26.109 0.0000000000
85001  19.949  -25.391  57.157 0.0000000000
86332  19.515  -25.087  57.403 0.0000000000
86317  19.863  -24.825  58.440 0.0000000000
82270  21.697  -26.628  56.678 0.0000000000
83655  21.087  -26.063  56.478 0.0000000000
83656  20.931  -25.962  57.017 0.0000000000
84988  20.442  -25.671  57.390 0.0000000000
125747  44.668  0.539  34.227 0.0000000000
125749  43.244  0.236  33.846 0.0000000000
123553  38.775  -1.181  32.854 0.0000000000
87734  18.152  -23.834  58.061 0.0000000000
89161  17.421  -23.561  57.738 0.0000000000
89151  17.503  -23.386  58.389 0.0000000000
217083  16.807  -22.931  58.679 0.0000000000
225574  16.163  -22.914  58.938 0.0000000000
90497  15.022  -22.357  61.303 0.0000000000
89114  14.342  -22.807  60.791 0.0000000000
89130  13.659  -23.208  60.256 0.0000000000
87710  13.031  -23.830  59.805 0.0000000000
228145  12.442  -24.311  59.710 0.0000000000
87711  12.390  -24.108  60.221 0.0000000000
87712  11.852  -24.501  60.538 0.0000000000
90422  14.027  -22.286  66.093 0.0000000000
89040  13.442  -22.374  65.550 0.0000000000
86243  10.117  -24.648  64.536 0.0000000000
86255  10.112  -24.724  63.807 0.0000000000
86269  10.189  -24.853  63.085 0.0000000000
86278  10.452  -25.071  62.433 0.0000000000
86279  10.080  -25.641  62.826 0.0000000000
108684  32.230  -11.299  42.876 0.0000000000
108670  32.267  -11.507  43.503 0.0000000000
107591  31.719  -12.524  43.364 0.0000000000
106512  31.586  -13.218  43.124 0.0000000000
102662  33.807  -15.176  46.431 0.0000000000
103882  33.623  -14.434  46.516 0.0000000000
209547  32.673  -14.564  45.394 0.0000000000
102671  32.294  -14.969  44.697 0.0000000000
103908  31.733  -14.421  44.327 0.0000000000
103909  31.343  -14.847  43.701 0.0000000000
102696  31.172  -15.526  43.693 0.0000000000
102708  30.912  -15.980  43.428 0.0000000000
102722  30.683  -16.244  43.118 0.0000000000
101451  30.761  -16.995  43.193 0.0000000000
100237  30.915  -17.887  42.608 0.0000000000
221120  31.054  -18.116  42.620 0.0000000000
94365  31.071  -19.957  44.176 0.0000000000
95584  31.228  -19.771  43.389 0.0000000000
219948  30.446  -20.184  43.666 0.0000000000
198072  30.281  -20.168  43.221 0.0000000000
201415  29.698  -19.958  43.014 0.0000000000
204529  28.862  -19.895  42.980 0.0000000000
95565  29.196  -19.803  43.573 0.0000000000
95566  28.380  -19.792  43.583 0.0000000000
95543  27.765  -19.588  44.167 0.0000000000
87800  28.532  -23.793  55.503 0.0000000000
87798  29.884  -22.992  55.819 0.0000000000
87814  28.919  -23.002  55.146 0.0000000000
89236  29.468  -22.128  54.733 0.0000000000
202804  29.044  -20.612  51.715 0.0000000000
91916  30.469  -20.645  51.731 0.0000000000
212879  31.231  -20.565  51.134 0.0000000000
91929  31.794  -20.519  51.091 0.0000000000
91943  30.979  -20.188  50.606 0.0000000000
199300  31.315  -19.909  50.279 0.0000000000
93111  31.356  -19.850  49.630 0.0000000000
93130  31.159  -19.884  49.019 0.0000000000
93112  30.746  -19.646  49.587 0.0000000000
93156  25.926  -20.536  48.349 0.0000000000
94286  26.341  -19.988  47.968 0.0000000000
94287  25.730  -20.356  47.664 0.0000000000
94302  25.615  -19.886  47.114 0.0000000000
95509  25.687  -19.516  46.453 0.0000000000
95524  25.853  -19.430  45.587 0.0000000000
95511  24.476  -20.219  45.857 0.0000000000
113134  34.786  -8.077  40.342 0.0000000000
113141  34.466  -7.824  39.934 0.0000000000
113142  34.029  -8.124  39.808 0.0000000000
112015  32.995  -8.882  39.202 0.0000000000
112016  32.416  -9.188  38.753 0.0000000000
107666  29.177  -12.483  37.232 0.0000000000
108759  29.889  -11.512  37.373 0.0000000000
107676  29.253  -12.394  36.549 0.0000000000
124709  48.024  -0.631  23.461 0.0000000000
124718  48.608  -0.092  23.235 0.0000000000
210962  38.776  -8.697  36.329 0.0000000000
112036  38.438  -9.015  36.208 0.0000000000
113176  38.349  -8.517  36.383 0.0000000000
114263  37.840  -8.191  36.344 0.0000000000
114264  37.170  -8.128  36.280 0.0000000000
115357  37.340  -7.149  37.024 0.0000000000
113190  36.019  -8.146  36.350 0.0000000000
113191  35.390  -8.159  36.324 0.0000000000
113192  34.647  -7.953  36.200 0.0000000000
218238  33.340  -8.314  35.793 0.0000000000
116446  41.809  -5.671  39.331 0.0000000000
116463  41.509  -6.018  38.827 0.0000000000
116448  40.524  -5.418  39.336 0.0000000000
116464  40.756  -5.856  38.886 0.0000000000
206989  40.580  -6.746  37.785 0.0000000000
114234  40.322  -7.380  37.324 0.0000000000
113174  39.609  -8.069  36.794 0.0000000000
86377  14.755  -25.940  54.556 0.0000000000
87789  14.787  -25.300  54.724 0.0000000000
87768  14.310  -25.001  55.278 0.0000000000
87750  14.201  -24.545  55.966 0.0000000000
89185  14.105  -24.258  56.682 0.0000000000
82312  21.843  -26.670  54.936 0.0000000000
82310  22.519  -26.603  54.538 0.0000000000
82325  21.564  -26.569  54.397 0.0000000000
83703  21.176  -26.150  53.896 0.0000000000
85058  20.178  -25.308  53.749 0.0000000000
85071  20.060  -25.811  52.782 0.0000000000
85070  20.524  -25.889  52.498 0.0000000000
85086  18.924  -26.099  51.170 0.0000000000
85087  17.861  -26.372  51.438 0.0000000000
197216  17.606  -25.828  52.384 0.0000000000
126929  41.788  1.367  30.715 0.0000000000
128168  42.417  1.618  30.349 0.0000000000
126934  41.204  1.200  30.098 0.0000000000
83624  20.924  -25.843  58.901 0.0000000000
83614  21.414  -26.262  59.230 0.0000000000
118941  43.056  -3.592  35.456 0.0000000000
120101  42.514  -3.539  35.125 0.0000000000
118945  40.919  -4.599  34.682 0.0000000000
203905  41.256  -3.772  34.877 0.0000000000
122390  41.770  -2.280  34.802 0.0000000000
122393  42.337  -1.662  34.716 0.0000000000
123544  42.106  -1.115  34.384 0.0000000000
195828  41.716  -0.985  34.120 0.0000000000
123547  39.737  -1.396  33.916 0.0000000000
122401  39.154  -1.589  33.855 0.0000000000
121233  38.128  -2.973  33.754 0.0000000000
121237  38.394  -2.383  33.535 0.0000000000
122403  38.063  -1.978  33.048 0.0000000000
122404  37.420  -2.168  32.719 0.0000000000
89112  17.714  -23.410  61.024 0.0000000000
200824  17.150  -23.106  60.594 0.0000000000
198233  16.501  -22.148  61.873 0.0000000000
90456  16.764  -22.027  62.958 0.0000000000
90468  15.926  -21.965  62.314 0.0000000000
90481  15.780  -22.079  61.670 0.0000000000
90482  14.896  -22.205  62.127 0.0000000000
89088  13.991  -22.558  62.162 0.0000000000
89089  13.387  -22.738  62.456 0.0000000000
89013  12.286  -22.267  66.840 0.0000000000
87633  10.330  -23.734  65.554 0.0000000000
87619  10.271  -23.632  66.286 0.0000000000
87647  9.988  -24.492  65.162 0.0000000000
86244  9.768  -25.096  64.809 0.0000000000
84885  9.431  -25.572  64.405 0.0000000000
84902  9.192  -26.175  64.050 0.0000000000
83539  8.336  -26.917  64.636 0.0000000000
84875  8.500  -26.091  65.677 0.0000000000
102661  34.383  -15.733  46.703 0.0000000000
102669  33.521  -15.639  45.911 0.0000000000
101409  32.666  -16.306  44.759 0.0000000000
101418  32.438  -16.854  44.224 0.0000000000
100210  32.129  -17.245  43.756 0.0000000000
99032  32.241  -17.853  44.180 0.0000000000
97830  32.210  -18.503  44.158 0.0000000000
96714  32.038  -18.995  44.105 0.0000000000
96699  33.009  -18.822  45.586 0.0000000000
95537  32.609  -19.166  45.172 0.0000000000
94364  31.327  -19.830  44.121 0.0000000000
94346  30.934  -19.881  44.767 0.0000000000
89250  26.189  -23.199  53.440 0.0000000000
89249  26.841  -22.927  53.625 0.0000000000
89259  26.566  -22.614  53.036 0.0000000000
209932  27.017  -22.028  52.553 0.0000000000
90641  25.518  -22.163  51.712 0.0000000000
90640  26.262  -21.978  51.782 0.0000000000
90638  27.682  -21.561  51.954 0.0000000000
91933  27.502  -21.010  51.341 0.0000000000
91946  28.262  -19.948  51.241 0.0000000000
91964  28.112  -19.592  50.679 0.0000000000
213631  28.671  -19.789  50.032 0.0000000000
93116  27.423  -19.774  50.171 0.0000000000
93117  26.903  -20.236  49.877 0.0000000000
93136  26.139  -20.517  49.065 0.0000000000
91979  24.694  -21.364  49.240 0.0000000000
91978  25.582  -21.105  49.464 0.0000000000
93137  25.329  -21.044  48.758 0.0000000000
93158  24.026  -21.130  47.790 0.0000000000
197638  31.556  -10.911  40.578 0.0000000000
109848  31.618  -10.556  39.926 0.0000000000
108722  30.670  -11.268  39.928 0.0000000000
108723  30.156  -11.607  39.612 0.0000000000
107639  29.646  -11.967  39.226 0.0000000000
106550  28.774  -13.163  39.602 0.0000000000
201211  28.880  -12.853  39.060 0.0000000000
106555  28.872  -12.917  38.392 0.0000000000
106562  28.906  -13.009  37.638 0.0000000000
123604  48.148  -0.873  24.016 0.0000000000
115393  37.452  -7.044  33.510 0.0000000000
114305  36.570  -7.897  32.808 0.0000000000
113238  36.404  -8.671  32.942 0.0000000000
112045  37.400  -9.042  35.694 0.0000000000
200454  37.074  -9.277  34.965 0.0000000000
112064  35.573  -9.063  34.860 0.0000000000
112079  35.004  -9.262  34.228 0.0000000000
193757  35.157  -9.374  33.655 0.0000000000
112092  34.974  -9.643  32.988 0.0000000000
116482  42.765  -6.523  38.032 0.0000000000
116481  43.157  -6.135  37.762 0.0000000000
117700  42.608  -4.959  35.337 0.0000000000
117710  41.543  -5.445  34.883 0.0000000000
216601  40.869  -5.715  34.457 0.0000000000
115380  40.170  -6.859  34.693 0.0000000000
116524  39.936  -6.532  34.565 0.0000000000
117712  40.219  -5.821  34.682 0.0000000000
116525  39.596  -6.221  34.408 0.0000000000
116527  38.499  -6.341  34.049 0.0000000000
86338  31.377  -24.762  56.801 0.0000000000
87746  31.464  -24.127  57.128 0.0000000000
86339  30.879  -24.858  56.648 0.0000000000
225017  29.896  -24.337  57.028 0.0000000000
86368  29.575  -24.015  56.665 0.0000000000
85014  28.012  -24.914  56.589 0.0000000000
199192  28.444  -24.580  56.463 0.0000000000
86369  28.493  -24.285  56.017 0.0000000000
87801  27.852  -23.854  55.205 0.0000000000
227936  27.173  -24.090  54.652 0.0000000000
87817  26.952  -23.943  54.310 0.0000000000
82321  22.865  -26.419  54.094 0.0000000000
83699  23.867  -25.854  53.892 0.0000000000
85056  23.930  -25.666  53.791 0.0000000000
83726  22.290  -25.518  52.989 0.0000000000
85069  23.179  -25.344  53.369 0.0000000000
86401  24.548  -24.875  54.105 0.0000000000
86400  25.220  -24.704  54.279 0.0000000000
86415  25.568  -24.249  53.951 0.0000000000
87829  25.871  -23.744  53.718 0.0000000000
87840  24.898  -23.746  53.044 0.0000000000
87853  23.919  -23.627  52.385 0.0000000000
87854  23.438  -23.951  51.989 0.0000000000
86459  21.972  -24.772  51.014 0.0000000000
87867  22.612  -23.942  51.093 0.0000000000
87882  21.585  -24.605  49.620 0.0000000000
87884  20.331  -25.176  48.753 0.0000000000
85102  18.048  -26.932  50.563 0.0000000000
101465  29.059  -16.535  41.144 0.0000000000
192450  48.154  3.740  30.211 0.0000000000
195627  43.317  2.243  30.470 0.0000000000
129350  43.891  2.562  30.465 0.0000000000
129349  44.515  2.763  30.095 0.0000000000
128171  43.621  2.182  29.162 0.0000000000
129357  44.605  2.783  29.359 0.0000000000
130479  45.380  3.274  30.393 0.0000000000
130477  46.656  3.620  30.155 0.0000000000
130476  47.556  3.768  29.838 0.0000000000
191302  48.315  3.752  29.551 0.0000000000
130501  47.228  3.617  28.662 0.0000000000
130510  47.566  3.558  28.186 0.0000000000
213741  47.009  2.943  27.465 0.0000000000
128184  45.198  2.198  27.566 0.0000000000
128183  45.854  2.253  27.448 0.0000000000
128201  46.204  1.925  26.900 0.0000000000
126971  46.115  0.990  26.026 0.0000000000
125810  46.387  0.503  25.618 0.0000000000
125825  46.054  0.044  25.228 0.0000000000
125826  45.427  0.066  25.207 0.0000000000
87786  18.377  -24.487  55.285 0.0000000000
86333  19.093  -24.743  57.599 0.0000000000
87733  18.676  -24.286  57.813 0.0000000000
218510  18.170  -23.648  59.496 0.0000000000
84962  20.549  -25.426  59.237 0.0000000000
84963  20.097  -25.199  59.673 0.0000000000
86301  19.650  -24.946  60.190 0.0000000000
84945  19.959  -25.064  61.008 0.0000000000
86292  19.633  -24.831  60.930 0.0000000000
86302  19.264  -24.494  60.739 0.0000000000
87700  18.856  -24.043  61.223 0.0000000000
87709  18.200  -23.730  60.863 0.0000000000
87701  18.340  -23.721  61.505 0.0000000000
87693  18.314  -23.799  62.189 0.0000000000
89075  18.153  -23.898  63.178 0.0000000000
89061  18.627  -23.248  63.200 0.0000000000
192298  31.979  -23.465  58.074 0.0000000000
86323  32.348  -24.494  57.980 0.0000000000
194703  31.201  -25.405  56.835 0.0000000000
84985  30.497  -25.856  57.059 0.0000000000
188924  29.281  -25.514  57.617 0.0000000000
84987  28.678  -25.665  57.754 0.0000000000
84998  27.985  -25.639  57.683 0.0000000000
83653  26.793  -25.924  57.512 0.0000000000
83667  25.276  -26.204  56.596 0.0000000000
82295  24.072  -26.538  56.172 0.0000000000
82266  24.532  -26.578  57.002 0.0000000000
82283  23.706  -26.842  56.371 0.0000000000
80891  22.873  -26.838  55.683 0.0000000000
82313  21.644  -26.649  55.193 0.0000000000
83677  21.238  -26.235  55.486 0.0000000000
86373  20.333  -25.019  55.164 0.0000000000
83670  20.860  -25.902  56.483 0.0000000000
86357  20.054  -25.050  55.716 0.0000000000
86374  19.823  -24.729  55.150 0.0000000000
86375  19.459  -24.804  55.478 0.0000000000
204693  36.528  -7.219  32.554 0.0000000000
128140  45.653  1.659  33.273 0.0000000000
125754  45.600  1.197  33.862 0.0000000000
126907  45.104  1.609  33.412 0.0000000000
126918  43.865  1.709  32.432 0.0000000000
126925  43.357  1.599  32.002 0.0000000000
195512  42.078  1.314  31.444 0.0000000000
124644  41.450  -0.485  33.887 0.0000000000
124648  41.768  0.116  33.702 0.0000000000
212205  41.492  0.300  32.983 0.0000000000
125759  40.735  0.213  32.901 0.0000000000
220292  41.880  0.761  32.552 0.0000000000
125765  41.149  0.578  32.299 0.0000000000
125773  41.679  0.949  31.884 0.0000000000
190899  41.489  1.262  31.355 0.0000000000
125779  40.034  0.694  30.448 0.0000000000
89191  17.016  -23.915  55.754 0.0000000000
89182  16.502  -23.708  56.212 0.0000000000
89162  16.571  -23.388  57.378 0.0000000000
89173  16.068  -23.475  56.719 0.0000000000
222486  15.356  -23.558  56.673 0.0000000000
89174  14.760  -23.714  57.057 0.0000000000
89175  13.946  -23.988  57.471 0.0000000000
89127  16.664  -23.110  60.026 0.0000000000
89141  15.927  -22.846  59.389 0.0000000000
89142  14.910  -23.035  59.385 0.0000000000
205334  15.319  -23.134  58.890 0.0000000000
194755  14.133  -23.725  58.268 0.0000000000
89165  13.218  -24.395  57.431 0.0000000000
211365  12.702  -24.638  58.214 0.0000000000
86319  12.300  -25.125  58.458 0.0000000000
199946  12.180  -24.651  59.414 0.0000000000
86320  11.802  -25.563  58.673 0.0000000000
90441  14.994  -22.055  64.135 0.0000000000
89062  14.271  -22.185  63.674 0.0000000000
89078  13.533  -22.732  63.197 0.0000000000
89090  12.720  -23.052  62.712 0.0000000000
89026  12.528  -22.415  66.333 0.0000000000
89041  12.658  -22.687  65.662 0.0000000000
89053  12.724  -22.741  64.910 0.0000000000
87645  11.202  -23.415  64.574 0.0000000000
89065  11.985  -23.013  64.317 0.0000000000
89064  12.773  -22.820  64.141 0.0000000000
86294  11.371  -24.993  60.869 0.0000000000
86287  10.639  -25.248  61.807 0.0000000000
86295  10.756  -25.398  61.161 0.0000000000
86304  10.888  -25.576  60.481 0.0000000000
84841  7.090  -25.815  69.464 0.0000000000
84842  6.944  -26.374  69.911 0.0000000000
83490  6.609  -26.880  69.921 0.0000000000
82087  5.909  -27.747  69.872 0.0000000000
84826  6.433  -26.463  70.999 0.0000000000
116449  37.578  -5.587  39.722 0.0000000000
110888  33.647  -9.655  40.978 0.0000000000
110889  33.215  -10.116  40.759 0.0000000000
109838  32.775  -10.577  40.790 0.0000000000
109827  32.088  -10.866  41.066 0.0000000000
108701  30.807  -11.548  41.394 0.0000000000
107613  30.462  -12.121  41.715 0.0000000000
107605  31.024  -11.900  42.487 0.0000000000
107606  30.650  -12.356  42.147 0.0000000000
107607  30.085  -12.600  41.397 0.0000000000
105296  29.937  -13.679  41.720 0.0000000000
103948  29.447  -14.664  41.861 0.0000000000
205783  28.959  -15.154  41.706 0.0000000000
106503  31.956  -13.101  43.737 0.0000000000
105274  31.220  -13.959  42.944 0.0000000000
105262  31.422  -14.354  43.457 0.0000000000
220942  30.771  -14.326  42.675 0.0000000000
102725  29.588  -15.309  42.085 0.0000000000
101464  29.634  -16.578  41.798 0.0000000000
100251  29.847  -17.397  41.842 0.0000000000
205807  30.556  -17.318  42.486 0.0000000000
219803  30.600  -18.156  41.799 0.0000000000
99083  30.594  -18.436  41.277 0.0000000000
191680  30.303  -20.054  41.402 0.0000000000
99045  31.489  -17.581  43.263 0.0000000000
99046  31.219  -18.181  42.929 0.0000000000
96726  30.982  -19.711  42.700 0.0000000000
209648  31.081  -19.172  42.320 0.0000000000
208932  30.925  -19.071  42.008 0.0000000000
95626  30.134  -20.249  40.751 0.0000000000
95627  29.482  -20.403  40.809 0.0000000000
95628  28.555  -20.380  40.742 0.0000000000
200527  27.714  -20.350  40.947 0.0000000000
95588  28.264  -20.048  42.365 0.0000000000
95629  27.014  -20.458  41.169 0.0000000000
95478  34.183  -19.138  48.977 0.0000000000
87761  31.474  -23.530  56.739 0.0000000000
89190  32.011  -22.772  56.248 0.0000000000
221642  32.696  -22.604  55.764 0.0000000000
87797  30.494  -22.549  55.923 0.0000000000
89206  32.353  -22.325  55.594 0.0000000000
89219  32.997  -22.202  55.317 0.0000000000
90611  33.424  -20.998  53.483 0.0000000000
89248  27.642  -22.576  53.865 0.0000000000
89245  30.257  -21.534  54.068 0.0000000000
90614  30.093  -21.260  53.230 0.0000000000
89244  31.054  -21.318  54.147 0.0000000000
221691  32.221  -21.157  53.347 0.0000000000
91903  32.904  -20.892  53.279 0.0000000000
190687  33.546  -20.606  52.941 0.0000000000
91912  33.607  -20.557  52.235 0.0000000000
91942  32.186  -20.364  50.841 0.0000000000
206183  32.851  -20.422  50.978 0.0000000000
93097  33.654  -19.999  50.679 0.0000000000
93107  33.844  -19.735  50.196 0.0000000000
94273  33.604  -19.663  49.173 0.0000000000
221960  33.616  -19.371  48.314 0.0000000000
93146  32.941  -19.741  48.155 0.0000000000
220825  32.636  -19.720  47.444 0.0000000000
93169  31.914  -19.701  47.100 0.0000000000
194429  31.577  -19.932  48.342 0.0000000000
93170  31.448  -19.728  47.721 0.0000000000
93184  31.036  -19.648  47.094 0.0000000000
94316  30.250  -19.592  46.179 0.0000000000
93133  28.586  -19.757  49.445 0.0000000000
93153  28.910  -19.755  48.778 0.0000000000
221879  28.443  -19.741  48.419 0.0000000000
94285  26.942  -19.659  48.160 0.0000000000
94284  27.699  -19.693  48.361 0.0000000000
94283  29.042  -19.692  48.213 0.0000000000
94318  28.596  -19.657  46.918 0.0000000000
95506  28.658  -19.624  46.040 0.0000000000
95521  29.189  -19.637  45.465 0.0000000000
95523  27.912  -19.550  44.988 0.0000000000
96682  27.060  -19.432  44.761 0.0000000000
96701  26.497  -19.518  44.326 0.0000000000
96684  25.606  -19.307  44.870 0.0000000000
95544  25.860  -19.551  44.313 0.0000000000
96716  26.237  -19.576  43.730 0.0000000000
116450  36.893  -5.970  39.476 0.0000000000
116470  36.318  -6.451  38.819 0.0000000000
115345  35.779  -6.776  38.139 0.0000000000
114220  34.712  -7.308  38.819 0.0000000000
115346  35.247  -7.059  38.425 0.0000000000
115360  35.395  -6.980  37.676 0.0000000000
227804  34.313  -7.433  37.125 0.0000000000
113193  33.390  -7.908  36.532 0.0000000000
215867  32.651  -8.685  35.780 0.0000000000
109860  31.374  -10.436  39.177 0.0000000000
110913  31.709  -10.004  38.848 0.0000000000
110922  31.520  -9.741  38.242 0.0000000000
109872  30.219  -11.004  37.575 0.0000000000
109879  30.509  -10.564  37.311 0.0000000000
222526  31.333  -9.744  37.150 0.0000000000
112038  31.678  -9.145  36.302 0.0000000000
112052  31.803  -9.346  35.722 0.0000000000
110943  32.043  -9.623  35.143 0.0000000000
124693  46.384  -0.501  24.964 0.0000000000
123607  46.372  -1.532  24.396 0.0000000000
80845  24.450  -26.785  57.780 0.0000000000
80850  22.473  -26.968  57.230 0.0000000000
80863  24.056  -26.663  57.424 0.0000000000
80865  23.201  -27.185  56.998 0.0000000000
80878  23.412  -27.073  56.686 0.0000000000
80879  23.178  -26.969  56.079 0.0000000000
80880  23.149  -26.913  55.946 0.0000000000
80892  22.474  -26.779  55.897 0.0000000000
82228  21.865  -26.250  59.681 0.0000000000
82267  23.947  -26.739  56.905 0.0000000000
82268  22.298  -26.802  56.419 0.0000000000
82282  24.632  -26.387  56.645 0.0000000000
82286  21.750  -26.598  55.994 0.0000000000
82296  23.572  -26.745  55.741 0.0000000000
82297  22.480  -26.760  55.090 0.0000000000
82298  22.185  -26.755  55.497 0.0000000000
82299  21.869  -26.674  55.625 0.0000000000
82309  23.090  -26.688  54.618 0.0000000000
82311  22.136  -26.657  54.767 0.0000000000
82322  22.410  -26.272  53.892 0.0000000000
82323  22.083  -26.460  54.152 0.0000000000
82324  21.828  -26.530  54.229 0.0000000000
82333  22.335  -26.046  53.578 0.0000000000
83484  6.117  -27.005  70.776 0.0000000000
83491  6.264  -27.237  70.220 0.0000000000
83530  8.001  -26.442  65.967 0.0000000000
83640  21.211  -26.185  57.157 0.0000000000
83654  25.883  -26.371  57.080 0.0000000000
83665  26.240  -25.940  57.103 0.0000000000
83676  24.051  -26.322  55.493 0.0000000000
83685  25.003  -25.801  55.153 0.0000000000
83687  24.227  -26.115  54.675 0.0000000000
83688  23.503  -26.524  54.433 0.0000000000
83698  24.213  -25.960  54.271 0.0000000000
83700  23.174  -26.278  54.030 0.0000000000
83701  22.691  -26.102  53.810 0.0000000000
83702  21.541  -26.228  53.650 0.0000000000
83710  23.379  -25.657  53.796 0.0000000000
83711  22.924  -25.738  53.673 0.0000000000
83713  22.114  -25.819  53.156 0.0000000000
83714  21.693  -26.099  53.326 0.0000000000
83725  22.747  -25.417  53.213 0.0000000000
83727  21.923  -25.660  52.537 0.0000000000
84996  29.866  -25.465  57.123 0.0000000000
84997  28.677  -25.313  57.421 0.0000000000
85015  26.771  -25.351  56.943 0.0000000000
85031  27.258  -24.890  56.324 0.0000000000
85034  25.497  -25.578  55.373 0.0000000000
85042  25.737  -25.222  55.228 0.0000000000
85043  25.327  -25.538  54.797 0.0000000000
85047  15.014  -26.287  54.155 0.0000000000
85054  25.028  -25.332  54.326 0.0000000000
85055  24.481  -25.571  53.991 0.0000000000
85067  24.004  -25.090  53.772 0.0000000000
85068  23.572  -25.268  53.449 0.0000000000
85082  23.050  -25.175  52.848 0.0000000000
85083  22.190  -25.378  52.428 0.0000000000
86212  7.789  -25.494  68.165 0.0000000000
86214  9.097  -24.822  67.327 0.0000000000
86331  31.849  -24.826  57.302 0.0000000000
86353  30.425  -24.471  56.899 0.0000000000
86370  27.942  -24.584  56.071 0.0000000000
86384  27.943  -24.233  55.574 0.0000000000
86385  26.909  -24.418  55.399 0.0000000000
86386  26.053  -24.740  55.041 0.0000000000
86416  24.854  -24.380  53.829 0.0000000000
86418  23.706  -24.826  53.200 0.0000000000
86431  23.831  -24.268  53.247 0.0000000000
86433  23.108  -24.925  52.438 0.0000000000
86445  23.243  -24.492  52.203 0.0000000000
86447  22.277  -24.894  51.625 0.0000000000
86458  22.411  -24.441  51.358 0.0000000000
86472  20.552  -25.189  49.537 0.0000000000
87606  9.128  -24.294  67.771 0.0000000000
87620  9.735  -24.127  66.579 0.0000000000
87634  9.829  -24.284  65.824 0.0000000000
87684  18.236  -23.928  62.759 0.0000000000
87708  18.741  -24.073  60.477 0.0000000000
87727  13.300  -24.232  58.044 0.0000000000
87735  12.749  -24.701  57.629 0.0000000000
87745  31.734  -23.366  57.155 0.0000000000
87747  31.060  -24.292  56.873 0.0000000000
87760  32.008  -22.991  56.712 0.0000000000
87782  30.036  -23.397  56.280 0.0000000000
87784  29.077  -23.975  56.080 0.0000000000
87799  29.278  -23.391  55.679 0.0000000000
87802  27.358  -24.162  55.139 0.0000000000
87827  27.144  -23.315  54.172 0.0000000000
87830  25.206  -23.970  53.511 0.0000000000
87839  25.556  -23.485  53.221 0.0000000000
87841  24.163  -23.816  53.006 0.0000000000
87866  23.159  -23.686  51.398 0.0000000000
87868  22.076  -24.193  50.784 0.0000000000
87880  22.335  -23.687  50.511 0.0000000000
87883  21.053  -24.922  49.174 0.0000000000
89043  10.963  -23.162  66.029 0.0000000000
89160  32.524  -22.688  58.094 0.0000000000
89193  15.434  -24.189  55.397 0.0000000000
89208  31.106  -22.266  55.873 0.0000000000
89233  31.774  -21.653  54.678 0.0000000000
89235  30.392  -21.911  54.751 0.0000000000
89257  28.025  -21.886  53.136 0.0000000000
89268  25.745  -22.606  52.267 0.0000000000
89270  24.348  -23.215  51.916 0.0000000000
89279  24.802  -22.570  51.533 0.0000000000
89281  23.438  -23.117  51.124 0.0000000000
89293  22.729  -23.204  50.162 0.0000000000
89305  22.517  -22.981  49.474 0.0000000000
90598  33.703  -21.359  53.906 0.0000000000
90599  33.014  -21.342  54.101 0.0000000000
90613  30.931  -21.126  53.352 0.0000000000
90626  29.484  -20.794  52.100 0.0000000000
90639  26.954  -21.791  51.843 0.0000000000
90651  26.212  -21.568  51.112 0.0000000000
90665  23.622  -22.303  50.115 0.0000000000
90676  22.826  -22.420  49.105 0.0000000000
91893  33.943  -20.951  53.259 0.0000000000
91968  24.959  -21.508  49.903 0.0000000000
91990  23.579  -21.497  48.295 0.0000000000
93096  34.038  -19.967  50.898 0.0000000000
93108  33.446  -19.891  49.872 0.0000000000
93109  32.859  -20.030  49.646 0.0000000000
93115  27.885  -19.516  50.203 0.0000000000
93124  33.963  -19.634  49.813 0.0000000000
93125  33.647  -19.695  49.288 0.0000000000
93129  31.720  -20.102  48.899 0.0000000000
93147  32.723  -19.818  47.897 0.0000000000
93148  32.095  -20.073  48.262 0.0000000000
93157  25.004  -20.844  47.960 0.0000000000
93167  32.887  -19.689  47.676 0.0000000000
93168  32.290  -19.685  47.094 0.0000000000
93172  30.344  -19.631  47.625 0.0000000000
93181  32.077  -19.680  46.449 0.0000000000
93183  31.646  -19.693  46.624 0.0000000000
93185  30.652  -19.596  46.957 0.0000000000
93194  31.757  -19.579  45.992 0.0000000000
93195  31.466  -19.661  46.018 0.0000000000
94271  34.446  -19.121  49.586 0.0000000000
94280  33.769  -19.081  48.046 0.0000000000
94281  33.418  -19.383  48.071 0.0000000000
94282  29.729  -19.635  47.958 0.0000000000
94296  33.134  -19.583  47.636 0.0000000000
94301  26.618  -19.825  47.496 0.0000000000
94313  32.874  -19.497  46.960 0.0000000000
94314  32.549  -19.506  46.416 0.0000000000
94319  27.872  -19.766  47.215 0.0000000000
94328  32.898  -19.241  46.327 0.0000000000
94330  31.410  -19.648  45.365 0.0000000000
94332  30.851  -19.726  45.301 0.0000000000
94344  31.976  -19.456  45.240 0.0000000000
94347  30.784  -19.894  44.641 0.0000000000
94366  30.753  -20.095  44.011 0.0000000000
95484  34.355  -18.970  48.986 0.0000000000
95485  34.048  -18.977  48.238 0.0000000000
95494  33.925  -18.974  47.932 0.0000000000
95496  26.841  -19.879  46.924 0.0000000000
95504  34.024  -18.778  47.416 0.0000000000
95505  33.683  -18.905  47.144 0.0000000000
95510  25.066  -19.605  45.828 0.0000000000
95518  33.494  -18.881  46.902 0.0000000000
95519  33.099  -19.018  46.442 0.0000000000
95536  32.868  -19.066  45.765 0.0000000000
95538  31.982  -19.553  44.755 0.0000000000
95540  29.945  -19.847  44.248 0.0000000000
95562  32.291  -19.297  44.525 0.0000000000
95564  31.204  -19.956  43.593 0.0000000000
96666  34.576  -18.550  48.113 0.0000000000
96674  33.981  -18.678  47.130 0.0000000000
96700  26.982  -19.475  43.918 0.0000000000
97779  34.506  -17.982  47.393 0.0000000000
97800  33.421  -18.194  45.900 0.0000000000
97817  32.525  -18.353  44.824 0.0000000000
98997  34.201  -17.822  46.806 0.0000000000
99020  33.398  -17.954  45.682 0.0000000000
99044  31.976  -17.502  43.637 0.0000000000
100185  33.925  -17.516  46.201 0.0000000000
100199  32.532  -17.425  44.642 0.0000000000
100223  31.276  -17.405  43.227 0.0000000000
100236  30.953  -17.403  43.038 0.0000000000
101388  34.694  -16.344  46.855 0.0000000000
101396  34.307  -16.373  46.529 0.0000000000
101408  33.216  -16.343  45.516 0.0000000000
102683  31.496  -14.970  43.952 0.0000000000
103894  33.212  -14.693  45.948 0.0000000000
105249  31.637  -14.200  44.075 0.0000000000
105287  29.962  -14.155  41.971 0.0000000000
105319  28.505  -13.868  39.505 0.0000000000
105326  28.388  -14.109  38.889 0.0000000000
106529  29.355  -13.480  40.754 0.0000000000
106580  28.652  -13.511  37.415 0.0000000000
107614  30.304  -11.968  41.354 0.0000000000
107623  29.982  -12.125  40.844 0.0000000000
107630  29.750  -12.009  40.049 0.0000000000
107640  29.173  -12.372  38.794 0.0000000000
107651  29.207  -12.431  38.013 0.0000000000
107665  29.577  -12.022  37.605 0.0000000000
108671  31.753  -11.845  43.262 0.0000000000
108685  31.638  -11.602  42.692 0.0000000000
108692  31.555  -11.348  42.119 0.0000000000
108700  31.478  -11.154  41.564 0.0000000000
108712  31.367  -11.145  41.108 0.0000000000
108732  30.590  -11.262  39.213 0.0000000000
108747  30.430  -11.131  38.644 0.0000000000
108760  29.412  -11.880  36.900 0.0000000000
108777  30.263  -11.079  35.291 0.0000000000
109839  32.193  -10.580  40.444 0.0000000000
109840  31.101  -10.915  40.145 0.0000000000
109880  30.185  -11.046  36.966 0.0000000000
109888  30.470  -10.604  36.585 0.0000000000
110891  32.150  -10.204  40.067 0.0000000000
110898  32.896  -9.724  40.271 0.0000000000
110900  31.972  -10.163  39.478 0.0000000000
110914  31.076  -10.203  38.517 0.0000000000
110923  30.993  -10.019  37.728 0.0000000000
110930  31.581  -9.487  37.595 0.0000000000
110937  31.335  -9.688  36.560 0.0000000000
110938  30.861  -10.105  36.087 0.0000000000
110950  32.844  -9.767  34.389 0.0000000000
112000  33.742  -8.780  40.268 0.0000000000
112002  32.630  -9.384  39.620 0.0000000000
112017  31.947  -9.585  38.626 0.0000000000
112023  31.931  -9.250  38.094 0.0000000000
112028  31.910  -8.855  37.412 0.0000000000
112034  39.470  -9.067  35.831 0.0000000000
112037  32.091  -8.759  36.019 0.0000000000
112043  39.182  -9.397  35.681 0.0000000000
112044  38.717  -9.287  35.816 0.0000000000
112051  32.361  -9.144  35.505 0.0000000000
112059  39.545  -9.185  35.084 0.0000000000
112066  34.062  -9.165  34.764 0.0000000000
112068  32.648  -9.437  34.981 0.0000000000
112074  38.777  -9.159  34.594 0.0000000000
113135  34.382  -8.527  40.431 0.0000000000
113143  33.481  -8.476  39.557 0.0000000000
113159  33.290  -8.372  38.883 0.0000000000
113167  33.388  -8.071  38.200 0.0000000000
113172  40.825  -8.176  36.692 0.0000000000
113173  40.213  -8.132  36.823 0.0000000000
113184  41.016  -8.367  36.027 0.0000000000
113186  39.751  -8.663  36.044 0.0000000000
113187  39.278  -8.556  36.333 0.0000000000
113189  36.555  -8.317  36.160 0.0000000000
113194  32.675  -8.435  36.258 0.0000000000
113204  34.203  -8.261  35.673 0.0000000000
113212  40.187  -8.084  34.804 0.0000000000
113225  38.649  -8.853  34.144 0.0000000000
114205  34.865  -7.532  39.852 0.0000000000
114221  34.296  -7.580  39.302 0.0000000000
114232  41.608  -7.491  37.554 0.0000000000
114236  39.437  -7.711  37.120 0.0000000000
114237  34.705  -7.210  38.021 0.0000000000
114238  34.050  -7.595  38.155 0.0000000000
114247  40.012  -7.795  37.131 0.0000000000
114253  34.251  -7.373  37.518 0.0000000000
114261  41.828  -7.702  36.455 0.0000000000
114262  41.390  -7.999  36.594 0.0000000000
114266  35.625  -7.835  36.726 0.0000000000
114267  34.260  -7.586  36.690 0.0000000000
114288  39.762  -7.934  34.300 0.0000000000
114297  39.435  -7.742  34.106 0.0000000000
115297  35.614  -7.156  40.375 0.0000000000
115305  35.885  -6.770  39.231 0.0000000000
115322  41.071  -6.346  38.317 0.0000000000
115323  40.331  -6.068  38.328 0.0000000000
115324  36.047  -6.572  38.538 0.0000000000
115326  35.057  -7.091  39.203 0.0000000000
115337  42.447  -6.966  37.679 0.0000000000
115339  41.395  -7.035  37.886 0.0000000000
115343  36.990  -6.722  37.615 0.0000000000
115354  42.121  -7.335  37.490 0.0000000000
115367  42.375  -6.961  36.349 0.0000000000
115374  41.284  -7.116  35.372 0.0000000000
115379  40.853  -6.558  34.818 0.0000000000
116443  36.415  -6.386  40.003 0.0000000000
116465  40.278  -5.635  38.746 0.0000000000
116466  39.724  -5.532  38.491 0.0000000000
116467  39.204  -5.513  38.298 0.0000000000
116468  38.428  -5.653  38.397 0.0000000000
116487  36.561  -6.343  38.214 0.0000000000
116526  39.139  -6.643  34.091 0.0000000000
116533  37.172  -5.840  33.546 0.0000000000
118951  38.752  -4.949  34.221 0.0000000000
118959  36.893  -4.582  33.282 0.0000000000
120106  39.273  -3.697  34.418 0.0000000000
120108  38.016  -3.576  33.979 0.0000000000
120127  36.628  -4.037  32.732 0.0000000000
121231  40.630  -2.492  34.602 0.0000000000
121232  38.704  -2.838  34.009 0.0000000000
121239  37.134  -2.832  32.897 0.0000000000
122394  41.618  -1.607  34.388 0.0000000000
122397  39.543  -2.039  34.113 0.0000000000
122402  38.667  -1.657  33.401 0.0000000000
123545  41.178  -1.139  34.044 0.0000000000
123559  39.124  -0.795  32.709 0.0000000000
123560  38.756  -0.925  32.457 0.0000000000
123568  38.473  -0.885  32.009 0.0000000000
124643  42.172  -0.504  34.070 0.0000000000
124649  41.086  -0.036  33.505 0.0000000000
124656  40.023  0.053  32.757 0.0000000000
124663  39.273  -0.251  31.827 0.0000000000
125748  43.940  0.446  34.096 0.0000000000
125755  44.956  1.129  33.923 0.0000000000
125774  41.083  0.918  31.629 0.0000000000
125775  40.098  0.532  31.729 0.0000000000
126909  43.880  1.356  33.119 0.0000000000
126926  42.756  1.516  31.602 0.0000000000
126930  41.012  1.099  30.894 0.0000000000
126935  40.572  0.986  30.276 0.0000000000
126946  44.250  1.506  27.397 0.0000000000
126947  43.663  1.299  27.571 0.0000000000
128160  43.765  2.184  31.784 0.0000000000
128166  43.491  2.223  29.881 0.0000000000
128167  42.926  1.986  30.096 0.0000000000
128177  43.789  2.107  28.471 0.0000000000
128178  43.275  1.702  28.750 0.0000000000
128182  46.575  2.378  27.239 0.0000000000
128202  45.488  1.837  27.089 0.0000000000
128203  44.832  1.763  27.189 0.0000000000
129341  46.243  3.176  31.521 0.0000000000
129342  45.149  2.929  30.963 0.0000000000
129348  45.004  2.994  29.840 0.0000000000
129355  45.690  3.216  28.982 0.0000000000
129356  45.129  2.993  29.152 0.0000000000
129365  46.794  3.380  28.037 0.0000000000
130466  46.073  3.393  30.703 0.0000000000
130478  45.894  3.476  30.081 0.0000000000
130488  47.782  3.708  29.158 0.0000000000
130502  46.393  3.438  28.790 0.0000000000
188818  44.856  2.249  31.999 0.0000000000
188923  30.616  -20.187  43.328 0.0000000000
189238  28.958  -24.378  56.589 0.0000000000
190689  40.002  0.569  31.066 0.0000000000
190964  38.917  -3.317  34.230 0.0000000000
193754  31.748  -25.555  57.451 0.0000000000
194682  6.368  -27.283  69.587 0.0000000000
194727  27.606  -20.241  50.823 0.0000000000
194893  44.903  2.948  30.431 0.0000000000
195088  34.638  -7.448  39.440 0.0000000000
195175  34.335  -18.724  47.827 0.0000000000
195773  24.142  -26.638  56.651 0.0000000000
195782  35.968  -6.829  39.864 0.0000000000
196002  42.152  0.555  33.250 0.0000000000
196257  42.949  1.257  32.309 0.0000000000
196513  25.909  -19.792  43.040 0.0000000000
196560  40.288  -5.291  39.196 0.0000000000
196848  33.888  -19.241  48.490 0.0000000000
197067  38.069  -9.155  35.832 0.0000000000
197113  43.529  2.226  31.045 0.0000000000
198201  40.019  -6.679  37.589 0.0000000000
198368  22.882  -27.106  56.842 0.0000000000
198737  23.154  -27.116  56.493 0.0000000000
199446  30.591  -10.899  34.821 0.0000000000
199579  38.015  -6.720  33.862 0.0000000000
199899  27.596  -19.734  50.517 0.0000000000
199964  32.033  -19.930  47.806 0.0000000000
200556  32.743  -8.333  36.802 0.0000000000
200913  42.277  -2.372  34.980 0.0000000000
201341  32.865  -19.820  48.181 0.0000000000
201717  42.480  -6.314  35.988 0.0000000000
204116  38.672  -7.516  33.767 0.0000000000
204443  34.109  -20.625  52.704 0.0000000000
205363  33.669  -17.686  45.869 0.0000000000
205597  28.096  -15.280  38.749 0.0000000000
206264  36.407  -7.390  37.047 0.0000000000
207795  32.502  -20.653  52.662 0.0000000000
208367  33.830  -7.576  37.119 0.0000000000
209697  31.610  -9.190  36.945 0.0000000000
209854  34.020  -15.859  46.316 0.0000000000
210901  22.747  -26.938  56.474 0.0000000000
210970  45.784  2.076  32.693 0.0000000000
211146  29.308  -19.710  44.683 0.0000000000
211333  24.606  -25.948  55.574 0.0000000000
211549  43.261  -5.512  36.701 0.0000000000
212174  35.457  -6.920  39.275 0.0000000000
212310  21.350  -25.977  52.926 0.0000000000
215925  42.898  -5.232  35.763 0.0000000000
215944  40.744  -3.217  34.780 0.0000000000
216094  40.569  -6.202  34.631 0.0000000000
216744  22.911  -26.813  54.902 0.0000000000
218285  30.500  -19.664  45.460 0.0000000000
218868  30.311  -12.731  41.861 0.0000000000
220578  31.840  -14.746  44.400 0.0000000000
221312  39.335  -7.280  37.400 0.0000000000
222538  40.451  0.822  30.795 0.0000000000
222577  22.121  -26.865  56.901 0.0000000000
222787  33.346  -18.889  46.687 0.0000000000
222800  15.400  -23.346  58.249 0.0000000000
222918  34.900  -8.839  41.080 0.0000000000
223532  30.929  -15.380  43.505 0.0000000000
223551  30.187  -20.143  41.464 0.0000000000
223593  32.880  -21.691  54.612 0.0000000000
223651  31.719  -19.696  47.196 0.0000000000
223828  29.838  -11.721  37.847 0.0000000000
224059  16.588  -25.068  53.552 0.0000000000
224157  37.154  -4.926  33.559 0.0000000000
224448  31.348  -19.504  43.030 0.0000000000
224632  36.541  -8.582  35.811 0.0000000000
225005  32.587  -20.514  51.344 0.0000000000
225192  33.432  -19.314  47.943 0.0000000000
225320  31.603  -19.589  45.253 0.0000000000
227066  19.235  -24.868  55.768 0.0000000000
