#!ascii label  , from subject sub-03_ses-007.long.sub-03 vox2ras=TkReg
1392
87419  -35.030  -7.953  32.167 0.0000000000
84727  -15.500  -9.135  37.749 0.0000000000
87398  -24.781  -7.736  32.989 0.0000000000
120545  -42.967  12.212  15.052 0.0000000000
123092  -48.355  13.637  10.216 0.0000000000
227578  -8.720  -9.095  43.578 0.0000000000
117072  -40.358  10.464  18.526 0.0000000000
92856  -36.709  -4.410  29.769 0.0000000000
224083  -28.988  -8.172  32.104 0.0000000000
85951  -11.374  -8.492  40.027 0.0000000000
79231  -11.632  -12.949  42.333 0.0000000000
91552  -30.128  -6.166  29.829 0.0000000000
94349  -31.559  -3.769  27.980 0.0000000000
83501  -20.224  -10.356  35.243 0.0000000000
95780  -26.094  -2.702  31.576 0.0000000000
102937  -36.968  0.938  19.324 0.0000000000
108058  -39.854  4.486  18.126 0.0000000000
112185  -43.226  7.010  16.116 0.0000000000
74893  -5.691  -14.820  46.930 0.0000000000
221468  -3.717  -15.396  50.077 0.0000000000
98541  -30.559  -1.021  27.015 0.0000000000
102838  -31.100  0.996  24.699 0.0000000000
100040  -33.379  -0.202  22.131 0.0000000000
76319  -8.340  -14.143  44.630 0.0000000000
83399  -15.492  -10.222  39.538 0.0000000000
82053  -17.934  -10.661  39.460 0.0000000000
199735  -31.676  -9.015  31.923 0.0000000000
90116  -14.234  -6.450  38.150 0.0000000000
84704  -13.341  -8.801  38.684 0.0000000000
82021  -13.261  -11.077  40.034 0.0000000000
229779  -30.303  -4.305  31.278 0.0000000000
92852  -27.905  -4.516  30.103 0.0000000000
213746  -36.359  3.995  19.278 0.0000000000
105543  -38.904  2.752  18.508 0.0000000000
110670  -38.168  6.027  18.809 0.0000000000
114597  -40.749  8.980  16.761 0.0000000000
117124  -42.438  9.926  15.123 0.0000000000
114622  -44.302  7.905  14.482 0.0000000000
118303  -43.609  10.872  13.292 0.0000000000
119446  -44.614  11.312  11.862 0.0000000000
98496  -29.945  -1.474  30.199 0.0000000000
95850  -31.018  -2.548  27.047 0.0000000000
99879  -28.587  -0.001  28.569 0.0000000000
217751  -29.528  2.494  25.571 0.0000000000
105467  -31.065  2.964  23.936 0.0000000000
101413  -32.178  0.368  23.529 0.0000000000
104266  -32.309  2.419  22.302 0.0000000000
233504  -34.124  2.420  21.519 0.0000000000
84807  -22.729  -9.369  33.518 0.0000000000
79204  -6.972  -12.571  44.977 0.0000000000
222502  -8.107  -11.858  43.165 0.0000000000
69341  -4.542  -17.946  51.727 0.0000000000
69317  -3.174  -17.794  53.426 0.0000000000
114552  -38.628  8.624  19.779 0.0000000000
97189  -35.795  -1.802  29.016 0.0000000000
219711  -26.596  -6.868  32.957 0.0000000000
84661  -10.170  -8.969  41.489 0.0000000000
80607  -9.394  -11.570  41.754 0.0000000000
226134  -11.308  -11.171  40.524 0.0000000000
229305  -49.901  13.324  9.947 0.0000000000
86180  -31.736  -7.909  29.532 0.0000000000
88867  -33.482  -6.531  28.867 0.0000000000
90267  -31.727  -5.993  28.885 0.0000000000
87321  -16.143  -7.820  36.295 0.0000000000
83475  -17.564  -9.685  36.784 0.0000000000
86066  -18.358  -8.190  34.492 0.0000000000
86108  -20.761  -8.218  33.285 0.0000000000
90193  -22.891  -6.210  32.423 0.0000000000
95739  -24.056  -2.228  33.235 0.0000000000
91490  -24.527  -5.555  31.858 0.0000000000
90218  -26.337  -5.990  30.552 0.0000000000
87450  -29.187  -7.647  29.712 0.0000000000
98651  -37.719  -1.279  21.232 0.0000000000
113418  -39.589  7.911  18.093 0.0000000000
112128  -41.531  6.632  17.814 0.0000000000
119466  -45.748  12.053  10.210 0.0000000000
73533  -4.865  -15.378  48.310 0.0000000000
70787  -5.760  -17.446  50.655 0.0000000000
91593  -34.234  -4.727  27.937 0.0000000000
97225  -33.344  -2.572  27.167 0.0000000000
99928  -32.654  -0.300  28.072 0.0000000000
102803  -28.593  1.426  26.963 0.0000000000
101380  -30.300  0.578  25.944 0.0000000000
102788  -32.832  0.682  27.319 0.0000000000
101383  -33.849  0.396  26.284 0.0000000000
212108  -34.614  -1.356  24.618 0.0000000000
97277  -35.563  -2.235  22.439 0.0000000000
231749  -35.255  -0.055  20.431 0.0000000000
228201  -35.135  2.505  20.020 0.0000000000
82056  -19.916  -11.447  38.574 0.0000000000
79187  -6.016  -11.987  46.705 0.0000000000
74936  -6.993  -14.702  46.029 0.0000000000
213681  -9.959  -13.532  43.335 0.0000000000
69316  -1.706  -18.006  53.609 0.0000000000
83422  -15.649  -9.943  38.853 0.0000000000
83401  -16.672  -10.173  39.458 0.0000000000
83443  -16.520  -9.932  38.189 0.0000000000
86147  -33.883  -8.427  32.138 0.0000000000
87301  -14.581  -7.750  37.694 0.0000000000
87290  -13.542  -7.534  38.494 0.0000000000
84706  -14.510  -9.180  38.374 0.0000000000
83420  -14.183  -9.717  38.799 0.0000000000
110655  -36.637  5.708  19.822 0.0000000000
109266  -37.415  5.193  19.104 0.0000000000
112109  -37.526  6.290  19.487 0.0000000000
119407  -42.346  11.588  16.206 0.0000000000
117115  -42.079  10.214  15.617 0.0000000000
118276  -42.578  10.982  14.749 0.0000000000
117136  -43.038  10.034  14.249 0.0000000000
119435  -43.020  11.780  13.695 0.0000000000
120565  -43.354  12.210  13.189 0.0000000000
98509  -29.118  -0.992  29.257 0.0000000000
107923  -30.471  4.412  25.045 0.0000000000
230956  -31.623  2.744  23.187 0.0000000000
106698  -31.998  3.889  23.180 0.0000000000
106716  -32.889  3.597  22.492 0.0000000000
86112  -23.621  -8.578  33.093 0.0000000000
84790  -23.664  -9.710  34.449 0.0000000000
86067  -24.896  -8.618  34.332 0.0000000000
80564  -7.795  -10.898  44.011 0.0000000000
81942  -8.334  -10.634  43.109 0.0000000000
120594  -47.910  12.701  9.455 0.0000000000
70762  -3.980  -17.888  52.135 0.0000000000
92801  -37.948  -5.155  31.596 0.0000000000
202165  -36.822  -3.205  29.488 0.0000000000
87415  -27.667  -7.364  32.673 0.0000000000
87402  -29.012  -8.145  33.610 0.0000000000
87279  -12.142  -7.602  39.745 0.0000000000
232152  -11.197  -7.408  41.117 0.0000000000
87260  -10.732  -7.620  41.727 0.0000000000
85943  -10.670  -8.637  40.957 0.0000000000
83348  -10.501  -9.946  40.878 0.0000000000
83372  -11.431  -10.118  40.091 0.0000000000
82004  -14.273  -11.030  40.882 0.0000000000
82003  -13.704  -11.391  40.741 0.0000000000
199358  -30.585  -7.074  29.199 0.0000000000
88876  -31.774  -6.830  28.857 0.0000000000
90248  -30.939  -6.148  29.330 0.0000000000
88738  -16.521  -6.538  36.032 0.0000000000
87333  -17.122  -7.800  35.490 0.0000000000
88754  -17.907  -6.938  34.964 0.0000000000
88769  -20.533  -6.660  33.951 0.0000000000
88771  -21.455  -6.199  33.698 0.0000000000
87397  -22.074  -7.185  32.657 0.0000000000
91478  -22.119  -5.447  33.128 0.0000000000
97099  -26.929  -1.883  33.137 0.0000000000
95755  -24.977  -2.159  32.068 0.0000000000
94292  -24.000  -3.661  31.493 0.0000000000
92821  -24.852  -4.180  30.841 0.0000000000
91508  -25.354  -5.378  31.034 0.0000000000
92835  -26.186  -4.177  30.214 0.0000000000
91551  -28.903  -5.761  29.431 0.0000000000
90245  -28.341  -6.294  29.416 0.0000000000
88861  -29.232  -6.975  29.439 0.0000000000
86178  -30.661  -7.890  29.487 0.0000000000
101470  -37.179  -0.105  19.950 0.0000000000
100079  -38.330  -0.560  20.241 0.0000000000
101489  -38.032  0.324  19.302 0.0000000000
106807  -39.498  3.855  18.180 0.0000000000
105544  -39.904  2.311  18.224 0.0000000000
115711  -39.319  9.716  19.559 0.0000000000
230052  -38.914  8.469  18.803 0.0000000000
115730  -39.455  9.228  18.241 0.0000000000
114599  -41.676  8.359  16.015 0.0000000000
113430  -41.290  7.397  17.194 0.0000000000
225690  -42.550  6.868  16.909 0.0000000000
110687  -43.177  6.216  17.796 0.0000000000
119459  -45.316  12.004  10.712 0.0000000000
121761  -45.006  13.465  10.726 0.0000000000
121769  -45.882  13.128  10.030 0.0000000000
77697  -5.203  -13.433  47.585 0.0000000000
76276  -4.664  -14.139  48.301 0.0000000000
73558  -5.222  -15.439  47.783 0.0000000000
212711  -6.702  -16.882  49.626 0.0000000000
70764  -6.616  -17.333  52.310 0.0000000000
90281  -32.726  -5.219  27.888 0.0000000000
90271  -33.851  -5.724  28.701 0.0000000000
92891  -33.058  -4.674  27.553 0.0000000000
97221  -30.771  -1.811  27.076 0.0000000000
97223  -31.953  -2.304  26.776 0.0000000000
204771  -31.735  -1.701  26.904 0.0000000000
97215  -33.632  -1.454  27.769 0.0000000000
99953  -31.506  -0.252  27.068 0.0000000000
217030  -28.381  2.671  27.592 0.0000000000
102837  -30.102  1.532  25.157 0.0000000000
104233  -29.522  1.800  25.610 0.0000000000
102821  -30.500  0.863  25.405 0.0000000000
101364  -32.259  0.494  27.011 0.0000000000
102823  -32.125  0.551  26.162 0.0000000000
102825  -33.439  0.722  26.772 0.0000000000
102840  -32.498  0.398  25.802 0.0000000000
100023  -32.532  -0.093  23.003 0.0000000000
236347  -33.374  -0.837  24.126 0.0000000000
98609  -33.276  -0.945  22.848 0.0000000000
97246  -35.122  -1.810  23.486 0.0000000000
98630  -34.050  -1.285  21.889 0.0000000000
98647  -35.218  -1.245  21.507 0.0000000000
100056  -34.298  -0.281  21.361 0.0000000000
105495  -34.494  3.033  21.604 0.0000000000
105510  -34.437  2.470  21.112 0.0000000000
105511  -34.868  3.075  21.037 0.0000000000
83499  -18.966  -10.121  35.576 0.0000000000
82075  -18.861  -10.844  37.100 0.0000000000
82077  -20.288  -11.244  37.019 0.0000000000
77735  -7.305  -13.259  44.694 0.0000000000
77734  -6.873  -13.261  45.271 0.0000000000
74957  -7.844  -14.285  45.219 0.0000000000
211432  -10.151  -12.498  41.730 0.0000000000
77778  -9.605  -13.200  42.709 0.0000000000
77780  -11.185  -13.250  42.822 0.0000000000
83374  -15.572  -10.519  40.702 0.0000000000
203211  -16.374  -10.480  40.639 0.0000000000
82025  -17.863  -10.844  40.524 0.0000000000
233918  -18.902  -11.047  40.409 0.0000000000
199035  -29.990  -8.762  31.868 0.0000000000
86115  -30.171  -8.661  33.586 0.0000000000
90101  -13.283  -6.389  39.091 0.0000000000
217954  -13.097  -7.114  38.924 0.0000000000
84683  -12.330  -8.811  39.271 0.0000000000
83395  -12.354  -9.570  39.457 0.0000000000
83396  -13.033  -9.951  39.309 0.0000000000
83373  -14.374  -10.734  39.802 0.0000000000
91521  -29.842  -5.283  30.326 0.0000000000
91538  -30.865  -5.328  30.179 0.0000000000
95758  -27.323  -2.382  32.103 0.0000000000
94316  -27.346  -3.374  30.576 0.0000000000
92838  -29.309  -4.604  30.532 0.0000000000
105540  -36.730  2.571  18.891 0.0000000000
104333  -37.277  1.959  18.782 0.0000000000
106787  -37.283  3.715  18.762 0.0000000000
108056  -38.514  4.410  18.304 0.0000000000
213275  -39.056  5.538  18.347 0.0000000000
115741  -40.392  9.281  17.256 0.0000000000
117106  -41.397  10.063  16.515 0.0000000000
114609  -41.549  9.026  15.802 0.0000000000
114620  -42.678  8.139  15.181 0.0000000000
113467  -43.238  7.772  15.034 0.0000000000
115779  -43.444  9.125  14.405 0.0000000000
117138  -44.249  9.758  13.735 0.0000000000
117148  -44.573  10.252  13.304 0.0000000000
118317  -44.401  11.061  12.421 0.0000000000
120571  -43.771  12.494  12.390 0.0000000000
73561  -7.355  -15.771  47.491 0.0000000000
72203  -6.377  -16.185  47.726 0.0000000000
73513  -7.788  -15.970  48.770 0.0000000000
95828  -30.986  -2.900  28.498 0.0000000000
205108  -31.279  -3.151  27.168 0.0000000000
97199  -29.919  -1.978  28.656 0.0000000000
98529  -29.679  -1.548  28.013 0.0000000000
99924  -29.023  -0.499  27.647 0.0000000000
106658  -29.202  3.661  26.213 0.0000000000
107922  -29.911  4.267  25.478 0.0000000000
221175  -30.255  2.912  24.746 0.0000000000
104244  -30.756  1.696  24.353 0.0000000000
102851  -31.563  0.695  24.490 0.0000000000
102863  -31.458  1.501  23.405 0.0000000000
104258  -31.903  1.781  22.755 0.0000000000
102876  -32.913  0.925  22.290 0.0000000000
102890  -33.410  0.887  21.725 0.0000000000
104277  -33.092  2.366  21.940 0.0000000000
83521  -21.123  -10.199  34.556 0.0000000000
82088  -21.624  -11.223  36.365 0.0000000000
83504  -22.864  -10.527  35.187 0.0000000000
220500  -7.445  -12.054  44.146 0.0000000000
77749  -8.095  -13.398  43.574 0.0000000000
70785  -4.552  -17.112  50.554 0.0000000000
72172  -3.541  -16.095  51.115 0.0000000000
70772  -3.707  -17.173  51.919 0.0000000000
70761  -3.408  -17.287  52.777 0.0000000000
70750  -2.781  -17.059  53.247 0.0000000000
98498  -35.824  -0.996  29.418 0.0000000000
217632  -25.814  -6.941  32.968 0.0000000000
199854  -25.897  -7.638  34.052 0.0000000000
87251  -10.040  -7.748  42.709 0.0000000000
84648  -9.412  -9.176  42.698 0.0000000000
83323  -9.167  -10.368  42.208 0.0000000000
83324  -9.650  -10.234  41.681 0.0000000000
80622  -10.339  -11.468  41.299 0.0000000000
79242  -11.360  -12.148  41.279 0.0000000000
82020  -12.465  -11.047  39.911 0.0000000000
80625  -12.379  -12.023  40.809 0.0000000000
80609  -12.751  -12.212  42.323 0.0000000000
121773  -49.063  13.141  9.977 0.0000000000
87440  -33.252  -7.747  30.395 0.0000000000
88830  -34.363  -7.030  30.534 0.0000000000
87471  -32.820  -7.141  29.397 0.0000000000
88877  -32.429  -6.436  28.578 0.0000000000
91573  -31.980  -5.293  28.474 0.0000000000
91539  -31.424  -5.395  29.736 0.0000000000
211983  -31.883  -4.232  29.096 0.0000000000
95829  -31.758  -3.121  29.062 0.0000000000
97173  -31.447  -2.543  30.008 0.0000000000
205598  -15.771  -8.042  37.041 0.0000000000
84738  -16.462  -9.103  37.141 0.0000000000
84750  -16.737  -8.861  36.624 0.0000000000
84766  -17.994  -9.187  35.551 0.0000000000
84787  -18.782  -9.401  34.592 0.0000000000
87351  -18.747  -7.366  34.294 0.0000000000
86088  -19.364  -8.258  33.582 0.0000000000
83530  -20.141  -9.749  34.112 0.0000000000
84819  -21.718  -9.036  32.998 0.0000000000
86111  -22.800  -8.343  32.744 0.0000000000
87413  -23.553  -7.160  32.630 0.0000000000
94241  -22.539  -3.671  34.060 0.0000000000
221296  -22.973  -4.911  32.275 0.0000000000
91489  -23.826  -5.500  31.988 0.0000000000
88806  -24.829  -6.664  32.523 0.0000000000
90197  -25.472  -6.384  32.022 0.0000000000
88819  -26.444  -6.871  31.500 0.0000000000
87438  -27.704  -7.248  30.990 0.0000000000
203022  -27.311  -4.918  29.963 0.0000000000
87448  -27.870  -7.067  30.198 0.0000000000
86153  -28.905  -7.915  30.766 0.0000000000
86155  -30.087  -8.373  30.490 0.0000000000
208256  -32.120  -8.485  30.528 0.0000000000
88730  -15.355  -6.740  37.107 0.0000000000
102940  -39.274  0.888  18.938 0.0000000000
113406  -38.184  7.543  19.252 0.0000000000
112126  -39.026  6.700  18.452 0.0000000000
110684  -40.055  6.005  18.062 0.0000000000
114574  -40.034  8.258  17.698 0.0000000000
219754  -40.406  6.963  17.902 0.0000000000
218900  -40.721  5.952  18.022 0.0000000000
222442  -42.474  5.162  18.057 0.0000000000
119468  -46.961  11.539  9.623 0.0000000000
120593  -47.125  12.702  9.685 0.0000000000
123091  -47.825  13.996  10.240 0.0000000000
76275  -4.393  -14.104  48.875 0.0000000000
73511  -4.137  -15.547  49.301 0.0000000000
233614  -5.828  -16.691  48.705 0.0000000000
72191  -5.222  -16.611  48.940 0.0000000000
70796  -4.968  -17.082  50.067 0.0000000000
69352  -5.548  -17.639  51.187 0.0000000000
90232  -34.318  -6.377  29.513 0.0000000000
236260  -34.980  -5.729  29.383 0.0000000000
92862  -34.978  -4.719  28.835 0.0000000000
94381  -32.468  -3.593  26.980 0.0000000000
94362  -33.997  -3.430  27.451 0.0000000000
94350  -35.103  -3.645  28.105 0.0000000000
206367  -34.734  -2.238  27.985 0.0000000000
97202  -34.853  -1.462  28.562 0.0000000000
99903  -33.535  -0.134  28.931 0.0000000000
101318  -28.295  0.565  28.129 0.0000000000
99949  -29.093  -0.121  27.077 0.0000000000
104224  -28.707  1.916  26.500 0.0000000000
225810  -29.147  0.738  26.402 0.0000000000
101361  -30.025  0.212  26.399 0.0000000000
99926  -31.877  0.331  27.104 0.0000000000
101343  -32.449  0.493  27.483 0.0000000000
101406  -32.688  -0.103  24.765 0.0000000000
99983  -34.174  -0.806  25.225 0.0000000000
98633  -36.637  -1.627  21.737 0.0000000000
100076  -36.245  -0.561  20.541 0.0000000000
101486  -35.991  0.443  19.819 0.0000000000
102912  -34.432  1.041  20.826 0.0000000000
102925  -34.948  1.105  20.312 0.0000000000
104311  -35.560  2.008  19.722 0.0000000000
106776  -35.776  3.467  19.925 0.0000000000
237756  -36.042  4.642  19.934 0.0000000000
83445  -17.744  -10.451  37.859 0.0000000000
82055  -19.112  -10.973  39.276 0.0000000000
82067  -21.622  -11.639  37.545 0.0000000000
76294  -5.891  -14.132  46.631 0.0000000000
214428  -6.308  -11.893  46.063 0.0000000000
77721  -6.414  -13.357  45.906 0.0000000000
74913  -6.722  -15.020  46.533 0.0000000000
73583  -7.756  -15.416  47.040 0.0000000000
80593  -8.928  -11.773  42.255 0.0000000000
77777  -8.987  -12.934  42.832 0.0000000000
76337  -8.877  -13.970  44.228 0.0000000000
68107  -3.223  -19.136  54.242 0.0000000000
70738  -2.384  -17.817  53.520 0.0000000000
70749  -2.059  -16.993  53.436 0.0000000000
88811  -35.471  -7.497  31.821 0.0000000000
84707  -15.208  -9.486  38.254 0.0000000000
83423  -16.308  -10.013  38.862 0.0000000000
84708  -15.868  -9.745  38.222 0.0000000000
87418  -34.510  -8.179  31.918 0.0000000000
236510  -14.785  -8.378  37.745 0.0000000000
85983  -14.459  -8.474  37.982 0.0000000000
84726  -14.909  -8.871  37.864 0.0000000000
110656  -37.112  6.133  19.922 0.0000000000
110664  -37.174  5.745  19.481 0.0000000000
112096  -37.398  6.530  20.256 0.0000000000
200430  -42.753  11.922  15.392 0.0000000000
118266  -42.371  11.449  15.427 0.0000000000
119416  -42.703  11.659  14.868 0.0000000000
119426  -42.828  11.361  14.229 0.0000000000
120557  -42.929  12.024  14.389 0.0000000000
107954  -31.837  4.403  23.567 0.0000000000
86113  -24.299  -8.178  33.023 0.0000000000
86090  -24.306  -8.761  33.576 0.0000000000
86091  -24.893  -8.197  33.549 0.0000000000
84641  -8.454  -9.150  44.045 0.0000000000
235111  -8.102  -10.027  43.909 0.0000000000
83300  -8.345  -9.770  43.499 0.0000000000
121772  -48.488  13.152  9.894 0.0000000000
120595  -48.695  12.613  9.483 0.0000000000
92842  -37.354  -4.410  30.226 0.0000000000
214503  -37.182  -3.736  29.686 0.0000000000
94332  -36.686  -3.807  29.309 0.0000000000
201125  -28.035  -7.487  32.149 0.0000000000
227080  -27.897  -7.535  33.202 0.0000000000
87417  -29.008  -7.951  32.820 0.0000000000
85957  -11.922  -8.273  39.647 0.0000000000
87274  -11.921  -7.277  40.105 0.0000000000
87273  -11.572  -7.702  40.207 0.0000000000
85944  -10.981  -8.105  40.540 0.0000000000
85950  -11.053  -8.739  40.452 0.0000000000
84668  -10.847  -9.159  40.522 0.0000000000
84669  -11.266  -9.281  40.063 0.0000000000
199763  -30.386  -6.666  29.445 0.0000000000
88739  -17.104  -6.499  35.603 0.0000000000
91463  -21.705  -5.147  34.783 0.0000000000
90172  -21.090  -5.950  34.299 0.0000000000
214047  -21.504  -5.555  34.137 0.0000000000
90180  -21.750  -5.843  33.426 0.0000000000
91477  -21.849  -5.248  33.683 0.0000000000
97112  -26.343  -1.957  32.614 0.0000000000
97111  -25.622  -1.876  32.728 0.0000000000
95756  -25.814  -2.341  32.122 0.0000000000
95779  -25.278  -2.835  31.468 0.0000000000
94295  -25.782  -3.130  31.153 0.0000000000
92834  -25.546  -4.199  30.661 0.0000000000
94314  -25.955  -3.592  30.768 0.0000000000
215266  -29.506  -6.150  29.729 0.0000000000
90246  -28.999  -6.429  29.484 0.0000000000
90247  -29.699  -6.601  29.628 0.0000000000
88862  -29.892  -7.037  29.324 0.0000000000
101487  -36.689  0.393  19.651 0.0000000000
226925  -37.916  -0.175  19.713 0.0000000000
101488  -37.386  0.330  19.476 0.0000000000
106790  -39.944  3.098  18.316 0.0000000000
108059  -40.688  4.560  18.171 0.0000000000
117071  -39.888  10.186  19.109 0.0000000000
115722  -39.313  9.604  18.872 0.0000000000
117082  -39.783  9.987  18.357 0.0000000000
113454  -42.287  7.969  15.795 0.0000000000
113443  -41.927  7.775  16.343 0.0000000000
113444  -42.539  7.308  16.338 0.0000000000
112151  -42.989  6.672  17.373 0.0000000000
123088  -45.474  13.817  10.324 0.0000000000
76286  -5.387  -14.138  47.175 0.0000000000
74892  -5.261  -14.832  47.432 0.0000000000
73559  -5.638  -15.448  47.302 0.0000000000
92875  -31.952  -4.392  27.911 0.0000000000
92890  -32.451  -4.573  27.661 0.0000000000
98542  -31.202  -1.186  26.955 0.0000000000
98543  -31.894  -0.987  27.151 0.0000000000
219131  -30.915  -0.488  26.924 0.0000000000
218704  -30.650  1.297  24.871 0.0000000000
102822  -31.288  0.640  25.463 0.0000000000
102839  -31.769  0.539  25.282 0.0000000000
101421  -32.918  0.173  22.525 0.0000000000
100025  -33.407  -0.957  22.153 0.0000000000
98610  -33.791  -1.425  22.556 0.0000000000
100041  -33.760  -0.695  21.629 0.0000000000
83500  -19.537  -10.294  35.304 0.0000000000
83478  -19.468  -10.514  35.990 0.0000000000
82086  -20.114  -10.795  36.299 0.0000000000
76335  -7.747  -13.828  44.550 0.0000000000
74938  -8.348  -14.549  45.809 0.0000000000
76306  -8.504  -14.347  45.216 0.0000000000
79230  -10.815  -12.978  42.068 0.0000000000
74835  -3.637  -14.612  50.518 0.0000000000
91510  -36.780  -5.719  30.984 0.0000000000
231084  -15.705  -10.460  40.200 0.0000000000
83375  -15.966  -10.286  40.647 0.0000000000
231748  -15.933  -10.408  40.006 0.0000000000
219743  -17.285  -10.358  39.417 0.0000000000
82039  -16.888  -10.444  39.949 0.0000000000
82040  -17.486  -10.674  39.965 0.0000000000
206849  -18.509  -11.020  40.753 0.0000000000
82041  -18.545  -10.799  39.649 0.0000000000
86131  -30.760  -8.966  32.099 0.0000000000
86132  -31.350  -9.180  32.616 0.0000000000
90103  -14.294  -5.687  38.251 0.0000000000
90102  -13.790  -6.030  38.664 0.0000000000
233222  -13.583  -8.181  38.519 0.0000000000
85966  -13.079  -7.977  38.923 0.0000000000
85958  -12.570  -8.106  39.426 0.0000000000
84703  -12.808  -8.610  39.003 0.0000000000
84684  -12.863  -9.224  39.065 0.0000000000
83419  -13.475  -9.536  38.877 0.0000000000
83398  -14.677  -10.252  39.330 0.0000000000
216432  -15.168  -10.663  39.979 0.0000000000
92839  -30.193  -4.742  30.732 0.0000000000
201181  -30.307  -5.272  30.403 0.0000000000
95783  -28.165  -2.762  31.899 0.0000000000
228139  -29.921  -4.025  31.786 0.0000000000
92822  -29.709  -4.170  31.118 0.0000000000
106786  -36.641  3.449  18.996 0.0000000000
221685  -37.131  3.125  18.693 0.0000000000
109267  -37.935  5.489  18.835 0.0000000000
108046  -37.438  4.417  18.926 0.0000000000
108047  -38.055  4.834  18.627 0.0000000000
109279  -38.726  4.942  18.273 0.0000000000
109268  -38.428  5.487  18.543 0.0000000000
117096  -41.151  10.377  17.093 0.0000000000
118256  -41.698  10.720  16.838 0.0000000000
117114  -41.673  9.758  15.936 0.0000000000
115760  -42.054  9.483  15.433 0.0000000000
114610  -42.173  8.690  15.409 0.0000000000
115769  -42.534  9.263  15.038 0.0000000000
114619  -42.705  8.730  14.994 0.0000000000
230931  -42.968  9.126  14.689 0.0000000000
118290  -43.360  10.459  13.836 0.0000000000
117137  -43.569  9.775  14.017 0.0000000000
117147  -43.919  10.322  13.543 0.0000000000
118304  -44.181  10.743  13.005 0.0000000000
118316  -43.850  11.263  12.708 0.0000000000
121745  -43.581  12.993  13.258 0.0000000000
200061  -43.582  12.527  12.772 0.0000000000
97187  -30.541  -2.501  28.967 0.0000000000
97186  -30.194  -2.044  29.526 0.0000000000
99880  -28.834  -0.407  29.029 0.0000000000
98519  -29.315  -1.373  28.690 0.0000000000
98518  -28.939  -0.933  28.660 0.0000000000
98528  -29.160  -1.033  28.017 0.0000000000
99900  -28.807  -0.485  28.251 0.0000000000
106683  -30.527  3.704  24.598 0.0000000000
105466  -30.660  3.136  24.302 0.0000000000
104251  -30.616  2.469  24.231 0.0000000000
104252  -31.114  2.118  23.808 0.0000000000
104265  -31.861  2.588  22.846 0.0000000000
104257  -31.549  2.252  23.272 0.0000000000
236295  -32.328  1.173  22.609 0.0000000000
102889  -32.554  1.711  22.182 0.0000000000
106734  -33.431  3.168  22.058 0.0000000000
84806  -21.985  -9.418  33.465 0.0000000000
83522  -22.310  -10.378  34.658 0.0000000000
83533  -22.433  -9.784  34.089 0.0000000000
84769  -24.507  -9.655  35.554 0.0000000000
83505  -23.890  -10.003  35.697 0.0000000000
80577  -7.801  -11.780  43.748 0.0000000000
80563  -7.456  -11.371  44.350 0.0000000000
79219  -7.542  -12.599  43.687 0.0000000000
77760  -7.851  -13.021  43.448 0.0000000000
70774  -4.507  -17.485  51.185 0.0000000000
72165  -3.898  -17.033  51.126 0.0000000000
70773  -4.103  -17.541  51.570 0.0000000000
69330  -3.815  -18.135  52.957 0.0000000000
72151  -2.857  -16.424  52.925 0.0000000000
95818  -36.675  -2.529  29.496 0.0000000000
97158  -36.993  -2.045  29.884 0.0000000000
98481  -36.731  -1.204  30.065 0.0000000000
98511  -35.287  -1.182  29.047 0.0000000000
88791  -26.336  -6.933  33.411 0.0000000000
85937  -10.420  -8.216  41.583 0.0000000000
204418  -10.594  -7.362  42.383 0.0000000000
85936  -10.071  -8.385  42.150 0.0000000000
84649  -9.674  -8.504  42.739 0.0000000000
84656  -9.830  -9.079  42.211 0.0000000000
84655  -9.546  -9.691  42.200 0.0000000000
200575  -9.886  -9.597  41.676 0.0000000000
82019  -10.926  -10.460  40.545 0.0000000000
207405  -10.469  -10.471  41.007 0.0000000000
82002  -10.652  -11.043  40.908 0.0000000000
79237  -10.745  -12.157  41.565 0.0000000000
82037  -12.811  -10.561  39.566 0.0000000000
227518  -12.131  -10.287  39.674 0.0000000000
81976  -13.775  -11.463  41.553 0.0000000000
80626  -13.109  -11.791  41.122 0.0000000000
80610  -13.228  -11.781  41.938 0.0000000000
213564  -12.572  -12.185  41.524 0.0000000000
87452  -32.778  -7.673  29.877 0.0000000000
87470  -32.272  -7.602  29.373 0.0000000000
238179  -31.949  -6.344  28.779 0.0000000000
90268  -32.287  -5.753  28.362 0.0000000000
205576  -31.536  -5.161  30.215 0.0000000000
95816  -32.209  -3.093  29.823 0.0000000000
94329  -32.045  -3.640  29.387 0.0000000000
94339  -31.715  -3.729  28.614 0.0000000000
97188  -31.217  -2.769  29.325 0.0000000000
86004  -16.239  -8.526  36.768 0.0000000000
86064  -17.486  -8.176  35.338 0.0000000000
86042  -17.234  -8.365  35.682 0.0000000000
86043  -17.668  -8.648  35.356 0.0000000000
84767  -18.515  -9.633  35.177 0.0000000000
230277  -18.671  -8.744  34.448 0.0000000000
216975  -20.431  -7.407  33.460 0.0000000000
218794  -19.757  -7.602  33.541 0.0000000000
86089  -20.065  -8.193  33.425 0.0000000000
84803  -19.850  -9.041  33.750 0.0000000000
212381  -20.459  -8.761  33.463 0.0000000000
84818  -21.049  -8.928  33.281 0.0000000000
88789  -22.545  -6.743  32.524 0.0000000000
210296  -22.150  -7.921  32.750 0.0000000000
202803  -22.826  -7.416  32.521 0.0000000000
88804  -23.211  -6.728  32.415 0.0000000000
97077  -24.518  -1.906  33.707 0.0000000000
97058  -24.545  -1.704  34.341 0.0000000000
95724  -23.938  -2.093  34.021 0.0000000000
207925  -23.350  -2.477  34.417 0.0000000000
94242  -22.964  -3.182  33.558 0.0000000000
94258  -22.472  -3.903  33.344 0.0000000000
94270  -23.030  -3.682  32.762 0.0000000000
92820  -24.240  -4.280  31.131 0.0000000000
92819  -23.682  -4.321  31.572 0.0000000000
91506  -24.027  -4.957  31.480 0.0000000000
90195  -24.311  -6.095  32.232 0.0000000000
90196  -24.954  -6.170  32.211 0.0000000000
90207  -25.073  -5.774  31.630 0.0000000000
90217  -25.878  -5.694  30.759 0.0000000000
90209  -26.103  -6.355  31.092 0.0000000000
88820  -26.938  -7.242  31.219 0.0000000000
88828  -26.724  -6.572  30.707 0.0000000000
92836  -27.768  -3.796  30.318 0.0000000000
232518  -27.327  -4.312  30.086 0.0000000000
88860  -28.634  -6.875  29.495 0.0000000000
88842  -28.008  -6.762  29.615 0.0000000000
87449  -28.559  -7.331  29.852 0.0000000000
87439  -28.377  -7.564  30.600 0.0000000000
86165  -28.955  -7.844  30.220 0.0000000000
86154  -29.398  -8.140  30.683 0.0000000000
86166  -29.556  -8.016  30.036 0.0000000000
86179  -31.207  -8.068  29.787 0.0000000000
226750  -31.200  -8.404  30.202 0.0000000000
86169  -31.683  -8.288  30.084 0.0000000000
228392  -32.659  -8.063  30.511 0.0000000000
88737  -15.886  -6.430  36.551 0.0000000000
90131  -15.489  -5.991  37.118 0.0000000000
87320  -15.659  -7.288  36.672 0.0000000000
87312  -15.252  -7.523  37.284 0.0000000000
98635  -38.142  -1.712  21.764 0.0000000000
101472  -39.459  -0.161  19.831 0.0000000000
100064  -39.501  -0.799  20.876 0.0000000000
104334  -38.005  2.078  18.687 0.0000000000
102958  -38.592  1.492  18.666 0.0000000000
104335  -38.747  2.156  18.634 0.0000000000
114546  -38.171  8.134  20.074 0.0000000000
113395  -37.960  7.586  19.764 0.0000000000
114551  -38.345  8.114  19.508 0.0000000000
113417  -39.023  8.023  18.514 0.0000000000
113407  -38.621  7.339  18.753 0.0000000000
206900  -39.307  7.322  18.326 0.0000000000
110683  -39.368  6.113  18.261 0.0000000000
112127  -39.783  6.677  18.089 0.0000000000
114586  -40.321  8.626  17.162 0.0000000000
112150  -41.708  6.951  17.484 0.0000000000
112149  -40.985  7.127  17.653 0.0000000000
210528  -40.922  6.537  17.861 0.0000000000
110685  -41.403  6.104  18.028 0.0000000000
224016  -41.865  5.059  18.070 0.0000000000
222230  -41.930  6.277  17.946 0.0000000000
221315  -43.448  5.805  17.959 0.0000000000
226779  -43.625  7.979  14.665 0.0000000000
199665  -45.081  11.048  11.633 0.0000000000
119460  -45.835  11.480  10.496 0.0000000000
118353  -46.295  11.050  10.248 0.0000000000
119467  -46.287  11.658  9.994 0.0000000000
123089  -46.205  13.829  10.101 0.0000000000
208572  -46.419  12.726  9.833 0.0000000000
121770  -46.719  13.278  9.877 0.0000000000
123090  -47.083  13.910  10.052 0.0000000000
74881  -4.917  -14.801  48.002 0.0000000000
74880  -4.566  -14.753  48.534 0.0000000000
74865  -4.208  -14.733  49.084 0.0000000000
73532  -4.450  -15.310  48.729 0.0000000000
72198  -6.819  -16.351  48.236 0.0000000000
72197  -6.093  -16.472  48.220 0.0000000000
72192  -6.557  -16.670  48.866 0.0000000000
72183  -6.236  -17.194  50.113 0.0000000000
72182  -5.899  -17.002  49.335 0.0000000000
70797  -5.527  -17.265  49.967 0.0000000000
70805  -5.100  -16.898  49.558 0.0000000000
200413  -5.179  -17.301  50.414 0.0000000000
70763  -6.098  -17.764  51.962 0.0000000000
88843  -33.447  -6.888  29.298 0.0000000000
88844  -34.007  -6.903  29.814 0.0000000000
228349  -33.862  -6.601  29.280 0.0000000000
91592  -33.711  -5.280  28.092 0.0000000000
90251  -34.450  -5.787  29.194 0.0000000000
91575  -34.345  -5.137  28.670 0.0000000000
237053  -34.701  -4.623  28.342 0.0000000000
94380  -31.804  -3.416  27.016 0.0000000000
95862  -31.562  -2.779  26.888 0.0000000000
97224  -32.674  -2.395  26.919 0.0000000000
95864  -32.917  -3.084  26.933 0.0000000000
95852  -33.818  -2.853  27.396 0.0000000000
94363  -34.568  -3.579  27.717 0.0000000000
95853  -34.335  -2.873  27.663 0.0000000000
95842  -35.525  -3.014  28.307 0.0000000000
97216  -33.921  -2.153  27.551 0.0000000000
98531  -33.114  -0.967  27.865 0.0000000000
98520  -33.671  -0.866  28.230 0.0000000000
98521  -34.217  -0.778  28.635 0.0000000000
225031  -33.175  -0.394  28.349 0.0000000000
215738  -28.319  1.559  27.492 0.0000000000
102772  -28.102  1.350  28.087 0.0000000000
102787  -28.430  1.006  27.440 0.0000000000
223935  -28.697  0.415  27.292 0.0000000000
101360  -28.737  0.835  26.823 0.0000000000
105457  -29.362  3.053  25.842 0.0000000000
105456  -28.979  3.060  26.264 0.0000000000
220030  -29.006  2.388  25.994 0.0000000000
102820  -29.902  1.089  25.679 0.0000000000
102819  -29.349  1.196  26.017 0.0000000000
101379  -29.706  0.689  26.164 0.0000000000
99952  -31.156  0.122  26.832 0.0000000000
101362  -30.732  0.304  26.407 0.0000000000
226302  -33.065  0.488  28.287 0.0000000000
101344  -32.966  0.702  27.816 0.0000000000
101382  -33.198  0.393  26.125 0.0000000000
216914  -31.998  0.469  24.209 0.0000000000
101394  -32.201  0.316  24.933 0.0000000000
101405  -32.405  0.067  24.213 0.0000000000
98578  -33.923  -1.073  24.392 0.0000000000
99982  -33.321  -0.517  24.880 0.0000000000
230037  -35.523  -2.030  22.999 0.0000000000
97260  -36.199  -2.317  23.731 0.0000000000
97278  -36.070  -2.351  22.945 0.0000000000
226058  -36.644  -2.263  22.653 0.0000000000
97295  -36.961  -1.995  22.196 0.0000000000
97294  -36.189  -2.097  22.217 0.0000000000
100058  -35.410  -0.796  21.273 0.0000000000
100059  -36.008  -0.927  21.017 0.0000000000
100075  -35.612  -0.488  20.733 0.0000000000
101468  -35.823  -0.037  20.274 0.0000000000
220972  -33.602  1.433  21.490 0.0000000000
102911  -33.898  0.909  21.274 0.0000000000
104295  -34.077  1.752  21.200 0.0000000000
105521  -34.798  2.527  20.492 0.0000000000
104296  -34.587  1.820  20.677 0.0000000000
104310  -35.089  1.836  20.162 0.0000000000
102926  -35.552  1.177  19.777 0.0000000000
105530  -35.659  2.731  19.806 0.0000000000
228694  -35.784  4.090  20.445 0.0000000000
84739  -17.032  -9.369  37.000 0.0000000000
83460  -17.340  -9.926  37.397 0.0000000000
83461  -17.852  -10.304  37.154 0.0000000000
82065  -19.454  -11.236  38.186 0.0000000000
200051  -18.888  -10.990  37.828 0.0000000000
233219  -19.429  -11.218  38.771 0.0000000000
80650  -19.469  -11.301  39.679 0.0000000000
80661  -20.359  -11.640  39.021 0.0000000000
82089  -22.460  -11.326  36.384 0.0000000000
82079  -22.021  -11.517  36.966 0.0000000000
82068  -22.312  -11.618  37.585 0.0000000000
234333  -25.907  -7.878  34.550 0.0000000000
77698  -5.611  -13.422  46.997 0.0000000000
218232  -5.906  -12.727  46.817 0.0000000000
80547  -6.760  -11.744  45.401 0.0000000000
80529  -6.553  -11.180  46.056 0.0000000000
76317  -6.840  -13.822  45.487 0.0000000000
76304  -6.643  -14.148  45.842 0.0000000000
74935  -6.401  -14.496  46.248 0.0000000000
74914  -7.399  -15.148  46.428 0.0000000000
81974  -9.142  -11.107  42.106 0.0000000000
81943  -8.797  -10.916  42.581 0.0000000000
77762  -9.163  -13.429  43.199 0.0000000000
76353  -8.703  -13.595  43.655 0.0000000000
76354  -9.428  -13.722  43.831 0.0000000000
121763  -49.576  13.420  10.186 0.0000000000
69304  -2.101  -18.553  53.848 0.0000000000
69305  -2.378  -18.506  54.068 0.0000000000
231617  -1.984  -18.139  53.702 0.0000000000
70737  -1.672  -17.520  53.590 0.0000000000
83400  -16.083  -10.175  39.484 0.0000000000
83424  -16.965  -10.121  38.836 0.0000000000
199401  -32.557  -8.984  31.831 0.0000000000
88723  -14.423  -6.999  37.783 0.0000000000
87300  -14.021  -7.242  38.069 0.0000000000
85982  -14.006  -7.969  38.154 0.0000000000
85967  -13.968  -8.643  38.382 0.0000000000
84705  -13.899  -9.169  38.628 0.0000000000
83421  -14.936  -9.854  38.784 0.0000000000
92796  -30.582  -4.328  31.869 0.0000000000
219288  -36.383  4.607  19.447 0.0000000000
108045  -36.782  4.158  19.016 0.0000000000
109260  -36.742  5.241  19.477 0.0000000000
110669  -37.657  5.888  19.100 0.0000000000
118257  -42.044  11.153  16.525 0.0000000000
118265  -42.082  10.974  15.843 0.0000000000
118275  -42.355  10.635  15.236 0.0000000000
117125  -42.678  10.296  14.717 0.0000000000
214891  -42.802  9.668  14.676 0.0000000000
118289  -42.890  10.669  14.196 0.0000000000
118302  -43.085  11.062  13.653 0.0000000000
119436  -43.388  11.474  13.136 0.0000000000
98495  -29.440  -0.998  29.903 0.0000000000
99864  -29.148  -0.453  29.840 0.0000000000
101294  -28.714  0.028  29.362 0.0000000000
106684  -30.990  3.699  24.165 0.0000000000
105474  -31.428  2.813  23.492 0.0000000000
106697  -31.475  3.639  23.605 0.0000000000
105481  -31.829  3.202  23.105 0.0000000000
106715  -32.262  3.590  22.819 0.0000000000
105482  -32.290  3.075  22.567 0.0000000000
107983  -32.527  4.062  22.950 0.0000000000
84821  -23.016  -8.951  33.144 0.0000000000
84789  -23.098  -9.683  34.024 0.0000000000
84808  -23.595  -9.342  33.603 0.0000000000
84809  -24.222  -9.256  34.225 0.0000000000
84791  -24.613  -9.266  34.903 0.0000000000
81910  -8.071  -10.439  43.714 0.0000000000
80578  -8.099  -11.178  43.451 0.0000000000
120603  -48.152  12.001  9.315 0.0000000000
69331  -4.636  -18.434  52.426 0.0000000000
69318  -4.288  -18.588  53.386 0.0000000000
228359  -3.543  -18.315  53.651 0.0000000000
95806  -37.199  -2.905  29.761 0.0000000000
88810  -27.033  -7.034  32.716 0.0000000000
230924  -26.875  -6.990  33.442 0.0000000000
87400  -27.359  -7.294  33.328 0.0000000000
88775  -27.817  -7.576  33.887 0.0000000000
87379  -28.607  -7.773  34.109 0.0000000000
90087  -12.622  -6.369  40.040 0.0000000000
90074  -12.252  -6.370  40.535 0.0000000000
88694  -11.789  -6.931  40.658 0.0000000000
88680  -11.613  -6.764  41.606 0.0000000000
87267  -10.754  -7.970  41.159 0.0000000000
227990  -10.197  -9.581  41.225 0.0000000000
84662  -10.509  -9.348  40.859 0.0000000000
83371  -10.861  -9.736  40.394 0.0000000000
233417  -11.365  -10.626  40.326 0.0000000000
82022  -14.032  -11.004  40.297 0.0000000000
87469  -31.202  -7.635  29.344 0.0000000000
88864  -31.723  -7.397  29.062 0.0000000000
212936  -31.147  -7.143  28.954 0.0000000000
88863  -31.197  -6.597  29.005 0.0000000000
211853  -16.028  -7.083  36.102 0.0000000000
86041  -16.712  -8.087  35.883 0.0000000000
87332  -16.573  -7.307  35.690 0.0000000000
88743  -17.302  -7.107  35.322 0.0000000000
87350  -18.125  -7.541  34.704 0.0000000000
88758  -20.177  -6.334  34.588 0.0000000000
88759  -20.645  -6.183  34.451 0.0000000000
88770  -21.046  -6.454  33.867 0.0000000000
87375  -21.047  -7.066  33.486 0.0000000000
87396  -21.558  -7.521  33.038 0.0000000000
88787  -21.545  -6.844  33.333 0.0000000000
88788  -21.945  -6.529  33.077 0.0000000000
90181  -22.282  -6.129  32.858 0.0000000000
97098  -26.207  -1.595  33.265 0.0000000000
97097  -25.561  -1.616  33.380 0.0000000000
95754  -24.254  -2.428  32.372 0.0000000000
94271  -23.545  -3.625  32.077 0.0000000000
95778  -24.497  -2.811  31.676 0.0000000000
94293  -24.557  -3.503  31.132 0.0000000000
91507  -24.761  -4.958  31.286 0.0000000000
91518  -25.289  -4.710  30.888 0.0000000000
91519  -25.777  -4.924  30.467 0.0000000000
91520  -26.260  -5.410  30.220 0.0000000000
237146  -28.523  -5.281  29.672 0.0000000000
91535  -28.114  -5.710  29.492 0.0000000000
87466  -28.998  -7.268  29.505 0.0000000000
87451  -29.673  -7.779  29.569 0.0000000000
86177  -30.131  -7.547  29.327 0.0000000000
87468  -30.730  -7.447  29.213 0.0000000000
100061  -37.334  -0.856  20.824 0.0000000000
100062  -38.036  -0.810  20.815 0.0000000000
100078  -37.628  -0.545  20.283 0.0000000000
233472  -38.283  -0.011  19.448 0.0000000000
101490  -38.613  0.292  19.235 0.0000000000
106789  -39.180  3.294  18.386 0.0000000000
221854  -39.377  2.221  18.428 0.0000000000
115710  -38.990  9.132  19.383 0.0000000000
217298  -38.765  8.569  19.221 0.0000000000
115721  -39.059  8.973  18.810 0.0000000000
114572  -39.138  8.630  18.412 0.0000000000
114573  -39.525  8.570  18.046 0.0000000000
114598  -41.145  8.675  16.335 0.0000000000
197826  -40.808  8.438  16.830 0.0000000000
203199  -41.321  7.962  16.690 0.0000000000
113431  -41.931  7.276  16.911 0.0000000000
110686  -42.487  6.195  17.875 0.0000000000
112130  -42.800  6.616  17.700 0.0000000000
112131  -43.474  6.629  17.633 0.0000000000
119452  -44.442  11.919  11.710 0.0000000000
119453  -44.975  11.626  11.393 0.0000000000
120579  -44.854  12.360  11.268 0.0000000000
205216  -45.087  12.798  10.683 0.0000000000
120591  -45.505  12.605  10.214 0.0000000000
120592  -46.030  12.398  9.988 0.0000000000
121768  -45.362  13.184  10.331 0.0000000000
76285  -4.998  -14.133  47.747 0.0000000000
235292  -5.187  -15.860  48.164 0.0000000000
70775  -6.038  -17.569  51.318 0.0000000000
90269  -32.803  -5.822  28.254 0.0000000000
227896  -33.530  -6.163  28.670 0.0000000000
90282  -33.150  -5.446  28.051 0.0000000000
91591  -33.269  -5.090  27.792 0.0000000000
205184  -33.672  -4.735  27.617 0.0000000000
97222  -31.332  -2.117  26.861 0.0000000000
98544  -32.332  -1.710  26.999 0.0000000000
97214  -33.111  -1.751  27.318 0.0000000000
98530  -32.523  -0.988  27.463 0.0000000000
99927  -32.168  -0.092  27.492 0.0000000000
104223  -28.426  2.045  27.170 0.0000000000
104242  -29.931  2.292  25.170 0.0000000000
101381  -31.041  0.537  26.007 0.0000000000
102805  -31.851  0.579  26.424 0.0000000000
102806  -32.526  0.525  26.905 0.0000000000
102807  -33.108  0.818  27.180 0.0000000000
102824  -32.833  0.515  26.568 0.0000000000
100008  -32.598  -0.252  23.576 0.0000000000
100009  -32.892  -0.509  23.113 0.0000000000
98592  -33.112  -0.732  23.566 0.0000000000
98593  -33.700  -1.268  23.487 0.0000000000
98579  -34.990  -1.720  24.212 0.0000000000
98594  -34.338  -1.759  23.049 0.0000000000
97276  -35.037  -1.910  22.715 0.0000000000
98612  -35.141  -1.904  22.116 0.0000000000
97293  -35.416  -1.645  21.710 0.0000000000
98631  -34.811  -1.510  21.777 0.0000000000
100057  -34.708  -0.822  21.543 0.0000000000
101457  -34.892  -0.274  20.932 0.0000000000
106766  -35.348  3.107  20.435 0.0000000000
83476  -18.109  -10.051  36.542 0.0000000000
83462  -18.325  -10.580  36.917 0.0000000000
83477  -18.779  -10.445  36.375 0.0000000000
82076  -19.496  -11.162  37.430 0.0000000000
211850  -20.088  -11.410  37.871 0.0000000000
76318  -7.291  -13.822  45.109 0.0000000000
76305  -7.188  -14.303  45.549 0.0000000000
74937  -7.648  -14.698  45.888 0.0000000000
80608  -9.929  -11.871  41.534 0.0000000000
79236  -9.456  -12.277  41.788 0.0000000000
79229  -9.924  -12.906  42.138 0.0000000000
77779  -10.402  -13.296  42.728 0.0000000000
77764  -10.815  -13.503  43.536 0.0000000000
91511  -37.401  -5.487  31.260 0.0000000000
91542  -36.654  -4.982  30.215 0.0000000000
83325  -15.523  -10.629  41.841 0.0000000000
83350  -15.774  -10.517  41.312 0.0000000000
83351  -16.175  -10.504  41.325 0.0000000000
83352  -16.659  -10.651  41.030 0.0000000000
83376  -16.332  -10.407  40.068 0.0000000000
82024  -16.987  -10.663  40.490 0.0000000000
86143  -29.525  -8.382  31.769 0.0000000000
86114  -29.631  -8.276  33.122 0.0000000000
90088  -13.028  -6.075  39.707 0.0000000000
88714  -13.632  -6.796  38.545 0.0000000000
88705  -12.789  -6.682  39.482 0.0000000000
87280  -12.604  -7.377  39.346 0.0000000000
84682  -11.800  -9.015  39.639 0.0000000000
232896  -12.567  -10.092  39.485 0.0000000000
83397  -13.853  -10.130  39.282 0.0000000000
82038  -13.554  -10.551  39.719 0.0000000000
82023  -14.799  -10.876  40.621 0.0000000000
83349  -15.267  -10.733  41.331 0.0000000000
219725  -29.676  -5.710  29.842 0.0000000000
91537  -30.175  -5.597  30.099 0.0000000000
210372  -27.344  -2.087  32.719 0.0000000000
95781  -26.778  -2.718  31.581 0.0000000000
95803  -27.047  -3.033  31.070 0.0000000000
95782  -27.421  -2.812  31.580 0.0000000000
94296  -27.817  -3.215  31.201 0.0000000000
94317  -28.307  -3.584  30.825 0.0000000000
94318  -29.049  -3.833  30.910 0.0000000000
92853  -28.559  -4.773  30.106 0.0000000000
91536  -29.151  -5.211  29.895 0.0000000000
104322  -36.603  1.641  19.070 0.0000000000
102956  -37.260  1.370  18.959 0.0000000000
105541  -37.458  2.634  18.654 0.0000000000
217469  -37.695  3.254  18.482 0.0000000000
106788  -38.021  3.969  18.520 0.0000000000
205414  -38.452  3.324  18.376 0.0000000000
106806  -38.783  3.881  18.216 0.0000000000
108057  -39.116  4.414  18.115 0.0000000000
109280  -39.446  5.016  18.117 0.0000000000
117083  -40.363  10.272  17.938 0.0000000000
117095  -40.573  10.031  17.407 0.0000000000
115751  -40.904  9.664  16.878 0.0000000000
115752  -41.209  9.325  16.331 0.0000000000
117107  -41.858  10.481  16.223 0.0000000000
113455  -42.875  7.560  15.623 0.0000000000
113456  -43.503  7.278  15.529 0.0000000000
115770  -43.190  8.473  14.746 0.0000000000
114621  -43.856  8.577  14.468 0.0000000000
236704  -43.122  9.521  14.346 0.0000000000
114633  -44.466  8.701  14.203 0.0000000000
119444  -43.649  11.922  12.556 0.0000000000
119445  -44.133  11.606  12.187 0.0000000000
120578  -44.362  12.619  11.688 0.0000000000
73581  -6.266  -15.363  46.946 0.0000000000
218566  -6.088  -15.793  47.380 0.0000000000
73560  -6.705  -15.816  47.345 0.0000000000
95840  -31.222  -3.368  28.159 0.0000000000
95851  -31.259  -3.362  27.618 0.0000000000
95839  -30.927  -2.876  27.631 0.0000000000
97213  -30.560  -2.207  27.459 0.0000000000
98510  -29.543  -1.544  29.424 0.0000000000
97212  -30.095  -1.982  27.877 0.0000000000
97220  -30.160  -1.524  27.414 0.0000000000
225539  -29.654  -1.155  27.565 0.0000000000
98540  -29.993  -0.834  27.113 0.0000000000
106668  -29.587  3.714  25.642 0.0000000000
106669  -30.038  3.696  25.082 0.0000000000
105462  -29.809  3.013  25.344 0.0000000000
104243  -30.385  2.069  24.749 0.0000000000
102850  -31.121  1.259  24.012 0.0000000000
102864  -31.628  0.858  23.746 0.0000000000
213135  -31.872  1.002  23.076 0.0000000000
101420  -32.396  0.562  22.821 0.0000000000
101438  -33.289  0.399  22.082 0.0000000000
208044  -33.142  1.563  21.778 0.0000000000
104278  -33.676  2.042  21.644 0.0000000000
105483  -32.777  2.933  22.211 0.0000000000
105509  -33.895  2.704  21.828 0.0000000000
106735  -34.214  3.406  21.954 0.0000000000
106736  -34.843  3.700  21.886 0.0000000000
83520  -20.512  -10.122  34.630 0.0000000000
82108  -20.563  -10.675  35.813 0.0000000000
208201  -21.648  -10.827  35.399 0.0000000000
83480  -21.998  -11.058  35.872 0.0000000000
217084  -22.733  -10.939  35.802 0.0000000000
83524  -23.432  -10.013  35.165 0.0000000000
199910  -23.332  -10.458  35.792 0.0000000000
80548  -7.097  -11.149  44.973 0.0000000000
81857  -7.489  -10.514  44.641 0.0000000000
205273  -7.125  -11.917  44.657 0.0000000000
79212  -7.275  -12.641  44.293 0.0000000000
77748  -7.647  -13.267  43.962 0.0000000000
76336  -8.223  -13.766  44.050 0.0000000000
79222  -12.309  -12.345  43.498 0.0000000000
72173  -4.037  -16.543  50.485 0.0000000000
73483  -3.736  -15.935  50.455 0.0000000000
72164  -3.504  -16.588  51.674 0.0000000000
72157  -3.224  -16.519  52.382 0.0000000000
73466  -2.790  -15.779  52.627 0.0000000000
114547  -38.552  8.586  20.435 0.0000000000
115706  -39.563  9.737  20.250 0.0000000000
117064  -39.902  10.053  19.811 0.0000000000
216995  -40.511  10.620  19.094 0.0000000000
99883  -35.207  -0.432  29.456 0.0000000000
87399  -25.242  -7.416  33.089 0.0000000000
87376  -25.365  -7.710  33.549 0.0000000000
88772  -25.812  -7.254  33.432 0.0000000000
87377  -26.312  -7.272  34.057 0.0000000000
86092  -29.601  -8.281  33.771 0.0000000000
208213  -9.932  -7.395  43.266 0.0000000000
200243  -9.507  -7.886  43.251 0.0000000000
215535  -8.841  -9.369  43.031 0.0000000000
232451  -9.171  -9.725  42.587 0.0000000000
81975  -9.521  -10.898  41.755 0.0000000000
83347  -10.089  -10.100  41.269 0.0000000000
82001  -10.025  -10.794  41.296 0.0000000000
237261  -9.813  -11.314  41.515 0.0000000000
79238  -11.466  -12.581  41.762 0.0000000000
83394  -11.779  -9.658  39.745 0.0000000000
211302  -11.779  -10.789  40.123 0.0000000000
80638  -12.063  -11.501  40.345 0.0000000000
80639  -12.904  -11.722  40.284 0.0000000000
80624  -11.662  -11.900  40.803 0.0000000000
79243  -11.941  -12.369  41.264 0.0000000000
79239  -12.114  -12.594  41.924 0.0000000000
79232  -12.251  -12.530  42.726 0.0000000000
121762  -49.017  13.600  10.337 0.0000000000
87431  -34.119  -8.115  31.457 0.0000000000
87441  -34.236  -7.576  30.986 0.0000000000
87454  -33.863  -7.441  30.375 0.0000000000
87453  -33.376  -7.292  29.854 0.0000000000
88866  -32.914  -6.757  28.807 0.0000000000
88865  -32.281  -7.024  28.944 0.0000000000
88878  -33.063  -6.290  28.517 0.0000000000
91574  -32.285  -5.051  28.029 0.0000000000
91553  -30.781  -5.718  29.722 0.0000000000
90249  -31.643  -5.623  29.215 0.0000000000
92854  -31.829  -4.650  29.824 0.0000000000
92861  -31.711  -4.960  29.279 0.0000000000
92874  -31.872  -4.581  28.599 0.0000000000
97172  -30.663  -2.041  30.106 0.0000000000
97155  -31.092  -2.097  30.575 0.0000000000
84728  -16.166  -9.377  37.702 0.0000000000
86003  -15.816  -8.851  37.203 0.0000000000
84751  -17.303  -9.088  36.470 0.0000000000
84765  -17.525  -8.829  35.920 0.0000000000
84752  -17.870  -9.368  36.222 0.0000000000
83498  -18.466  -9.694  35.974 0.0000000000
83518  -19.071  -9.979  34.846 0.0000000000
88744  -18.275  -6.270  34.895 0.0000000000
88755  -18.498  -6.732  34.617 0.0000000000
87374  -19.882  -6.890  34.003 0.0000000000
87373  -19.279  -7.497  33.881 0.0000000000
86087  -18.846  -8.180  34.034 0.0000000000
84802  -19.121  -8.928  34.095 0.0000000000
84788  -19.397  -9.637  34.288 0.0000000000
83531  -20.832  -9.905  33.958 0.0000000000
84805  -21.259  -9.500  33.509 0.0000000000
86109  -21.500  -8.337  32.966 0.0000000000
86110  -22.115  -8.647  32.731 0.0000000000
84820  -22.363  -9.069  32.814 0.0000000000
205766  -23.646  -7.841  32.656 0.0000000000
87414  -24.172  -7.343  32.824 0.0000000000
209318  -22.211  -4.198  33.831 0.0000000000
92780  -22.221  -4.707  33.361 0.0000000000
91487  -22.584  -5.156  32.709 0.0000000000
92795  -23.211  -4.302  32.175 0.0000000000
91488  -23.068  -5.554  32.154 0.0000000000
90194  -23.531  -6.138  32.239 0.0000000000
88805  -24.043  -6.733  32.555 0.0000000000
88790  -24.780  -7.217  32.682 0.0000000000
211505  -25.338  -7.023  32.886 0.0000000000
88807  -25.421  -6.700  32.527 0.0000000000
88808  -26.022  -6.800  32.590 0.0000000000
90208  -25.604  -6.060  31.380 0.0000000000
90198  -25.975  -6.616  31.801 0.0000000000
88809  -26.508  -6.854  32.321 0.0000000000
224252  -26.850  -7.070  31.970 0.0000000000
87428  -27.421  -7.365  31.860 0.0000000000
87429  -28.158  -7.462  31.467 0.0000000000
94315  -26.615  -3.437  30.558 0.0000000000
92851  -26.756  -4.558  30.037 0.0000000000
90229  -26.854  -5.910  30.117 0.0000000000
90231  -27.724  -6.183  29.609 0.0000000000
90230  -27.327  -6.058  29.872 0.0000000000
88829  -27.308  -6.935  30.619 0.0000000000
86142  -28.634  -7.762  31.231 0.0000000000
212452  -29.126  -8.115  31.392 0.0000000000
207026  -29.740  -8.514  31.241 0.0000000000
86144  -30.415  -8.685  31.250 0.0000000000
86145  -31.209  -8.821  31.244 0.0000000000
86168  -30.677  -8.277  30.019 0.0000000000
86157  -31.518  -8.622  30.616 0.0000000000
200429  -32.013  -8.970  31.115 0.0000000000
86158  -32.628  -8.682  31.040 0.0000000000
86146  -33.318  -8.478  31.527 0.0000000000
90117  -14.663  -5.957  37.837 0.0000000000
90130  -15.020  -6.317  37.488 0.0000000000
206612  -14.641  -6.531  37.762 0.0000000000
87311  -14.827  -6.984  37.489 0.0000000000
85984  -15.219  -8.384  37.495 0.0000000000
100063  -38.768  -0.800  20.848 0.0000000000
102957  -37.845  1.436  18.777 0.0000000000
102939  -38.344  0.870  18.933 0.0000000000
102959  -39.308  1.631  18.498 0.0000000000
113388  -37.611  7.045  20.009 0.0000000000
112103  -37.802  6.946  19.514 0.0000000000
220156  -37.917  6.477  19.111 0.0000000000
114563  -38.589  8.050  18.997 0.0000000000
112111  -38.417  6.619  18.783 0.0000000000
110671  -38.734  6.100  18.530 0.0000000000
219874  -39.680  5.587  18.180 0.0000000000
109281  -40.256  5.283  18.109 0.0000000000
115731  -40.085  9.599  17.809 0.0000000000
114585  -39.861  8.940  17.619 0.0000000000
113429  -40.661  7.885  17.248 0.0000000000
113419  -40.267  7.565  17.788 0.0000000000
221077  -39.868  7.296  18.035 0.0000000000
218916  -40.399  6.426  17.959 0.0000000000
108061  -42.158  4.545  18.039 0.0000000000
109283  -42.801  5.731  18.006 0.0000000000
119475  -47.646  11.399  9.372 0.0000000000
200552  -46.693  12.163  9.735 0.0000000000
120602  -47.396  12.059  9.476 0.0000000000
121771  -47.664  13.347  9.899 0.0000000000
123079  -47.871  14.515  10.590 0.0000000000
76263  -4.103  -14.007  49.520 0.0000000000
74849  -3.853  -14.685  49.762 0.0000000000
73497  -4.077  -16.120  49.902 0.0000000000
73534  -5.646  -16.012  47.766 0.0000000000
72196  -5.412  -16.347  48.345 0.0000000000
73512  -4.791  -15.968  48.681 0.0000000000
72190  -4.595  -16.361  49.343 0.0000000000
70786  -5.094  -17.489  50.879 0.0000000000
69342  -5.073  -17.788  51.401 0.0000000000
69343  -5.608  -17.915  51.682 0.0000000000
225769  -5.100  -18.138  51.890 0.0000000000
224581  -34.676  -7.181  31.023 0.0000000000
90250  -33.924  -6.226  29.031 0.0000000000
90233  -34.925  -6.036  29.757 0.0000000000
91541  -36.131  -5.005  29.719 0.0000000000
92855  -36.249  -4.454  29.232 0.0000000000
94361  -32.077  -4.008  27.320 0.0000000000
92906  -32.757  -4.155  27.259 0.0000000000
92907  -33.430  -4.227  27.316 0.0000000000
95863  -32.221  -2.953  26.807 0.0000000000
94382  -33.140  -3.695  27.111 0.0000000000
202009  -34.108  -4.159  27.491 0.0000000000
92892  -34.708  -4.214  27.919 0.0000000000
92876  -35.123  -4.226  28.413 0.0000000000
94331  -36.222  -3.813  28.862 0.0000000000
217300  -35.910  -3.257  28.777 0.0000000000
95830  -35.900  -2.603  28.830 0.0000000000
97203  -35.395  -2.196  28.449 0.0000000000
97201  -34.214  -1.470  28.047 0.0000000000
234217  -35.309  -1.690  28.796 0.0000000000
222942  -34.743  -0.657  29.021 0.0000000000
101293  -28.248  0.382  28.961 0.0000000000
104209  -28.104  1.921  28.689 0.0000000000
102758  -28.116  1.131  29.021 0.0000000000
99899  -28.711  -0.042  27.778 0.0000000000
99950  -29.683  -0.301  26.773 0.0000000000
105450  -28.621  2.707  26.744 0.0000000000
215459  -29.064  1.705  26.061 0.0000000000
102804  -28.867  1.261  26.396 0.0000000000
200818  -29.430  0.247  26.556 0.0000000000
99951  -30.397  -0.315  26.701 0.0000000000
101363  -31.550  0.434  26.660 0.0000000000
99901  -32.640  0.243  28.044 0.0000000000
99902  -33.046  0.064  28.460 0.0000000000
207332  -33.328  0.434  28.617 0.0000000000
99881  -34.217  0.330  29.095 0.0000000000
102808  -33.592  1.089  27.322 0.0000000000
101395  -32.873  0.113  25.419 0.0000000000
99995  -32.881  -0.437  24.212 0.0000000000
97296  -37.647  -2.034  22.223 0.0000000000
98650  -37.003  -1.287  21.254 0.0000000000
98632  -36.001  -1.614  21.739 0.0000000000
98649  -36.334  -1.293  21.312 0.0000000000
100060  -36.638  -0.953  20.855 0.0000000000
100077  -36.924  -0.536  20.397 0.0000000000
101469  -36.490  -0.045  20.129 0.0000000000
102936  -36.287  1.013  19.495 0.0000000000
101439  -33.789  0.198  21.641 0.0000000000
101456  -34.330  0.298  21.061 0.0000000000
101467  -34.830  0.368  20.535 0.0000000000
208344  -35.369  0.463  20.128 0.0000000000
234852  -35.972  1.583  19.405 0.0000000000
222294  -36.143  2.243  19.407 0.0000000000
105531  -36.175  2.999  19.426 0.0000000000
106777  -36.161  3.599  19.470 0.0000000000
108029  -35.979  4.123  19.727 0.0000000000
109259  -36.359  5.180  19.863 0.0000000000
109253  -36.586  5.655  20.241 0.0000000000
83444  -17.157  -10.127  38.104 0.0000000000
83425  -17.667  -10.533  38.720 0.0000000000
83446  -18.273  -10.774  37.479 0.0000000000
82064  -18.326  -10.772  38.250 0.0000000000
82054  -18.436  -10.779  39.007 0.0000000000
82042  -19.021  -10.967  39.927 0.0000000000
82087  -20.843  -10.995  36.407 0.0000000000
198522  -20.861  -11.549  37.641 0.0000000000
82066  -20.595  -11.523  38.371 0.0000000000
82057  -22.492  -11.557  38.234 0.0000000000
80663  -21.881  -11.623  38.694 0.0000000000
80662  -21.099  -11.645  38.847 0.0000000000
80652  -20.804  -11.765  40.099 0.0000000000
87353  -25.458  -8.048  34.133 0.0000000000
86068  -25.604  -8.267  34.763 0.0000000000
209900  -5.467  -12.701  47.454 0.0000000000
79196  -6.212  -12.596  46.242 0.0000000000
79203  -6.514  -12.578  45.586 0.0000000000
232655  -6.153  -13.027  46.362 0.0000000000
77710  -6.012  -13.424  46.464 0.0000000000
74912  -6.179  -14.782  46.630 0.0000000000
73582  -7.052  -15.477  46.942 0.0000000000
74915  -8.185  -14.953  46.522 0.0000000000
83307  -8.718  -10.109  42.802 0.0000000000
80592  -8.409  -11.450  42.844 0.0000000000
79228  -9.206  -12.595  42.374 0.0000000000
79227  -8.518  -12.324  42.775 0.0000000000
77761  -8.429  -13.078  43.192 0.0000000000
77765  -11.442  -13.240  43.448 0.0000000000
76338  -9.604  -13.934  44.499 0.0000000000
76320  -9.008  -14.241  44.863 0.0000000000
69307  -3.739  -18.696  54.109 0.0000000000
69306  -2.969  -18.376  53.929 0.0000000000
72150  -2.362  -16.321  53.255 0.0000000000
234727  -1.552  -17.788  53.468 0.0000000000
69328  -1.602  -17.541  52.944 0.0000000000
69315  -1.554  -17.385  53.626 0.0000000000
70748  -1.581  -16.794  53.682 0.0000000000
69332  -5.478  -18.260  52.383 0.0000000000
72181  -4.540  -16.707  49.958 0.0000000000
73535  -6.988  -16.068  47.772 0.0000000000
76303  -6.259  -13.913  46.202 0.0000000000
79220  -8.013  -12.498  43.284 0.0000000000
80623  -10.982  -11.663  41.022 0.0000000000
80660  -19.708  -11.429  39.176 0.0000000000
80669  -21.311  -11.583  38.218 0.0000000000
80670  -21.913  -11.627  38.073 0.0000000000
82026  -18.535  -10.845  40.205 0.0000000000
82078  -21.209  -11.400  36.968 0.0000000000
82085  -19.504  -10.864  36.687 0.0000000000
82109  -21.272  -10.838  35.911 0.0000000000
83479  -19.980  -10.500  35.740 0.0000000000
83502  -20.987  -10.574  35.181 0.0000000000
83503  -22.238  -10.868  35.235 0.0000000000
83519  -19.774  -10.063  34.702 0.0000000000
83523  -22.966  -10.011  34.604 0.0000000000
83532  -21.644  -9.978  34.132 0.0000000000
84729  -16.748  -9.717  37.552 0.0000000000
84768  -24.080  -9.787  35.054 0.0000000000
84786  -18.207  -8.919  34.908 0.0000000000
84804  -20.578  -9.443  33.588 0.0000000000
86024  -16.535  -8.397  36.315 0.0000000000
86025  -17.014  -8.583  36.163 0.0000000000
86065  -17.868  -8.235  34.971 0.0000000000
86129  -28.484  -7.930  31.941 0.0000000000
86130  -29.629  -8.273  32.380 0.0000000000
86156  -30.852  -8.562  30.618 0.0000000000
86167  -30.109  -8.070  29.719 0.0000000000
86170  -32.231  -8.063  29.933 0.0000000000
87252  -10.399  -7.120  42.999 0.0000000000
87259  -10.332  -7.833  42.100 0.0000000000
87349  -17.625  -7.656  35.149 0.0000000000
87352  -19.352  -6.892  34.271 0.0000000000
87395  -21.064  -7.705  33.216 0.0000000000
87401  -28.440  -7.755  33.393 0.0000000000
87416  -28.351  -7.613  32.666 0.0000000000
87430  -33.677  -7.927  30.950 0.0000000000
87467  -29.491  -7.397  29.399 0.0000000000
88681  -12.060  -6.410  41.296 0.0000000000
88704  -12.269  -6.914  39.954 0.0000000000
88841  -27.378  -6.502  30.042 0.0000000000
88845  -34.591  -6.516  30.172 0.0000000000
90118  -15.151  -5.785  37.574 0.0000000000
90270  -33.317  -5.794  28.379 0.0000000000
91491  -36.919  -5.974  31.604 0.0000000000
91505  -23.419  -4.950  31.823 0.0000000000
91532  -26.280  -4.856  30.078 0.0000000000
91533  -26.765  -5.225  30.015 0.0000000000
91534  -27.384  -5.616  29.762 0.0000000000
91554  -34.970  -5.348  29.124 0.0000000000
91555  -35.577  -4.918  29.225 0.0000000000
92766  -22.115  -4.767  34.117 0.0000000000
92794  -22.680  -4.415  32.767 0.0000000000
92826  -37.083  -5.119  30.696 0.0000000000
92837  -28.553  -4.103  30.392 0.0000000000
92863  -35.657  -4.360  28.804 0.0000000000
94272  -23.924  -3.037  31.891 0.0000000000
94294  -25.308  -3.582  30.957 0.0000000000
94320  -37.607  -3.414  30.128 0.0000000000
94328  -26.963  -3.875  30.183 0.0000000000
94340  -36.354  -3.061  29.156 0.0000000000
94351  -35.668  -3.756  28.460 0.0000000000
94360  -31.609  -3.674  27.465 0.0000000000
94383  -33.489  -3.248  27.192 0.0000000000
95738  -23.434  -2.541  33.652 0.0000000000
95740  -28.004  -2.215  32.688 0.0000000000
95753  -23.526  -2.886  32.740 0.0000000000
95757  -26.539  -2.388  32.096 0.0000000000
95802  -26.347  -2.996  31.026 0.0000000000
95817  -36.234  -2.325  29.220 0.0000000000
95841  -34.925  -2.996  27.948 0.0000000000
97096  -24.864  -1.896  33.012 0.0000000000
97113  -26.891  -2.111  32.521 0.0000000000
97174  -36.354  -1.686  29.577 0.0000000000
97200  -30.405  -2.488  28.121 0.0000000000
97259  -35.719  -2.087  23.472 0.0000000000
97279  -37.237  -2.254  22.751 0.0000000000
98611  -34.487  -1.716  22.303 0.0000000000
98634  -37.361  -1.711  21.691 0.0000000000
98648  -35.732  -1.288  21.397 0.0000000000
99925  -29.411  -0.686  27.328 0.0000000000
100024  -33.072  -0.431  22.632 0.0000000000
100080  -39.075  -0.503  20.344 0.0000000000
101319  -33.789  0.644  28.759 0.0000000000
101471  -38.669  -0.183  19.697 0.0000000000
102938  -37.668  0.912  19.173 0.0000000000
102960  -39.987  1.302  18.410 0.0000000000
104336  -40.347  1.783  18.193 0.0000000000
105444  -28.605  3.313  27.373 0.0000000000
105542  -38.189  2.713  18.602 0.0000000000
108038  -36.910  4.729  19.155 0.0000000000
112102  -37.489  6.599  19.836 0.0000000000
112110  -38.127  7.006  19.057 0.0000000000
112129  -42.156  6.640  17.747 0.0000000000
113468  -43.869  7.458  14.955 0.0000000000
115692  -38.976  8.958  20.873 0.0000000000
115780  -44.000  9.214  14.114 0.0000000000
118247  -40.775  10.746  17.558 0.0000000000
120572  -43.995  12.192  12.052 0.0000000000
120577  -43.920  12.869  12.071 0.0000000000
121774  -49.665  12.989  9.842 0.0000000000
199528  -18.951  -10.988  38.576 0.0000000000
200064  -34.398  -1.607  23.881 0.0000000000
203966  -18.101  -10.743  39.958 0.0000000000
204436  -21.679  -10.580  34.833 0.0000000000
207599  -42.373  6.902  17.504 0.0000000000
210245  -28.203  2.019  27.886 0.0000000000
213300  -30.801  -2.420  29.615 0.0000000000
217381  -27.916  -5.133  29.813 0.0000000000
218231  -27.547  -2.021  33.180 0.0000000000
220694  -39.795  1.821  18.267 0.0000000000
221308  -42.026  5.717  18.090 0.0000000000
222913  -46.672  11.158  9.871 0.0000000000
222923  -27.832  -3.474  30.750 0.0000000000
223033  -39.463  2.739  18.395 0.0000000000
223934  -43.743  5.386  18.022 0.0000000000
224085  -25.270  -8.796  34.956 0.0000000000
226597  -34.781  -7.707  31.495 0.0000000000
227941  -20.883  -11.792  39.455 0.0000000000
230088  -35.178  -2.613  28.140 0.0000000000
231602  -22.579  -5.739  32.631 0.0000000000
231635  -32.261  4.335  23.284 0.0000000000
232284  -14.151  -11.101  41.282 0.0000000000
232397  -35.648  -1.942  22.028 0.0000000000
233481  -24.268  -7.750  32.792 0.0000000000
233653  -23.100  -2.766  33.989 0.0000000000
234543  -24.125  -9.508  34.675 0.0000000000
235333  -28.647  -7.995  32.356 0.0000000000
235857  -16.609  -10.511  40.287 0.0000000000
236269  -33.671  -3.790  27.253 0.0000000000
236345  -24.249  -3.244  31.533 0.0000000000
236620  -39.165  0.154  19.339 0.0000000000
237485  -33.091  -8.156  30.915 0.0000000000
237806  -39.296  8.301  18.271 0.0000000000
238191  -29.014  0.408  26.800 0.0000000000
