#!ascii label  , from subject sub-03_ses-007.long.sub-03 vox2ras=TkReg
1699
81748  -5.284  -10.236  49.862 0.0000000000
92768  -30.873  -4.239  33.482 0.0000000000
101247  -29.169  0.686  31.471 0.0000000000
91407  -22.622  -5.197  39.134 0.0000000000
112092  -37.522  6.382  20.805 0.0000000000
109188  -32.363  5.747  24.069 0.0000000000
94141  -33.406  -2.141  39.208 0.0000000000
97003  -27.678  -1.293  37.821 0.0000000000
215463  -43.432  8.518  23.026 0.0000000000
217231  -46.901  11.896  19.301 0.0000000000
125513  -48.684  14.877  18.072 0.0000000000
110371  -32.671  5.984  33.582 0.0000000000
107896  -29.166  4.198  27.853 0.0000000000
111920  -35.184  6.783  29.340 0.0000000000
110527  -38.121  6.260  26.428 0.0000000000
94121  -15.103  -3.715  40.462 0.0000000000
80417  -3.376  -11.821  52.778 0.0000000000
98456  -31.916  -1.728  32.435 0.0000000000
106546  -31.051  3.524  37.015 0.0000000000
90156  -17.714  -5.909  35.646 0.0000000000
91469  -21.930  -5.109  34.321 0.0000000000
123069  -44.779  14.268  11.545 0.0000000000
130296  -49.846  19.070  17.486 0.0000000000
106737  -35.506  3.917  21.985 0.0000000000
107965  -40.993  4.951  23.681 0.0000000000
83249  -6.850  -9.465  46.782 0.0000000000
73459  -2.049  -15.689  53.309 0.0000000000
117060  -45.199  10.582  21.267 0.0000000000
110429  -33.868  6.802  31.534 0.0000000000
90087  -12.622  -6.369  40.040 0.0000000000
81734  -4.739  -10.354  51.564 0.0000000000
92840  -31.840  -4.913  30.527 0.0000000000
206117  -32.886  -3.609  32.856 0.0000000000
200732  -20.085  -5.787  37.029 0.0000000000
88757  -19.709  -6.388  34.621 0.0000000000
91447  -21.956  -4.752  36.686 0.0000000000
228722  -29.544  -2.514  35.433 0.0000000000
97061  -26.933  -1.404  34.925 0.0000000000
95742  -29.312  -2.904  32.787 0.0000000000
90078  -21.064  -6.165  40.328 0.0000000000
214585  -18.304  -4.850  38.909 0.0000000000
118249  -42.006  11.279  17.154 0.0000000000
123053  -43.833  13.687  13.542 0.0000000000
128002  -49.127  16.924  18.341 0.0000000000
109158  -30.736  5.270  26.105 0.0000000000
107985  -33.837  4.648  22.743 0.0000000000
107927  -39.723  4.411  25.234 0.0000000000
89989  -10.763  -6.115  44.073 0.0000000000
88558  -9.592  -6.121  45.918 0.0000000000
88542  -8.413  -6.865  47.730 0.0000000000
83275  -7.744  -9.284  45.192 0.0000000000
73472  -3.034  -15.882  51.884 0.0000000000
94197  -32.219  -3.389  36.661 0.0000000000
95713  -33.686  -2.107  35.521 0.0000000000
98366  -35.344  -0.909  38.524 0.0000000000
225935  -25.774  -3.765  41.156 0.0000000000
94159  -24.920  -2.918  38.677 0.0000000000
95610  -27.946  -2.268  40.968 0.0000000000
220120  -30.455  -2.210  38.303 0.0000000000
114521  -40.407  8.048  22.448 0.0000000000
117038  -41.926  10.177  21.364 0.0000000000
118226  -42.682  11.415  19.040 0.0000000000
120514  -44.024  12.406  17.053 0.0000000000
121715  -45.337  13.848  15.677 0.0000000000
121687  -47.833  13.233  18.012 0.0000000000
106620  -29.902  3.827  32.521 0.0000000000
105419  -28.733  3.296  30.032 0.0000000000
109117  -30.905  5.280  30.721 0.0000000000
110477  -31.942  6.237  28.534 0.0000000000
111981  -33.439  6.860  26.921 0.0000000000
112018  -35.319  6.673  25.368 0.0000000000
111947  -36.609  6.907  28.461 0.0000000000
92629  -13.638  -4.087  42.608 0.0000000000
90043  -11.874  -6.299  42.033 0.0000000000
207729  -49.799  15.320  11.630 0.0000000000
80392  -2.732  -11.598  53.212 0.0000000000
231385  -31.901  -2.838  29.710 0.0000000000
99834  -30.722  -0.291  32.128 0.0000000000
99804  -32.643  -0.482  35.259 0.0000000000
102657  -31.781  0.824  34.488 0.0000000000
105375  -30.396  2.747  34.156 0.0000000000
109078  -31.380  4.744  35.088 0.0000000000
230739  -24.523  -2.126  36.288 0.0000000000
94125  -17.886  -3.994  40.849 0.0000000000
202025  -16.191  -4.470  38.221 0.0000000000
125530  -45.767  15.220  15.115 0.0000000000
128023  -46.805  16.946  13.876 0.0000000000
126833  -48.351  16.598  12.209 0.0000000000
130319  -50.678  18.672  14.617 0.0000000000
79172  -5.042  -12.757  48.042 0.0000000000
79138  -4.410  -12.789  49.420 0.0000000000
108022  -36.130  4.692  21.056 0.0000000000
109191  -37.092  5.084  24.181 0.0000000000
106722  -37.998  4.091  22.937 0.0000000000
110643  -38.984  5.726  21.688 0.0000000000
209023  -42.202  6.422  23.298 0.0000000000
83239  -6.098  -9.651  48.152 0.0000000000
77646  -3.694  -13.415  51.332 0.0000000000
218450  -3.176  -13.526  52.738 0.0000000000
77602  -2.129  -13.453  52.960 0.0000000000
83209  -5.116  -10.044  51.015 0.0000000000
94260  -30.567  -4.287  32.826 0.0000000000
236755  -31.291  -4.500  31.854 0.0000000000
92782  -31.591  -4.355  33.080 0.0000000000
90120  -20.993  -5.853  38.301 0.0000000000
90150  -21.200  -5.715  36.794 0.0000000000
91434  -22.052  -4.907  37.500 0.0000000000
94227  -30.161  -3.301  34.560 0.0000000000
95710  -29.169  -2.433  34.589 0.0000000000
94259  -30.150  -3.755  33.185 0.0000000000
94274  -29.644  -3.501  32.214 0.0000000000
90094  -23.137  -5.212  40.403 0.0000000000
90066  -22.692  -5.554  41.063 0.0000000000
226131  -21.768  -6.066  39.899 0.0000000000
90105  -20.434  -6.049  39.092 0.0000000000
120558  -43.284  12.570  13.962 0.0000000000
99850  -29.358  -0.244  30.591 0.0000000000
101271  -28.778  0.130  30.158 0.0000000000
109173  -31.477  5.745  25.267 0.0000000000
107939  -31.346  4.417  24.038 0.0000000000
107956  -33.281  4.939  23.104 0.0000000000
87243  -9.674  -7.408  43.789 0.0000000000
88594  -10.170  -6.344  45.071 0.0000000000
231944  -9.224  -7.716  44.442 0.0000000000
85910  -8.561  -8.061  45.382 0.0000000000
207856  -8.117  -9.650  44.141 0.0000000000
94163  -32.950  -2.922  38.298 0.0000000000
94180  -34.197  -2.726  37.604 0.0000000000
95651  -34.547  -2.002  39.197 0.0000000000
94098  -27.389  -3.421  42.139 0.0000000000
94128  -27.027  -3.100  41.263 0.0000000000
95590  -28.417  -2.317  41.683 0.0000000000
95615  -32.898  -1.760  39.968 0.0000000000
95613  -31.117  -1.909  39.811 0.0000000000
94139  -32.329  -2.259  38.646 0.0000000000
206914  -31.902  -2.891  37.826 0.0000000000
114523  -42.012  8.625  22.635 0.0000000000
115671  -40.934  9.259  21.965 0.0000000000
115697  -42.686  9.832  22.124 0.0000000000
118205  -45.761  11.107  20.795 0.0000000000
118203  -43.930  10.663  20.441 0.0000000000
118218  -44.825  11.528  19.753 0.0000000000
119375  -43.536  11.763  17.956 0.0000000000
119376  -44.888  12.246  18.186 0.0000000000
120517  -46.221  12.678  17.663 0.0000000000
120491  -47.388  12.455  18.525 0.0000000000
109103  -30.812  5.007  33.075 0.0000000000
107879  -30.238  4.700  31.671 0.0000000000
109113  -31.214  5.319  31.763 0.0000000000
111863  -34.365  6.803  30.594 0.0000000000
110451  -33.157  6.249  29.992 0.0000000000
111919  -33.768  6.635  29.087 0.0000000000
111964  -32.668  6.607  27.762 0.0000000000
218417  -34.094  6.872  28.172 0.0000000000
111967  -34.691  6.852  27.277 0.0000000000
210934  -36.105  6.792  28.816 0.0000000000
94094  -16.162  -3.199  42.156 0.0000000000
227668  -15.338  -2.400  43.175 0.0000000000
224026  -14.622  -3.695  41.621 0.0000000000
225951  -12.331  -5.988  40.981 0.0000000000
126826  -50.799  16.712  12.521 0.0000000000
125541  -51.228  15.896  11.940 0.0000000000
80394  -3.132  -10.980  53.484 0.0000000000
95784  -32.462  -3.157  31.190 0.0000000000
94330  -32.251  -3.733  30.097 0.0000000000
97157  -32.108  -2.814  30.796 0.0000000000
98480  -31.161  -1.906  31.100 0.0000000000
98455  -31.467  -1.341  32.169 0.0000000000
99778  -33.898  -0.252  36.858 0.0000000000
98413  -33.134  -1.082  35.415 0.0000000000
101192  -33.613  0.391  36.573 0.0000000000
105314  -31.948  2.656  37.785 0.0000000000
104061  -32.325  1.464  36.391 0.0000000000
226238  -31.576  2.201  35.887 0.0000000000
102655  -30.793  1.841  34.100 0.0000000000
106592  -30.795  3.133  35.050 0.0000000000
232629  -30.810  3.966  34.484 0.0000000000
201620  -31.063  4.419  35.812 0.0000000000
90172  -21.090  -5.950  34.299 0.0000000000
95657  -26.126  -1.933  38.504 0.0000000000
232431  -24.749  -2.314  37.849 0.0000000000
97015  -25.983  -1.517  36.925 0.0000000000
97078  -25.120  -1.596  33.856 0.0000000000
92653  -18.748  -4.817  41.388 0.0000000000
91432  -18.037  -5.050  37.018 0.0000000000
92704  -17.818  -4.507  38.494 0.0000000000
91444  -16.807  -5.380  36.565 0.0000000000
90131  -15.489  -5.991  37.118 0.0000000000
205087  -46.814  14.336  16.509 0.0000000000
124266  -45.773  14.392  15.530 0.0000000000
125516  -47.363  15.253  16.719 0.0000000000
234268  -49.048  18.474  17.683 0.0000000000
128010  -47.461  17.110  16.376 0.0000000000
129175  -48.319  18.170  15.345 0.0000000000
128033  -47.800  17.309  13.233 0.0000000000
129178  -48.798  18.260  14.608 0.0000000000
129199  -49.619  17.750  13.425 0.0000000000
131392  -50.391  19.281  16.461 0.0000000000
106634  -28.709  3.767  28.652 0.0000000000
104209  -28.104  1.921  28.689 0.0000000000
228694  -35.784  4.090  20.445 0.0000000000
106756  -35.852  4.156  21.337 0.0000000000
110554  -36.537  6.479  25.516 0.0000000000
110602  -36.000  5.902  24.276 0.0000000000
226402  -37.518  5.679  25.019 0.0000000000
106688  -40.469  4.395  24.461 0.0000000000
106685  -38.410  4.057  23.914 0.0000000000
107963  -39.603  4.309  23.574 0.0000000000
109220  -38.854  5.075  22.402 0.0000000000
109222  -40.310  5.374  22.810 0.0000000000
234043  -40.938  6.145  22.878 0.0000000000
202219  -41.784  5.806  23.153 0.0000000000
85888  -7.817  -8.036  46.999 0.0000000000
84594  -7.008  -8.784  47.545 0.0000000000
229296  -6.653  -8.748  48.561 0.0000000000
84601  -6.502  -9.313  47.445 0.0000000000
81796  -5.954  -10.978  47.463 0.0000000000
81816  -6.345  -10.745  46.564 0.0000000000
74849  -3.853  -14.685  49.762 0.0000000000
77647  -3.954  -12.963  50.763 0.0000000000
74835  -3.637  -14.612  50.518 0.0000000000
73466  -2.790  -15.779  52.627 0.0000000000
216874  -3.025  -14.274  52.407 0.0000000000
74807  -2.708  -14.379  52.786 0.0000000000
77603  -2.382  -13.273  53.108 0.0000000000
74806  -2.301  -14.398  52.935 0.0000000000
200289  -30.314  -1.801  42.000 0.0000000000
114527  -45.532  9.022  22.988 0.0000000000
115699  -44.229  9.802  22.129 0.0000000000
115702  -46.424  9.931  22.531 0.0000000000
110410  -33.243  6.124  32.507 0.0000000000
91390  -14.450  -4.839  38.972 0.0000000000
91375  -13.602  -5.015  40.278 0.0000000000
83185  -4.755  -9.888  52.809 0.0000000000
228231  -4.253  -10.664  52.501 0.0000000000
91522  -30.792  -4.989  30.621 0.0000000000
224146  -32.386  -3.914  31.443 0.0000000000
95760  -32.360  -2.725  32.012 0.0000000000
109056  -31.809  5.489  37.457 0.0000000000
210146  -19.079  -5.468  36.075 0.0000000000
88745  -18.905  -6.069  34.925 0.0000000000
90159  -19.878  -6.145  35.920 0.0000000000
210536  -21.105  -5.757  35.378 0.0000000000
92742  -21.928  -4.685  35.415 0.0000000000
224985  -28.676  -2.027  36.616 0.0000000000
97032  -27.247  -1.251  36.361 0.0000000000
97046  -28.429  -2.058  35.559 0.0000000000
206314  -27.945  -1.987  34.362 0.0000000000
94297  -28.660  -3.302  31.364 0.0000000000
218279  -20.506  -5.960  40.775 0.0000000000
91376  -18.982  -5.217  40.276 0.0000000000
90104  -19.836  -5.886  39.350 0.0000000000
91419  -19.174  -5.191  38.119 0.0000000000
118247  -40.775  10.746  17.558 0.0000000000
123061  -44.034  14.068  12.485 0.0000000000
125501  -50.176  15.455  18.992 0.0000000000
126795  -48.863  15.648  18.077 0.0000000000
107901  -29.647  4.557  27.005 0.0000000000
106717  -33.755  3.996  22.280 0.0000000000
107986  -35.005  4.392  22.620 0.0000000000
110530  -40.247  5.638  26.917 0.0000000000
109161  -39.075  5.141  25.598 0.0000000000
109147  -40.604  5.335  26.299 0.0000000000
91307  -11.379  -5.464  43.941 0.0000000000
91294  -11.038  -4.977  45.153 0.0000000000
91270  -10.017  -5.117  47.403 0.0000000000
88557  -9.076  -6.369  46.362 0.0000000000
85894  -8.031  -8.097  46.392 0.0000000000
208958  -7.219  -9.827  45.837 0.0000000000
80530  -6.890  -10.979  45.599 0.0000000000
80548  -7.097  -11.149  44.973 0.0000000000
94229  -31.161  -3.730  34.868 0.0000000000
92771  -32.730  -4.079  34.456 0.0000000000
92730  -33.142  -3.385  36.105 0.0000000000
97034  -34.427  -1.539  37.177 0.0000000000
91395  -24.305  -4.388  40.398 0.0000000000
92695  -24.534  -4.067  39.467 0.0000000000
94136  -25.357  -3.674  39.857 0.0000000000
95627  -26.546  -2.527  40.107 0.0000000000
95645  -27.860  -1.772  39.556 0.0000000000
95612  -29.343  -2.008  40.924 0.0000000000
211927  -29.453  -1.768  39.324 0.0000000000
97005  -29.172  -1.830  37.925 0.0000000000
95674  -29.901  -2.514  36.913 0.0000000000
94195  -30.810  -3.280  35.948 0.0000000000
91366  -25.214  -4.295  41.531 0.0000000000
113372  -38.477  6.905  21.446 0.0000000000
113389  -37.923  7.528  20.347 0.0000000000
114542  -39.143  8.931  21.710 0.0000000000
115707  -39.895  9.657  21.036 0.0000000000
117065  -40.512  10.402  19.708 0.0000000000
117040  -43.122  10.138  21.733 0.0000000000
118201  -42.511  10.763  20.423 0.0000000000
118224  -41.599  11.219  18.685 0.0000000000
119373  -42.342  11.555  18.033 0.0000000000
119390  -42.824  11.950  17.136 0.0000000000
120536  -43.584  12.658  15.915 0.0000000000
121714  -44.030  13.158  15.547 0.0000000000
120524  -44.515  12.923  16.674 0.0000000000
121693  -46.694  13.412  16.896 0.0000000000
123016  -48.191  14.068  17.912 0.0000000000
120493  -48.474  12.939  18.863 0.0000000000
123012  -49.682  14.424  18.818 0.0000000000
105407  -29.377  2.772  32.120 0.0000000000
104172  -28.857  2.104  31.230 0.0000000000
106624  -29.221  3.478  31.206 0.0000000000
107888  -29.450  4.231  30.175 0.0000000000
216215  -29.744  4.755  28.985 0.0000000000
110438  -32.183  5.989  30.949 0.0000000000
109128  -31.437  5.566  29.581 0.0000000000
109135  -30.352  5.604  27.922 0.0000000000
110524  -30.836  5.902  27.573 0.0000000000
110576  -31.705  6.049  25.874 0.0000000000
225868  -32.865  6.449  25.375 0.0000000000
110599  -33.577  6.309  24.388 0.0000000000
210418  -34.359  6.826  26.156 0.0000000000
200711  -35.705  6.929  26.417 0.0000000000
111971  -37.855  6.733  27.059 0.0000000000
111925  -38.424  6.823  29.079 0.0000000000
110499  -39.480  6.642  27.728 0.0000000000
94062  -13.587  -3.749  43.656 0.0000000000
216016  -13.054  -5.107  41.410 0.0000000000
91338  -12.900  -4.819  42.583 0.0000000000
91325  -12.055  -5.248  43.206 0.0000000000
88651  -11.294  -6.460  43.015 0.0000000000
99852  -30.485  -0.705  31.153 0.0000000000
101248  -29.757  0.333  31.720 0.0000000000
94247  -33.139  -3.188  34.390 0.0000000000
97083  -32.901  -1.903  33.811 0.0000000000
99829  -32.395  -1.038  33.764 0.0000000000
101217  -32.211  0.463  34.971 0.0000000000
101234  -31.531  -0.201  33.810 0.0000000000
101233  -30.952  0.090  33.503 0.0000000000
102680  -30.231  1.002  32.898 0.0000000000
102679  -29.860  1.463  32.501 0.0000000000
106612  -29.941  3.410  33.118 0.0000000000
107873  -30.508  4.482  33.448 0.0000000000
109088  -32.039  5.496  34.405 0.0000000000
110309  -32.419  5.867  36.526 0.0000000000
110341  -32.937  6.018  35.611 0.0000000000
94157  -24.035  -3.604  38.092 0.0000000000
94192  -23.428  -3.240  36.576 0.0000000000
94226  -23.027  -2.863  35.093 0.0000000000
228717  -25.833  -1.442  35.557 0.0000000000
95708  -23.993  -2.033  34.729 0.0000000000
94082  -17.524  -3.624  42.681 0.0000000000
94123  -16.215  -3.546  40.476 0.0000000000
92679  -18.137  -4.566  39.820 0.0000000000
92677  -16.529  -3.758  39.351 0.0000000000
92676  -15.801  -3.887  39.185 0.0000000000
91416  -14.918  -5.345  37.943 0.0000000000
229449  -44.624  14.020  14.679 0.0000000000
124268  -44.895  14.735  14.259 0.0000000000
125534  -45.088  15.319  13.911 0.0000000000
126804  -47.450  16.223  16.632 0.0000000000
126817  -46.410  16.595  14.522 0.0000000000
125538  -45.725  15.992  12.685 0.0000000000
126840  -46.538  16.308  11.996 0.0000000000
125545  -47.655  15.657  11.395 0.0000000000
124278  -48.236  15.277  11.108 0.0000000000
126843  -48.910  16.156  11.919 0.0000000000
237566  -50.458  17.354  13.019 0.0000000000
238286  -5.306  -10.791  49.050 0.0000000000
212021  -4.825  -11.176  49.981 0.0000000000
77671  -4.666  -12.883  48.720 0.0000000000
102735  -28.206  1.236  29.879 0.0000000000
228485  -37.037  5.640  20.871 0.0000000000
237259  -34.317  5.823  23.664 0.0000000000
109205  -35.168  5.239  23.275 0.0000000000
107987  -35.757  4.355  22.854 0.0000000000
107925  -38.432  4.648  24.640 0.0000000000
107961  -37.120  4.313  23.505 0.0000000000
106721  -36.986  4.181  22.650 0.0000000000
106739  -37.162  4.252  22.235 0.0000000000
109234  -37.996  5.193  21.668 0.0000000000
110642  -38.443  6.140  21.456 0.0000000000
112088  -39.767  6.699  22.200 0.0000000000
113352  -40.894  6.969  22.897 0.0000000000
113354  -42.636  7.390  23.158 0.0000000000
84581  -5.887  -8.787  50.480 0.0000000000
84586  -6.047  -9.199  49.337 0.0000000000
225202  -5.751  -9.818  49.500 0.0000000000
80480  -5.399  -11.360  48.138 0.0000000000
209900  -5.467  -12.701  47.454 0.0000000000
80446  -4.362  -11.664  50.387 0.0000000000
79071  -3.848  -12.277  51.646 0.0000000000
79048  -3.683  -11.976  52.147 0.0000000000
74834  -3.469  -14.530  51.249 0.0000000000
209482  -3.330  -13.384  52.511 0.0000000000
79035  -3.182  -12.543  52.900 0.0000000000
79027  -2.975  -12.472  53.025 0.0000000000
79025  -2.347  -12.157  53.065 0.0000000000
73458  -1.605  -15.654  53.497 0.0000000000
74804  -1.905  -14.440  52.789 0.0000000000
83210  -5.442  -9.782  50.365 0.0000000000
83217  -5.091  -10.211  50.441 0.0000000000
92781  -31.117  -4.420  32.574 0.0000000000
92769  -31.545  -4.233  33.849 0.0000000000
90122  -21.887  -5.448  38.699 0.0000000000
91420  -21.723  -5.395  37.951 0.0000000000
91421  -22.390  -5.090  38.342 0.0000000000
94244  -30.514  -3.758  34.049 0.0000000000
206234  -30.109  -3.336  33.895 0.0000000000
199437  -30.428  -3.940  33.505 0.0000000000
91393  -22.833  -5.203  39.825 0.0000000000
198700  -22.243  -5.536  40.026 0.0000000000
90108  -21.983  -5.635  39.472 0.0000000000
207565  -21.390  -5.797  38.898 0.0000000000
120546  -43.207  12.528  14.675 0.0000000000
101259  -29.589  0.060  31.152 0.0000000000
101258  -28.987  0.380  30.861 0.0000000000
109174  -31.839  5.879  24.540 0.0000000000
107924  -31.254  5.114  24.621 0.0000000000
109187  -31.849  5.199  23.921 0.0000000000
109202  -32.249  4.770  23.497 0.0000000000
107955  -32.688  4.598  23.204 0.0000000000
109203  -32.678  5.265  23.558 0.0000000000
85923  -9.157  -8.644  43.316 0.0000000000
235685  -9.409  -7.605  44.104 0.0000000000
201370  -8.860  -8.649  43.981 0.0000000000
84635  -8.544  -8.721  44.413 0.0000000000
94152  -33.188  -2.338  38.622 0.0000000000
94165  -33.837  -2.246  38.559 0.0000000000
235396  -33.950  -2.076  39.278 0.0000000000
94083  -28.062  -3.320  42.729 0.0000000000
228503  -27.773  -3.267  42.351 0.0000000000
94114  -28.133  -2.939  42.289 0.0000000000
215980  -32.947  -2.035  39.433 0.0000000000
95633  -32.595  -2.094  39.285 0.0000000000
94140  -32.840  -2.236  38.892 0.0000000000
94151  -32.643  -2.552  38.418 0.0000000000
92632  -28.009  -3.620  43.130 0.0000000000
114524  -42.740  8.749  22.793 0.0000000000
115673  -42.361  9.366  22.475 0.0000000000
209160  -43.343  9.092  22.608 0.0000000000
118220  -46.368  11.509  20.327 0.0000000000
118219  -45.639  11.466  20.091 0.0000000000
119353  -45.596  11.808  19.306 0.0000000000
119363  -44.723  11.836  18.891 0.0000000000
205247  -46.338  11.982  18.935 0.0000000000
232020  -46.520  12.215  18.554 0.0000000000
212997  -46.966  12.187  18.790 0.0000000000
109104  -31.500  5.385  33.112 0.0000000000
109109  -31.179  5.270  32.490 0.0000000000
109110  -31.830  5.601  32.655 0.0000000000
212583  -34.953  6.758  29.849 0.0000000000
111891  -33.787  6.633  29.710 0.0000000000
231780  -34.454  6.738  29.366 0.0000000000
111943  -33.644  6.692  28.505 0.0000000000
219116  -34.840  6.800  28.862 0.0000000000
111945  -35.068  6.894  28.408 0.0000000000
111921  -35.785  6.838  29.343 0.0000000000
94106  -15.216  -3.607  41.173 0.0000000000
200724  -15.374  -3.437  41.923 0.0000000000
92651  -14.663  -3.929  40.913 0.0000000000
126827  -51.439  16.920  12.567 0.0000000000
126836  -51.091  16.270  12.270 0.0000000000
207480  -4.125  -10.401  53.106 0.0000000000
81714  -3.366  -10.632  53.589 0.0000000000
80406  -3.289  -11.238  53.246 0.0000000000
212445  -32.062  -2.590  31.498 0.0000000000
97132  -31.765  -2.001  31.829 0.0000000000
98463  -31.267  -1.646  31.626 0.0000000000
101193  -33.863  0.158  37.000 0.0000000000
200323  -33.681  0.445  37.160 0.0000000000
106532  -31.357  3.473  37.605 0.0000000000
105348  -31.949  2.466  36.693 0.0000000000
106563  -31.179  2.884  36.657 0.0000000000
105358  -31.103  2.678  35.617 0.0000000000
230179  -31.009  2.992  36.100 0.0000000000
106578  -30.894  3.523  35.550 0.0000000000
107833  -31.168  4.296  36.625 0.0000000000
88739  -17.104  -6.499  35.603 0.0000000000
212766  -17.717  -6.341  35.187 0.0000000000
96992  -26.927  -1.644  38.625 0.0000000000
97001  -26.066  -1.771  37.671 0.0000000000
97002  -26.819  -1.352  37.781 0.0000000000
229816  -18.207  -5.189  36.588 0.0000000000
91431  -17.299  -4.946  37.014 0.0000000000
91445  -17.621  -5.255  36.542 0.0000000000
90144  -16.466  -5.925  36.352 0.0000000000
124284  -45.282  14.599  11.205 0.0000000000
124249  -47.945  14.583  17.453 0.0000000000
124253  -47.042  14.794  16.607 0.0000000000
125517  -47.848  15.144  17.280 0.0000000000
232077  -49.240  18.714  17.213 0.0000000000
130300  -48.668  18.435  16.741 0.0000000000
130308  -48.744  18.576  15.930 0.0000000000
231233  -48.260  18.034  14.714 0.0000000000
130301  -49.327  18.769  16.425 0.0000000000
130309  -49.554  18.709  15.677 0.0000000000
221080  -49.867  19.065  16.808 0.0000000000
107893  -29.031  4.142  28.400 0.0000000000
106639  -28.479  3.250  28.107 0.0000000000
106640  -28.783  3.778  27.927 0.0000000000
106736  -34.843  3.700  21.886 0.0000000000
106754  -35.033  3.580  21.495 0.0000000000
199266  -35.613  3.862  21.624 0.0000000000
112002  -37.620  6.348  26.057 0.0000000000
110555  -37.412  6.118  25.485 0.0000000000
110556  -38.086  5.906  25.721 0.0000000000
106703  -40.715  4.611  24.026 0.0000000000
106702  -40.103  4.360  24.066 0.0000000000
107964  -40.371  4.613  23.569 0.0000000000
107990  -39.988  4.803  23.052 0.0000000000
107991  -40.693  5.070  23.206 0.0000000000
109223  -41.154  5.563  23.002 0.0000000000
109206  -41.811  5.518  23.327 0.0000000000
213729  -7.192  -8.973  47.055 0.0000000000
85887  -7.419  -8.558  47.169 0.0000000000
83248  -6.239  -9.876  47.145 0.0000000000
81797  -6.162  -10.517  47.067 0.0000000000
83258  -6.518  -10.101  46.650 0.0000000000
76252  -3.826  -13.968  50.243 0.0000000000
73460  -2.572  -15.703  52.990 0.0000000000
219566  -2.697  -15.033  52.768 0.0000000000
218262  -2.451  -15.057  53.029 0.0000000000
215552  -1.940  -15.093  53.094 0.0000000000
110393  -34.240  6.302  33.319 0.0000000000
91402  -14.000  -5.393  38.801 0.0000000000
83202  -5.111  -9.844  51.722 0.0000000000
84575  -5.093  -9.609  52.396 0.0000000000
81726  -4.690  -10.175  52.297 0.0000000000
81725  -4.404  -10.676  52.023 0.0000000000
92823  -30.876  -4.602  31.096 0.0000000000
92798  -31.779  -4.426  32.232 0.0000000000
92825  -32.074  -4.345  31.643 0.0000000000
94276  -32.472  -4.066  32.301 0.0000000000
94299  -32.570  -3.412  32.073 0.0000000000
95761  -32.737  -2.841  32.655 0.0000000000
90147  -19.467  -5.527  36.811 0.0000000000
236377  -19.613  -5.831  36.199 0.0000000000
90148  -19.877  -5.840  36.592 0.0000000000
91446  -21.570  -5.343  36.607 0.0000000000
215152  -21.166  -5.575  36.002 0.0000000000
91455  -21.649  -5.033  35.993 0.0000000000
208180  -21.438  -5.287  35.375 0.0000000000
91456  -21.991  -4.503  36.064 0.0000000000
197793  -29.407  -2.464  35.925 0.0000000000
97033  -28.766  -2.258  36.086 0.0000000000
95698  -29.034  -2.309  35.516 0.0000000000
197786  -29.206  -2.542  33.573 0.0000000000
95725  -28.536  -2.250  34.573 0.0000000000
95741  -28.655  -2.357  33.171 0.0000000000
97082  -28.029  -2.094  33.544 0.0000000000
95759  -28.627  -2.670  32.510 0.0000000000
94273  -29.035  -3.027  31.984 0.0000000000
94298  -29.376  -3.653  31.551 0.0000000000
90079  -21.634  -6.085  40.366 0.0000000000
90065  -21.914  -5.791  40.851 0.0000000000
90064  -21.212  -5.926  40.796 0.0000000000
88683  -21.109  -5.948  41.294 0.0000000000
90077  -20.483  -6.081  40.250 0.0000000000
90090  -19.912  -5.911  40.044 0.0000000000
90091  -20.443  -6.109  39.733 0.0000000000
198850  -20.033  -5.695  37.726 0.0000000000
90119  -19.717  -5.422  38.168 0.0000000000
90135  -19.597  -5.446  37.570 0.0000000000
233194  -19.156  -5.277  37.363 0.0000000000
118248  -41.501  10.932  17.388 0.0000000000
109144  -30.274  5.018  26.645 0.0000000000
107908  -29.608  4.359  26.154 0.0000000000
107909  -30.261  4.802  25.744 0.0000000000
107984  -33.165  4.310  22.777 0.0000000000
106718  -34.554  4.080  22.126 0.0000000000
219213  -34.333  4.444  22.457 0.0000000000
110501  -40.999  6.073  27.650 0.0000000000
107929  -41.453  4.576  25.007 0.0000000000
89990  -10.955  -5.712  44.300 0.0000000000
211737  -11.192  -5.221  44.507 0.0000000000
89971  -10.612  -6.015  44.700 0.0000000000
203953  -9.770  -6.395  45.472 0.0000000000
204117  -10.410  -5.705  45.758 0.0000000000
91282  -10.086  -5.717  46.122 0.0000000000
89945  -9.528  -5.862  46.545 0.0000000000
84626  -8.146  -8.828  45.137 0.0000000000
85901  -8.363  -8.099  45.880 0.0000000000
210515  -7.907  -8.864  45.532 0.0000000000
84617  -7.843  -8.595  46.050 0.0000000000
235505  -7.467  -9.531  45.514 0.0000000000
81838  -7.148  -10.460  45.381 0.0000000000
83274  -7.439  -9.864  45.189 0.0000000000
94213  -32.050  -3.482  35.799 0.0000000000
92745  -32.504  -3.954  35.411 0.0000000000
94198  -32.842  -3.468  36.686 0.0000000000
97006  -34.802  -1.661  38.262 0.0000000000
94181  -34.468  -2.448  37.513 0.0000000000
98380  -35.004  -1.006  38.136 0.0000000000
92668  -25.200  -4.016  40.857 0.0000000000
92682  -25.129  -4.019  40.173 0.0000000000
92683  -25.492  -3.718  40.532 0.0000000000
95588  -27.479  -2.758  41.408 0.0000000000
95608  -26.804  -2.826  40.800 0.0000000000
95609  -27.349  -2.484  41.004 0.0000000000
95628  -27.196  -2.194  40.343 0.0000000000
95629  -27.931  -2.042  40.345 0.0000000000
235113  -30.617  -1.838  41.293 0.0000000000
210421  -30.100  -1.928  41.404 0.0000000000
95648  -31.062  -2.135  38.612 0.0000000000
95631  -30.585  -1.888  39.580 0.0000000000
95647  -30.255  -1.906  39.033 0.0000000000
95658  -29.310  -1.796  38.647 0.0000000000
230994  -29.811  -2.128  38.057 0.0000000000
95659  -30.309  -2.515  37.557 0.0000000000
234091  -31.835  -3.265  37.003 0.0000000000
94175  -30.899  -3.068  36.699 0.0000000000
94196  -31.524  -3.268  36.405 0.0000000000
94212  -31.341  -3.485  35.551 0.0000000000
227989  -25.859  -4.035  41.549 0.0000000000
91381  -25.425  -4.092  41.328 0.0000000000
91379  -24.542  -4.413  40.820 0.0000000000
113373  -39.109  7.258  21.761 0.0000000000
113384  -38.529  7.730  21.363 0.0000000000
114520  -39.744  8.532  22.088 0.0000000000
115695  -41.471  9.858  21.778 0.0000000000
115694  -40.654  9.812  21.463 0.0000000000
117037  -41.293  10.120  21.012 0.0000000000
117054  -40.444  10.077  20.501 0.0000000000
117055  -41.246  10.516  20.226 0.0000000000
117042  -44.681  10.130  21.725 0.0000000000
115698  -43.592  9.836  22.029 0.0000000000
117041  -43.878  10.117  21.674 0.0000000000
118217  -43.545  11.111  19.866 0.0000000000
118202  -43.146  10.828  20.480 0.0000000000
118216  -42.785  11.164  19.745 0.0000000000
118215  -42.173  10.976  19.792 0.0000000000
216248  -42.322  11.305  19.323 0.0000000000
118238  -41.881  11.363  18.230 0.0000000000
119361  -42.934  11.481  18.383 0.0000000000
119392  -44.239  12.227  17.693 0.0000000000
119391  -43.469  12.040  17.383 0.0000000000
119399  -43.323  12.256  16.826 0.0000000000
120523  -43.788  12.559  16.488 0.0000000000
227369  -44.087  12.927  16.171 0.0000000000
120518  -46.827  12.963  17.493 0.0000000000
120526  -46.111  13.044  17.143 0.0000000000
121694  -47.208  13.319  17.281 0.0000000000
123014  -47.247  13.724  17.049 0.0000000000
121696  -48.125  13.565  18.053 0.0000000000
207109  -29.624  3.547  32.087 0.0000000000
106623  -29.348  3.337  31.736 0.0000000000
107878  -29.862  4.176  31.926 0.0000000000
107882  -30.324  4.878  30.995 0.0000000000
107881  -29.921  4.375  31.277 0.0000000000
107884  -29.968  4.539  30.589 0.0000000000
107889  -29.949  4.712  29.739 0.0000000000
107885  -30.365  5.032  30.318 0.0000000000
110428  -33.335  6.253  31.795 0.0000000000
110427  -32.692  5.885  31.987 0.0000000000
200476  -32.827  6.059  31.349 0.0000000000
110463  -32.607  6.032  29.589 0.0000000000
110462  -31.949  5.860  29.892 0.0000000000
109132  -31.272  5.815  28.816 0.0000000000
109131  -30.542  5.516  28.648 0.0000000000
110495  -30.829  5.851  28.201 0.0000000000
110496  -31.363  6.107  28.041 0.0000000000
111980  -32.905  6.676  27.220 0.0000000000
110526  -32.235  6.389  27.046 0.0000000000
111996  -32.754  6.668  26.593 0.0000000000
110577  -32.183  6.211  25.402 0.0000000000
111997  -33.169  6.766  26.293 0.0000000000
112015  -33.292  6.675  25.762 0.0000000000
111998  -33.709  6.851  26.255 0.0000000000
211047  -36.128  6.990  28.022 0.0000000000
111983  -35.245  6.851  26.911 0.0000000000
111984  -35.993  6.919  27.109 0.0000000000
111985  -36.753  6.834  26.803 0.0000000000
211083  -36.866  6.943  27.920 0.0000000000
222707  -38.945  6.982  29.531 0.0000000000
198458  -39.161  7.112  28.955 0.0000000000
111950  -38.835  6.921  28.139 0.0000000000
110478  -39.965  6.708  28.253 0.0000000000
94079  -14.894  -2.905  42.986 0.0000000000
94063  -14.248  -3.348  43.349 0.0000000000
201360  -14.228  -2.819  44.070 0.0000000000
92618  -13.616  -3.936  43.072 0.0000000000
91374  -13.206  -5.428  39.935 0.0000000000
91362  -13.665  -4.752  40.939 0.0000000000
91361  -13.087  -5.262  40.672 0.0000000000
90061  -12.261  -5.947  41.653 0.0000000000
91349  -12.506  -5.423  41.871 0.0000000000
90044  -12.057  -5.800  42.312 0.0000000000
91337  -12.364  -5.250  42.570 0.0000000000
90025  -11.835  -5.705  42.914 0.0000000000
90005  -11.595  -5.628  43.441 0.0000000000
90024  -11.673  -6.167  42.678 0.0000000000
214967  -2.565  -11.229  53.221 0.0000000000
94329  -32.045  -3.640  29.387 0.0000000000
97173  -31.447  -2.543  30.008 0.0000000000
98462  -30.814  -1.116  31.412 0.0000000000
98479  -30.659  -1.409  30.980 0.0000000000
99841  -30.615  -0.494  31.637 0.0000000000
99840  -30.149  -0.212  31.403 0.0000000000
101249  -30.362  0.062  31.915 0.0000000000
94230  -33.085  -3.334  34.948 0.0000000000
94246  -32.959  -3.793  34.399 0.0000000000
95712  -33.375  -2.709  35.021 0.0000000000
99805  -33.093  -0.659  35.589 0.0000000000
98431  -32.991  -1.393  34.887 0.0000000000
98430  -32.792  -1.364  34.240 0.0000000000
98443  -32.550  -1.678  33.451 0.0000000000
99818  -32.475  -0.786  34.561 0.0000000000
102644  -31.966  1.033  35.187 0.0000000000
102630  -32.171  1.227  35.784 0.0000000000
101224  -31.889  0.123  34.376 0.0000000000
101223  -31.476  0.484  33.917 0.0000000000
102666  -30.743  1.368  33.405 0.0000000000
104108  -30.341  2.219  33.550 0.0000000000
104123  -30.214  1.835  33.009 0.0000000000
105383  -30.011  2.656  33.066 0.0000000000
105384  -30.036  2.968  33.583 0.0000000000
107859  -31.120  4.368  34.611 0.0000000000
107869  -30.787  4.227  34.077 0.0000000000
107870  -31.303  4.688  34.176 0.0000000000
109096  -31.617  5.126  34.100 0.0000000000
109079  -31.912  5.324  35.022 0.0000000000
110302  -32.242  5.992  37.849 0.0000000000
109064  -31.891  5.517  36.759 0.0000000000
212916  -32.839  6.204  37.474 0.0000000000
110358  -33.475  6.226  35.031 0.0000000000
88746  -19.580  -6.072  35.129 0.0000000000
88756  -19.171  -6.503  34.562 0.0000000000
94147  -24.834  -3.573  39.056 0.0000000000
92707  -24.299  -3.810  38.840 0.0000000000
94158  -24.571  -3.223  38.452 0.0000000000
95671  -24.858  -2.149  37.359 0.0000000000
94193  -24.099  -2.888  37.039 0.0000000000
95685  -23.821  -2.734  36.322 0.0000000000
94209  -23.103  -2.988  35.902 0.0000000000
95695  -23.623  -2.545  35.646 0.0000000000
200846  -27.540  -1.434  35.806 0.0000000000
97031  -26.898  -1.282  35.865 0.0000000000
97043  -26.524  -1.194  35.439 0.0000000000
94096  -17.480  -3.571  42.005 0.0000000000
94108  -16.817  -3.262  41.709 0.0000000000
94109  -17.379  -3.569  41.300 0.0000000000
91391  -18.888  -5.226  39.692 0.0000000000
92680  -18.560  -4.913  40.074 0.0000000000
92693  -18.447  -4.926  39.475 0.0000000000
233673  -16.987  -4.415  38.149 0.0000000000
92691  -17.216  -4.153  38.998 0.0000000000
92690  -16.400  -4.061  38.702 0.0000000000
92689  -15.685  -4.368  38.605 0.0000000000
92688  -14.992  -4.790  38.469 0.0000000000
92702  -15.584  -4.822  38.019 0.0000000000
121729  -44.746  13.589  15.560 0.0000000000
121728  -44.305  13.614  14.923 0.0000000000
123039  -44.951  13.958  15.160 0.0000000000
229961  -45.873  14.712  15.485 0.0000000000
124265  -45.455  14.595  15.004 0.0000000000
125531  -45.225  15.129  14.585 0.0000000000
124271  -44.718  14.992  13.420 0.0000000000
125532  -45.481  15.654  14.388 0.0000000000
128001  -48.657  16.437  18.012 0.0000000000
126799  -48.193  15.988  17.675 0.0000000000
128005  -48.107  16.912  17.524 0.0000000000
212501  -47.299  17.257  15.518 0.0000000000
128017  -46.801  16.907  15.140 0.0000000000
126820  -45.915  16.198  14.089 0.0000000000
126824  -46.032  16.357  13.319 0.0000000000
237835  -46.121  16.206  12.241 0.0000000000
126825  -46.698  16.760  13.163 0.0000000000
128044  -48.116  17.024  12.648 0.0000000000
126832  -47.678  16.690  12.233 0.0000000000
126842  -48.057  16.179  11.839 0.0000000000
125546  -48.498  15.651  11.493 0.0000000000
128045  -48.968  16.817  12.535 0.0000000000
129180  -50.236  18.464  14.228 0.0000000000
217579  -50.000  17.346  13.011 0.0000000000
213268  -50.680  18.184  13.754 0.0000000000
128026  -51.225  17.880  13.509 0.0000000000
130320  -51.445  18.514  14.306 0.0000000000
80479  -5.081  -11.626  48.563 0.0000000000
79157  -4.904  -12.216  48.454 0.0000000000
105411  -28.732  2.862  30.777 0.0000000000
104191  -28.362  1.812  30.502 0.0000000000
104190  -28.203  1.884  29.547 0.0000000000
108030  -36.172  4.942  20.340 0.0000000000
109244  -36.584  5.205  20.873 0.0000000000
110579  -34.133  6.682  24.855 0.0000000000
110620  -33.784  5.931  23.820 0.0000000000
110600  -34.412  6.220  24.173 0.0000000000
109190  -36.380  5.350  23.891 0.0000000000
110622  -35.640  5.638  23.691 0.0000000000
107959  -35.928  4.852  23.384 0.0000000000
107940  -36.739  4.710  23.695 0.0000000000
107910  -39.353  4.683  25.347 0.0000000000
224172  -38.878  4.930  25.221 0.0000000000
107926  -38.875  4.601  24.917 0.0000000000
106700  -38.055  4.014  23.429 0.0000000000
107962  -37.740  4.122  23.759 0.0000000000
198259  -37.474  3.990  23.156 0.0000000000
106699  -36.886  4.217  23.069 0.0000000000
210040  -37.507  4.104  22.668 0.0000000000
106740  -37.831  4.296  22.378 0.0000000000
109235  -38.654  5.303  21.880 0.0000000000
108010  -38.233  4.825  22.097 0.0000000000
225598  -38.369  5.598  21.625 0.0000000000
112087  -39.110  6.409  21.683 0.0000000000
110644  -39.507  5.984  22.054 0.0000000000
112075  -41.750  6.448  23.127 0.0000000000
211329  -40.516  6.505  22.739 0.0000000000
113353  -41.515  7.075  23.010 0.0000000000
218685  -42.054  7.424  23.013 0.0000000000
85879  -6.535  -9.080  48.185 0.0000000000
85874  -6.391  -8.606  49.123 0.0000000000
83226  -6.074  -9.475  48.787 0.0000000000
220016  -5.794  -10.040  48.756 0.0000000000
229637  -5.520  -10.552  48.625 0.0000000000
83238  -5.835  -10.233  48.146 0.0000000000
80510  -5.987  -11.473  47.177 0.0000000000
211896  -5.766  -12.025  47.334 0.0000000000
79118  -4.612  -11.689  49.732 0.0000000000
79117  -4.294  -12.377  50.039 0.0000000000
79094  -4.086  -12.325  50.924 0.0000000000
77632  -3.772  -12.913  51.538 0.0000000000
79070  -3.564  -12.888  52.281 0.0000000000
213559  -3.085  -15.183  51.457 0.0000000000
76208  -3.133  -13.969  52.488 0.0000000000
76213  -3.205  -13.890  52.270 0.0000000000
77611  -3.270  -13.059  52.754 0.0000000000
236119  -3.122  -12.844  52.908 0.0000000000
77604  -2.820  -13.083  53.030 0.0000000000
76206  -2.242  -13.901  53.011 0.0000000000
77597  -2.206  -12.894  53.020 0.0000000000
216213  -2.215  -12.362  52.937 0.0000000000
73457  -1.472  -15.589  53.159 0.0000000000
219564  -1.716  -15.068  53.057 0.0000000000
81739  -4.793  -10.532  50.879 0.0000000000
92797  -30.983  -4.422  32.088 0.0000000000
92799  -32.306  -4.272  32.826 0.0000000000
90136  -20.421  -5.845  37.352 0.0000000000
90137  -20.800  -5.904  37.034 0.0000000000
199510  -21.192  -5.754  37.605 0.0000000000
91433  -21.583  -5.433  37.234 0.0000000000
95699  -29.856  -2.820  35.061 0.0000000000
213014  -29.385  -2.427  35.044 0.0000000000
95711  -29.773  -2.735  34.516 0.0000000000
95726  -29.598  -2.647  34.013 0.0000000000
94243  -29.813  -3.034  33.362 0.0000000000
199966  -29.878  -3.403  32.792 0.0000000000
94275  -30.083  -3.989  32.498 0.0000000000
206894  -23.953  -4.568  41.167 0.0000000000
90080  -22.976  -5.389  40.742 0.0000000000
90093  -21.915  -5.918  40.219 0.0000000000
201096  -21.452  -6.362  39.993 0.0000000000
90092  -20.930  -6.190  39.591 0.0000000000
90106  -20.899  -6.062  38.961 0.0000000000
198851  -20.503  -5.836  38.254 0.0000000000
119407  -42.346  11.588  16.206 0.0000000000
121739  -43.719  13.272  14.014 0.0000000000
99865  -29.606  -0.804  30.465 0.0000000000
109172  -30.900  5.132  25.378 0.0000000000
107923  -30.471  4.412  25.045 0.0000000000
233809  -30.909  4.731  24.896 0.0000000000
107938  -30.928  4.337  24.560 0.0000000000
88612  -10.062  -6.889  44.107 0.0000000000
88613  -10.393  -6.430  44.433 0.0000000000
87235  -9.578  -7.279  44.314 0.0000000000
87229  -9.401  -7.313  44.817 0.0000000000
88592  -9.197  -7.290  45.281 0.0000000000
88572  -9.211  -6.793  45.715 0.0000000000
87228  -8.903  -7.791  44.986 0.0000000000
85909  -8.469  -8.423  44.903 0.0000000000
84634  -8.202  -9.111  44.636 0.0000000000
83287  -7.760  -9.737  44.608 0.0000000000
81882  -7.895  -10.203  44.159 0.0000000000
201992  -32.726  -3.300  37.836 0.0000000000
94178  -33.109  -3.378  37.332 0.0000000000
199490  -33.309  -3.119  37.982 0.0000000000
95662  -34.126  -2.200  38.496 0.0000000000
96996  -35.335  -1.293  38.908 0.0000000000
92654  -26.328  -3.885  41.616 0.0000000000
92669  -26.242  -3.651  41.272 0.0000000000
94112  -27.228  -3.307  41.623 0.0000000000
94113  -27.722  -2.947  41.852 0.0000000000
95589  -27.955  -2.459  41.411 0.0000000000
95614  -31.612  -1.836  40.159 0.0000000000
233400  -32.278  -1.887  39.806 0.0000000000
95632  -31.889  -2.041  39.256 0.0000000000
95661  -31.518  -2.392  38.207 0.0000000000
95660  -31.016  -2.483  38.000 0.0000000000
94150  -32.021  -2.524  38.182 0.0000000000
94162  -32.375  -2.933  38.063 0.0000000000
92643  -27.085  -3.665  42.534 0.0000000000
225347  -40.465  8.703  22.128 0.0000000000
114522  -41.209  8.453  22.368 0.0000000000
115672  -41.701  9.323  22.274 0.0000000000
115696  -42.142  9.884  22.025 0.0000000000
117059  -44.329  10.384  21.066 0.0000000000
118204  -44.842  10.979  20.504 0.0000000000
218667  -44.229  11.065  19.952 0.0000000000
118228  -44.080  11.420  19.373 0.0000000000
119362  -43.562  11.598  18.467 0.0000000000
212301  -43.944  11.618  18.795 0.0000000000
120502  -45.004  12.472  17.689 0.0000000000
120515  -44.759  12.648  17.261 0.0000000000
120503  -45.627  12.490  17.942 0.0000000000
215199  -46.739  12.590  17.947 0.0000000000
120504  -47.197  12.675  18.043 0.0000000000
213295  -30.381  4.651  32.942 0.0000000000
107876  -30.172  4.522  32.410 0.0000000000
231341  -30.569  4.937  32.626 0.0000000000
109108  -30.645  5.000  32.060 0.0000000000
221716  -31.138  5.461  31.228 0.0000000000
110440  -33.959  6.814  30.963 0.0000000000
203940  -32.985  6.184  30.675 0.0000000000
111862  -33.755  6.589  30.435 0.0000000000
110464  -33.230  6.359  29.353 0.0000000000
111918  -32.648  6.320  28.894 0.0000000000
238214  -32.463  6.468  28.287 0.0000000000
111942  -33.015  6.613  28.361 0.0000000000
111965  -33.401  6.816  27.792 0.0000000000
111966  -34.070  6.910  27.498 0.0000000000
111982  -34.161  6.869  26.804 0.0000000000
211048  -34.632  6.932  27.953 0.0000000000
111946  -35.612  6.882  28.410 0.0000000000
94065  -16.102  -2.956  43.343 0.0000000000
94080  -15.512  -2.954  42.686 0.0000000000
94093  -14.706  -3.390  42.340 0.0000000000
94092  -13.965  -3.973  42.095 0.0000000000
90075  -12.680  -5.824  40.418 0.0000000000
88667  -11.498  -6.621  42.390 0.0000000000
125539  -50.049  15.970  12.030 0.0000000000
125548  -50.329  15.329  11.606 0.0000000000
125540  -50.701  15.800  11.949 0.0000000000
125549  -50.817  15.433  11.569 0.0000000000
125550  -51.253  15.613  11.555 0.0000000000
80393  -3.008  -11.666  53.202 0.0000000000
94319  -32.337  -3.796  30.722 0.0000000000
92841  -32.119  -4.418  30.461 0.0000000000
95805  -32.429  -3.144  30.408 0.0000000000
95804  -32.009  -2.812  30.232 0.0000000000
213229  -31.673  -2.499  30.357 0.0000000000
97156  -31.685  -2.430  30.701 0.0000000000
99842  -30.978  -0.915  31.904 0.0000000000
97047  -33.758  -1.618  36.272 0.0000000000
97065  -33.488  -1.493  35.815 0.0000000000
99789  -33.711  -0.478  36.276 0.0000000000
99788  -33.496  -0.281  35.951 0.0000000000
101206  -33.433  0.224  36.093 0.0000000000
104045  -32.283  1.934  36.825 0.0000000000
105332  -32.196  2.281  37.215 0.0000000000
198592  -31.932  2.045  36.333 0.0000000000
104078  -31.719  1.509  35.442 0.0000000000
102643  -31.277  1.455  34.823 0.0000000000
104077  -31.342  2.062  35.367 0.0000000000
104094  -30.886  2.240  34.713 0.0000000000
105366  -30.690  2.829  34.693 0.0000000000
106591  -30.564  3.486  34.456 0.0000000000
107846  -31.050  4.192  35.155 0.0000000000
111731  -33.492  6.424  37.738 0.0000000000
88759  -20.645  -6.183  34.451 0.0000000000
95642  -25.696  -2.543  39.033 0.0000000000
95655  -24.685  -2.585  38.133 0.0000000000
95656  -25.484  -2.219  38.340 0.0000000000
95672  -25.436  -2.017  37.540 0.0000000000
97014  -25.361  -1.773  36.783 0.0000000000
208229  -27.217  -1.743  34.424 0.0000000000
214014  -26.608  -1.388  34.444 0.0000000000
92652  -18.340  -4.487  41.180 0.0000000000
91404  -18.429  -4.949  38.300 0.0000000000
91418  -17.772  -4.698  37.667 0.0000000000
92715  -16.991  -4.694  37.469 0.0000000000
91430  -16.489  -5.073  37.076 0.0000000000
91417  -15.649  -5.304  37.381 0.0000000000
90132  -16.046  -5.566  36.692 0.0000000000
88737  -15.886  -6.430  36.551 0.0000000000
123029  -46.436  14.189  16.263 0.0000000000
123040  -45.445  14.185  15.329 0.0000000000
124257  -46.151  14.492  15.865 0.0000000000
125522  -46.233  14.987  15.767 0.0000000000
125523  -46.763  15.280  16.183 0.0000000000
129159  -48.599  17.355  17.840 0.0000000000
231358  -48.740  18.165  17.482 0.0000000000
129167  -48.086  17.928  16.308 0.0000000000
129177  -47.779  17.765  15.072 0.0000000000
128024  -47.415  17.383  13.955 0.0000000000
129187  -47.867  17.827  14.372 0.0000000000
129188  -48.549  17.958  14.169 0.0000000000
129198  -48.913  17.742  13.547 0.0000000000
128035  -49.316  17.330  13.027 0.0000000000
129189  -49.222  18.026  14.018 0.0000000000
130318  -49.874  18.600  14.928 0.0000000000
130310  -50.340  18.842  15.374 0.0000000000
77697  -5.203  -13.433  47.585 0.0000000000
77686  -4.773  -13.469  48.126 0.0000000000
106630  -28.755  3.603  29.354 0.0000000000
105427  -28.263  2.546  29.156 0.0000000000
106629  -28.485  3.151  28.846 0.0000000000
217030  -28.381  2.671  27.592 0.0000000000
106755  -35.395  3.586  21.071 0.0000000000
231804  -35.900  6.497  25.270 0.0000000000
110581  -35.604  6.305  24.811 0.0000000000
110582  -36.273  6.112  24.890 0.0000000000
110583  -36.980  5.966  24.961 0.0000000000
110604  -37.345  5.451  24.631 0.0000000000
106672  -40.167  4.304  24.946 0.0000000000
106670  -39.162  4.250  24.779 0.0000000000
230605  -39.610  4.164  24.184 0.0000000000
106701  -39.097  4.005  24.016 0.0000000000
106723  -38.698  4.149  23.343 0.0000000000
107988  -38.471  4.503  22.663 0.0000000000
107989  -39.204  4.634  22.900 0.0000000000
109221  -39.544  5.223  22.620 0.0000000000
206002  -39.852  5.683  22.434 0.0000000000
226974  -40.022  6.118  22.450 0.0000000000
110634  -40.586  5.895  22.758 0.0000000000
110635  -41.383  6.011  22.982 0.0000000000
110636  -41.987  6.118  23.259 0.0000000000
87206  -8.388  -7.421  47.075 0.0000000000
202582  -7.849  -7.651  47.619 0.0000000000
87200  -7.789  -7.256  48.283 0.0000000000
85880  -6.980  -8.528  48.070 0.0000000000
207919  -6.080  -9.862  47.672 0.0000000000
83247  -5.958  -10.372  47.589 0.0000000000
81815  -6.124  -11.037  47.001 0.0000000000
80511  -6.178  -11.370  46.595 0.0000000000
77658  -4.101  -13.266  49.980 0.0000000000
213157  -3.833  -13.485  50.686 0.0000000000
76241  -3.676  -13.942  50.983 0.0000000000
74812  -2.836  -15.072  52.211 0.0000000000
76207  -2.930  -13.797  52.881 0.0000000000
94102  -29.577  -2.258  42.844 0.0000000000
95594  -32.815  -1.558  40.864 0.0000000000
228010  -44.599  8.566  22.910 0.0000000000
114525  -44.121  8.883  22.789 0.0000000000
115676  -44.573  9.347  22.492 0.0000000000
115700  -44.921  9.851  22.159 0.0000000000
208939  -45.480  10.264  21.890 0.0000000000
118221  -46.888  11.600  20.405 0.0000000000
119355  -47.246  11.851  19.715 0.0000000000
119343  -47.572  12.116  19.436 0.0000000000
237203  -33.229  6.059  33.497 0.0000000000
110391  -32.909  5.996  33.039 0.0000000000
110392  -33.550  6.161  33.146 0.0000000000
216643  -33.869  6.316  32.784 0.0000000000
110411  -33.850  6.556  32.195 0.0000000000
111798  -34.398  6.967  31.869 0.0000000000
111830  -34.993  6.912  31.367 0.0000000000
200997  -36.064  6.931  29.823 0.0000000000
92674  -14.539  -4.426  39.654 0.0000000000
92663  -14.069  -4.555  40.222 0.0000000000
91389  -13.877  -5.021  39.559 0.0000000000
90089  -13.434  -5.644  39.233 0.0000000000
83184  -4.350  -10.274  52.955 0.0000000000
81719  -3.790  -10.942  52.862 0.0000000000
91523  -31.359  -4.997  30.545 0.0000000000
91509  -31.222  -4.771  30.972 0.0000000000
221396  -31.566  -4.762  30.823 0.0000000000
207342  -31.998  -4.457  30.974 0.0000000000
210596  -32.113  -2.218  32.055 0.0000000000
107823  -31.315  4.174  37.232 0.0000000000
90146  -18.193  -5.431  36.122 0.0000000000
90157  -18.481  -5.741  35.370 0.0000000000
90158  -19.362  -5.838  35.580 0.0000000000
88747  -19.985  -6.180  35.230 0.0000000000
233186  -20.841  -5.880  36.391 0.0000000000
90161  -20.694  -5.981  35.725 0.0000000000
90166  -20.398  -6.091  35.122 0.0000000000
90167  -20.882  -5.961  34.973 0.0000000000
90168  -21.280  -5.624  34.820 0.0000000000
92755  -22.088  -4.723  34.716 0.0000000000
97018  -28.302  -1.549  37.069 0.0000000000
97017  -27.502  -1.207  37.019 0.0000000000
227388  -28.092  -1.642  36.212 0.0000000000
97045  -27.904  -1.729  35.450 0.0000000000
95709  -28.757  -2.212  35.062 0.0000000000
97063  -28.183  -2.017  35.002 0.0000000000
97062  -27.624  -1.734  34.922 0.0000000000
97081  -27.394  -1.930  33.776 0.0000000000
91351  -19.458  -5.319  41.494 0.0000000000
91377  -19.481  -5.489  40.440 0.0000000000
91392  -19.366  -5.584  39.867 0.0000000000
230529  -19.297  -5.436  39.352 0.0000000000
91406  -19.509  -5.433  38.768 0.0000000000
90134  -18.555  -5.121  37.539 0.0000000000
90133  -18.721  -5.213  36.751 0.0000000000
118236  -40.710  10.723  18.070 0.0000000000
124275  -44.497  14.489  12.184 0.0000000000
125510  -49.576  15.173  18.722 0.0000000000
211751  -48.529  15.280  17.923 0.0000000000
125500  -49.753  15.752  18.767 0.0000000000
127994  -49.727  16.511  18.746 0.0000000000
131379  -50.339  19.378  17.888 0.0000000000
106646  -28.989  3.830  27.325 0.0000000000
106647  -29.191  4.062  26.763 0.0000000000
106719  -35.291  4.073  22.345 0.0000000000
110529  -39.533  5.931  26.883 0.0000000000
110557  -38.670  5.649  25.941 0.0000000000
110558  -39.238  5.421  26.131 0.0000000000
109146  -39.887  5.232  26.149 0.0000000000
210878  -39.857  4.760  25.618 0.0000000000
107928  -40.169  4.520  25.370 0.0000000000
106673  -40.914  4.458  24.748 0.0000000000
106674  -41.664  4.642  24.560 0.0000000000
107943  -41.751  4.993  24.156 0.0000000000
107967  -42.300  5.273  23.896 0.0000000000
89956  -10.508  -5.887  45.321 0.0000000000
198341  -10.672  -5.428  45.548 0.0000000000
87207  -8.820  -6.731  47.023 0.0000000000
85902  -8.779  -7.575  45.686 0.0000000000
87215  -8.836  -7.288  46.415 0.0000000000
87214  -8.336  -7.730  46.612 0.0000000000
84607  -7.413  -9.055  46.529 0.0000000000
202716  -7.205  -9.462  46.316 0.0000000000
83263  -6.896  -9.817  46.337 0.0000000000
72150  -2.362  -16.321  53.255 0.0000000000
94245  -30.999  -3.985  34.232 0.0000000000
92758  -32.343  -4.122  34.805 0.0000000000
92746  -32.834  -3.750  35.598 0.0000000000
94214  -33.512  -3.001  35.854 0.0000000000
199847  -33.360  -3.368  36.778 0.0000000000
95689  -34.274  -2.383  36.550 0.0000000000
95701  -34.041  -2.274  36.075 0.0000000000
98390  -34.178  -1.014  37.180 0.0000000000
96987  -35.517  -1.170  39.433 0.0000000000
91408  -23.409  -4.792  39.540 0.0000000000
91422  -23.078  -4.610  38.858 0.0000000000
91409  -24.095  -4.357  39.876 0.0000000000
92696  -24.990  -3.862  39.639 0.0000000000
94148  -25.197  -3.373  39.217 0.0000000000
94127  -26.516  -3.357  41.069 0.0000000000
94138  -26.283  -3.194  40.452 0.0000000000
95626  -26.015  -2.928  39.722 0.0000000000
95643  -26.249  -2.109  39.346 0.0000000000
95644  -27.029  -1.931  39.506 0.0000000000
96993  -27.803  -1.486  38.683 0.0000000000
95577  -29.428  -2.177  42.188 0.0000000000
95591  -29.293  -2.018  41.588 0.0000000000
95611  -28.605  -2.068  40.934 0.0000000000
204996  -30.227  -2.010  40.608 0.0000000000
235140  -30.004  -1.948  40.297 0.0000000000
95630  -28.702  -1.911  40.216 0.0000000000
95646  -28.665  -1.747  39.473 0.0000000000
96994  -28.615  -1.520  38.685 0.0000000000
97004  -28.493  -1.487  37.845 0.0000000000
97019  -28.956  -1.897  37.204 0.0000000000
95688  -29.856  -2.663  36.339 0.0000000000
94160  -30.957  -2.771  37.394 0.0000000000
95675  -30.384  -2.749  36.837 0.0000000000
224516  -30.306  -3.052  36.188 0.0000000000
233259  -30.323  -3.233  35.630 0.0000000000
94228  -30.584  -3.598  34.659 0.0000000000
90069  -24.909  -4.423  41.822 0.0000000000
90082  -24.193  -4.474  41.009 0.0000000000
91394  -23.646  -4.753  40.186 0.0000000000
112093  -37.952  6.570  21.122 0.0000000000
113382  -37.741  6.887  20.588 0.0000000000
113383  -38.072  7.300  20.970 0.0000000000
114540  -38.223  8.006  20.739 0.0000000000
115670  -39.942  9.276  21.813 0.0000000000
115693  -39.458  9.249  21.232 0.0000000000
115705  -38.954  9.218  20.105 0.0000000000
115674  -43.184  9.588  22.163 0.0000000000
117039  -42.497  10.238  21.612 0.0000000000
117058  -43.506  10.406  21.087 0.0000000000
117057  -42.820  10.497  21.098 0.0000000000
117056  -42.270  10.445  20.936 0.0000000000
118200  -41.954  10.658  20.318 0.0000000000
118213  -41.064  10.753  19.445 0.0000000000
118223  -41.011  10.843  18.704 0.0000000000
118237  -41.327  11.057  18.027 0.0000000000
119372  -41.901  11.367  17.717 0.0000000000
119374  -42.897  11.737  17.701 0.0000000000
119389  -42.343  11.705  17.451 0.0000000000
119397  -42.369  11.671  16.864 0.0000000000
119398  -42.756  12.033  16.563 0.0000000000
119408  -42.713  11.995  15.944 0.0000000000
120535  -43.071  12.340  15.670 0.0000000000
217010  -43.387  12.700  15.290 0.0000000000
121702  -44.613  13.265  16.083 0.0000000000
229091  -45.143  13.529  15.978 0.0000000000
120525  -45.351  12.983  16.923 0.0000000000
121704  -45.936  13.338  16.643 0.0000000000
121716  -45.651  13.664  16.193 0.0000000000
123020  -46.823  13.918  16.640 0.0000000000
123015  -47.639  14.061  17.374 0.0000000000
124250  -48.525  14.574  18.000 0.0000000000
119365  -47.437  12.214  19.069 0.0000000000
120492  -47.897  12.617  18.672 0.0000000000
120506  -48.262  13.142  18.376 0.0000000000
121688  -49.010  13.945  18.607 0.0000000000
123011  -49.197  14.319  18.590 0.0000000000
124246  -49.363  14.709  18.620 0.0000000000
124247  -49.906  14.899  18.906 0.0000000000
104147  -29.435  1.900  32.125 0.0000000000
102712  -28.806  1.220  31.051 0.0000000000
215747  -29.133  2.239  31.757 0.0000000000
105406  -29.083  2.829  31.509 0.0000000000
106627  -29.092  3.677  30.537 0.0000000000
106625  -29.510  4.098  30.932 0.0000000000
237707  -29.035  3.853  29.890 0.0000000000
202709  -29.224  4.251  29.216 0.0000000000
107894  -29.445  4.531  28.440 0.0000000000
110409  -32.474  5.831  32.541 0.0000000000
109119  -31.673  5.688  31.411 0.0000000000
109118  -31.526  5.639  30.828 0.0000000000
110450  -32.443  6.048  30.261 0.0000000000
110449  -31.869  5.848  30.440 0.0000000000
109122  -30.903  5.287  29.979 0.0000000000
107890  -30.407  5.169  29.716 0.0000000000
109130  -29.948  5.074  28.351 0.0000000000
107897  -29.595  4.589  27.736 0.0000000000
109134  -30.046  5.070  27.497 0.0000000000
216957  -30.507  5.467  27.282 0.0000000000
109145  -30.895  5.746  26.756 0.0000000000
110525  -31.457  6.153  27.273 0.0000000000
110551  -31.568  6.133  26.502 0.0000000000
109159  -31.197  5.713  25.980 0.0000000000
110598  -32.747  6.153  24.669 0.0000000000
109189  -33.052  5.882  23.938 0.0000000000
112016  -33.917  6.745  25.600 0.0000000000
112017  -34.620  6.751  25.469 0.0000000000
236682  -34.710  6.841  26.670 0.0000000000
111999  -35.104  6.818  26.119 0.0000000000
112000  -35.817  6.834  25.804 0.0000000000
200757  -36.308  6.851  26.271 0.0000000000
111986  -37.429  6.655  26.613 0.0000000000
111987  -38.423  6.569  26.943 0.0000000000
111922  -36.432  6.903  29.482 0.0000000000
210988  -36.851  6.902  29.013 0.0000000000
199894  -38.519  6.777  29.864 0.0000000000
211043  -37.613  6.811  29.050 0.0000000000
111948  -37.235  6.866  28.442 0.0000000000
111949  -37.996  6.827  28.345 0.0000000000
209421  -38.291  6.774  27.547 0.0000000000
110498  -38.920  6.573  27.259 0.0000000000
110500  -40.066  6.153  27.572 0.0000000000
198373  -40.518  6.382  28.021 0.0000000000
204626  -14.239  -4.333  40.750 0.0000000000
92650  -14.113  -4.251  41.356 0.0000000000
92649  -13.487  -4.579  41.692 0.0000000000
90062  -12.599  -5.559  41.143 0.0000000000
91350  -12.942  -4.968  42.095 0.0000000000
92639  -13.321  -4.454  42.311 0.0000000000
92627  -12.627  -4.808  43.024 0.0000000000
92616  -12.251  -4.663  43.627 0.0000000000
218773  -11.750  -5.207  43.640 0.0000000000
90004  -11.187  -5.892  43.738 0.0000000000
88632  -11.022  -6.289  43.534 0.0000000000
88650  -10.939  -6.848  42.688 0.0000000000
88631  -10.765  -6.690  43.289 0.0000000000
87244  -10.235  -6.966  43.573 0.0000000000
126837  -51.656  16.501  12.253 0.0000000000
126844  -51.735  16.201  11.756 0.0000000000
98497  -30.471  -1.647  30.575 0.0000000000
98478  -30.213  -1.014  30.754 0.0000000000
99851  -29.933  -0.488  30.928 0.0000000000
102694  -29.389  1.021  32.063 0.0000000000
92770  -32.239  -4.152  34.160 0.0000000000
92784  -32.763  -4.049  33.891 0.0000000000
94261  -33.006  -3.603  33.695 0.0000000000
215571  -33.376  -2.193  34.925 0.0000000000
95744  -33.132  -2.394  33.800 0.0000000000
95743  -33.023  -2.951  33.320 0.0000000000
97100  -32.817  -2.270  33.232 0.0000000000
97114  -32.388  -2.100  32.674 0.0000000000
98442  -32.124  -1.414  33.088 0.0000000000
101205  -32.961  0.448  35.875 0.0000000000
102631  -32.735  0.943  36.077 0.0000000000
101218  -32.573  0.126  35.429 0.0000000000
99817  -32.128  -0.465  34.101 0.0000000000
99828  -31.931  -0.747  33.416 0.0000000000
99836  -31.629  -1.101  32.799 0.0000000000
99827  -31.298  -0.460  33.146 0.0000000000
99835  -31.164  -0.676  32.466 0.0000000000
101240  -30.669  -0.178  32.905 0.0000000000
102656  -31.242  1.137  33.993 0.0000000000
101232  -30.609  0.530  33.155 0.0000000000
101239  -30.274  0.203  32.610 0.0000000000
101238  -29.861  0.616  32.362 0.0000000000
104148  -29.827  2.306  32.562 0.0000000000
105395  -29.748  3.112  32.597 0.0000000000
106601  -30.151  3.669  33.764 0.0000000000
109095  -31.153  4.985  33.669 0.0000000000
109097  -31.937  5.605  33.718 0.0000000000
109063  -31.573  4.893  37.010 0.0000000000
109071  -31.547  5.001  36.312 0.0000000000
109072  -32.085  5.488  36.112 0.0000000000
222482  -32.794  6.154  36.873 0.0000000000
226943  -32.581  5.818  36.009 0.0000000000
110323  -32.292  5.648  35.563 0.0000000000
110340  -32.593  5.897  34.916 0.0000000000
110357  -32.590  5.930  34.177 0.0000000000
110372  -33.213  6.069  33.989 0.0000000000
92706  -23.583  -4.129  38.483 0.0000000000
92705  -22.794  -4.482  38.015 0.0000000000
92716  -22.547  -4.319  37.172 0.0000000000
94174  -24.342  -3.003  37.775 0.0000000000
94173  -23.706  -3.395  37.330 0.0000000000
92727  -22.377  -4.124  36.456 0.0000000000
92743  -22.228  -3.987  35.807 0.0000000000
92756  -22.230  -4.039  35.127 0.0000000000
92767  -22.266  -4.168  34.452 0.0000000000
97016  -26.715  -1.272  37.008 0.0000000000
97030  -26.045  -1.388  36.114 0.0000000000
97029  -25.335  -1.782  36.025 0.0000000000
97059  -25.265  -1.479  34.607 0.0000000000
97041  -24.676  -1.882  35.040 0.0000000000
95696  -24.104  -2.132  35.401 0.0000000000
95707  -23.592  -2.364  35.070 0.0000000000
207248  -22.872  -3.032  34.321 0.0000000000
94081  -16.906  -3.358  43.069 0.0000000000
94095  -16.895  -3.228  42.381 0.0000000000
94107  -16.025  -3.415  41.341 0.0000000000
94122  -15.566  -3.664  40.221 0.0000000000
92667  -18.672  -4.847  40.717 0.0000000000
92666  -18.253  -4.519  40.470 0.0000000000
92692  -17.951  -4.557  39.221 0.0000000000
92678  -17.682  -4.232  39.572 0.0000000000
94124  -17.170  -3.589  40.463 0.0000000000
94135  -16.618  -3.577  39.922 0.0000000000
94134  -15.959  -3.703  39.807 0.0000000000
94133  -15.199  -3.862  39.782 0.0000000000
92675  -15.126  -4.400  39.139 0.0000000000
91403  -14.517  -5.226  38.485 0.0000000000
90118  -15.151  -5.785  37.574 0.0000000000
121727  -43.660  13.076  14.696 0.0000000000
121740  -43.968  13.446  14.460 0.0000000000
123045  -44.176  13.793  14.237 0.0000000000
198577  -45.059  14.291  14.766 0.0000000000
123046  -44.585  14.276  14.248 0.0000000000
205855  -44.193  14.124  13.792 0.0000000000
123054  -44.069  14.132  13.202 0.0000000000
124273  -44.395  14.576  12.923 0.0000000000
124274  -44.817  15.008  12.594 0.0000000000
126798  -48.070  15.456  17.500 0.0000000000
234145  -47.802  15.931  17.186 0.0000000000
223207  -46.679  15.905  15.922 0.0000000000
129164  -47.810  17.283  16.959 0.0000000000
128009  -46.983  16.521  15.928 0.0000000000
126816  -45.975  15.964  14.881 0.0000000000
125537  -45.178  15.426  13.073 0.0000000000
125542  -45.316  15.457  12.228 0.0000000000
124277  -45.564  15.201  11.519 0.0000000000
125552  -46.218  15.349  11.251 0.0000000000
126831  -46.961  16.652  12.382 0.0000000000
125544  -46.749  15.842  11.521 0.0000000000
125553  -47.003  15.252  11.101 0.0000000000
125547  -49.217  15.468  11.563 0.0000000000
236593  -49.560  15.813  11.874 0.0000000000
128046  -49.771  16.900  12.633 0.0000000000
126835  -50.216  16.489  12.409 0.0000000000
128036  -50.386  16.997  12.774 0.0000000000
128037  -51.051  17.341  13.026 0.0000000000
128027  -51.828  17.733  13.416 0.0000000000
221864  -5.161  -10.733  49.587 0.0000000000
80462  -5.038  -11.307  49.238 0.0000000000
79139  -4.645  -12.076  49.134 0.0000000000
77685  -4.521  -13.591  48.622 0.0000000000
77670  -4.334  -13.415  49.189 0.0000000000
102736  -28.396  0.829  30.451 0.0000000000
101270  -28.289  0.593  29.684 0.0000000000
106657  -28.910  3.441  26.767 0.0000000000
110647  -37.170  6.073  20.585 0.0000000000
109204  -33.446  5.488  23.474 0.0000000000
107957  -33.930  5.208  23.107 0.0000000000
110601  -35.267  6.149  24.166 0.0000000000
110621  -34.911  5.818  23.651 0.0000000000
109219  -34.600  4.902  22.879 0.0000000000
107958  -35.329  4.750  22.997 0.0000000000
200855  -35.861  4.147  22.438 0.0000000000
109160  -38.544  5.339  25.416 0.0000000000
109175  -37.803  5.280  24.882 0.0000000000
107942  -38.103  4.387  24.263 0.0000000000
107941  -37.424  4.522  24.023 0.0000000000
107960  -36.450  4.408  23.247 0.0000000000
106720  -36.375  4.230  22.741 0.0000000000
106738  -36.275  4.218  22.112 0.0000000000
108008  -36.638  4.451  21.724 0.0000000000
108009  -37.451  4.682  21.851 0.0000000000
232879  -36.833  4.823  21.454 0.0000000000
109245  -37.285  5.206  21.363 0.0000000000
110648  -37.705  5.825  21.226 0.0000000000
113374  -39.719  7.644  22.199 0.0000000000
112089  -40.379  7.224  22.644 0.0000000000
113375  -40.995  7.585  22.771 0.0000000000
114500  -41.706  7.842  22.784 0.0000000000
114501  -42.335  8.023  22.965 0.0000000000
114502  -42.895  8.112  23.137 0.0000000000
202885  -42.628  5.595  23.764 0.0000000000
84583  -5.823  -9.333  50.029 0.0000000000
84584  -6.042  -8.770  49.782 0.0000000000
228106  -5.421  -10.344  49.211 0.0000000000
81764  -5.342  -11.079  48.603 0.0000000000
81780  -5.659  -10.870  48.037 0.0000000000
80495  -5.698  -11.435  47.689 0.0000000000
79173  -5.266  -11.964  47.912 0.0000000000
80529  -6.553  -11.180  46.056 0.0000000000
214428  -6.308  -11.893  46.063 0.0000000000
204759  -4.946  -10.652  50.221 0.0000000000
80434  -4.564  -11.087  50.666 0.0000000000
81733  -4.355  -11.004  51.455 0.0000000000
80433  -4.228  -11.663  51.145 0.0000000000
230091  -3.973  -11.641  51.722 0.0000000000
222933  -3.457  -15.301  50.780 0.0000000000
76229  -3.433  -13.878  51.686 0.0000000000
74819  -3.100  -14.403  51.928 0.0000000000
77631  -3.509  -13.423  51.901 0.0000000000
79047  -3.380  -12.574  52.669 0.0000000000
80405  -3.086  -12.004  53.061 0.0000000000
79026  -2.790  -12.135  53.120 0.0000000000
77598  -2.608  -12.707  53.124 0.0000000000
80391  -2.359  -11.757  53.066 0.0000000000
72149  -1.659  -16.230  53.726 0.0000000000
74805  -1.888  -14.555  52.848 0.0000000000
76205  -2.080  -13.909  52.874 0.0000000000
81837  -6.783  -10.419  46.065 0.0000000000
84608  -7.611  -8.554  46.722 0.0000000000
84616  -7.542  -9.225  45.860 0.0000000000
85875  -6.970  -8.324  48.678 0.0000000000
85918  -8.870  -8.222  44.448 0.0000000000
85924  -9.234  -8.017  43.914 0.0000000000
87205  -7.399  -8.277  47.561 0.0000000000
87222  -8.502  -7.770  46.201 0.0000000000
87261  -11.057  -7.022  41.979 0.0000000000
88593  -9.603  -6.827  45.162 0.0000000000
88682  -20.752  -5.924  41.145 0.0000000000
89955  -10.173  -6.026  45.613 0.0000000000
89972  -10.817  -5.569  44.930 0.0000000000
90047  -22.260  -5.767  41.357 0.0000000000
90068  -24.459  -4.450  41.416 0.0000000000
90076  -19.942  -5.821  40.601 0.0000000000
90081  -23.653  -4.932  40.848 0.0000000000
90107  -21.372  -6.030  39.521 0.0000000000
90121  -21.379  -5.620  38.311 0.0000000000
90145  -17.175  -5.803  36.078 0.0000000000
90149  -20.337  -5.951  36.461 0.0000000000
90160  -20.203  -6.170  35.739 0.0000000000
91363  -19.103  -5.100  40.893 0.0000000000
91364  -19.511  -5.345  40.988 0.0000000000
91365  -24.736  -4.415  41.263 0.0000000000
91378  -23.898  -4.602  40.654 0.0000000000
91380  -25.013  -4.302  41.041 0.0000000000
91396  -24.859  -4.301  40.550 0.0000000000
91405  -18.867  -5.145  38.973 0.0000000000
92617  -13.021  -4.298  43.345 0.0000000000
92628  -13.179  -4.415  42.825 0.0000000000
92642  -26.561  -3.908  42.269 0.0000000000
92655  -26.882  -3.636  41.909 0.0000000000
92664  -14.642  -4.112  40.282 0.0000000000
92665  -17.784  -4.058  40.127 0.0000000000
92681  -24.747  -4.195  39.958 0.0000000000
92694  -23.924  -4.397  39.193 0.0000000000
92703  -16.302  -4.779  37.698 0.0000000000
92717  -23.313  -3.982  37.634 0.0000000000
92728  -23.001  -3.777  36.864 0.0000000000
92729  -32.610  -3.579  36.009 0.0000000000
92744  -31.839  -3.952  35.190 0.0000000000
92757  -31.653  -4.094  34.532 0.0000000000
92759  -32.868  -3.957  35.032 0.0000000000
92760  -33.051  -3.375  35.485 0.0000000000
92783  -32.254  -4.209  33.480 0.0000000000
92800  -32.709  -4.008  33.173 0.0000000000
92824  -31.485  -4.595  31.379 0.0000000000
94078  -14.148  -3.595  42.725 0.0000000000
94099  -27.608  -3.500  42.708 0.0000000000
94100  -28.417  -3.004  42.666 0.0000000000
94101  -28.887  -2.704  42.775 0.0000000000
94110  -17.999  -3.963  41.597 0.0000000000
94111  -26.711  -3.529  41.458 0.0000000000
94126  -25.964  -3.530  40.809 0.0000000000
94137  -25.781  -3.452  40.157 0.0000000000
94149  -25.537  -3.171  39.441 0.0000000000
94153  -33.658  -2.173  38.958 0.0000000000
94161  -31.505  -2.713  37.863 0.0000000000
94164  -33.416  -2.467  38.384 0.0000000000
94176  -31.532  -3.033  37.282 0.0000000000
94177  -32.149  -3.184  37.462 0.0000000000
94179  -33.751  -3.121  37.339 0.0000000000
94191  -22.684  -3.506  36.206 0.0000000000
94194  -29.919  -2.853  35.656 0.0000000000
94199  -33.722  -3.093  36.503 0.0000000000
94200  -34.195  -2.692  36.959 0.0000000000
94208  -22.588  -3.434  35.497 0.0000000000
94210  -30.230  -3.235  35.124 0.0000000000
94211  -30.704  -3.439  35.271 0.0000000000
94215  -33.978  -2.694  36.209 0.0000000000
94225  -22.579  -3.540  34.760 0.0000000000
94262  -33.138  -2.947  33.899 0.0000000000
95576  -28.698  -2.512  42.257 0.0000000000
95635  -33.752  -2.065  39.508 0.0000000000
95636  -34.079  -2.044  39.541 0.0000000000
95641  -25.254  -2.753  38.831 0.0000000000
95649  -31.729  -2.208  38.555 0.0000000000
95650  -34.099  -2.113  38.929 0.0000000000
95663  -34.566  -2.020  38.400 0.0000000000
95670  -24.565  -2.464  37.539 0.0000000000
95673  -29.574  -2.246  37.362 0.0000000000
95676  -34.315  -2.358  38.021 0.0000000000
95677  -34.538  -2.032  37.866 0.0000000000
95686  -24.859  -2.009  36.513 0.0000000000
95687  -29.297  -2.324  36.620 0.0000000000
95690  -34.477  -2.130  37.175 0.0000000000
95697  -24.696  -1.984  35.806 0.0000000000
95700  -33.760  -2.644  35.613 0.0000000000
95702  -34.218  -1.911  36.638 0.0000000000
95727  -33.256  -2.560  34.399 0.0000000000
96986  -35.106  -1.672  39.299 0.0000000000
96995  -34.915  -1.737  38.786 0.0000000000
97007  -35.117  -1.329  38.467 0.0000000000
97020  -34.632  -1.638  37.738 0.0000000000
97042  -25.327  -1.725  35.340 0.0000000000
97044  -27.289  -1.447  35.374 0.0000000000
97048  -34.079  -1.400  36.761 0.0000000000
97060  -26.069  -1.292  34.913 0.0000000000
97064  -33.236  -1.619  35.275 0.0000000000
97079  -25.947  -1.392  34.048 0.0000000000
97080  -26.737  -1.600  33.853 0.0000000000
97084  -33.121  -1.911  34.462 0.0000000000
97131  -31.657  -2.276  31.247 0.0000000000
98398  -33.625  -1.009  36.182 0.0000000000
98399  -33.800  -1.065  36.602 0.0000000000
98414  -33.373  -1.145  35.710 0.0000000000
99790  -33.812  -0.716  36.766 0.0000000000
99806  -33.451  -0.754  35.842 0.0000000000
99819  -32.802  -0.990  35.026 0.0000000000
101207  -33.752  0.038  36.360 0.0000000000
101219  -32.995  -0.117  35.735 0.0000000000
101225  -32.311  -0.192  34.807 0.0000000000
102645  -32.475  0.716  35.563 0.0000000000
102667  -31.166  0.815  33.487 0.0000000000
102693  -29.175  1.545  31.579 0.0000000000
104028  -32.573  1.725  37.374 0.0000000000
104060  -31.860  1.756  35.886 0.0000000000
105347  -31.501  2.519  36.205 0.0000000000
105367  -30.931  2.576  35.098 0.0000000000
105418  -28.420  2.586  29.961 0.0000000000
105428  -28.559  3.031  29.461 0.0000000000
105436  -28.258  2.606  28.389 0.0000000000
106547  -31.617  2.803  37.175 0.0000000000
106562  -30.895  3.601  36.332 0.0000000000
106577  -30.856  3.771  34.866 0.0000000000
106621  -30.101  4.125  33.058 0.0000000000
106671  -39.621  4.224  24.823 0.0000000000
106686  -38.792  4.277  24.482 0.0000000000
106687  -39.876  4.225  24.540 0.0000000000
106689  -41.129  4.633  24.348 0.0000000000
106704  -41.255  4.914  24.030 0.0000000000
107900  -29.273  4.244  27.310 0.0000000000
107911  -40.457  4.909  25.667 0.0000000000
107966  -41.652  5.171  23.831 0.0000000000
107992  -41.194  5.200  23.397 0.0000000000
109087  -31.585  4.930  34.544 0.0000000000
109105  -32.210  5.786  33.091 0.0000000000
109112  -30.733  5.149  31.393 0.0000000000
109114  -31.921  5.592  32.060 0.0000000000
109123  -31.463  5.509  30.239 0.0000000000
109126  -30.201  5.154  29.152 0.0000000000
109127  -30.813  5.381  29.318 0.0000000000
109162  -39.499  5.069  25.764 0.0000000000
109192  -37.818  4.879  24.525 0.0000000000
109207  -42.263  5.511  23.630 0.0000000000
109224  -42.323  5.810  23.504 0.0000000000
110310  -33.388  6.330  36.981 0.0000000000
110439  -33.492  6.384  31.119 0.0000000000
110497  -32.042  6.306  27.820 0.0000000000
110528  -38.819  6.034  26.589 0.0000000000
110552  -32.172  6.370  26.220 0.0000000000
110553  -32.721  6.570  25.939 0.0000000000
110578  -33.419  6.545  25.096 0.0000000000
110580  -34.894  6.565  24.763 0.0000000000
110584  -37.954  5.526  25.253 0.0000000000
110603  -36.728  5.713  24.401 0.0000000000
110633  -39.232  5.508  22.127 0.0000000000
111829  -34.395  6.929  31.165 0.0000000000
111892  -34.361  6.750  30.037 0.0000000000
111944  -34.243  6.725  28.732 0.0000000000
111968  -35.326  6.916  27.763 0.0000000000
111969  -36.568  6.924  27.440 0.0000000000
111970  -37.181  6.866  27.255 0.0000000000
112001  -37.016  6.594  26.111 0.0000000000
112074  -41.200  6.442  22.959 0.0000000000
114519  -39.057  8.204  21.808 0.0000000000
114526  -44.910  8.900  22.746 0.0000000000
114541  -38.687  8.436  21.184 0.0000000000
115675  -43.818  9.431  22.382 0.0000000000
115701  -45.751  9.827  22.346 0.0000000000
118214  -41.643  10.840  19.692 0.0000000000
118225  -42.218  11.406  18.702 0.0000000000
118227  -43.318  11.424  19.088 0.0000000000
119354  -46.312  11.720  19.637 0.0000000000
119356  -47.989  12.413  19.248 0.0000000000
119364  -45.724  12.198  18.568 0.0000000000
119377  -46.341  12.395  18.151 0.0000000000
120490  -46.927  12.385  18.367 0.0000000000
120505  -47.690  12.813  18.199 0.0000000000
120516  -45.522  12.727  17.430 0.0000000000
120522  -43.180  12.344  16.254 0.0000000000
121686  -47.400  13.078  17.741 0.0000000000
121695  -47.632  13.598  17.631 0.0000000000
121703  -45.208  13.286  16.423 0.0000000000
123010  -48.773  14.238  18.328 0.0000000000
123019  -46.276  13.768  16.432 0.0000000000
123021  -47.261  14.315  16.955 0.0000000000
123028  -45.877  14.090  15.918 0.0000000000
124245  -48.877  14.644  18.281 0.0000000000
124254  -47.505  14.846  17.015 0.0000000000
124258  -46.583  14.673  16.199 0.0000000000
124270  -44.443  14.529  13.662 0.0000000000
124276  -45.002  14.896  11.826 0.0000000000
124283  -50.974  15.189  11.117 0.0000000000
125509  -49.001  15.089  18.284 0.0000000000
125512  -48.306  14.979  17.755 0.0000000000
125535  -45.486  15.851  13.599 0.0000000000
125543  -45.976  15.850  11.859 0.0000000000
126796  -49.277  16.057  18.371 0.0000000000
126803  -47.159  15.778  16.387 0.0000000000
126811  -46.271  15.612  15.582 0.0000000000
126812  -46.461  16.279  15.359 0.0000000000
126821  -46.345  16.593  13.797 0.0000000000
126830  -46.317  16.439  12.591 0.0000000000
126834  -49.610  16.344  12.228 0.0000000000
126841  -47.246  16.323  11.805 0.0000000000
128004  -47.721  16.579  17.113 0.0000000000
128020  -47.315  17.400  14.760 0.0000000000
128025  -48.163  17.695  13.697 0.0000000000
128032  -47.210  17.124  13.376 0.0000000000
128034  -48.561  17.354  13.097 0.0000000000
128043  -47.385  17.003  12.799 0.0000000000
129165  -48.264  17.746  17.168 0.0000000000
129174  -47.726  17.697  15.732 0.0000000000
129176  -49.084  18.528  15.145 0.0000000000
129179  -49.496  18.344  14.448 0.0000000000
129181  -51.388  18.178  13.902 0.0000000000
129190  -49.914  18.096  13.838 0.0000000000
129200  -50.414  17.764  13.305 0.0000000000
130293  -49.386  18.672  17.864 0.0000000000
130294  -49.846  18.952  18.060 0.0000000000
130302  -50.006  18.990  16.113 0.0000000000
130311  -51.340  18.899  14.997 0.0000000000
131405  -50.770  19.140  15.843 0.0000000000
197999  -20.025  -5.724  38.574 0.0000000000
198157  -24.446  -2.383  36.758 0.0000000000
198282  -31.969  6.006  29.226 0.0000000000
198896  -20.784  -5.944  37.700 0.0000000000
200464  -9.871  -6.835  44.654 0.0000000000
200589  -44.132  11.849  18.297 0.0000000000
200828  -41.886  11.178  19.238 0.0000000000
202017  -28.551  -2.236  33.947 0.0000000000
202128  -8.236  -8.474  45.481 0.0000000000
202179  -33.823  -2.648  38.083 0.0000000000
202238  -35.545  6.834  29.815 0.0000000000
202332  -3.900  -11.232  52.216 0.0000000000
202743  -29.615  -1.929  40.035 0.0000000000
205019  -39.363  4.391  25.076 0.0000000000
205483  -10.575  -6.554  43.848 0.0000000000
205555  -11.438  -6.042  43.229 0.0000000000
207100  -49.303  15.480  18.468 0.0000000000
207698  -34.142  -0.517  37.367 0.0000000000
207798  -20.924  -6.265  39.981 0.0000000000
208198  -17.191  -3.779  39.721 0.0000000000
208562  -24.959  -2.329  38.172 0.0000000000
209165  -48.389  14.776  10.838 0.0000000000
209171  -46.908  17.071  14.459 0.0000000000
209382  -32.231  5.869  31.580 0.0000000000
209554  -50.888  18.461  14.097 0.0000000000
210935  -35.438  6.828  28.876 0.0000000000
211082  -37.580  6.872  27.749 0.0000000000
212810  -33.994  5.604  23.453 0.0000000000
213461  -29.571  3.871  31.549 0.0000000000
213470  -24.179  -2.266  36.063 0.0000000000
214429  -31.696  5.137  35.620 0.0000000000
215081  -41.781  10.304  20.720 0.0000000000
215314  -22.234  -5.672  40.586 0.0000000000
215496  -34.616  -1.204  37.710 0.0000000000
217205  -34.451  -2.056  38.800 0.0000000000
217576  -50.586  16.205  12.240 0.0000000000
218136  -48.585  13.736  18.321 0.0000000000
218596  -42.003  6.959  23.108 0.0000000000
218889  -47.639  15.606  16.957 0.0000000000
222186  -33.301  -2.957  35.381 0.0000000000
222405  -34.494  5.479  23.278 0.0000000000
222467  -39.373  4.148  24.524 0.0000000000
223327  -40.684  4.569  25.161 0.0000000000
223375  -32.293  5.943  37.155 0.0000000000
223467  -39.377  9.336  20.650 0.0000000000
224235  -34.792  6.772  30.289 0.0000000000
224417  -31.140  -4.586  31.488 0.0000000000
224769  -31.320  -2.023  39.061 0.0000000000
225255  -38.367  5.012  24.968 0.0000000000
225358  -29.902  -1.960  38.647 0.0000000000
225612  -28.970  -2.431  34.173 0.0000000000
226399  -33.279  6.515  28.847 0.0000000000
226481  -16.748  -3.364  41.032 0.0000000000
227002  -34.579  6.842  28.441 0.0000000000
228775  -22.444  -5.510  40.414 0.0000000000
228857  -32.593  -3.395  37.229 0.0000000000
229843  -6.321  -9.023  48.783 0.0000000000
230249  -40.548  5.937  27.451 0.0000000000
231373  -42.858  9.333  22.440 0.0000000000
231656  -21.803  -5.169  36.999 0.0000000000
231671  -34.878  -1.349  38.077 0.0000000000
234479  -19.823  -5.667  37.137 0.0000000000
234980  -41.451  10.983  19.155 0.0000000000
235156  -46.804  11.710  19.874 0.0000000000
235407  -15.590  -3.604  40.710 0.0000000000
237686  -26.579  -1.262  36.419 0.0000000000
