#!ascii label  , from subject sub-05_ses-007.long.sub-05 vox2ras=TkReg
2121
12104  -25.603  -58.170  -41.938 0.5000000000
13227  -25.573  -57.608  -42.462 0.6000000238
7324  -23.792  -62.772  -34.640 0.3000000119
13236  -25.213  -57.309  -42.754 0.5000000000
198981  -25.283  -62.649  -37.128 0.4000000060
8119  -25.383  -62.851  -36.495 0.4000000060
186064  -25.314  -62.877  -35.109 0.4000000060
7340  -24.362  -62.764  -35.250 0.3000000119
8120  -26.099  -62.888  -37.001 0.4000000060
13178  -26.581  -58.044  -40.411 0.5000000000
13193  -27.232  -57.852  -41.313 0.5000000000
12105  -26.521  -58.391  -41.909 0.5000000000
14242  -25.477  -57.189  -40.422 0.6000000238
14260  -26.206  -56.756  -41.302 0.5000000000
13228  -26.746  -57.300  -42.375 0.6000000238
7286  -22.919  -62.869  -33.377 0.3000000119
15403  -25.536  -56.718  -42.041 0.5000000000
205435  -25.803  -62.230  -38.750 0.5000000000
8980  -25.241  -62.353  -37.924 0.5000000000
7307  -24.134  -62.895  -33.919 0.3000000119
15392  -25.614  -56.623  -41.681 0.6000000238
209655  -25.568  -57.029  -42.486 0.5000000000
8169  -26.632  -62.367  -38.195 0.5000000000
8145  -25.865  -62.554  -37.587 0.4000000060
7360  -25.939  -62.949  -35.947 0.4000000060
7326  -25.397  -62.901  -34.324 0.3000000119
7325  -24.637  -62.848  -34.508 0.3000000119
8170  -27.212  -62.035  -38.157 0.4000000060
203868  -26.700  -62.594  -37.403 0.4000000060
7342  -27.482  -63.027  -35.625 0.4000000060
8121  -27.345  -62.538  -37.034 0.4000000060
11993  -25.494  -59.473  -36.992 0.6999999881
12008  -25.759  -59.191  -37.553 0.6999999881
12049  -26.523  -58.648  -39.039 0.6999999881
12088  -25.568  -58.836  -41.407 0.5000000000
180970  -24.563  -59.466  -36.010 0.6999999881
11992  -25.056  -59.441  -36.534 0.6999999881
13144  -25.708  -58.515  -38.706 0.8000000119
13160  -26.131  -58.172  -39.460 0.5000000000
13159  -25.138  -58.036  -38.987 0.6999999881
10977  -25.678  -60.218  -40.548 0.5000000000
12006  -24.384  -58.888  -37.257 0.6999999881
9952  -25.923  -60.875  -40.199 0.4000000060
201751  -26.247  -61.964  -39.315 0.5000000000
8052  -23.321  -62.832  -32.666 0.3000000119
13158  -24.189  -57.920  -38.906 0.6000000238
204092  -26.558  -61.596  -39.688 0.5000000000
8997  -26.443  -62.351  -38.894 0.5000000000
7287  -23.701  -62.877  -33.300 0.3000000119
14241  -24.429  -57.188  -40.174 0.5000000000
8999  -27.479  -61.565  -38.444 0.5000000000
9001  -28.871  -61.024  -38.000 0.4000000060
8171  -27.833  -61.873  -37.971 0.4000000060
7362  -27.745  -62.799  -36.281 0.4000000060
211587  -27.219  -63.091  -35.023 0.4000000060
7327  -26.587  -63.028  -34.706 0.4000000060
8150  -29.434  -61.840  -37.204 0.3000000119
8149  -28.521  -61.974  -37.377 0.4000000060
11885  -25.029  -59.321  -32.340 0.5000000000
196084  -25.045  -59.561  -33.171 0.6000000238
10830  -25.634  -59.652  -33.573 0.6000000238
10880  -25.380  -59.852  -35.065 0.6000000238
10924  -25.692  -59.747  -36.444 0.6000000238
13001  -24.516  -58.303  -30.636 0.5000000000
13016  -24.217  -58.709  -31.257 0.5000000000
11884  -24.317  -59.294  -32.247 0.6000000238
11940  -24.977  -59.745  -33.879 0.6000000238
11980  -24.714  -59.657  -35.294 0.6999999881
13179  -27.160  -58.464  -40.881 0.6000000238
7256  -21.533  -63.276  -30.079 0.3000000119
12984  -22.851  -58.121  -29.632 0.6999999881
11837  -23.128  -58.551  -30.911 0.6000000238
201028  -23.322  -59.042  -32.033 0.6000000238
11912  -24.281  -59.514  -32.946 0.6000000238
193731  -23.963  -59.693  -33.636 0.6999999881
11979  -24.073  -59.469  -35.470 0.6999999881
216167  -26.975  -59.079  -40.054 0.6000000238
12091  -27.496  -59.384  -40.820 0.6000000238
216265  -26.274  -59.955  -41.031 0.5000000000
12957  -22.464  -57.871  -29.058 0.6999999881
12999  -22.551  -58.491  -30.345 0.6000000238
11854  -22.221  -59.195  -31.504 0.6000000238
205278  -23.148  -59.305  -32.642 0.6000000238
11959  -22.941  -59.520  -34.701 0.6999999881
186550  -23.346  -59.111  -36.367 0.6999999881
9954  -26.990  -60.656  -40.221 0.5000000000
8051  -22.645  -62.995  -32.692 0.3000000119
14100  -21.406  -57.566  -28.711 0.6999999881
12983  -21.417  -58.340  -29.610 0.6000000238
11813  -21.794  -58.669  -30.155 0.6999999881
11936  -22.539  -59.537  -33.696 0.6000000238
11958  -22.429  -59.540  -34.416 0.6000000238
13142  -23.677  -58.307  -38.351 0.6999999881
10964  -27.270  -59.887  -39.397 0.5000000000
9940  -27.494  -60.486  -38.875 0.5000000000
189747  -21.588  -59.322  -31.018 0.6000000238
11908  -21.697  -59.628  -32.924 0.6000000238
11990  -22.759  -59.123  -36.576 0.6000000238
12025  -22.675  -58.592  -38.032 0.6000000238
13156  -22.821  -58.105  -38.928 0.6000000238
10965  -27.871  -60.501  -38.398 0.5000000000
7289  -25.253  -62.949  -33.205 0.3000000119
11811  -20.398  -58.695  -29.923 0.6999999881
11835  -21.033  -59.254  -30.669 0.6000000238
11881  -21.973  -59.499  -32.255 0.6000000238
10853  -21.914  -59.672  -33.989 0.6000000238
10879  -21.761  -59.692  -34.767 0.5000000000
10923  -21.722  -59.622  -36.275 0.5000000000
13155  -22.191  -58.295  -39.036 0.5000000000
13174  -23.193  -57.701  -39.396 0.5000000000
9022  -29.018  -60.971  -37.989 0.5000000000
211983  -30.706  -61.085  -36.681 0.3000000119
8125  -30.520  -61.698  -36.716 0.3000000119
201872  -29.926  -62.064  -36.592 0.3000000119
7344  -28.884  -62.905  -35.473 0.4000000060
7343  -28.190  -63.016  -35.580 0.4000000060
13173  -22.231  -57.975  -39.719 0.5000000000
8983  -30.328  -60.955  -37.102 0.3000000119
8982  -29.890  -61.067  -37.326 0.3000000119
7364  -29.191  -62.689  -35.978 0.4000000060
12987  -25.563  -57.798  -29.990 0.5000000000
13002  -25.225  -58.233  -30.573 0.5000000000
203766  -26.163  -58.388  -30.981 0.5000000000
11858  -26.121  -58.796  -31.512 0.5000000000
210835  -24.127  -55.908  -28.846 0.5000000000
14104  -24.205  -56.977  -28.895 0.5000000000
14126  -24.529  -57.432  -29.424 0.5000000000
11857  -25.347  -59.025  -31.588 0.5000000000
11913  -25.828  -59.401  -32.759 0.5000000000
194254  -26.650  -60.068  -34.235 0.6000000238
10905  -26.608  -60.249  -35.481 0.6000000238
14103  -23.503  -57.112  -28.786 0.5000000000
10925  -26.530  -60.071  -36.434 0.6000000238
10955  -27.148  -59.559  -38.195 0.8000000119
6483  -22.220  -63.786  -29.094 0.3000000119
16349  -22.174  -55.820  -28.699 0.6000000238
14078  -22.207  -56.948  -28.526 0.6000000238
14124  -23.161  -57.701  -29.113 0.6000000238
10906  -27.237  -60.386  -36.005 0.4000000060
7251  -22.166  -63.136  -29.101 0.3000000119
201249  -21.369  -56.555  -28.521 0.6999999881
10943  -27.661  -60.100  -37.782 0.5000000000
12031  -27.161  -59.424  -38.818 0.6000000238
8019  -22.571  -62.796  -31.297 0.3000000119
193241  -22.893  -62.758  -31.554 0.3000000119
16347  -20.590  -56.099  -28.824 0.6999999881
185116  -28.848  -60.467  -37.256 0.4000000060
8033  -23.662  -62.710  -31.969 0.3000000119
14075  -20.407  -57.052  -28.546 0.6000000238
12954  -20.378  -57.985  -29.082 0.6999999881
10944  -28.380  -60.375  -37.726 0.4000000060
7309  -25.624  -62.929  -33.727 0.3000000119
14074  -19.638  -56.959  -28.588 0.6000000238
211832  -19.454  -57.472  -28.783 0.6999999881
11852  -20.609  -59.696  -31.758 0.6000000238
10827  -20.735  -60.084  -33.502 0.5000000000
10878  -21.013  -59.902  -34.780 0.5000000000
12024  -22.167  -58.768  -37.976 0.6000000238
10945  -29.583  -60.363  -36.798 0.4000000060
9915  -29.161  -60.714  -37.627 0.4000000060
10911  -31.953  -59.871  -35.716 0.3000000119
9907  -31.324  -60.503  -36.042 0.3000000119
9908  -31.933  -60.261  -35.748 0.3000000119
8950  -31.541  -61.220  -35.905 0.3000000119
8097  -29.804  -62.543  -35.940 0.4000000060
7310  -26.671  -63.034  -34.072 0.3000000119
10798  -19.828  -59.556  -31.363 0.6000000238
10826  -19.948  -60.219  -33.256 0.5000000000
10850  -19.866  -60.278  -34.338 0.5000000000
199540  -21.235  -59.771  -35.838 0.5000000000
12002  -21.243  -59.389  -37.479 0.5000000000
12047  -21.240  -59.024  -38.567 0.6000000238
13172  -21.653  -58.419  -39.454 0.5000000000
212310  -29.895  -60.585  -37.059 0.3000000119
10930  -30.588  -60.466  -36.435 0.3000000119
10812  -19.764  -59.894  -32.058 0.5000000000
10901  -19.974  -60.212  -35.570 0.5000000000
10954  -20.082  -59.642  -37.855 0.5000000000
10937  -19.069  -59.748  -37.013 0.5000000000
17515  -24.819  -55.313  -29.504 0.5000000000
15258  -25.137  -56.142  -29.084 0.5000000000
14141  -26.199  -57.689  -30.053 0.5000000000
13004  -27.127  -57.939  -30.702 0.5000000000
13020  -27.352  -58.324  -31.240 0.5000000000
11859  -26.867  -58.725  -31.680 0.5000000000
16382  -23.262  -55.432  -29.228 0.5000000000
14127  -25.217  -57.301  -29.530 0.5000000000
11915  -27.359  -59.387  -32.767 0.4000000060
15227  -23.203  -56.169  -28.532 0.5000000000
10833  -27.612  -59.602  -33.414 0.4000000060
5705  -23.357  -64.415  -29.039 0.3000000119
6467  -23.227  -63.499  -28.382 0.3000000119
17512  -22.092  -55.199  -29.673 0.6000000238
10882  -27.231  -60.091  -34.497 0.4000000060
192815  -27.240  -60.358  -35.200 0.4000000060
17530  -20.953  -55.331  -30.241 0.6000000238
16379  -20.986  -55.706  -29.168 0.6000000238
7999  -22.269  -62.456  -30.048 0.3000000119
8837  -22.689  -62.177  -30.282 0.3000000119
16378  -20.213  -55.875  -29.237 0.6000000238
10907  -28.533  -60.297  -36.103 0.4000000060
17508  -19.038  -55.486  -29.564 0.6000000238
10908  -29.283  -60.046  -35.820 0.4000000060
10928  -29.101  -60.340  -36.623 0.4000000060
8034  -24.387  -62.598  -31.751 0.3000000119
16345  -19.124  -56.143  -28.798 0.6999999881
199763  -30.300  -60.205  -36.041 0.3000000119
192040  -31.483  -59.978  -35.776 0.3000000119
15281  -26.120  -56.534  -29.485 0.5000000000
14129  -26.474  -57.066  -29.792 0.5000000000
14130  -27.165  -56.836  -29.901 0.5000000000
13005  -27.810  -57.874  -30.811 0.4000000060
16383  -24.064  -55.442  -29.234 0.5000000000
13021  -28.016  -58.297  -31.357 0.4000000060
11888  -27.815  -59.125  -32.247 0.4000000060
17533  -23.543  -54.931  -30.140 0.6000000238
11917  -28.808  -59.324  -32.976 0.4000000060
10834  -28.403  -59.644  -33.634 0.4000000060
7993  -22.701  -62.110  -29.119 0.3000000119
7241  -22.951  -62.797  -28.390 0.3000000119
17529  -20.250  -55.418  -30.250 0.6000000238
10858  -28.427  -59.884  -34.438 0.4000000060
10884  -28.599  -59.988  -35.268 0.4000000060
10859  -29.606  -59.544  -34.432 0.4000000060
184480  -30.389  -59.707  -35.063 0.4000000060
10909  -30.121  -60.048  -35.793 0.3000000119
10886  -31.226  -59.574  -35.354 0.3000000119
17507  -18.280  -55.308  -29.511 0.6000000238
16385  -26.005  -55.598  -29.576 0.5000000000
15282  -27.051  -56.065  -29.665 0.5000000000
15283  -27.690  -56.281  -29.890 0.4000000060
14131  -27.811  -56.904  -30.065 0.4000000060
194386  -24.699  -54.874  -30.369 0.5000000000
17536  -25.785  -54.978  -30.169 0.5000000000
13006  -28.474  -57.815  -31.025 0.4000000060
194374  -22.956  -54.836  -30.336 0.6000000238
17560  -23.368  -54.773  -30.857 0.6000000238
183891  -24.765  -54.811  -31.040 0.6000000238
200876  -28.639  -58.300  -31.503 0.4000000060
17558  -21.935  -54.958  -30.815 0.6000000238
186007  -22.871  -54.785  -31.465 0.6000000238
11891  -29.833  -58.780  -32.571 0.4000000060
11918  -29.502  -59.148  -33.083 0.4000000060
17557  -21.253  -55.079  -30.813 0.6000000238
11941  -29.868  -59.246  -33.778 0.4000000060
11919  -30.170  -58.919  -33.258 0.4000000060
11942  -30.497  -59.006  -33.976 0.4000000060
11921  -31.505  -58.469  -33.836 0.4000000060
8020  -23.072  -62.517  -31.051 0.3000000119
8838  -23.549  -61.538  -30.007 0.3000000119
186022  -20.202  -55.244  -31.419 0.6000000238
11943  -31.141  -58.811  -34.257 0.4000000060
8035  -25.147  -62.551  -31.695 0.3000000119
8865  -23.653  -62.174  -30.918 0.3000000119
17555  -19.307  -55.358  -30.740 0.6000000238
17527  -18.400  -55.099  -30.212 0.6000000238
192872  -18.434  -55.308  -31.875 0.6999999881
183748  -19.996  -55.591  -33.735 0.6999999881
17554  -18.420  -55.121  -30.807 0.6000000238
17621  -18.993  -55.583  -33.103 0.6999999881
17639  -18.812  -55.573  -34.339 0.6999999881
17601  -18.001  -55.231  -32.443 0.6000000238
205176  -19.939  -55.533  -34.906 0.6999999881
193279  -20.362  -55.185  -36.278 0.6000000238
183709  -17.758  -55.318  -33.693 0.6999999881
17684  -19.566  -55.595  -35.502 0.6999999881
16386  -26.698  -55.539  -29.777 0.5000000000
16403  -27.515  -55.499  -29.913 0.5000000000
17562  -25.318  -54.832  -30.530 0.5000000000
17563  -26.359  -54.766  -31.006 0.5000000000
17517  -26.260  -55.171  -29.937 0.5000000000
16405  -28.758  -55.402  -29.811 0.5000000000
15284  -28.885  -56.143  -29.944 0.4000000060
15296  -28.783  -56.800  -30.249 0.4000000060
17581  -23.903  -54.881  -32.032 0.6000000238
17582  -24.476  -54.819  -31.667 0.6000000238
17583  -25.094  -54.822  -31.772 0.6000000238
18854  -26.314  -54.809  -31.646 0.6000000238
212980  -29.492  -57.452  -31.236 0.4000000060
186009  -21.531  -54.931  -31.401 0.6000000238
17609  -24.160  -54.865  -32.765 0.6000000238
17610  -25.275  -54.864  -32.397 0.6000000238
13022  -29.696  -57.976  -31.622 0.4000000060
215748  -21.173  -54.947  -31.922 0.6000000238
17606  -22.005  -54.878  -32.637 0.6000000238
17626  -23.088  -54.809  -33.301 0.6000000238
17645  -23.647  -54.828  -33.716 0.6000000238
183796  -24.857  -54.946  -33.803 0.6000000238
11892  -30.509  -58.571  -32.760 0.4000000060
14175  -32.592  -57.229  -32.821 0.4000000060
17605  -21.220  -55.000  -32.574 0.6000000238
17625  -22.021  -54.925  -33.858 0.6000000238
17666  -22.927  -54.754  -34.550 0.6000000238
184491  -24.002  -54.387  -35.452 0.6000000238
184719  -24.648  -54.300  -35.976 0.6000000238
13054  -31.177  -58.304  -33.077 0.4000000060
13056  -32.426  -57.627  -33.315 0.4000000060
192917  -19.827  -55.458  -32.001 0.6000000238
17624  -21.324  -55.172  -33.783 0.5000000000
17665  -22.158  -54.850  -34.652 0.6000000238
18888  -23.325  -54.335  -35.668 0.6000000238
185655  -23.871  -54.085  -36.181 0.6000000238
18924  -24.905  -53.800  -37.182 0.6999999881
17580  -19.538  -55.411  -31.356 0.6999999881
207451  -20.350  -55.534  -33.204 0.6000000238
17643  -21.517  -54.993  -34.696 0.6000000238
18887  -22.674  -54.386  -35.940 0.6000000238
20086  -24.238  -53.485  -37.686 0.6000000238
20088  -25.415  -53.395  -38.334 0.6000000238
20108  -25.671  -53.095  -39.094 0.6000000238
18923  -23.142  -53.943  -37.354 0.6000000238
20085  -23.626  -53.670  -37.783 0.6000000238
20106  -24.381  -53.139  -38.839 0.6000000238
20126  -25.007  -52.759  -39.658 0.6000000238
17664  -21.107  -55.108  -35.160 0.6000000238
18886  -22.071  -54.570  -36.221 0.6000000238
20084  -23.187  -53.756  -38.399 0.5000000000
187924  -24.046  -52.940  -39.387 0.6000000238
20125  -24.488  -52.576  -39.832 0.6000000238
18922  -22.528  -54.097  -37.864 0.5000000000
17661  -18.571  -55.673  -35.007 0.6999999881
17722  -19.949  -55.225  -36.927 0.6999999881
187134  -20.655  -54.809  -37.258 0.5000000000
18946  -22.199  -53.980  -38.682 0.6000000238
20103  -22.473  -53.414  -39.148 0.5000000000
20124  -23.839  -52.692  -39.726 0.5000000000
20122  -22.120  -53.067  -39.656 0.6000000238
25813  -16.608  -49.724  -34.954 0.6000000238
211315  -15.524  -50.436  -34.490 0.6000000238
23698  -14.800  -51.150  -35.863 0.6000000238
17538  -27.854  -54.937  -30.282 0.5000000000
196120  -27.345  -54.581  -31.078 0.5000000000
17539  -28.469  -54.932  -30.046 0.5000000000
16414  -29.485  -55.955  -30.099 0.5000000000
14146  -29.685  -56.917  -30.965 0.4000000060
183747  -25.568  -55.033  -33.563 0.5000000000
209308  -25.935  -54.965  -32.895 0.5000000000
17631  -27.269  -54.947  -33.403 0.5000000000
15306  -30.336  -56.677  -31.117 0.4000000060
15307  -31.099  -56.420  -31.273 0.4000000060
183439  -26.554  -55.132  -33.526 0.5000000000
17649  -27.081  -55.105  -34.099 0.5000000000
13023  -30.444  -57.787  -31.796 0.4000000060
14161  -31.312  -56.942  -31.756 0.4000000060
15318  -32.381  -56.649  -32.238 0.4000000060
18889  -25.416  -54.564  -36.179 0.5000000000
205281  -26.452  -54.954  -35.288 0.5000000000
183632  -26.547  -55.131  -34.478 0.5000000000
14174  -31.794  -57.173  -32.328 0.4000000060
188130  -25.916  -54.059  -37.247 0.6000000238
18904  -26.127  -54.492  -36.605 0.6000000238
18948  -26.007  -53.720  -38.042 0.6000000238
211171  -26.681  -53.931  -38.040 0.5000000000
20145  -25.983  -53.017  -39.970 0.4000000060
20127  -26.612  -53.092  -40.353 0.4000000060
18971  -27.529  -53.880  -39.800 0.4000000060
21329  -24.728  -52.115  -40.251 0.6000000238
21330  -25.319  -52.170  -40.400 0.6000000238
216585  -26.093  -51.907  -40.463 0.5000000000
20146  -26.540  -52.781  -40.622 0.4000000060
20147  -27.134  -53.057  -40.949 0.4000000060
21333  -27.542  -52.350  -41.063 0.4000000060
183660  -17.619  -55.412  -34.459 0.6999999881
208416  -24.234  -52.333  -40.012 0.6000000238
22563  -25.564  -51.360  -39.797 0.5000000000
22582  -27.085  -52.183  -40.696 0.4000000060
17724  -20.753  -54.664  -38.351 0.6000000238
22577  -23.172  -52.299  -39.443 0.5000000000
22578  -23.944  -51.972  -39.811 0.5000000000
22550  -25.358  -51.384  -39.013 0.5000000000
203057  -26.523  -51.748  -38.556 0.5000000000
188374  -26.541  -51.724  -39.386 0.4000000060
21293  -27.585  -52.265  -39.373 0.4000000060
18968  -21.300  -53.802  -39.695 0.6000000238
22548  -24.105  -51.603  -39.010 0.5000000000
27020  -17.680  -48.791  -33.981 0.6999999881
27019  -17.053  -49.193  -33.899 0.6000000238
27007  -17.359  -48.752  -33.330 0.6999999881
25806  -15.931  -49.936  -33.733 0.6000000238
26993  -17.492  -48.814  -32.047 0.6000000238
23685  -14.953  -51.192  -34.281 0.6000000238
24707  -15.743  -50.273  -32.265 0.6000000238
210553  -16.387  -49.951  -31.531 0.6000000238
25773  -17.334  -49.618  -30.627 0.6000000238
200668  -17.609  -50.339  -29.565 0.6000000238
21235  -14.423  -52.440  -35.559 0.5000000000
22420  -15.282  -51.711  -33.315 0.6000000238
23658  -15.569  -50.849  -32.415 0.6000000238
23636  -16.241  -50.971  -31.531 0.6000000238
24689  -16.991  -50.150  -30.520 0.6000000238
16406  -29.376  -55.355  -29.921 0.5000000000
20058  -15.128  -53.745  -36.183 0.5000000000
21206  -15.059  -52.499  -34.566 0.5000000000
22372  -16.473  -51.727  -31.880 0.5000000000
22357  -17.140  -51.277  -30.829 0.5000000000
18855  -27.274  -54.527  -31.714 0.4000000060
18840  -27.885  -54.406  -31.460 0.5000000000
17564  -30.322  -54.746  -30.301 0.5000000000
15299  -30.537  -56.007  -30.803 0.4000000060
21237  -16.280  -53.185  -34.949 0.5000000000
21207  -15.849  -52.768  -34.257 0.5000000000
22398  -17.530  -52.231  -32.126 0.5000000000
22374  -17.481  -51.951  -31.355 0.5000000000
212975  -28.074  -54.483  -32.745 0.5000000000
16427  -31.107  -55.769  -30.911 0.4000000060
16417  -31.918  -55.228  -30.892 0.4000000060
17585  -32.922  -55.232  -31.387 0.4000000060
20080  -16.202  -53.946  -36.909 0.5000000000
21208  -16.825  -53.015  -34.397 0.5000000000
21169  -17.211  -52.481  -33.427 0.6000000238
21156  -18.165  -52.462  -32.692 0.6000000238
183824  -32.301  -56.040  -31.734 0.4000000060
20061  -17.748  -53.545  -36.716 0.6000000238
204230  -18.106  -52.995  -34.990 0.6000000238
21187  -17.938  -52.698  -33.947 0.6999999881
204694  -27.092  -54.996  -35.528 0.4000000060
17705  -27.512  -54.957  -36.157 0.5000000000
17766  -16.919  -55.927  -38.572 0.6000000238
18927  -27.184  -54.314  -37.578 0.5000000000
18951  -28.034  -54.283  -38.958 0.4000000060
17745  -17.227  -55.767  -37.722 0.6000000238
18950  -27.250  -53.952  -38.649 0.4000000060
17721  -17.828  -55.632  -37.207 0.6000000238
192868  -18.479  -55.514  -37.428 0.6000000238
18992  -27.865  -53.815  -41.002 0.4000000060
18966  -20.161  -54.203  -40.016 0.6000000238
17699  -18.769  -55.656  -36.378 0.6999999881
206315  -21.403  -52.523  -40.212 0.6000000238
22545  -22.018  -51.958  -39.117 0.6000000238
203634  -22.549  -51.745  -39.216 0.5000000000
22547  -23.187  -51.992  -39.104 0.5000000000
186068  -18.120  -48.589  -33.539 0.6999999881
26994  -18.262  -48.623  -32.227 0.6999999881
26978  -18.910  -48.747  -31.744 0.6000000238
26977  -18.056  -48.846  -31.542 0.6000000238
26941  -19.428  -49.197  -30.496 0.6000000238
25758  -18.701  -49.420  -29.925 0.6000000238
24662  -18.688  -50.235  -29.055 0.6999999881
23591  -18.723  -50.905  -29.001 0.6000000238
23608  -17.757  -50.867  -29.711 0.6000000238
18856  -29.034  -53.991  -31.780 0.5000000000
200434  -29.098  -54.146  -30.677 0.5000000000
18829  -29.277  -54.320  -30.298 0.5000000000
18830  -29.886  -54.191  -30.329 0.5000000000
22359  -18.440  -52.078  -30.446 0.6000000238
22329  -18.952  -51.601  -29.193 0.5000000000
213473  -29.546  -53.998  -30.615 0.5000000000
17565  -31.011  -54.715  -30.431 0.5000000000
17566  -31.673  -54.701  -30.573 0.4000000060
21158  -19.600  -52.698  -32.357 0.6000000238
22399  -18.207  -52.404  -31.944 0.6000000238
21112  -19.878  -52.329  -30.074 0.5000000000
206088  -27.950  -54.736  -33.255 0.5000000000
17785  -17.783  -54.930  -40.655 0.6000000238
18965  -18.047  -53.768  -40.167 0.4000000060
20117  -17.913  -53.740  -39.225 0.6000000238
216203  -19.057  -52.878  -34.739 0.6000000238
201841  -19.315  -52.793  -33.904 0.6000000238
21144  -19.726  -52.571  -31.638 0.6000000238
189429  -28.305  -54.998  -35.051 0.4000000060
18880  -29.056  -54.782  -34.062 0.4000000060
19006  -18.803  -53.952  -40.893 0.5000000000
186049  -18.523  -53.449  -39.303 0.5000000000
20083  -18.720  -53.359  -37.915 0.6000000238
21240  -18.720  -53.050  -35.874 0.6999999881
21241  -19.610  -52.857  -35.515 0.6000000238
192829  -19.783  -52.857  -34.543 0.6000000238
21173  -20.311  -52.865  -33.275 0.6000000238
187229  -28.279  -55.004  -36.605 0.5000000000
213842  -17.990  -55.006  -39.882 0.6000000238
21290  -19.359  -53.095  -38.395 0.6000000238
183450  -19.644  -52.882  -37.011 0.6000000238
207151  -20.315  -52.724  -34.921 0.6000000238
192969  -20.718  -52.742  -33.806 0.6000000238
182807  -21.048  -52.849  -32.573 0.6000000238
202617  -28.417  -54.957  -37.445 0.4000000060
17787  -19.183  -54.560  -40.307 0.5000000000
20161  -19.304  -53.586  -41.068 0.6000000238
200714  -19.982  -52.880  -37.928 0.6000000238
21243  -21.164  -52.441  -35.567 0.6000000238
21190  -21.190  -52.678  -34.353 0.6000000238
17746  -18.070  -55.558  -38.087 0.6000000238
17747  -19.290  -55.063  -38.476 0.6000000238
18989  -20.069  -53.943  -40.584 0.6000000238
21291  -20.478  -52.527  -38.895 0.6000000238
201425  -20.800  -52.368  -36.850 0.6000000238
21308  -20.928  -52.205  -39.769 0.6000000238
18991  -20.938  -53.327  -40.222 0.6000000238
22546  -22.667  -51.921  -38.780 0.5000000000
22529  -23.523  -51.746  -37.643 0.5000000000
188144  -19.202  -48.467  -33.855 0.6999999881
27009  -19.497  -48.503  -32.910 0.6999999881
204675  -21.326  -47.753  -35.141 0.6999999881
28276  -21.244  -48.076  -33.691 0.6999999881
27010  -20.169  -48.396  -33.431 0.6999999881
198628  -20.789  -48.578  -32.185 0.6999999881
198658  -20.024  -49.047  -30.956 0.6000000238
26942  -20.348  -49.123  -30.419 0.6000000238
25743  -20.996  -49.557  -29.284 0.5000000000
25759  -19.667  -49.381  -29.863 0.6999999881
25728  -20.216  -49.864  -28.638 0.5000000000
23578  -19.807  -50.746  -28.336 0.5000000000
22310  -19.980  -51.436  -28.425 0.5000000000
20008  -29.734  -53.591  -31.726 0.4000000060
19998  -30.558  -53.234  -31.050 0.5000000000
194433  -31.483  -53.407  -30.599 0.5000000000
18843  -31.963  -54.062  -30.542 0.5000000000
18844  -32.663  -54.067  -30.732 0.4000000060
180861  -29.189  -54.556  -33.421 0.4000000060
20009  -30.438  -53.213  -31.656 0.4000000060
21130  -20.493  -52.483  -30.647 0.6000000238
21159  -20.372  -52.808  -32.206 0.6000000238
210306  -21.219  -52.660  -31.097 0.6000000238
192968  -21.461  -52.768  -33.677 0.6000000238
21147  -21.854  -52.819  -31.685 0.6000000238
21265  -21.503  -52.280  -36.221 0.6000000238
213285  -21.726  -52.359  -35.661 0.6000000238
21160  -22.325  -52.987  -32.716 0.6000000238
22526  -21.554  -52.046  -38.582 0.6000000238
199563  -22.610  -52.628  -34.145 0.5000000000
22527  -22.113  -52.063  -38.214 0.6000000238
216462  -22.671  -52.281  -35.926 0.5000000000
22512  -23.237  -52.132  -36.995 0.5000000000
183977  -21.353  -46.361  -34.858 0.6999999881
28292  -21.469  -47.635  -33.555 0.6999999881
29576  -21.464  -47.748  -32.967 0.6999999881
26997  -21.206  -48.305  -32.555 0.6999999881
26982  -21.426  -48.211  -31.958 0.6000000238
26980  -21.131  -48.566  -31.520 0.6999999881
26943  -21.307  -49.039  -30.322 0.4000000060
212086  -21.145  -44.962  -34.901 0.6999999881
30783  -21.337  -46.059  -33.688 0.6999999881
30765  -21.189  -46.344  -32.974 0.6000000238
29545  -21.349  -47.618  -31.954 0.6000000238
25761  -21.539  -49.232  -29.776 0.5000000000
33269  -20.604  -43.734  -35.334 0.6999999881
33249  -21.429  -43.665  -34.956 0.6999999881
25745  -22.440  -49.001  -28.841 0.5000000000
33247  -19.823  -43.418  -34.488 0.6999999881
24651  -21.396  -50.009  -28.032 0.5000000000
33246  -19.270  -44.061  -33.509 0.6000000238
34523  -18.580  -43.563  -33.005 0.6000000238
33220  -17.678  -44.266  -31.609 0.6000000238
211237  -16.680  -44.266  -29.954 0.5000000000
35692  -16.557  -42.977  -30.546 0.5000000000
21135  -31.032  -52.739  -31.331 0.4000000060
20000  -32.562  -52.662  -30.751 0.4000000060
21174  -22.995  -52.795  -33.025 0.6000000238
29527  -21.418  -47.641  -30.817 0.5000000000
28239  -21.673  -48.292  -30.868 0.5000000000
31972  -21.193  -44.313  -34.239 0.6000000238
31954  -20.996  -45.194  -33.492 0.6000000238
30742  -20.929  -46.763  -32.142 0.6000000238
29526  -20.769  -46.964  -30.948 0.6000000238
28223  -21.783  -47.988  -30.400 0.5000000000
26945  -22.270  -48.809  -29.979 0.5000000000
193788  -22.530  -48.773  -29.131 0.5000000000
34545  -21.258  -42.637  -35.181 0.6999999881
33248  -21.257  -43.437  -34.449 0.6000000238
31953  -20.717  -44.560  -32.965 0.6000000238
31937  -20.310  -44.989  -32.130 0.6000000238
33207  -19.514  -44.738  -31.020 0.6000000238
28209  -22.565  -48.718  -27.917 0.5000000000
34533  -20.189  -42.484  -34.634 0.6999999881
206164  -20.743  -42.535  -33.879 0.6000000238
34524  -20.471  -42.556  -32.960 0.6000000238
34512  -19.946  -43.107  -31.857 0.6000000238
189342  -19.484  -43.941  -31.086 0.6000000238
34532  -19.306  -42.842  -34.097 0.6000000238
36973  -20.308  -41.694  -33.989 0.6000000238
36972  -19.905  -41.264  -33.520 0.6000000238
35724  -20.055  -42.133  -32.316 0.6000000238
34522  -18.080  -43.014  -32.791 0.6000000238
190475  -18.153  -41.647  -33.542 0.6000000238
38264  -19.187  -41.236  -33.491 0.6000000238
36943  -19.570  -41.892  -31.782 0.6000000238
193753  -17.573  -43.039  -32.172 0.5000000000
34495  -16.952  -43.473  -30.914 0.5000000000
35722  -17.081  -42.355  -32.255 0.5000000000
36971  -18.056  -41.164  -33.409 0.6000000238
38247  -18.947  -40.661  -32.247 0.6000000238
21137  -32.230  -52.221  -31.096 0.4000000060
34449  -15.878  -43.953  -27.709 0.5000000000
36941  -16.539  -41.937  -31.750 0.5000000000
36970  -17.285  -40.959  -33.103 0.6000000238
39492  -18.329  -40.228  -32.480 0.6000000238
35674  -15.587  -43.007  -28.635 0.5000000000
35690  -15.800  -42.278  -29.833 0.5000000000
35705  -16.342  -42.303  -30.924 0.4000000060
36954  -16.431  -41.094  -32.033 0.5000000000
40665  -17.789  -39.988  -32.281 0.6000000238
29509  -21.358  -47.613  -30.109 0.6000000238
198806  -21.140  -47.551  -29.262 0.5000000000
28207  -21.943  -48.269  -29.014 0.5000000000
197020  -20.118  -46.425  -29.740 0.6000000238
30698  -20.167  -46.799  -29.079 0.5000000000
28208  -22.375  -48.581  -28.445 0.5000000000
31909  -18.921  -44.832  -29.582 0.6999999881
31883  -18.985  -45.550  -28.544 0.6999999881
34497  -19.455  -43.144  -31.049 0.6000000238
33188  -18.795  -44.244  -29.969 0.6999999881
35707  -19.253  -42.471  -31.071 0.6000000238
34462  -18.406  -43.614  -29.446 0.6999999881
36942  -19.018  -41.697  -31.147 0.6000000238
35693  -18.811  -42.457  -30.452 0.6999999881
38236  -18.856  -40.838  -31.507 0.6000000238
36931  -18.601  -41.915  -30.412 0.6999999881
35652  -14.653  -42.731  -27.029 0.5000000000
36911  -15.228  -42.321  -28.870 0.5000000000
207766  -16.040  -40.756  -31.562 0.4000000060
39479  -16.699  -39.833  -32.290 0.6000000238
38235  -18.257  -40.490  -31.062 0.6000000238
36910  -14.725  -41.888  -28.544 0.5000000000
36928  -15.547  -41.579  -29.969 0.4000000060
38234  -15.955  -40.136  -31.706 0.5000000000
29477  -21.214  -47.714  -27.620 0.5000000000
29476  -20.547  -47.294  -27.656 0.5000000000
30685  -19.455  -46.153  -28.579 0.6000000238
31870  -18.931  -45.928  -27.817 0.5000000000
29437  -19.203  -46.409  -26.459 0.5000000000
31895  -18.827  -44.925  -28.879 0.6999999881
34455  -18.298  -43.839  -28.879 0.6999999881
34461  -18.271  -43.154  -29.110 0.6000000238
38224  -17.976  -40.857  -30.065 0.6999999881
204621  -17.986  -42.593  -28.997 0.6000000238
39470  -17.756  -39.856  -31.430 0.6000000238
39460  -17.580  -40.059  -30.556 0.6000000238
38202  -14.431  -41.250  -29.002 0.5000000000
39458  -15.520  -40.080  -30.632 0.4000000060
39469  -17.131  -39.262  -31.546 0.6000000238
38213  -14.123  -40.867  -29.539 0.4000000060
39448  -15.118  -40.258  -30.050 0.4000000060
40641  -15.933  -38.947  -30.943 0.5000000000
40642  -16.511  -39.064  -31.355 0.5000000000
31869  -18.417  -45.368  -27.466 0.6000000238
30643  -18.863  -45.872  -26.183 0.5000000000
33166  -18.213  -44.674  -27.895 0.6000000238
33148  -18.080  -44.835  -26.247 0.5000000000
207280  -17.746  -43.752  -27.083 0.6000000238
34437  -17.733  -43.146  -27.018 0.6000000238
199698  -17.750  -43.637  -26.422 0.5000000000
36899  -17.559  -42.032  -27.531 0.6000000238
38216  -17.637  -40.976  -29.280 0.6999999881
202399  -17.625  -41.669  -28.035 0.5000000000
39459  -17.139  -39.323  -30.888 0.6000000238
40637  -16.676  -39.150  -30.145 0.5000000000
40635  -14.889  -39.388  -30.079 0.4000000060
188333  -16.341  -38.530  -29.872 0.5000000000
40556  -8.452  -38.303  -25.887 0.4000000060
41693  -9.660  -37.636  -25.392 0.3000000119
41692  -9.317  -37.477  -25.913 0.4000000060
33120  -18.677  -44.415  -25.090 0.5000000000
41755  -8.927  -38.476  -27.390 0.3000000119
205723  -9.272  -37.599  -26.540 0.4000000060
35642  -17.827  -42.813  -26.217 0.5000000000
34411  -18.269  -43.464  -25.167 0.5000000000
40596  -10.102  -39.313  -28.435 0.3000000119
41731  -9.323  -37.968  -27.072 0.4000000060
36883  -17.664  -41.702  -26.862 0.5000000000
40611  -10.928  -39.717  -29.018 0.3000000119
180852  -17.512  -41.078  -28.099 0.6000000238
39434  -17.184  -39.885  -28.990 0.6999999881
39435  -17.400  -40.373  -28.218 0.6000000238
41807  -15.846  -38.359  -30.191 0.5000000000
40628  -16.700  -39.055  -29.436 0.5000000000
213569  -16.400  -38.374  -29.361 0.4000000060
189594  -17.396  -38.611  -28.301 0.4000000060
39364  -10.320  -39.352  -24.471 0.3000000119
41694  -10.129  -38.066  -24.711 0.3000000119
42851  -10.099  -37.068  -25.216 0.3000000119
185760  -10.080  -36.482  -25.495 0.3000000119
43983  -10.042  -36.629  -25.800 0.4000000060
35628  -18.114  -42.860  -25.408 0.5000000000
203974  -10.122  -38.693  -27.999 0.4000000060
42866  -9.964  -36.932  -26.251 0.4000000060
205914  -18.076  -42.127  -25.769 0.5000000000
41758  -11.169  -38.689  -27.974 0.4000000060
191041  -11.255  -38.638  -27.284 0.4000000060
38179  -18.023  -41.036  -26.903 0.5000000000
38171  -18.175  -41.407  -26.227 0.5000000000
198911  -11.825  -38.596  -28.494 0.4000000060
39402  -18.272  -40.423  -26.949 0.5000000000
40613  -17.443  -39.587  -28.305 0.5000000000
40582  -18.138  -39.920  -27.302 0.5000000000
201881  -14.557  -37.621  -29.365 0.3000000119
44076  -15.545  -37.265  -28.964 0.4000000060
216503  -16.907  -37.975  -28.441 0.4000000060
40598  -17.990  -39.225  -27.779 0.4000000060
188347  -11.098  -39.747  -24.127 0.3000000119
41680  -10.618  -37.260  -24.604 0.3000000119
42841  -10.439  -36.115  -25.014 0.4000000060
43984  -10.420  -35.989  -25.475 0.4000000060
184053  -19.867  -43.191  -24.068 0.4000000060
42852  -11.118  -36.447  -25.898 0.4000000060
35609  -20.272  -42.533  -23.902 0.4000000060
42890  -10.139  -37.592  -26.787 0.4000000060
41695  -11.278  -37.880  -25.860 0.4000000060
36848  -18.882  -42.291  -24.384 0.4000000060
41709  -11.965  -38.750  -26.177 0.4000000060
38180  -18.568  -40.644  -26.508 0.5000000000
41759  -11.967  -38.514  -27.906 0.4000000060
42912  -13.750  -37.774  -28.311 0.3000000119
39403  -18.670  -39.853  -26.779 0.5000000000
44064  -15.593  -37.049  -28.287 0.3000000119
40503  -10.891  -38.615  -24.067 0.3000000119
41681  -11.284  -37.437  -24.005 0.3000000119
42842  -10.875  -36.209  -24.409 0.3000000119
45101  -11.878  -34.903  -24.529 0.4000000060
45133  -11.883  -35.031  -25.094 0.4000000060
43987  -12.524  -35.141  -25.014 0.3000000119
43986  -11.736  -35.762  -25.413 0.4000000060
35618  -21.357  -43.075  -24.041 0.4000000060
35612  -22.292  -42.517  -23.806 0.4000000060
42853  -11.796  -37.139  -25.550 0.4000000060
36832  -19.994  -41.936  -23.827 0.4000000060
38162  -18.858  -41.073  -25.123 0.4000000060
40578  -11.897  -38.869  -26.904 0.3000000119
39365  -19.166  -40.394  -25.478 0.4000000060
41760  -12.909  -38.303  -28.072 0.3000000119
41735  -13.061  -38.974  -27.262 0.3000000119
41762  -14.162  -37.498  -27.890 0.3000000119
41763  -17.885  -38.104  -27.733 0.4000000060
203616  -12.450  -38.986  -22.852 0.3000000119
42824  -11.604  -36.284  -23.886 0.4000000060
183866  -12.560  -34.627  -24.361 0.4000000060
45120  -12.816  -34.561  -24.566 0.4000000060
36850  -23.652  -42.287  -24.131 0.4000000060
36835  -22.204  -42.044  -23.416 0.4000000060
200947  -12.357  -36.323  -25.222 0.4000000060
36833  -20.618  -41.985  -23.584 0.4000000060
41696  -12.140  -38.419  -25.617 0.4000000060
210286  -19.554  -41.214  -24.288 0.4000000060
190552  -20.288  -41.517  -23.620 0.4000000060
40530  -12.582  -39.301  -25.738 0.3000000119
38163  -19.448  -40.726  -24.782 0.4000000060
190237  -13.697  -39.013  -26.956 0.3000000119
39389  -19.545  -39.825  -25.882 0.5000000000
41761  -13.581  -38.206  -27.635 0.3000000119
41737  -14.952  -38.149  -26.757 0.3000000119
40563  -19.259  -39.449  -26.451 0.5000000000
42915  -16.951  -37.039  -27.638 0.3000000119
41764  -18.485  -38.677  -27.403 0.4000000060
42930  -16.238  -37.356  -28.488 0.4000000060
40475  -12.619  -37.962  -22.976 0.3000000119
43969  -13.666  -35.308  -24.460 0.3000000119
42844  -13.638  -37.064  -24.294 0.3000000119
36837  -23.420  -41.780  -23.694 0.4000000060
41682  -13.203  -38.066  -24.665 0.3000000119
38138  -22.019  -41.423  -23.093 0.4000000060
38139  -22.812  -41.474  -23.326 0.3000000119
41697  -12.869  -38.877  -25.214 0.3000000119
38136  -20.346  -40.957  -23.728 0.4000000060
217715  -21.403  -41.236  -23.111 0.4000000060
40560  -14.410  -39.610  -25.848 0.3000000119
40561  -15.222  -39.147  -26.037 0.3000000119
40537  -20.080  -39.528  -25.627 0.4000000060
42892  -15.424  -37.364  -27.035 0.3000000119
44029  -17.030  -36.568  -26.794 0.3000000119
44052  -18.045  -36.993  -26.866 0.3000000119
42895  -19.469  -37.764  -26.810 0.3000000119
41660  -14.110  -37.848  -23.834 0.3000000119
41683  -13.808  -38.624  -24.244 0.3000000119
39323  -23.044  -40.583  -23.293 0.3000000119
39321  -21.018  -40.581  -23.488 0.4000000060
201613  -22.335  -40.197  -23.172 0.4000000060
40562  -16.195  -38.902  -25.793 0.3000000119
39338  -20.489  -40.255  -24.250 0.4000000060
40481  -21.710  -39.938  -23.624 0.4000000060
41710  -15.705  -38.024  -26.391 0.3000000119
42868  -16.545  -36.849  -26.256 0.3000000119
41713  -20.269  -38.804  -25.902 0.3000000119
44032  -19.198  -37.083  -26.523 0.3000000119
40507  -15.848  -39.895  -24.466 0.3000000119
40511  -21.501  -39.433  -24.316 0.3000000119
190419  -22.575  -39.085  -23.796 0.3000000119
42869  -16.861  -37.080  -25.770 0.3000000119
41700  -21.114  -38.898  -25.236 0.3000000119
45158  -18.125  -36.721  -25.952 0.3000000119
42871  -20.505  -38.157  -26.111 0.3000000119
40509  -17.328  -39.386  -24.344 0.3000000119
40464  -17.449  -39.690  -23.070 0.3000000119
42855  -17.374  -37.393  -25.355 0.3000000119
200464  -21.386  -39.072  -24.800 0.3000000119
205764  -17.874  -38.938  -24.312 0.3000000119
41686  -18.371  -38.724  -23.874 0.3000000119
42916  -17.491  -37.276  -27.571 0.4000000060
44047  -15.106  -36.949  -28.278 0.3000000119
44049  -16.245  -36.928  -27.464 0.3000000119
13161  -26.763  -58.654  -40.026 0.6000000238
12090  -27.484  -58.935  -41.325 0.5000000000
13215  -27.026  -57.917  -42.056 0.5000000000
14281  -26.517  -56.798  -42.023 0.5000000000
12106  -27.169  -58.729  -41.779 0.5000000000
9017  -25.500  -61.745  -39.193 0.5000000000
12028  -25.363  -58.781  -37.972 0.6999999881
10942  -26.927  -59.828  -37.399 0.6999999881
11991  -23.875  -58.975  -36.891 0.6999999881
13143  -24.417  -58.325  -38.328 0.6999999881
9936  -25.263  -61.132  -39.574 0.4000000060
12005  -23.258  -58.823  -37.113 0.6999999881
9939  -27.109  -60.793  -39.305 0.5000000000
8054  -24.959  -62.842  -32.483 0.3000000119
9000  -28.341  -61.154  -38.230 0.5000000000
9916  -29.710  -60.914  -37.402 0.3000000119
10832  -26.938  -59.587  -33.287 0.6000000238
10854  -25.500  -59.960  -34.286 0.6000000238
11914  -26.643  -59.385  -32.731 0.5000000000
183447  -23.307  -58.252  -30.195 0.6000000238
11961  -24.222  -59.657  -34.769 0.6999999881
7998  -21.806  -62.869  -30.422 0.3000000119
11882  -22.689  -59.278  -32.227 0.6000000238
11937  -23.110  -59.531  -33.725 0.6000000238
11978  -23.461  -59.375  -35.680 0.6999999881
10956  -27.436  -59.875  -38.776 0.5000000000
9955  -27.210  -60.228  -39.817 0.6000000238
10995  -27.312  -59.693  -41.105 0.5000000000
187278  -22.459  -59.489  -35.236 0.6000000238
12004  -22.576  -58.864  -37.393 0.6999999881
10813  -20.448  -60.014  -32.642 0.5000000000
12003  -21.877  -59.125  -37.436 0.5000000000
8055  -26.251  -62.828  -32.856 0.3000000119
12980  -19.367  -58.264  -29.625 0.6000000238
10940  -20.982  -59.676  -37.002 0.5000000000
8099  -30.875  -61.899  -36.104 0.3000000119
10926  -27.409  -60.263  -36.872 0.5000000000
8056  -26.996  -62.868  -32.916 0.3000000119
10921  -20.388  -59.912  -36.725 0.5000000000
11862  -28.889  -58.736  -31.905 0.4000000060
202210  -23.055  -61.769  -29.923 0.3000000119
192870  -22.454  -54.806  -32.050 0.6000000238
17603  -19.423  -55.612  -32.549 0.6999999881
17642  -21.028  -55.291  -34.395 0.6000000238
208088  -21.248  -54.702  -37.012 0.6000000238
17627  -23.725  -54.830  -33.179 0.6000000238
18863  -27.087  -54.651  -32.284 0.5000000000
185745  -30.734  -57.119  -31.541 0.4000000060
17668  -24.633  -54.586  -35.219 0.6000000238
17670  -25.914  -54.941  -34.723 0.5000000000
18901  -23.195  -54.077  -36.459 0.6000000238
18949  -26.437  -53.505  -38.857 0.4000000060
209576  -18.229  -55.719  -36.130 0.6000000238
194419  -19.634  -55.151  -37.698 0.6999999881
23673  -15.085  -51.014  -33.636 0.6000000238
18827  -27.927  -54.569  -30.795 0.4000000060
17673  -28.401  -54.956  -34.314 0.4000000060
18972  -28.139  -54.159  -39.890 0.4000000060
22549  -24.686  -51.442  -39.068 0.4000000060
17680  -16.803  -55.625  -35.619 0.6000000238
25793  -16.452  -49.379  -32.684 0.6000000238
181143  -16.242  -52.021  -32.515 0.6000000238
18842  -30.554  -54.121  -30.382 0.5000000000
20060  -16.888  -53.693  -36.420 0.5000000000
21128  -19.047  -52.376  -31.036 0.6000000238
20081  -17.178  -53.842  -37.215 0.4000000060
20140  -20.271  -53.211  -40.476 0.5000000000
17674  -28.990  -54.840  -34.755 0.5000000000
21242  -20.189  -52.667  -35.832 0.6000000238
20120  -19.765  -52.962  -39.973 0.5000000000
31951  -18.340  -45.298  -32.447 0.6000000238
35675  -16.090  -43.271  -29.213 0.5000000000
30720  -20.196  -46.329  -31.098 0.5000000000
33235  -20.838  -43.364  -33.458 0.6000000238
33221  -19.931  -44.239  -31.764 0.6000000238
206246  -19.704  -45.968  -30.119 0.6000000238
36980  -19.727  -41.478  -34.144 0.6000000238
35653  -15.048  -43.056  -27.453 0.5000000000
29491  -19.979  -46.815  -28.170 0.5000000000
36918  -17.950  -42.005  -29.217 0.6000000238
36917  -15.024  -41.606  -29.305 0.5000000000
39450  -17.370  -40.368  -29.543 0.6000000238
41707  -8.411  -38.079  -26.240 0.3000000119
33147  -17.846  -44.250  -26.694 0.5000000000
41806  -14.930  -38.502  -29.744 0.3000000119
217279  -19.105  -43.893  -24.440 0.4000000060
35629  -18.520  -43.002  -24.761 0.4000000060
42946  -16.059  -37.505  -28.994 0.4000000060
42945  -14.799  -37.185  -29.015 0.3000000119
40583  -19.008  -39.093  -27.057 0.5000000000
35610  -21.001  -42.555  -23.677 0.4000000060
41659  -12.070  -37.574  -23.556 0.3000000119
210629  -13.250  -39.362  -26.677 0.3000000119
39366  -19.856  -40.171  -25.343 0.4000000060
203816  -18.505  -37.882  -27.391 0.3000000119
40559  -13.786  -39.654  -25.756 0.3000000119
41739  -19.477  -38.674  -26.716 0.4000000060
42796  -13.810  -36.849  -21.977 0.3000000119
40533  -14.924  -39.799  -25.394 0.3000000119
40510  -20.996  -39.592  -24.799 0.4000000060
40536  -16.898  -39.147  -24.934 0.3000000119
10897  -16.245  -60.335  -36.059 0.5000000000
11973  -16.936  -59.687  -36.142 0.5000000000
192249  -17.307  -59.607  -36.342 0.5000000000
11987  -18.366  -59.671  -36.775 0.4000000060
8934  -15.691  -60.931  -34.829 0.5000000000
9883  -16.191  -60.343  -34.954 0.5000000000
10874  -16.613  -59.859  -35.107 0.5000000000
11974  -17.263  -59.560  -35.599 0.5000000000
182716  -18.158  -59.684  -36.110 0.5000000000
10919  -18.832  -59.839  -36.352 0.4000000060
8906  -15.253  -61.330  -33.305 0.4000000060
184325  -16.309  -60.201  -33.706 0.5000000000
203255  -17.071  -59.562  -34.445 0.5000000000
10876  -18.860  -60.159  -34.932 0.4000000060
10823  -15.959  -60.092  -32.619 0.5000000000
10824  -16.420  -59.805  -33.078 0.5000000000
199508  -16.780  -59.682  -34.430 0.5000000000
10810  -16.300  -59.565  -32.363 0.5000000000
11905  -17.267  -59.511  -33.334 0.5000000000
11877  -17.090  -59.271  -32.631 0.5000000000
211093  -17.921  -59.470  -32.701 0.5000000000
10825  -19.111  -60.011  -33.190 0.4000000060
10809  -15.826  -59.857  -31.943 0.5000000000
11849  -17.277  -58.935  -31.870 0.5000000000
11850  -17.912  -58.944  -31.674 0.5000000000
11879  -18.353  -59.380  -32.152 0.5000000000
14120  -13.805  -57.293  -29.670 0.5000000000
9807  -15.264  -59.982  -30.842 0.5000000000
11807  -15.501  -58.919  -30.027 0.5000000000
11829  -15.929  -58.903  -30.665 0.5000000000
186797  -15.921  -58.062  -29.546 0.5000000000
210112  -17.185  -58.539  -30.716 0.5000000000
12976  -16.508  -58.046  -29.688 0.5000000000
11831  -18.147  -58.761  -30.970 0.5000000000
11851  -18.570  -59.098  -31.391 0.5000000000
15248  -14.416  -57.032  -29.270 0.5000000000
15279  -14.510  -55.988  -29.641 0.5000000000
186102  -14.925  -54.954  -31.828 0.5000000000
14094  -15.513  -57.164  -29.119 0.5000000000
16402  -15.640  -55.306  -29.889 0.5000000000
215368  -15.557  -54.923  -30.916 0.5000000000
14121  -16.589  -57.518  -29.169 0.5000000000
209465  -16.175  -56.347  -28.942 0.5000000000
17504  -16.070  -55.556  -29.403 0.5000000000
14123  -17.649  -57.937  -29.342 0.5000000000
15252  -17.438  -56.632  -28.685 0.5000000000
12978  -17.975  -58.211  -29.832 0.5000000000
11809  -19.056  -58.594  -30.179 0.5000000000
11833  -19.845  -59.166  -30.738 0.5000000000
17657  -15.803  -55.409  -34.963 0.5000000000
17636  -16.573  -55.269  -33.964 0.6000000238
17598  -15.993  -54.813  -32.087 0.5000000000
17551  -16.512  -54.902  -30.485 0.5000000000
17599  -16.582  -54.910  -32.217 0.5000000000
17506  -17.482  -55.403  -29.477 0.5000000000
17552  -17.189  -54.856  -30.556 0.5000000000
184035  -18.411  -57.295  -28.887 0.5000000000
16344  -18.436  -56.128  -28.655 0.5000000000
12979  -18.664  -58.203  -29.719 0.5000000000
17744  -16.431  -55.869  -37.763 0.5000000000
17697  -16.532  -55.736  -36.612 0.5000000000
183797  -17.023  -55.158  -33.495 0.6000000238
24738  -16.793  -50.293  -37.512 0.5000000000
25828  -16.434  -50.119  -36.439 0.6000000238
25838  -17.913  -49.392  -37.847 0.5000000000
25822  -17.589  -49.538  -36.293 0.5000000000
25814  -17.306  -49.519  -35.308 0.6000000238
27031  -18.024  -49.243  -35.743 0.6000000238
27044  -18.378  -49.188  -36.915 0.5000000000
27046  -19.457  -48.623  -36.445 0.6000000238
28326  -20.110  -48.231  -36.112 0.5000000000
27034  -19.184  -48.473  -34.752 0.6000000238
28309  -20.421  -48.224  -35.361 0.6000000238
28342  -20.942  -47.093  -36.680 0.5000000000
28310  -21.151  -47.992  -35.240 0.6000000238
28289  -20.724  -48.217  -34.673 0.6000000238
29636  -21.134  -46.276  -36.746 0.5000000000
28328  -21.340  -47.045  -35.868 0.5000000000
32004  -19.829  -44.896  -35.276 0.5000000000
31990  -19.399  -45.068  -34.781 0.6000000238
30739  -17.412  -46.408  -31.997 0.6000000238
30763  -17.859  -46.020  -32.588 0.5000000000
33271  -21.168  -44.163  -35.396 0.6000000238
30824  -21.139  -45.731  -35.724 0.5000000000
31952  -18.909  -45.016  -33.250 0.5000000000
206429  -17.355  -45.001  -30.854 0.6000000238
31936  -17.891  -44.990  -31.724 0.6000000238
33206  -17.207  -44.289  -30.998 0.6000000238
7291  -27.422  -63.119  -33.495 0.3000000119
202967  -29.999  -62.864  -33.433 0.3000000119
7328  -29.206  -62.974  -34.872 0.3000000119
8043  -31.887  -62.237  -32.817 0.3000000119
7330  -30.423  -62.751  -34.719 0.3000000119
7312  -28.619  -63.114  -34.357 0.3000000119
7311  -27.749  -63.248  -34.096 0.3000000119
197539  -18.911  -60.076  -33.846 0.4000000060
16374  -17.278  -55.816  -28.989 0.5000000000
192918  -17.725  -55.010  -31.811 0.5000000000
24731  -15.751  -50.382  -36.009 0.5000000000
11957  -17.890  -59.634  -34.607 0.4000000060
11935  -17.976  -59.672  -33.989 0.5000000000
188044  -16.311  -58.968  -31.292 0.5000000000
12974  -13.837  -58.144  -29.496 0.5000000000
12948  -14.863  -58.074  -29.308 0.5000000000
15294  -13.671  -56.177  -30.926 0.5000000000
16400  -14.565  -55.571  -30.261 0.5000000000
16371  -15.077  -56.066  -29.189 0.5000000000
186023  -16.738  -54.785  -31.059 0.5000000000
7293  -29.029  -63.086  -33.724 0.3000000119
182676  -31.137  -62.411  -34.050 0.3000000119
8070  -30.735  -62.673  -33.645 0.3000000119
7294  -29.778  -62.928  -33.820 0.3000000119
7315  -30.692  -62.665  -34.076 0.3000000119
8072  -31.498  -62.230  -33.690 0.3000000119
215375  -22.302  -39.605  -23.541 0.3000000119
6484  -22.837  -63.878  -28.750 0.3000000119
6496  -21.757  -63.499  -29.592 0.3000000119
7252  -22.506  -62.643  -28.826 0.3000000119
7257  -21.946  -62.908  -29.771 0.3000000119
7288  -24.504  -62.941  -33.205 0.3000000119
7290  -26.671  -62.964  -33.479 0.3000000119
7292  -28.181  -63.243  -33.592 0.3000000119
7295  -30.341  -62.804  -33.787 0.3000000119
7306  -23.314  -62.799  -34.014 0.3000000119
7308  -24.911  -62.932  -33.811 0.3000000119
7313  -29.489  -62.971  -34.311 0.3000000119
7314  -30.125  -62.844  -34.245 0.3000000119
7329  -29.851  -62.901  -34.787 0.3000000119
7341  -26.095  -62.929  -35.177 0.4000000060
7345  -29.547  -62.879  -35.385 0.4000000060
7346  -30.133  -62.740  -35.345 0.4000000060
7361  -26.887  -62.880  -36.429 0.4000000060
7363  -28.492  -62.752  -36.125 0.4000000060
7987  -22.841  -62.225  -28.629 0.3000000119
7992  -22.307  -62.489  -29.417 0.3000000119
8007  -22.123  -62.862  -30.985 0.3000000119
8008  -22.306  -62.546  -30.510 0.3000000119
8009  -22.665  -62.497  -30.760 0.3000000119
8021  -23.362  -62.597  -31.473 0.3000000119
8022  -24.270  -62.221  -31.068 0.3000000119
8032  -23.039  -62.811  -32.049 0.3000000119
8053  -24.075  -62.835  -32.556 0.3000000119
8059  -29.371  -62.934  -33.242 0.3000000119
8060  -30.455  -62.772  -33.307 0.3000000119
8061  -30.972  -62.601  -33.257 0.3000000119
8062  -31.453  -62.337  -33.248 0.3000000119
8063  -32.027  -62.057  -33.202 0.3000000119
8071  -31.079  -62.491  -33.641 0.3000000119
8096  -24.964  -62.747  -35.870 0.4000000060
8098  -30.361  -62.234  -36.026 0.3000000119
8118  -24.669  -62.598  -36.559 0.4000000060
8122  -28.082  -62.441  -36.826 0.4000000060
8123  -28.862  -62.338  -36.643 0.4000000060
8124  -29.472  -62.295  -36.455 0.3000000119
8126  -30.855  -61.327  -36.546 0.3000000119
8127  -31.175  -61.459  -36.143 0.3000000119
8144  -24.525  -62.357  -37.238 0.4000000060
8146  -26.344  -62.663  -37.748 0.4000000060
8147  -27.029  -62.260  -37.675 0.5000000000
8148  -27.672  -62.143  -37.528 0.4000000060
8151  -30.086  -61.370  -37.148 0.3000000119
8152  -30.443  -61.131  -36.967 0.3000000119
8172  -28.899  -61.331  -37.802 0.4000000060
8827  -22.643  -62.066  -29.730 0.3000000119
8846  -23.172  -61.980  -30.510 0.3000000119
8847  -23.699  -61.708  -30.445 0.3000000119
8894  -32.420  -61.939  -32.598 0.3000000119
8920  -15.506  -61.183  -34.070 0.4000000060
8933  -15.067  -61.516  -34.651 0.5000000000
8966  -31.162  -61.125  -36.275 0.3000000119
8967  -31.708  -60.806  -35.940 0.3000000119
8981  -29.596  -61.127  -37.452 0.4000000060
8984  -31.013  -61.057  -36.444 0.3000000119
8996  -24.894  -61.958  -38.552 0.5000000000
8998  -26.773  -61.995  -38.690 0.5000000000
9002  -29.432  -60.897  -37.593 0.3000000119
9016  -24.616  -61.400  -38.958 0.5000000000
9018  -26.589  -61.821  -39.219 0.5000000000
9019  -26.969  -61.420  -38.951 0.5000000000
9020  -27.640  -61.125  -38.643 0.5000000000
9021  -28.490  -61.030  -38.223 0.5000000000
9850  -15.490  -60.586  -32.167 0.5000000000
9861  -15.864  -60.792  -33.553 0.5000000000
9871  -16.068  -60.596  -34.249 0.5000000000
9917  -30.691  -60.589  -36.430 0.3000000119
9925  -29.229  -60.969  -37.833 0.3000000119
9937  -26.107  -61.495  -39.778 0.5000000000
9938  -26.752  -61.267  -39.672 0.5000000000
9941  -28.300  -60.852  -38.347 0.5000000000
9951  -24.972  -60.484  -39.946 0.4000000060
9953  -26.669  -61.048  -40.241 0.5000000000
9963  -27.138  -60.454  -40.838 0.5000000000
9964  -27.329  -60.087  -40.682 0.6000000238
10765  -15.022  -59.371  -30.039 0.5000000000
10766  -15.420  -59.483  -30.490 0.5000000000
10788  -15.760  -59.538  -31.204 0.5000000000
10797  -16.201  -59.376  -31.771 0.5000000000
10811  -19.043  -59.804  -32.423 0.5000000000
10828  -21.461  -59.781  -33.498 0.6000000238
10829  -21.999  -59.612  -33.416 0.6000000238
10831  -26.297  -59.619  -33.323 0.6000000238
10835  -29.197  -59.507  -33.642 0.4000000060
10847  -16.478  -60.034  -34.377 0.5000000000
10848  -16.665  -59.807  -33.783 0.5000000000
10849  -18.467  -59.935  -34.326 0.4000000060
10851  -20.579  -60.123  -34.242 0.5000000000
10852  -21.253  -59.853  -34.129 0.6000000238
10855  -26.126  -59.900  -33.967 0.6000000238
10856  -27.142  -59.793  -33.869 0.4000000060
10857  -27.781  -59.874  -34.100 0.4000000060
10860  -30.824  -59.191  -34.698 0.4000000060
10873  -16.331  -60.209  -35.551 0.5000000000
10875  -18.304  -59.865  -34.980 0.4000000060
10877  -19.551  -60.270  -34.913 0.5000000000
10881  -26.109  -60.124  -34.768 0.6000000238
10883  -27.887  -60.370  -35.630 0.4000000060
10885  -29.608  -59.811  -35.179 0.4000000060
10898  -16.613  -59.932  -35.964 0.5000000000
10899  -18.621  -59.953  -35.603 0.4000000060
10900  -19.356  -60.094  -35.976 0.4000000060
10902  -20.746  -59.929  -35.398 0.5000000000
10903  -21.825  -59.639  -35.572 0.5000000000
10904  -25.899  -59.977  -35.673 0.6000000238
10910  -30.854  -60.047  -35.796 0.3000000119
10918  -16.725  -59.876  -36.623 0.5000000000
10920  -19.566  -59.977  -36.606 0.5000000000
10922  -21.089  -59.744  -36.467 0.5000000000
10927  -28.156  -60.370  -37.166 0.4000000060
10929  -29.828  -60.224  -36.476 0.4000000060
10931  -31.872  -60.063  -35.730 0.3000000119
10938  -19.820  -59.813  -37.225 0.5000000000
10939  -20.567  -59.653  -37.391 0.5000000000
10941  -26.120  -59.657  -37.122 0.6999999881
10946  -29.868  -60.385  -36.759 0.3000000119
10953  -19.311  -59.678  -37.659 0.5000000000
10957  -28.508  -60.529  -37.850 0.4000000060
10966  -28.785  -60.908  -38.048 0.5000000000
10978  -26.508  -60.487  -40.752 0.5000000000
10979  -27.321  -59.747  -40.308 0.6000000238
10993  -25.574  -59.570  -40.959 0.5000000000
10994  -26.869  -59.876  -41.116 0.5000000000
11006  -27.187  -59.390  -41.569 0.5000000000
11780  -14.351  -58.371  -29.258 0.5000000000
11806  -14.822  -58.848  -29.555 0.5000000000
11808  -15.961  -58.358  -30.140 0.5000000000
11810  -19.781  -58.745  -30.115 0.5000000000
11812  -21.041  -58.810  -30.091 0.6999999881
11830  -17.519  -58.740  -31.160 0.5000000000
11832  -18.787  -58.842  -30.746 0.5000000000
11834  -20.425  -59.042  -30.390 0.6000000238
11836  -22.059  -58.898  -30.786 0.6000000238
11838  -23.551  -58.743  -31.412 0.6000000238
11848  -16.666  -59.150  -32.000 0.5000000000
11853  -21.059  -59.467  -31.220 0.6000000238
11855  -22.926  -58.870  -31.551 0.6000000238
11856  -24.627  -59.070  -31.711 0.5000000000
11860  -27.567  -58.726  -31.747 0.4000000060
11861  -28.251  -58.770  -31.805 0.4000000060
11876  -16.643  -59.424  -32.679 0.5000000000
11878  -17.663  -59.143  -32.338 0.5000000000
11880  -19.102  -59.551  -31.703 0.5000000000
11883  -23.737  -59.321  -32.465 0.6000000238
11886  -26.379  -59.081  -32.165 0.5000000000
11887  -27.093  -59.054  -32.226 0.5000000000
11889  -28.505  -59.087  -32.337 0.4000000060
11890  -29.168  -58.964  -32.457 0.4000000060
11904  -16.813  -59.561  -33.234 0.5000000000
11906  -17.827  -59.591  -33.347 0.5000000000
11907  -18.417  -59.851  -33.593 0.5000000000
11909  -22.370  -59.445  -32.926 0.6000000238
11910  -22.915  -59.458  -33.167 0.6000000238
11911  -23.509  -59.505  -33.203 0.6000000238
11916  -28.081  -59.384  -32.869 0.4000000060
11920  -30.831  -58.694  -33.503 0.4000000060
11933  -16.983  -59.623  -33.878 0.5000000000
11934  -17.465  -59.529  -34.067 0.5000000000
11938  -23.797  -59.669  -34.242 0.6999999881
11939  -24.362  -59.735  -34.100 0.6999999881
11955  -16.966  -59.632  -34.990 0.5000000000
11956  -17.400  -59.531  -34.854 0.5000000000
11960  -23.539  -59.535  -34.906 0.6999999881
11962  -24.853  -59.798  -34.564 0.6999999881
11963  -31.520  -59.035  -34.984 0.3000000119
11975  -17.872  -59.635  -35.394 0.5000000000
11976  -22.327  -59.465  -36.052 0.6000000238
11977  -22.896  -59.373  -35.874 0.6999999881
11986  -17.375  -59.650  -37.013 0.5000000000
11988  -21.540  -59.541  -36.919 0.5000000000
11989  -22.152  -59.315  -36.774 0.5000000000
12000  -17.906  -59.620  -37.214 0.4000000060
12007  -25.016  -59.050  -37.236 0.6999999881
12009  -26.483  -59.383  -37.881 0.8000000119
12023  -21.559  -59.043  -38.003 0.5000000000
12026  -23.179  -58.579  -37.839 0.6999999881
12027  -24.676  -58.671  -37.790 0.6999999881
12029  -26.126  -58.906  -38.285 0.6999999881
12030  -26.789  -59.121  -38.642 0.6000000238
12048  -21.881  -58.683  -38.490 0.5000000000
12050  -26.941  -58.980  -39.292 0.6000000238
12051  -27.077  -59.385  -39.439 0.6000000238
12066  -21.156  -58.821  -39.150 0.6000000238
12067  -27.452  -58.869  -40.791 0.6000000238
12068  -27.199  -59.346  -40.265 0.6000000238
12089  -26.539  -59.289  -41.475 0.5000000000
12949  -15.435  -57.781  -29.307 0.5000000000
12950  -16.055  -57.628  -29.227 0.5000000000
12951  -18.223  -57.804  -29.254 0.5000000000
12952  -18.950  -57.753  -29.098 0.5000000000
12953  -19.704  -57.925  -29.088 0.6999999881
12955  -21.069  -57.968  -29.099 0.6999999881
12956  -21.762  -57.941  -29.095 0.6000000238
12975  -15.444  -58.357  -29.598 0.5000000000
12977  -17.238  -58.201  -30.010 0.5000000000
12981  -20.047  -58.408  -29.511 0.6000000238
12982  -20.717  -58.378  -29.552 0.6999999881
12985  -24.063  -58.019  -29.953 0.5000000000
12986  -24.857  -57.866  -30.013 0.5000000000
12996  -16.554  -58.491  -30.597 0.5000000000
12997  -17.733  -58.495  -30.501 0.5000000000
12998  -18.384  -58.557  -30.306 0.5000000000
13000  -23.797  -58.402  -30.753 0.6000000238
13003  -25.884  -58.135  -30.545 0.5000000000
13017  -24.927  -58.712  -31.116 0.5000000000
13018  -25.609  -58.629  -31.025 0.5000000000
13019  -26.694  -58.373  -31.128 0.5000000000
13038  -29.498  -58.583  -31.998 0.4000000060
13039  -30.158  -58.364  -32.119 0.4000000060
13040  -30.809  -58.058  -32.413 0.4000000060
13041  -31.460  -57.773  -32.702 0.4000000060
13042  -32.034  -57.582  -32.888 0.4000000060
13055  -31.917  -58.006  -33.432 0.4000000060
13127  -23.913  -58.665  -37.670 0.6999999881
13140  -22.442  -58.418  -38.465 0.5000000000
13141  -23.033  -58.341  -38.431 0.6000000238
13157  -23.443  -57.968  -38.895 0.6000000238
13175  -23.882  -57.553  -39.453 0.6000000238
13176  -24.769  -57.553  -39.594 0.6999999881
13177  -25.788  -57.641  -39.869 0.6000000238
13192  -22.890  -57.563  -39.900 0.5000000000
13194  -27.498  -58.474  -41.238 0.5000000000
13214  -26.505  -57.783  -42.506 0.5000000000
13216  -27.428  -58.211  -41.681 0.5000000000
13237  -26.112  -57.265  -42.595 0.6000000238
14073  -18.966  -56.545  -28.649 0.6000000238
14076  -21.074  -57.086  -28.542 0.6999999881
14077  -21.675  -57.056  -28.550 0.6999999881
14092  -14.312  -57.720  -29.259 0.5000000000
14093  -14.874  -57.400  -29.209 0.5000000000
14095  -16.248  -56.961  -28.981 0.5000000000
14096  -16.993  -57.103  -28.917 0.5000000000
14097  -17.724  -57.317  -28.897 0.5000000000
14098  -20.050  -57.573  -28.671 0.6999999881
14099  -20.730  -57.578  -28.697 0.6000000238
14101  -22.057  -57.515  -28.695 0.6999999881
14102  -22.755  -57.209  -28.673 0.6999999881
14105  -24.878  -56.786  -29.098 0.5000000000
14122  -17.116  -57.755  -29.247 0.5000000000
14125  -23.835  -57.568  -29.242 0.6000000238
14128  -25.858  -57.200  -29.645 0.5000000000
14142  -26.835  -57.534  -30.177 0.5000000000
14143  -27.514  -57.412  -30.327 0.4000000060
14144  -28.262  -57.263  -30.433 0.4000000060
14145  -29.005  -57.235  -30.822 0.4000000060
14159  -29.066  -57.843  -31.318 0.4000000060
14160  -30.077  -57.336  -31.363 0.4000000060
14173  -31.083  -57.470  -32.097 0.4000000060
14240  -23.583  -57.276  -40.013 0.5000000000
14243  -26.388  -57.442  -40.842 0.5000000000
14261  -26.790  -57.227  -41.554 0.5000000000
14282  -27.117  -57.506  -41.949 0.5000000000
14297  -26.138  -56.843  -42.420 0.6000000238
14307  -25.052  -56.866  -42.859 0.5000000000
14308  -25.285  -56.661  -42.459 0.5000000000
15221  -17.169  -56.185  -28.812 0.5000000000
15222  -19.538  -56.466  -28.706 0.6000000238
15223  -20.142  -56.496  -28.636 0.6999999881
15224  -20.823  -56.481  -28.556 0.6999999881
15225  -21.897  -56.385  -28.506 0.6000000238
15226  -22.614  -56.359  -28.489 0.6000000238
15228  -23.564  -55.821  -28.797 0.5000000000
15249  -14.965  -56.759  -29.096 0.5000000000
15250  -15.593  -56.516  -28.985 0.5000000000
15251  -16.762  -56.497  -28.841 0.5000000000
15253  -18.229  -56.677  -28.582 0.5000000000
15254  -18.936  -57.094  -28.713 0.5000000000
15255  -23.177  -56.648  -28.548 0.5000000000
15256  -23.777  -56.424  -28.643 0.5000000000
15257  -24.487  -56.320  -28.874 0.5000000000
15259  -25.803  -56.084  -29.287 0.5000000000
15260  -26.414  -55.978  -29.440 0.5000000000
15277  -13.647  -56.638  -30.212 0.5000000000
15278  -14.125  -56.554  -29.644 0.5000000000
15280  -25.516  -56.637  -29.307 0.5000000000
15295  -14.070  -56.061  -30.203 0.5000000000
15297  -29.301  -56.561  -30.452 0.5000000000
15298  -29.911  -56.281  -30.635 0.4000000060
15308  -31.766  -56.504  -31.768 0.4000000060
15391  -24.756  -56.567  -41.556 0.6000000238
15402  -24.981  -56.320  -41.944 0.5000000000
15413  -25.006  -56.325  -42.239 0.5000000000
16343  -17.750  -56.171  -28.684 0.5000000000
16346  -19.840  -56.188  -28.906 0.6999999881
16348  -21.375  -55.978  -28.683 0.6999999881
16350  -22.888  -55.778  -28.737 0.5000000000
16372  -15.778  -55.959  -29.067 0.5000000000
16373  -16.551  -55.930  -29.010 0.5000000000
16375  -17.979  -55.729  -28.933 0.6000000238
16376  -18.696  -55.734  -28.985 0.6000000238
16377  -19.432  -55.868  -29.167 0.6999999881
16380  -21.759  -55.568  -29.163 0.6000000238
16381  -22.517  -55.446  -29.186 0.5000000000
16384  -25.328  -55.664  -29.363 0.5000000000
16401  -15.032  -55.565  -29.762 0.5000000000
16404  -28.148  -55.248  -29.930 0.5000000000
16413  -14.195  -55.670  -30.799 0.5000000000
16415  -30.042  -55.494  -30.271 0.5000000000
16416  -31.381  -55.274  -30.717 0.4000000060
16428  -31.713  -55.818  -31.218 0.4000000060
16429  -32.345  -55.477  -31.299 0.4000000060
17505  -16.765  -55.486  -29.449 0.5000000000
17509  -19.794  -55.619  -29.737 0.6000000238
17510  -20.591  -55.533  -29.689 0.6000000238
17511  -21.339  -55.390  -29.673 0.6000000238
17513  -22.908  -55.105  -29.763 0.5000000000
17514  -23.616  -55.149  -29.618 0.6000000238
17516  -25.523  -55.295  -29.787 0.5000000000
17523  -15.179  -55.173  -30.465 0.5000000000
17524  -16.298  -55.176  -29.928 0.5000000000
17525  -16.979  -55.100  -29.996 0.5000000000
17526  -17.689  -55.049  -30.054 0.5000000000
17528  -19.049  -55.308  -30.155 0.6000000238
17531  -21.662  -55.172  -30.233 0.6000000238
17532  -22.359  -54.933  -30.237 0.6000000238
17534  -24.276  -55.034  -29.863 0.5000000000
17535  -25.023  -55.001  -30.062 0.5000000000
17537  -26.996  -55.077  -30.126 0.5000000000
17540  -29.007  -54.805  -30.000 0.5000000000
17541  -29.666  -54.766  -30.071 0.5000000000
17548  -14.668  -55.340  -30.888 0.5000000000
17549  -15.080  -55.012  -31.169 0.5000000000
17550  -15.865  -54.984  -30.438 0.5000000000
17553  -17.865  -54.936  -30.662 0.5000000000
17556  -19.919  -55.348  -30.798 0.6000000238
17559  -22.611  -54.835  -30.845 0.6000000238
17561  -24.110  -54.865  -30.567 0.6000000238
17579  -14.588  -55.277  -31.414 0.5000000000
17584  -25.797  -54.859  -32.045 0.6000000238
17600  -17.279  -55.021  -32.349 0.5000000000
17602  -18.717  -55.488  -32.497 0.6999999881
17604  -20.098  -55.561  -32.627 0.6000000238
17607  -22.753  -54.816  -32.660 0.6000000238
17608  -23.461  -54.787  -32.671 0.6000000238
17611  -26.453  -54.869  -32.265 0.6000000238
17618  -16.810  -55.008  -32.866 0.6000000238
17619  -17.525  -55.171  -32.991 0.6000000238
17620  -18.260  -55.387  -33.066 0.6999999881
17622  -19.701  -55.634  -33.148 0.6999999881
17623  -20.682  -55.479  -33.765 0.6000000238
17628  -24.259  -54.900  -33.425 0.6000000238
17629  -24.958  -54.935  -33.018 0.6000000238
17630  -26.786  -54.891  -32.860 0.5000000000
17637  -17.155  -55.316  -34.020 0.6999999881
17638  -18.190  -55.480  -34.149 0.6999999881
17640  -19.593  -55.555  -34.315 0.6999999881
17641  -20.303  -55.469  -34.319 0.6000000238
17644  -23.062  -54.811  -33.962 0.6000000238
17646  -24.200  -54.788  -34.089 0.6000000238
17647  -25.418  -54.905  -34.241 0.5000000000
17648  -26.111  -55.093  -33.980 0.5000000000
17650  -27.821  -54.969  -33.878 0.4000000060
17658  -16.486  -55.531  -35.032 0.5000000000
17659  -17.203  -55.624  -35.065 0.6000000238
17660  -17.921  -55.704  -35.075 0.6999999881
17662  -19.234  -55.634  -34.924 0.6999999881
17663  -20.557  -55.384  -34.858 0.6999999881
17667  -23.559  -54.744  -34.349 0.6000000238
17669  -25.252  -54.765  -34.954 0.5000000000
17671  -27.098  -55.100  -34.864 0.5000000000
17672  -27.723  -55.071  -34.575 0.4000000060
17679  -16.101  -55.595  -35.591 0.5000000000
17681  -17.591  -55.650  -35.740 0.6000000238
17682  -18.313  -55.755  -35.557 0.6999999881
17683  -18.914  -55.688  -35.485 0.6999999881
17685  -20.334  -55.380  -35.539 0.6000000238
17686  -20.964  -55.092  -35.931 0.6000000238
17687  -21.596  -54.865  -35.703 0.6000000238
17688  -25.119  -54.611  -35.576 0.6000000238
17689  -25.696  -54.782  -35.450 0.5000000000
17690  -27.661  -55.089  -35.325 0.4000000060
17698  -17.160  -55.699  -36.889 0.6000000238
17700  -19.336  -55.573  -36.586 0.6999999881
17701  -20.821  -54.857  -36.574 0.6000000238
17702  -21.456  -54.784  -36.414 0.6000000238
17703  -26.061  -54.773  -35.934 0.5000000000
17704  -26.691  -54.831  -36.058 0.5000000000
17719  -16.086  -55.772  -37.068 0.5000000000
17720  -16.681  -55.797  -37.188 0.5000000000
17723  -20.186  -54.938  -37.718 0.6999999881
17725  -26.952  -54.633  -36.782 0.6000000238
17726  -27.698  -54.819  -37.068 0.4000000060
17748  -19.996  -54.799  -38.444 0.6999999881
17749  -21.520  -54.255  -38.754 0.6000000238
17750  -27.850  -54.591  -37.979 0.4000000060
17767  -17.457  -55.572  -39.564 0.6000000238
17768  -18.536  -54.884  -39.688 0.5000000000
17769  -19.176  -54.859  -39.519 0.6000000238
17770  -19.816  -54.766  -39.375 0.6000000238
17786  -18.428  -54.616  -40.485 0.5000000000
17788  -19.585  -54.417  -40.209 0.6000000238
17806  -18.264  -54.336  -40.956 0.5000000000
17807  -18.822  -54.277  -40.835 0.5000000000
17808  -19.314  -54.028  -40.933 0.5000000000
18826  -27.252  -54.777  -30.548 0.5000000000
18828  -28.597  -54.500  -30.414 0.5000000000
18839  -26.878  -54.719  -30.836 0.5000000000
18841  -30.091  -53.703  -30.734 0.5000000000
18853  -25.667  -54.846  -31.239 0.5000000000
18857  -29.422  -53.794  -31.088 0.4000000060
18864  -27.801  -54.378  -32.193 0.5000000000
18869  -27.481  -54.656  -32.789 0.5000000000
18870  -28.573  -54.535  -33.066 0.4000000060
18872  -28.508  -54.805  -33.651 0.5000000000
18877  -22.172  -54.688  -35.453 0.6000000238
18878  -22.783  -54.601  -35.193 0.6000000238
18879  -23.445  -54.589  -34.992 0.6000000238
18899  -21.889  -54.473  -37.146 0.6000000238
18900  -22.563  -54.150  -36.784 0.6000000238
18902  -24.392  -53.956  -36.740 0.6000000238
18903  -24.972  -54.241  -36.584 0.6999999881
18920  -21.342  -54.565  -37.749 0.5000000000
18921  -21.892  -54.266  -38.020 0.6000000238
18925  -25.442  -53.741  -37.569 0.6999999881
18926  -26.512  -54.134  -37.328 0.5000000000
18947  -22.709  -53.816  -38.648 0.5000000000
18967  -20.451  -54.576  -39.257 0.6000000238
18969  -21.914  -53.650  -39.479 0.6000000238
18970  -26.864  -53.456  -39.686 0.4000000060
18987  -17.771  -53.933  -40.757 0.4000000060
18988  -18.498  -53.818  -40.704 0.5000000000
18990  -20.351  -53.458  -40.574 0.5000000000
19005  -17.878  -54.214  -41.013 0.4000000060
19007  -19.787  -53.480  -40.919 0.6000000238
19997  -30.019  -53.445  -31.236 0.4000000060
19999  -31.098  -53.082  -30.878 0.5000000000
20037  -14.771  -53.113  -35.727 0.5000000000
20038  -15.604  -53.410  -35.473 0.5000000000
20039  -16.605  -53.450  -35.675 0.5000000000
20059  -16.013  -53.794  -36.148 0.5000000000
20062  -23.730  -53.844  -37.004 0.6000000238
20082  -18.013  -53.639  -37.536 0.6000000238
20087  -24.905  -53.345  -38.054 0.6000000238
20100  -17.517  -53.864  -38.119 0.6000000238
20101  -18.306  -53.686  -38.448 0.6000000238
20102  -18.884  -53.280  -38.877 0.6000000238
20104  -22.965  -53.441  -38.991 0.5000000000
20105  -23.805  -53.361  -38.592 0.6000000238
20107  -24.996  -53.034  -39.016 0.6000000238
20109  -26.141  -53.133  -39.776 0.6000000238
20118  -18.519  -53.543  -40.047 0.5000000000
20119  -19.062  -53.151  -39.951 0.6000000238
20121  -21.528  -53.024  -40.138 0.6000000238
20123  -22.953  -53.147  -39.232 0.5000000000
20128  -27.224  -53.381  -40.407 0.4000000060
20138  -18.924  -53.414  -40.738 0.6000000238
20139  -19.630  -53.234  -40.710 0.6000000238
20141  -20.882  -52.927  -40.389 0.6000000238
20142  -22.010  -52.717  -39.930 0.6000000238
20143  -22.547  -52.856  -39.718 0.5000000000
20144  -23.267  -52.421  -39.503 0.5000000000
20162  -26.946  -52.805  -41.128 0.4000000060
20163  -27.551  -53.097  -41.583 0.4000000060
21129  -19.808  -52.441  -30.867 0.6000000238
21136  -31.705  -52.724  -30.903 0.5000000000
21143  -18.970  -52.474  -31.804 0.6000000238
21145  -20.465  -52.626  -31.419 0.6000000238
21146  -21.108  -52.778  -31.902 0.6000000238
21151  -31.716  -52.370  -31.451 0.4000000060
21157  -18.892  -52.569  -32.554 0.6000000238
21161  -22.945  -52.900  -32.306 0.6000000238
21168  -16.356  -52.374  -33.150 0.6000000238
21170  -18.057  -52.539  -33.354 0.6000000238
21171  -18.790  -52.622  -33.290 0.6000000238
21172  -19.557  -52.773  -33.162 0.6000000238
21175  -23.541  -52.549  -33.198 0.6000000238
21185  -15.750  -52.360  -33.532 0.5000000000
21186  -16.543  -52.582  -33.803 0.5000000000
21188  -18.661  -52.726  -33.904 0.6000000238
21189  -20.465  -52.712  -34.427 0.6000000238
21191  -21.953  -52.687  -34.242 0.5000000000
21192  -22.317  -52.865  -33.516 0.6000000238
21205  -14.530  -52.085  -35.022 0.5000000000
21209  -17.674  -52.922  -34.497 0.6999999881
21210  -18.864  -52.897  -35.238 0.6000000238
21211  -19.422  -52.843  -34.919 0.6000000238
21212  -19.977  -52.830  -35.183 0.6000000238
21213  -20.872  -52.596  -34.959 0.6000000238
21234  -14.187  -52.196  -36.039 0.5000000000
21236  -14.943  -52.830  -35.150 0.5000000000
21238  -17.297  -53.147  -35.155 0.5000000000
21239  -18.124  -53.112  -35.572 0.6000000238
21244  -22.279  -52.367  -35.450 0.6000000238
21258  -14.219  -52.696  -35.971 0.5000000000
21259  -17.494  -53.380  -35.956 0.5000000000
21260  -18.276  -53.221  -36.274 0.6999999881
21261  -19.077  -53.099  -36.512 0.6000000238
21262  -19.775  -52.809  -36.297 0.6000000238
21263  -20.368  -52.508  -36.523 0.6000000238
21264  -21.288  -52.271  -36.914 0.6000000238
21275  -18.509  -53.315  -37.040 0.6000000238
21276  -19.216  -53.108  -37.432 0.6000000238
21277  -20.155  -52.612  -37.081 0.6000000238
21278  -20.590  -52.457  -37.895 0.6000000238
21279  -21.064  -52.230  -37.692 0.6000000238
21292  -21.072  -52.205  -38.794 0.6000000238
21307  -20.360  -52.633  -39.848 0.5000000000
21309  -23.965  -52.535  -39.756 0.5000000000
21310  -24.383  -52.486  -39.986 0.6000000238
21311  -24.973  -52.470  -40.079 0.6000000238
21312  -27.407  -52.155  -40.387 0.4000000060
21325  -20.195  -52.988  -40.300 0.5000000000
21326  -20.815  -52.597  -40.311 0.6000000238
21327  -21.860  -52.375  -39.878 0.5000000000
21328  -22.566  -52.513  -39.561 0.5000000000
21331  -25.650  -52.489  -40.233 0.6000000238
21332  -26.229  -52.462  -40.525 0.4000000060
21344  -25.945  -52.088  -40.538 0.5000000000
21345  -26.471  -52.353  -40.680 0.4000000060
21346  -27.197  -52.626  -41.210 0.4000000060
21347  -27.985  -52.633  -41.558 0.4000000060
22311  -20.575  -51.693  -28.145 0.5000000000
22330  -19.600  -51.812  -28.915 0.5000000000
22342  -18.028  -51.511  -30.012 0.6000000238
22343  -18.647  -51.897  -29.754 0.6000000238
22344  -19.294  -52.156  -29.496 0.5000000000
22345  -20.019  -52.159  -29.311 0.5000000000
22358  -17.772  -51.700  -30.661 0.5000000000
22360  -19.138  -52.295  -30.234 0.5000000000
22373  -16.771  -51.503  -31.348 0.5000000000
22375  -18.306  -52.171  -31.205 0.5000000000
22383  -32.274  -52.025  -31.574 0.4000000060
22395  -15.645  -51.525  -32.683 0.6000000238
22396  -15.930  -51.358  -32.104 0.6000000238
22397  -16.893  -52.212  -32.268 0.5000000000
22421  -15.816  -52.067  -32.999 0.6000000238
22422  -16.809  -52.404  -32.787 0.6000000238
22423  -17.464  -52.396  -32.780 0.5000000000
22446  -14.939  -51.570  -33.886 0.6000000238
22447  -15.158  -52.214  -33.921 0.6000000238
22469  -14.761  -51.792  -34.421 0.6000000238
22492  -14.396  -51.685  -35.768 0.5000000000
22493  -22.124  -52.248  -36.132 0.5000000000
22510  -21.608  -52.186  -37.688 0.6000000238
22511  -22.018  -52.218  -37.064 0.6000000238
22528  -22.812  -52.033  -37.730 0.5000000000
22558  -21.365  -52.047  -39.328 0.6000000238
22559  -21.921  -52.095  -39.683 0.5000000000
22560  -23.003  -51.997  -39.321 0.5000000000
22561  -24.289  -51.731  -39.751 0.4000000060
22562  -24.959  -51.503  -39.700 0.6000000238
22564  -26.100  -51.594  -39.915 0.5000000000
22565  -26.673  -51.888  -40.094 0.4000000060
22575  -21.380  -52.194  -40.092 0.6000000238
22576  -22.528  -52.228  -39.475 0.5000000000
22579  -25.235  -51.704  -40.179 0.6000000238
22580  -25.752  -51.748  -40.310 0.5000000000
22581  -26.282  -51.914  -40.413 0.5000000000
23577  -19.230  -50.527  -28.683 0.5000000000
23579  -20.419  -51.007  -28.001 0.5000000000
23592  -19.342  -51.177  -28.719 0.6000000238
23607  -17.275  -50.450  -30.010 0.6000000238
23609  -18.296  -51.299  -29.407 0.6000000238
23621  -16.458  -50.365  -31.055 0.6000000238
23622  -16.947  -50.622  -30.582 0.6000000238
23623  -17.448  -51.029  -30.279 0.5000000000
23635  -15.827  -50.745  -31.937 0.6000000238
23637  -16.674  -50.908  -31.050 0.5000000000
23674  -15.299  -50.920  -33.001 0.6000000238
23691  -14.683  -51.301  -35.046 0.6000000238
24649  -19.762  -50.258  -28.460 0.5000000000
24650  -20.432  -50.274  -28.083 0.5000000000
24661  -18.115  -50.575  -29.266 0.6000000238
24663  -19.420  -49.994  -28.876 0.6999999881
24678  -17.471  -50.026  -30.003 0.6000000238
24679  -18.085  -49.926  -29.495 0.6000000238
24695  -16.042  -50.356  -31.669 0.6000000238
24708  -15.863  -49.879  -32.890 0.6000000238
24713  -15.288  -50.686  -34.082 0.6000000238
24714  -15.437  -50.382  -33.422 0.6000000238
24719  -15.597  -50.277  -34.041 0.6000000238
24724  -15.194  -50.815  -34.730 0.6000000238
24725  -15.636  -50.420  -35.103 0.6000000238
24730  -15.203  -50.802  -35.527 0.6000000238
25717  -22.114  -49.511  -28.041 0.5000000000
25729  -21.217  -49.793  -28.671 0.5000000000
25730  -21.903  -49.522  -28.614 0.5000000000
25741  -19.019  -49.704  -29.344 0.6999999881
25742  -19.958  -49.583  -29.256 0.6999999881
25744  -21.962  -49.285  -29.320 0.5000000000
25757  -17.919  -49.516  -30.191 0.6000000238
25760  -20.682  -49.334  -29.842 0.6000000238
25772  -16.780  -49.778  -31.083 0.6000000238
25774  -17.943  -49.194  -30.904 0.6000000238
25775  -18.600  -49.204  -30.629 0.6000000238
25782  -17.373  -49.226  -31.331 0.6000000238
25794  -16.790  -49.399  -31.909 0.6000000238
25800  -16.420  -49.513  -33.414 0.6000000238
25807  -16.488  -49.646  -34.169 0.6000000238
25812  -15.986  -50.070  -34.544 0.6000000238
25820  -16.197  -50.074  -35.453 0.6000000238
25821  -16.863  -49.791  -35.849 0.6000000238
25829  -17.195  -49.945  -36.859 0.5000000000
25830  -17.822  -49.571  -37.268 0.5000000000
25831  -18.315  -49.214  -37.737 0.5000000000
25837  -17.414  -49.990  -37.776 0.5000000000
26920  -22.591  -48.806  -28.571 0.5000000000
26928  -22.432  -48.901  -29.581 0.5000000000
26944  -22.102  -49.010  -29.927 0.5000000000
26963  -18.542  -48.960  -31.174 0.6000000238
26964  -19.325  -49.087  -31.201 0.6000000238
26965  -20.813  -48.835  -30.970 0.6000000238
26966  -21.446  -48.600  -30.974 0.4000000060
26967  -21.870  -48.647  -30.488 0.5000000000
26968  -22.042  -48.571  -30.186 0.5000000000
26979  -20.224  -48.771  -31.511 0.6000000238
26981  -21.464  -48.344  -31.337 0.5000000000
26992  -17.097  -48.990  -32.652 0.6999999881
26995  -18.979  -48.564  -32.389 0.6999999881
26996  -20.356  -48.461  -32.735 0.6999999881
26998  -21.425  -48.142  -32.478 0.6999999881
27006  -16.856  -49.156  -33.194 0.6000000238
27008  -18.590  -48.520  -32.941 0.6999999881
27011  -20.961  -48.318  -33.112 0.6999999881
27012  -21.405  -48.141  -32.954 0.6999999881
27021  -18.436  -48.715  -34.478 0.6000000238
27022  -19.833  -48.308  -34.693 0.6000000238
27030  -17.006  -49.444  -34.582 0.6000000238
27032  -19.010  -48.736  -35.399 0.6000000238
27033  -19.673  -48.451  -35.462 0.6000000238
27045  -18.775  -48.992  -36.162 0.6000000238
27047  -19.711  -48.082  -36.807 0.5000000000
28200  -21.715  -48.158  -28.055 0.5000000000
28215  -21.935  -48.169  -29.835 0.5000000000
28216  -22.375  -48.691  -29.704 0.5000000000
28251  -21.530  -48.115  -31.726 0.6000000238
28252  -21.466  -48.133  -32.235 0.6000000238
28262  -21.508  -48.049  -32.641 0.6999999881
28275  -20.862  -48.231  -33.912 0.6000000238
28277  -21.527  -47.996  -33.181 0.6999999881
28290  -21.372  -48.063  -34.539 0.6000000238
28291  -21.494  -47.839  -34.189 0.6999999881
28327  -21.127  -47.460  -35.990 0.6000000238
28341  -20.405  -47.616  -36.435 0.5000000000
28357  -20.516  -47.200  -36.773 0.5000000000
29456  -19.633  -46.730  -26.723 0.5000000000
29475  -19.818  -46.816  -27.376 0.5000000000
29492  -20.560  -47.281  -28.516 0.5000000000
29493  -21.209  -47.678  -28.366 0.5000000000
29499  -20.580  -47.090  -29.841 0.6000000238
29508  -20.903  -47.175  -30.419 0.6000000238
29525  -16.932  -46.700  -31.388 0.6000000238
29561  -21.281  -47.296  -32.626 0.6000000238
29562  -21.500  -47.904  -32.369 0.6999999881
29575  -21.351  -46.764  -33.243 0.6000000238
29606  -21.353  -46.381  -35.557 0.6999999881
29619  -21.220  -46.798  -36.556 0.5000000000
29620  -21.334  -46.343  -36.277 0.5000000000
29635  -20.897  -46.714  -36.976 0.5000000000
30669  -18.781  -45.957  -26.951 0.5000000000
30670  -19.225  -46.445  -27.180 0.5000000000
30697  -19.597  -46.043  -29.429 0.6000000238
30708  -19.471  -45.378  -30.568 0.6000000238
30709  -20.278  -46.574  -30.400 0.6000000238
30719  -17.607  -45.449  -31.227 0.6000000238
30740  -17.832  -45.847  -31.852 0.6000000238
30741  -20.376  -46.007  -31.790 0.6000000238
30762  -17.270  -46.191  -32.715 0.5000000000
30764  -20.659  -45.687  -32.610 0.6000000238
30800  -21.286  -45.664  -34.437 0.6999999881
30814  -21.200  -45.646  -35.152 0.6999999881
30835  -20.732  -45.817  -36.453 0.5000000000
30836  -21.010  -45.814  -36.135 0.5000000000
31859  -18.443  -45.372  -26.625 0.5000000000
31882  -18.633  -45.165  -28.229 0.6000000238
31896  -19.080  -45.527  -29.162 0.6999999881
31910  -19.148  -45.473  -29.916 0.6000000238
31923  -17.252  -45.709  -30.610 0.6000000238
31924  -19.877  -45.394  -31.288 0.6000000238
31969  -19.518  -44.558  -34.047 0.5000000000
31970  -19.950  -43.916  -34.869 0.6000000238
31971  -21.048  -44.120  -33.716 0.6000000238
31991  -21.236  -44.582  -34.640 0.6999999881
32005  -21.144  -45.184  -35.034 0.6999999881
32017  -20.848  -45.073  -35.509 0.5000000000
33119  -18.236  -44.071  -25.322 0.5000000000
33135  -17.931  -44.223  -25.938 0.5000000000
33136  -18.328  -44.677  -25.567 0.5000000000
33157  -17.919  -44.170  -27.470 0.6000000238
33158  -18.123  -44.775  -27.076 0.6000000238
33165  -18.118  -44.028  -28.216 0.6999999881
33175  -16.566  -44.461  -29.287 0.5000000000
33176  -18.551  -44.244  -29.344 0.6999999881
33187  -16.920  -44.828  -30.398 0.6000000238
33189  -19.138  -44.647  -30.388 0.6999999881
33222  -20.425  -44.107  -32.526 0.6000000238
33233  -18.181  -44.368  -32.231 0.6000000238
33234  -18.713  -44.498  -32.797 0.6000000238
33260  -20.568  -43.032  -35.075 0.6999999881
33261  -21.100  -42.985  -35.315 0.6999999881
33262  -21.398  -44.108  -35.179 0.6999999881
33270  -21.064  -43.749  -35.451 0.6999999881
33279  -20.843  -44.632  -35.422 0.6000000238
34392  -18.723  -43.824  -24.784 0.4000000060
34426  -17.925  -43.527  -25.697 0.5000000000
34448  -15.438  -43.384  -27.955 0.5000000000
34450  -17.837  -43.488  -27.780 0.6000000238
34453  -16.084  -43.732  -28.441 0.5000000000
34454  -18.068  -43.508  -28.494 0.6000000238
34460  -16.411  -43.782  -29.606 0.5000000000
34476  -16.301  -43.185  -29.910 0.5000000000
34477  -16.626  -43.621  -30.213 0.5000000000
34478  -19.024  -43.796  -30.505 0.6999999881
34496  -18.949  -43.104  -30.481 0.6999999881
34510  -17.160  -43.058  -31.583 0.5000000000
34511  -17.376  -43.640  -31.547 0.5000000000
34513  -20.380  -43.431  -32.460 0.6000000238
34534  -21.140  -42.681  -34.616 0.6000000238
34535  -21.456  -43.028  -35.042 0.6999999881
34544  -20.904  -42.344  -35.163 0.6999999881
34546  -21.419  -43.346  -35.242 0.6999999881
35611  -21.723  -42.547  -23.623 0.4000000060
35616  -19.581  -42.507  -24.054 0.4000000060
35617  -20.634  -43.121  -24.071 0.4000000060
35619  -21.988  -42.936  -24.158 0.4000000060
35641  -14.546  -43.045  -26.484 0.5000000000
35654  -17.594  -42.412  -26.932 0.5000000000
35665  -14.717  -42.532  -27.533 0.5000000000
35666  -15.005  -42.648  -28.124 0.5000000000
35667  -17.682  -42.717  -27.658 0.6000000238
35676  -17.748  -42.232  -28.364 0.6000000238
35680  -15.686  -42.644  -29.272 0.5000000000
35681  -18.337  -42.445  -29.745 0.6999999881
35682  -18.604  -43.071  -29.852 0.6999999881
35691  -16.152  -42.588  -30.229 0.4000000060
35706  -16.798  -42.693  -31.281 0.5000000000
35723  -17.818  -42.341  -32.971 0.6000000238
35735  -18.636  -42.270  -33.635 0.6000000238
35736  -18.869  -41.385  -33.847 0.6000000238
35737  -20.311  -41.716  -33.205 0.6000000238
35738  -20.531  -42.064  -33.737 0.6000000238
35742  -19.542  -41.773  -34.408 0.6000000238
35743  -20.390  -42.062  -34.497 0.6000000238
35744  -20.696  -42.212  -34.341 0.6000000238
35751  -20.958  -42.324  -34.918 0.6000000238
36834  -21.413  -41.921  -23.301 0.4000000060
36836  -22.907  -42.250  -23.822 0.4000000060
36849  -19.463  -41.805  -24.091 0.4000000060
36859  -18.389  -42.246  -25.063 0.4000000060
36860  -18.650  -41.707  -24.848 0.4000000060
36870  -17.827  -42.076  -26.371 0.5000000000
36912  -17.653  -41.478  -28.728 0.6999999881
36929  -15.969  -41.943  -30.494 0.5000000000
36930  -18.177  -41.681  -29.957 0.6999999881
36939  -15.839  -41.196  -30.753 0.4000000060
36940  -16.209  -41.542  -31.234 0.4000000060
36955  -16.857  -41.445  -32.550 0.6000000238
36956  -17.454  -41.658  -33.121 0.5000000000
36957  -19.315  -41.256  -32.017 0.6000000238
36958  -19.885  -41.454  -32.615 0.6000000238
36979  -18.578  -41.015  -33.387 0.6000000238
38135  -19.881  -41.346  -23.884 0.4000000060
38137  -20.816  -41.390  -23.376 0.4000000060
38140  -23.589  -41.184  -23.438 0.3000000119
38147  -10.870  -40.333  -24.213 0.3000000119
38148  -19.077  -41.454  -24.507 0.4000000060
38149  -19.929  -40.783  -24.247 0.4000000060
38161  -18.370  -41.518  -25.419 0.5000000000
38172  -18.689  -40.848  -25.816 0.5000000000
38190  -17.599  -41.369  -27.457 0.5000000000
38203  -17.354  -40.730  -28.766 0.6000000238
38214  -14.684  -40.931  -29.598 0.5000000000
38215  -15.262  -41.014  -29.758 0.5000000000
38223  -15.528  -40.767  -30.296 0.4000000060
38225  -18.484  -41.242  -30.729 0.6000000238
38233  -15.728  -40.418  -31.037 0.5000000000
38245  -16.343  -40.364  -32.181 0.6000000238
38246  -16.734  -40.737  -32.658 0.5000000000
38248  -19.332  -41.134  -32.825 0.6000000238
38260  -16.769  -40.295  -32.545 0.6000000238
38261  -17.197  -40.398  -32.909 0.6000000238
38262  -17.989  -40.530  -33.176 0.6000000238
38263  -18.769  -40.753  -32.968 0.6000000238
39319  -11.424  -40.400  -23.834 0.3000000119
39322  -21.796  -40.712  -23.110 0.4000000060
39337  -20.024  -40.361  -24.743 0.4000000060
39339  -21.069  -39.880  -24.010 0.4000000060
39367  -20.388  -39.908  -25.085 0.4000000060
39388  -18.985  -40.138  -26.142 0.5000000000
39415  -17.770  -40.607  -27.476 0.5000000000
39449  -17.045  -39.603  -29.918 0.6999999881
39467  -15.882  -39.576  -31.252 0.5000000000
39468  -16.352  -39.686  -31.843 0.5000000000
39471  -18.471  -40.292  -31.779 0.6000000238
39480  -17.978  -40.056  -31.972 0.6000000238
39490  -17.130  -39.966  -32.526 0.6000000238
39491  -17.674  -40.044  -32.718 0.6000000238
40461  -12.796  -38.826  -22.465 0.3000000119
40474  -12.207  -38.596  -23.234 0.3000000119
40480  -17.722  -39.449  -23.723 0.3000000119
40504  -13.578  -39.321  -24.790 0.3000000119
40508  -16.583  -39.753  -24.317 0.3000000119
40512  -22.049  -39.248  -24.035 0.3000000119
40529  -9.502  -38.498  -24.949 0.3000000119
40531  -13.367  -39.533  -25.465 0.3000000119
40532  -14.218  -39.824  -25.179 0.3000000119
40534  -15.613  -39.666  -25.248 0.3000000119
40535  -16.301  -39.493  -25.040 0.3000000119
40538  -20.584  -39.196  -25.380 0.3000000119
40557  -12.457  -39.280  -26.335 0.3000000119
40558  -13.101  -39.490  -26.134 0.3000000119
40564  -19.717  -39.082  -26.099 0.5000000000
40579  -12.694  -39.321  -26.782 0.3000000119
40580  -13.756  -39.448  -26.285 0.3000000119
40581  -14.373  -38.939  -26.471 0.3000000119
40597  -10.684  -38.978  -28.391 0.4000000060
40599  -18.477  -39.377  -27.269 0.5000000000
40636  -15.474  -38.870  -30.290 0.4000000060
40643  -16.546  -38.861  -30.841 0.5000000000
40652  -16.912  -39.364  -31.892 0.6000000238
40653  -17.273  -39.427  -31.953 0.6000000238
40654  -17.572  -39.649  -31.934 0.6000000238
40663  -17.103  -39.622  -32.192 0.6000000238
40664  -17.433  -39.768  -32.268 0.6000000238
41658  -11.737  -38.622  -23.638 0.3000000119
41684  -17.580  -38.517  -24.954 0.3000000119
41685  -18.151  -38.181  -24.556 0.3000000119
41688  -21.806  -38.807  -24.553 0.3000000119
41698  -16.902  -38.340  -25.553 0.3000000119
41706  -7.991  -38.233  -26.432 0.3000000119
41708  -11.090  -38.201  -26.615 0.4000000060
41711  -16.336  -37.615  -26.014 0.3000000119
41712  -19.929  -38.311  -26.386 0.3000000119
41730  -8.708  -38.019  -26.636 0.3000000119
41732  -9.874  -38.112  -27.392 0.4000000060
41733  -10.637  -38.370  -27.268 0.4000000060
41734  -12.437  -38.829  -27.463 0.3000000119
41736  -14.234  -38.195  -27.193 0.3000000119
41738  -19.016  -38.241  -27.128 0.4000000060
41757  -10.483  -38.633  -27.761 0.4000000060
41775  -11.377  -38.973  -28.769 0.4000000060
41778  -16.410  -37.798  -28.845 0.4000000060
41779  -17.187  -37.712  -27.951 0.4000000060
41794  -15.301  -37.768  -29.419 0.3000000119
41795  -16.128  -37.995  -29.576 0.4000000060
41808  -16.126  -38.420  -30.230 0.5000000000
41819  -16.267  -38.688  -30.783 0.5000000000
42795  -13.327  -37.559  -22.175 0.3000000119
42810  -12.997  -36.958  -22.711 0.3000000119
42827  -14.526  -36.981  -23.605 0.3000000119
42843  -13.096  -36.193  -24.816 0.4000000060
42850  -9.699  -36.879  -25.764 0.3000000119
42854  -12.581  -37.547  -25.179 0.3000000119
42864  -9.068  -37.716  -26.251 0.4000000060
42865  -9.508  -37.050  -26.219 0.4000000060
42867  -10.533  -37.141  -26.241 0.4000000060
42889  -9.612  -37.412  -26.702 0.4000000060
42891  -14.744  -37.423  -27.457 0.3000000119
42893  -16.085  -37.146  -26.647 0.3000000119
42894  -18.757  -37.393  -27.054 0.3000000119
42911  -13.345  -38.040  -28.645 0.3000000119
42913  -14.629  -37.054  -28.136 0.3000000119
42914  -15.253  -37.088  -27.749 0.3000000119
42917  -18.046  -37.320  -27.339 0.3000000119
42929  -14.528  -37.020  -28.635 0.3000000119
42931  -16.628  -37.417  -28.205 0.4000000060
42944  -14.212  -37.383  -29.027 0.3000000119
42956  -15.899  -37.849  -29.588 0.4000000060
43950  -11.406  -35.508  -24.423 0.4000000060
43951  -12.113  -35.238  -24.029 0.4000000060
43952  -12.926  -34.635  -23.825 0.4000000060
43966  -10.919  -35.531  -25.029 0.4000000060
43967  -10.868  -35.572  -24.739 0.4000000060
43968  -13.241  -34.817  -24.678 0.3000000119
43985  -11.139  -35.632  -25.432 0.4000000060
44003  -10.514  -36.405  -25.824 0.4000000060
44004  -16.542  -36.659  -26.875 0.3000000119
44028  -15.877  -37.028  -27.318 0.3000000119
44030  -17.604  -36.599  -26.411 0.3000000119
44031  -18.414  -36.925  -26.436 0.3000000119
44048  -15.719  -37.053  -27.871 0.3000000119
44050  -16.739  -36.664  -27.322 0.3000000119
44051  -17.375  -36.746  -27.126 0.3000000119
44063  -15.147  -36.953  -28.627 0.3000000119
44065  -16.219  -37.126  -27.929 0.3000000119
44077  -15.890  -37.192  -28.515 0.3000000119
45118  -11.407  -35.171  -24.769 0.4000000060
45119  -12.024  -34.646  -24.784 0.4000000060
45132  -11.513  -35.195  -24.972 0.4000000060
181933  -21.706  -52.870  -32.332 0.6000000238
182263  -31.335  -60.159  -35.757 0.3000000119
182302  -21.202  -45.166  -34.071 0.6999999881
182451  -27.786  -60.224  -38.081 0.4000000060
183032  -22.329  -52.993  -32.113 0.6000000238
183229  -20.815  -52.396  -36.162 0.6000000238
183330  -15.527  -50.382  -32.784 0.6000000238
183369  -26.822  -54.664  -31.358 0.4000000060
183569  -23.949  -59.259  -36.184 0.6999999881
183659  -18.231  -55.581  -34.613 0.6999999881
183661  -16.205  -55.402  -34.452 0.6000000238
183668  -19.280  -55.575  -33.713 0.6999999881
183708  -18.548  -55.472  -33.674 0.6999999881
183726  -20.538  -52.597  -35.436 0.6000000238
183727  -16.858  -55.464  -34.493 0.6000000238
183802  -21.627  -52.861  -33.000 0.6000000238
183812  -20.950  -52.816  -33.185 0.6000000238
184076  -21.580  -47.872  -31.367 0.5000000000
184125  -16.903  -58.804  -31.271 0.5000000000
184172  -20.471  -59.410  -30.995 0.6000000238
184178  -21.652  -52.544  -35.004 0.6000000238
184284  -16.141  -49.817  -32.127 0.6000000238
184441  -30.186  -60.681  -37.030 0.3000000119
184999  -17.752  -48.571  -32.768 0.6999999881
185125  -21.429  -46.891  -34.128 0.6999999881
185132  -22.578  -58.733  -31.054 0.6000000238
185401  -30.811  -53.520  -30.562 0.5000000000
185493  -22.877  -59.540  -34.158 0.6000000238
185811  -22.142  -58.272  -29.635 0.6999999881
186004  -18.127  -55.073  -31.268 0.6000000238
186006  -16.084  -54.826  -30.993 0.5000000000
186008  -22.192  -54.862  -31.434 0.6000000238
186010  -18.835  -55.328  -31.238 0.6000000238
186011  -17.434  -54.823  -31.161 0.5000000000
186021  -18.317  -55.604  -36.755 0.6000000238
186031  -18.895  -55.557  -36.969 0.6000000238
186185  -27.855  -60.158  -34.832 0.4000000060
186195  -29.056  -59.779  -34.791 0.4000000060
186255  -28.932  -59.683  -34.173 0.4000000060
186256  -17.688  -49.148  -34.729 0.6999999881
186276  -20.310  -60.161  -34.880 0.5000000000
186416  -18.403  -59.764  -32.867 0.4000000060
186743  -24.012  -54.811  -31.270 0.6000000238
186805  -18.330  -45.743  -33.258 0.5000000000
186894  -24.672  -55.730  -29.095 0.5000000000
187068  -21.405  -47.155  -34.996 0.6999999881
187392  -17.364  -46.187  -31.297 0.6000000238
187624  -22.542  -54.836  -34.150 0.6000000238
187650  -16.016  -42.791  -29.689 0.5000000000
187894  -18.451  -44.470  -28.593 0.6999999881
187920  -19.519  -60.204  -33.795 0.5000000000
187965  -21.194  -47.286  -31.465 0.6000000238
188129  -16.860  -59.685  -35.547 0.5000000000
188282  -19.472  -46.430  -27.812 0.5000000000
188306  -28.932  -60.554  -37.585 0.4000000060
188734  -28.236  -55.043  -35.812 0.4000000060
188972  -19.160  -60.264  -34.348 0.4000000060
189034  -31.736  -58.676  -34.521 0.4000000060
189380  -20.588  -52.414  -37.152 0.6000000238
189499  -20.142  -60.246  -33.818 0.5000000000
189500  -25.747  -59.165  -32.055 0.5000000000
189748  -25.888  -62.940  -34.691 0.3000000119
190285  -30.230  -59.312  -34.387 0.4000000060
190395  -19.000  -48.833  -37.066 0.5000000000
190414  -16.806  -38.505  -28.868 0.4000000060
190677  -15.685  -60.802  -32.870 0.5000000000
190928  -32.195  -53.331  -30.677 0.4000000060
191075  -14.378  -40.145  -29.748 0.4000000060
191618  -18.014  -55.288  -39.053 0.6000000238
192062  -23.292  -59.561  -34.256 0.6999999881
192075  -15.607  -54.821  -31.555 0.5000000000
192476  -32.903  -53.440  -30.720 0.4000000060
192527  -25.940  -51.613  -38.368 0.5000000000
192553  -28.585  -63.050  -35.035 0.4000000060
192595  -18.529  -52.871  -34.514 0.6000000238
192660  -16.991  -51.971  -31.752 0.5000000000
192667  -20.295  -44.117  -35.366 0.5000000000
192726  -19.915  -52.863  -39.059 0.5000000000
192728  -20.858  -59.408  -38.047 0.5000000000
192747  -28.900  -54.863  -35.499 0.5000000000
192850  -19.169  -52.884  -34.405 0.6000000238
192869  -23.153  -54.779  -32.069 0.6000000238
192871  -19.134  -55.501  -31.922 0.6999999881
192911  -23.849  -51.606  -38.372 0.5000000000
192914  -19.787  -55.483  -36.137 0.6999999881
192915  -18.668  -55.738  -35.904 0.6999999881
192916  -21.747  -54.859  -32.020 0.6000000238
192930  -16.317  -54.816  -31.583 0.5000000000
192941  -19.169  -55.647  -35.997 0.6999999881
192970  -17.032  -55.649  -36.228 0.5000000000
192971  -20.558  -55.155  -32.116 0.6000000238
192972  -16.999  -54.878  -31.687 0.5000000000
192978  -22.350  -54.872  -33.230 0.6000000238
192979  -21.630  -54.970  -33.222 0.6000000238
192987  -20.967  -55.292  -33.222 0.6000000238
193674  -19.226  -59.236  -31.052 0.5000000000
193697  -16.598  -39.036  -25.370 0.3000000119
194112  -20.580  -59.932  -36.039 0.5000000000
194127  -21.479  -59.520  -31.676 0.6000000238
194153  -25.978  -51.522  -39.211 0.5000000000
194377  -19.628  -55.403  -30.258 0.6000000238
194378  -18.820  -55.218  -30.633 0.6000000238
194383  -20.570  -55.204  -30.814 0.6000000238
194418  -19.758  -48.597  -32.144 0.6999999881
194423  -23.305  -51.788  -38.509 0.5000000000
194424  -16.448  -55.677  -36.065 0.5000000000
194425  -27.942  -60.405  -36.421 0.4000000060
194611  -26.492  -58.024  -30.596 0.5000000000
194683  -21.714  -54.882  -35.115 0.6000000238
194969  -26.513  -54.858  -30.395 0.5000000000
195070  -31.089  -60.177  -35.895 0.3000000119
195327  -22.665  -57.929  -39.380 0.5000000000
195566  -19.654  -60.060  -32.689 0.5000000000
195717  -17.865  -41.435  -29.455 0.6999999881
195728  -20.010  -52.861  -33.883 0.6000000238
195882  -17.887  -42.970  -28.408 0.6000000238
196373  -27.501  -59.824  -38.403 0.5000000000
196563  -9.057  -38.029  -25.561 0.3000000119
196763  -23.952  -59.051  -31.842 0.6000000238
196850  -24.464  -59.166  -36.689 0.6999999881
197121  -15.655  -53.893  -36.503 0.5000000000
197906  -23.438  -53.152  -39.179 0.5000000000
198064  -17.898  -43.654  -32.173 0.6000000238
198397  -25.442  -54.213  -36.861 0.6000000238
198640  -22.408  -40.901  -23.117 0.3000000119
198970  -20.700  -53.957  -39.883 0.6000000238
199004  -27.221  -63.139  -34.447 0.3000000119
199008  -23.711  -51.874  -39.414 0.5000000000
199009  -27.887  -63.238  -34.894 0.4000000060
199010  -26.088  -62.967  -34.175 0.3000000119
199068  -17.713  -39.979  -27.784 0.5000000000
199192  -28.210  -55.837  -29.878 0.5000000000
199395  -18.631  -55.168  -38.772 0.6000000238
199397  -19.989  -60.159  -36.206 0.5000000000
199459  -17.611  -44.774  -31.218 0.6000000238
199793  -26.120  -62.523  -38.267 0.5000000000
199920  -19.116  -43.254  -24.280 0.4000000060
200377  -25.028  -58.461  -38.349 0.8000000119
200508  -24.066  -52.527  -39.857 0.6000000238
200551  -22.624  -63.272  -28.617 0.3000000119
200571  -25.532  -52.811  -39.808 0.6000000238
200751  -17.529  -55.638  -38.562 0.6000000238
201256  -30.754  -55.337  -30.533 0.5000000000
201944  -26.736  -62.995  -35.483 0.4000000060
201945  -22.957  -61.753  -29.404 0.3000000119
202367  -31.265  -54.086  -30.392 0.5000000000
202480  -23.518  -59.602  -33.815 0.6000000238
202532  -15.467  -39.443  -30.566 0.5000000000
203457  -19.250  -60.219  -35.403 0.4000000060
203529  -25.626  -62.953  -32.797 0.3000000119
203636  -24.638  -54.842  -32.270 0.6000000238
203668  -19.056  -55.376  -37.609 0.6000000238
203746  -28.293  -56.567  -30.029 0.4000000060
203978  -23.461  -54.775  -31.535 0.6000000238
204084  -26.584  -55.156  -34.011 0.5000000000
204121  -23.644  -51.748  -38.953 0.5000000000
204123  -27.158  -63.097  -33.907 0.3000000119
204128  -26.222  -62.937  -33.731 0.3000000119
204144  -25.932  -62.919  -33.290 0.3000000119
204578  -28.378  -54.214  -31.808 0.5000000000
204626  -18.668  -43.690  -29.947 0.6999999881
204701  -24.498  -59.680  -33.546 0.6000000238
204748  -17.133  -39.145  -28.805 0.5000000000
204805  -25.205  -59.695  -35.840 0.6999999881
205215  -23.868  -62.483  -31.409 0.3000000119
205300  -21.524  -59.069  -30.503 0.6999999881
205537  -21.638  -58.646  -38.931 0.6000000238
205747  -21.326  -48.329  -32.009 0.6999999881
205789  -20.420  -54.969  -36.729 0.6000000238
205823  -17.775  -59.603  -36.562 0.5000000000
206196  -20.613  -46.708  -31.505 0.6000000238
206313  -20.654  -47.888  -35.823 0.6000000238
206378  -17.260  -52.707  -34.013 0.6000000238
206389  -18.404  -49.024  -35.267 0.6000000238
206431  -26.781  -54.701  -31.865 0.4000000060
206568  -22.613  -54.843  -33.698 0.6000000238
206666  -23.042  -59.455  -35.285 0.6999999881
207265  -21.013  -54.387  -39.238 0.6000000238
207628  -26.749  -60.227  -34.820 0.6000000238
207901  -21.295  -63.882  -30.159 0.3000000119
208096  -26.623  -59.771  -33.723 0.6000000238
208272  -21.324  -59.746  -35.268 0.5000000000
208460  -18.724  -55.395  -38.056 0.6000000238
208504  -15.489  -55.682  -29.397 0.5000000000
208626  -19.651  -42.543  -31.599 0.6000000238
208692  -20.984  -52.514  -30.364 0.6000000238
208795  -17.685  -55.605  -36.488 0.6000000238
208870  -24.089  -54.637  -34.770 0.6000000238
208887  -19.393  -53.036  -39.296 0.6000000238
209138  -28.606  -54.185  -31.114 0.4000000060
209313  -26.654  -56.470  -29.651 0.5000000000
209388  -20.796  -46.189  -36.937 0.5000000000
209408  -19.376  -55.440  -37.145 0.6999999881
209434  -24.742  -54.766  -34.507 0.6000000238
209672  -22.691  -52.215  -36.655 0.5000000000
209719  -25.939  -54.811  -30.613 0.5000000000
210066  -22.427  -63.538  -28.823 0.3000000119
210603  -15.491  -42.064  -29.401 0.5000000000
210699  -19.340  -58.916  -30.556 0.5000000000
210838  -20.862  -54.999  -31.424 0.6000000238
211263  -20.070  -52.884  -32.759 0.6000000238
211369  -19.866  -45.933  -30.676 0.5000000000
211417  -23.455  -57.980  -29.586 0.6000000238
211793  -8.882  -37.948  -25.999 0.4000000060
211878  -17.528  -59.404  -32.872 0.5000000000
212088  -29.145  -55.722  -29.895 0.5000000000
212200  -20.128  -48.288  -34.101 0.6999999881
212869  -20.561  -52.873  -32.800 0.6000000238
212941  -29.157  -58.310  -31.652 0.4000000060
213084  -19.547  -48.793  -31.627 0.6000000238
213544  -15.533  -52.989  -34.854 0.5000000000
213899  -16.883  -44.083  -30.478 0.6000000238
214027  -15.556  -37.058  -28.560 0.3000000119
214088  -19.602  -53.710  -41.076 0.6000000238
214123  -16.070  -60.298  -33.173 0.5000000000
214224  -12.324  -34.698  -24.877 0.4000000060
214226  -21.585  -63.110  -30.947 0.3000000119
214229  -20.626  -55.333  -32.766 0.6000000238
214661  -19.233  -52.975  -35.855 0.6000000238
214795  -21.235  -59.702  -32.389 0.6000000238
214854  -28.526  -60.416  -36.736 0.4000000060
214959  -17.659  -59.504  -35.981 0.5000000000
215014  -18.787  -53.633  -40.894 0.5000000000
215657  -19.384  -55.464  -29.925 0.6000000238
215663  -18.687  -55.250  -29.828 0.6000000238
215994  -25.677  -62.453  -31.497 0.3000000119
216295  -30.022  -60.864  -37.229 0.3000000119
216451  -21.600  -55.015  -34.266 0.5000000000
216552  -29.142  -59.860  -35.255 0.4000000060
217157  -22.778  -59.372  -32.736 0.6000000238
217180  -14.603  -56.468  -29.333 0.5000000000
217309  -21.128  -59.833  -33.001 0.5000000000
217373  -26.999  -52.004  -39.640 0.4000000060
217486  -26.056  -55.089  -33.481 0.5000000000
217745  -20.866  -48.413  -32.657 0.6999999881
