#!ascii label  , from subject sub-06_ses-001.long.sub-06 vox2ras=TkReg
897
23914  20.400  -43.341  -19.114 0.6000000238
22872  22.743  -44.142  -13.367 0.6999999881
23819  22.540  -44.097  -14.355 0.6999999881
22905  20.348  -44.566  -15.521 0.8999999762
23866  20.602  -44.087  -16.690 0.8000000119
23900  20.360  -43.750  -17.805 0.8000000119
24874  20.750  -42.749  -19.085 0.6000000238
25912  20.243  -42.490  -20.341 0.6999999881
25913  19.713  -42.321  -21.030 0.6999999881
23803  23.064  -43.677  -13.309 0.6999999881
23795  22.784  -43.666  -12.355 0.6999999881
23834  22.919  -43.605  -14.472 0.6999999881
24801  22.815  -42.825  -15.694 0.6000000238
203256  22.548  -43.375  -15.524 0.6999999881
23836  21.683  -44.169  -15.182 0.6999999881
24803  21.752  -43.503  -16.238 0.8000000119
24816  21.521  -43.254  -16.762 0.8000000119
23882  21.025  -43.566  -17.000 0.8000000119
24838  20.860  -43.399  -17.586 0.8000000119
24857  20.650  -43.202  -18.309 0.6000000238
25899  20.582  -42.270  -19.765 0.6000000238
26994  20.220  -41.895  -20.514 0.6999999881
27037  19.940  -41.607  -21.842 0.6999999881
24758  23.435  -43.059  -13.114 0.5000000000
24751  22.998  -42.973  -12.317 0.6000000238
25807  23.698  -42.302  -14.563 0.4000000060
24786  23.334  -42.984  -14.533 0.6000000238
25824  23.011  -42.157  -15.793 0.5000000000
25825  22.577  -42.467  -16.226 0.6000000238
179655  22.132  -42.620  -16.508 0.8000000119
24815  21.824  -42.622  -16.944 0.6999999881
25862  21.658  -42.500  -17.790 0.6999999881
25883  21.626  -42.084  -18.583 0.6999999881
28079  20.948  -40.803  -19.974 0.5000000000
28091  20.547  -40.359  -20.477 0.6000000238
182359  20.200  -40.547  -20.981 0.6000000238
27016  19.992  -41.030  -21.373 0.6000000238
27057  20.215  -41.599  -21.990 0.5000000000
26849  24.385  -41.363  -13.844 0.5000000000
25779  23.886  -42.043  -12.798 0.6000000238
25772  23.139  -42.205  -11.961 0.6000000238
25792  24.005  -42.044  -13.902 0.5000000000
25838  22.733  -41.872  -16.347 0.5000000000
26898  22.545  -41.689  -16.932 0.6000000238
26942  22.738  -40.919  -17.946 0.6000000238
26971  21.948  -40.965  -18.912 0.6000000238
28078  21.489  -40.542  -19.422 0.5000000000
28090  21.088  -40.121  -19.956 0.5000000000
204816  20.690  -39.824  -20.357 0.6000000238
177409  20.355  -40.001  -20.884 0.6000000238
29206  20.392  -40.258  -21.995 0.5000000000
191499  20.681  -39.797  -22.385 0.5000000000
189142  21.424  -39.893  -22.150 0.5000000000
205912  20.680  -40.346  -22.262 0.5000000000
25770  24.060  -41.571  -12.695 0.5000000000
25755  23.260  -41.520  -11.784 0.5000000000
26850  23.935  -41.584  -14.532 0.5000000000
28029  24.056  -40.816  -15.718 0.4000000060
29130  24.093  -39.912  -16.715 0.3000000119
28038  23.901  -40.579  -16.449 0.4000000060
29143  23.481  -40.008  -17.781 0.3000000119
29142  23.934  -39.694  -17.396 0.3000000119
28049  23.197  -40.622  -17.515 0.5000000000
28063  22.835  -40.147  -18.233 0.5000000000
28076  22.170  -39.870  -18.838 0.5000000000
29169  21.552  -39.779  -19.396 0.5000000000
29178  20.862  -39.341  -19.843 0.5000000000
211091  20.411  -38.851  -20.636 0.6000000238
29187  20.262  -39.727  -21.455 0.5000000000
30408  20.748  -39.169  -22.205 0.5000000000
29216  21.048  -39.429  -22.322 0.5000000000
26822  24.302  -41.021  -12.604 0.5000000000
28012  25.219  -40.242  -14.378 0.5000000000
29102  25.082  -40.050  -15.029 0.5000000000
29117  24.807  -39.814  -15.706 0.4000000060
28037  24.344  -40.199  -16.058 0.5000000000
29129  24.547  -39.565  -16.378 0.4000000060
30353  24.321  -38.557  -17.874 0.3000000119
29155  23.670  -39.381  -17.976 0.3000000119
29167  22.680  -39.326  -18.764 0.4000000060
29168  21.961  -39.268  -19.201 0.5000000000
29177  21.466  -39.187  -19.575 0.4000000060
179707  20.400  -38.428  -21.574 0.5000000000
31650  20.804  -37.789  -21.814 0.5000000000
184139  20.733  -38.418  -21.941 0.5000000000
29205  21.650  -39.353  -22.088 0.5000000000
30398  21.588  -38.782  -22.150 0.4000000060
30407  21.163  -38.632  -22.130 0.5000000000
27974  25.010  -40.147  -13.014 0.5000000000
29088  25.510  -39.873  -13.992 0.5000000000
29116  25.366  -39.492  -15.395 0.5000000000
29128  25.036  -39.228  -16.072 0.4000000060
30338  25.103  -38.562  -17.069 0.4000000060
31579  24.791  -38.280  -17.553 0.3000000119
31591  24.018  -38.270  -18.358 0.3000000119
30367  22.873  -38.667  -18.805 0.4000000060
185677  22.755  -38.085  -19.051 0.4000000060
31613  22.293  -37.714  -19.526 0.4000000060
30368  22.286  -38.661  -19.155 0.4000000060
31614  21.812  -38.305  -19.527 0.4000000060
31615  21.248  -38.180  -19.883 0.5000000000
31616  20.824  -38.111  -20.300 0.5000000000
30378  20.604  -38.712  -20.169 0.6000000238
32852  21.232  -37.148  -22.363 0.4000000060
31649  21.185  -37.794  -22.089 0.5000000000
29072  25.948  -39.336  -13.850 0.4000000060
30324  25.780  -38.309  -16.145 0.4000000060
30294  25.917  -39.126  -15.117 0.4000000060
31567  25.526  -38.162  -16.792 0.4000000060
31578  25.000  -37.607  -17.717 0.4000000060
31590  24.438  -37.952  -18.101 0.4000000060
32799  23.478  -37.170  -18.934 0.4000000060
187151  23.294  -37.722  -18.895 0.4000000060
32800  22.889  -37.369  -19.187 0.4000000060
182787  22.418  -36.833  -19.580 0.4000000060
194180  21.749  -37.831  -19.831 0.5000000000
34098  21.258  -36.974  -20.416 0.5000000000
34117  20.814  -36.814  -21.045 0.6000000238
205509  20.642  -37.284  -21.711 0.5000000000
34140  20.464  -36.384  -22.160 0.4000000060
32867  20.915  -36.955  -22.353 0.4000000060
30274  26.429  -38.610  -14.074 0.4000000060
31566  26.108  -37.681  -16.538 0.4000000060
188105  26.423  -38.201  -15.212 0.4000000060
31577  25.642  -37.638  -17.240 0.4000000060
32786  24.517  -37.301  -18.308 0.4000000060
34076  23.082  -36.722  -19.198 0.4000000060
34096  22.835  -36.224  -19.589 0.4000000060
34097  21.775  -36.548  -20.151 0.4000000060
35360  21.009  -36.236  -20.730 0.4000000060
34141  20.441  -36.781  -21.624 0.6000000238
32721  26.858  -37.076  -15.337 0.4000000060
32722  26.589  -37.412  -15.934 0.4000000060
32768  26.119  -36.981  -17.137 0.4000000060
32769  25.493  -37.053  -17.663 0.4000000060
34073  24.876  -35.994  -18.578 0.4000000060
34074  24.161  -36.215  -18.911 0.4000000060
35344  23.919  -35.599  -19.375 0.5000000000
34075  23.514  -36.190  -19.343 0.4000000060
35357  23.257  -35.619  -19.702 0.3000000119
35358  22.583  -35.677  -20.063 0.3000000119
179678  22.263  -36.214  -19.876 0.4000000060
208617  21.124  -35.737  -20.783 0.4000000060
35375  20.688  -35.712  -21.287 0.4000000060
176977  20.469  -36.264  -21.499 0.5000000000
31505  26.626  -37.784  -14.052 0.4000000060
34028  25.821  -36.540  -17.679 0.4000000060
178203  25.416  -35.844  -18.344 0.4000000060
196917  24.734  -34.982  -19.036 0.3000000119
36582  24.271  -35.016  -19.349 0.3000000119
36600  22.938  -35.054  -20.113 0.3000000119
36601  22.186  -35.161  -20.472 0.3000000119
36622  20.835  -34.640  -21.266 0.4000000060
37907  20.433  -34.605  -22.118 0.4000000060
32747  26.817  -36.771  -16.053 0.3000000119
34026  26.707  -35.895  -16.865 0.3000000119
35328  26.107  -35.562  -17.766 0.3000000119
35329  25.749  -35.413  -18.235 0.3000000119
36580  25.133  -34.582  -18.923 0.3000000119
36581  24.630  -34.520  -19.326 0.3000000119
188742  23.653  -34.914  -19.716 0.4000000060
192729  23.291  -33.622  -20.145 0.4000000060
37883  23.209  -34.385  -20.154 0.3000000119
204079  22.762  -33.972  -20.324 0.3000000119
36621  21.636  -34.537  -20.648 0.3000000119
37895  21.116  -33.917  -21.009 0.4000000060
37896  20.535  -34.157  -21.526 0.4000000060
37908  20.392  -33.938  -21.963 0.4000000060
37882  23.758  -34.146  -19.772 0.4000000060
39105  22.931  -33.023  -20.387 0.4000000060
39096  22.659  -33.515  -20.413 0.4000000060
39106  22.242  -33.089  -20.725 0.3000000119
39107  21.569  -33.398  -20.856 0.4000000060
39108  20.908  -33.228  -21.214 0.4000000060
40290  20.489  -32.790  -21.611 0.4000000060
37897  20.553  -33.705  -21.456 0.4000000060
39109  20.387  -33.281  -21.850 0.4000000060
40287  22.623  -32.557  -20.586 0.4000000060
40288  21.949  -32.364  -20.834 0.5000000000
40289  21.097  -32.556  -21.182 0.4000000060
189293  20.463  -32.179  -21.626 0.4000000060
39115  20.229  -33.234  -22.290 0.3000000119
41516  19.546  -31.732  -22.195 0.3000000119
23901  20.220  -43.784  -18.507 0.6999999881
22904  20.994  -44.384  -15.349 0.8000000119
25898  21.041  -42.112  -19.136 0.6000000238
24837  21.348  -43.048  -17.312 0.6999999881
24856  21.195  -42.650  -18.479 0.6999999881
27036  20.185  -41.020  -21.770 0.6000000238
25823  23.482  -41.740  -15.230 0.4000000060
26883  23.123  -41.502  -15.881 0.4000000060
25839  22.260  -42.180  -16.683 0.6999999881
26943  22.311  -41.267  -18.358 0.6999999881
26972  21.344  -41.363  -19.190 0.6999999881
26868  24.386  -41.073  -14.568 0.5000000000
28064  22.389  -40.620  -18.602 0.5000000000
29156  23.190  -39.582  -18.253 0.4000000060
209566  20.892  -38.421  -19.961 0.6000000238
31625  20.432  -38.393  -20.829 0.5000000000
32841  20.761  -37.350  -21.250 0.6000000238
32798  24.080  -36.947  -18.738 0.3000000119
35359  21.751  -35.810  -20.401 0.4000000060
33974  27.044  -36.365  -15.433 0.4000000060
37894  22.476  -34.492  -20.347 0.3000000119
187731  22.049  -33.846  -20.556 0.3000000119
190467  21.569  -32.918  -20.954 0.3000000119
40296  19.988  -32.599  -22.240 0.3000000119
17465  19.791  -49.212  -14.240 0.6000000238
17477  19.316  -49.419  -14.603 0.6000000238
16657  17.077  -50.170  -15.557 0.6000000238
16658  16.336  -49.877  -15.966 0.6000000238
15710  19.626  -50.878  -11.622 0.5000000000
16617  20.409  -49.918  -12.980 0.6000000238
19237  19.893  -47.606  -13.868 0.6999999881
210653  19.830  -48.679  -14.219 0.6999999881
16618  20.032  -50.301  -13.486 0.6000000238
17476  19.248  -48.766  -14.655 0.6000000238
17478  18.686  -49.275  -14.917 0.6000000238
18349  17.578  -48.453  -15.622 0.6000000238
17491  17.163  -49.056  -15.635 0.6000000238
191825  16.873  -49.570  -15.647 0.6000000238
18351  16.261  -48.740  -16.478 0.6000000238
175681  16.338  -48.798  -17.897 0.6999999881
16587  20.414  -49.784  -11.787 0.6000000238
184101  20.930  -47.533  -12.820 0.6999999881
16601  20.167  -50.437  -11.947 0.5000000000
18291  20.737  -48.848  -12.556 0.6999999881
17449  20.548  -49.260  -13.155 0.6999999881
19238  19.138  -47.420  -14.251 0.6999999881
18330  18.772  -47.965  -14.581 0.6999999881
19272  17.822  -47.810  -15.522 0.5000000000
18350  16.775  -48.415  -16.065 0.6000000238
19298  16.388  -47.724  -17.012 0.6000000238
18411  16.060  -48.505  -17.605 0.6999999881
19328  16.798  -47.789  -18.006 0.6999999881
194648  17.177  -48.331  -18.375 0.6999999881
192153  17.816  -47.804  -19.372 0.6999999881
21088  23.671  -45.951  -16.736 0.4000000060
21125  22.534  -46.630  -18.430 0.5000000000
20258  21.318  -47.031  -19.173 0.6000000238
19338  20.153  -47.821  -19.316 0.6000000238
19339  19.140  -47.861  -19.709 0.6999999881
187764  18.084  -48.748  -11.109 0.5000000000
18275  19.181  -48.737  -11.188 0.5000000000
19203  20.765  -47.815  -11.735 0.6000000238
17420  18.965  -49.405  -11.002 0.5000000000
20140  20.663  -46.673  -12.817 0.6999999881
18281  20.525  -48.450  -11.709 0.5000000000
17426  20.566  -49.060  -11.853 0.6000000238
20141  19.995  -46.404  -13.424 0.6999999881
19223  20.373  -47.149  -13.421 0.6999999881
21028  19.118  -46.242  -14.223 0.6999999881
20172  18.061  -47.114  -15.327 0.6999999881
19297  16.886  -47.695  -16.413 0.6000000238
200801  16.786  -47.310  -16.827 0.6000000238
21146  17.593  -47.286  -19.318 0.6999999881
190722  18.069  -47.483  -19.983 0.6999999881
19357  18.373  -47.604  -20.565 0.6999999881
19355  19.681  -47.470  -20.034 0.6000000238
20272  19.171  -47.242  -20.785 0.6000000238
201994  19.124  -46.650  -10.631 0.5000000000
18278  17.233  -48.178  -11.373 0.4000000060
20101  20.258  -47.051  -11.023 0.5000000000
179477  18.650  -47.109  -10.816 0.5000000000
192830  19.399  -48.030  -11.157 0.5000000000
20984  20.738  -46.157  -11.498 0.6000000238
20115  20.660  -47.005  -11.462 0.6000000238
21901  20.517  -45.494  -13.158 0.6999999881
21015  20.718  -46.006  -12.604 0.6000000238
21902  19.844  -45.526  -13.477 0.6999999881
21044  19.198  -45.749  -14.390 0.6999999881
199866  18.515  -46.755  -14.959 0.6999999881
20198  17.824  -46.719  -15.972 0.6999999881
19273  17.470  -47.331  -15.913 0.6999999881
20235  17.174  -46.952  -17.074 0.6999999881
191786  17.500  -47.004  -18.483 0.6999999881
200251  17.888  -46.995  -19.820 0.8000000119
19373  18.284  -47.395  -21.066 0.6999999881
21156  21.732  -46.392  -20.159 0.5000000000
20271  20.109  -46.946  -20.325 0.6000000238
20282  18.740  -47.094  -21.323 0.6000000238
20103  18.440  -46.490  -10.595 0.4000000060
20970  20.616  -45.659  -11.012 0.6000000238
181630  20.305  -46.366  -10.950 0.6000000238
20983  21.008  -45.493  -11.702 0.6000000238
21900  21.283  -45.209  -12.983 0.6000000238
21921  20.878  -45.077  -13.592 0.6000000238
22889  20.513  -44.709  -14.866 0.6999999881
21923  19.641  -45.438  -14.022 0.6999999881
21939  19.004  -45.579  -15.042 0.6999999881
21045  18.775  -46.191  -14.834 0.6999999881
21958  18.989  -45.477  -15.725 0.8000000119
21089  18.629  -45.855  -16.169 0.8000000119
21108  18.576  -45.864  -17.770 0.6000000238
21127  17.956  -46.403  -18.173 0.6000000238
21158  18.369  -46.425  -20.728 0.8000000119
21169  18.370  -46.795  -21.216 0.6999999881
189034  22.214  -46.261  -19.825 0.5000000000
21157  21.254  -46.362  -20.609 0.6000000238
20293  19.255  -46.529  -21.536 0.6999999881
21155  22.463  -45.927  -20.440 0.6000000238
21852  19.733  -45.076  -10.728 0.5000000000
21854  18.148  -45.066  -10.649 0.4000000060
196243  17.602  -44.925  -10.806 0.4000000060
21851  20.316  -45.094  -10.920 0.5000000000
20972  18.968  -45.916  -10.581 0.5000000000
182234  21.264  -45.036  -11.725 0.6000000238
22854  21.789  -44.811  -13.298 0.6000000238
22887  21.970  -44.349  -14.514 0.6000000238
22888  21.191  -44.535  -14.676 0.6999999881
22906  19.769  -44.785  -15.726 0.8000000119
22924  20.070  -44.424  -16.750 0.8000000119
209663  19.317  -44.938  -16.829 0.6000000238
22016  19.045  -45.447  -18.257 0.6000000238
22056  18.669  -45.789  -20.338 0.6999999881
22076  18.588  -45.801  -21.341 0.6999999881
22095  19.252  -44.913  -22.213 0.6999999881
21167  20.964  -46.091  -21.176 0.6000000238
22088  19.920  -45.297  -21.932 0.6000000238
23023  20.757  -44.522  -22.019 0.6000000238
22074  22.214  -45.564  -21.207 0.6000000238
23022  21.468  -44.805  -21.732 0.6000000238
23785  21.482  -43.868  -11.101 0.5000000000
22803  19.996  -44.531  -10.841 0.5000000000
22805  18.712  -44.473  -10.681 0.5000000000
22806  17.904  -44.432  -10.782 0.5000000000
22836  22.618  -44.149  -12.410 0.5000000000
22802  20.579  -44.533  -11.037 0.5000000000
22853  22.364  -44.447  -12.962 0.6000000238
21995  19.580  -44.595  -17.191 0.6999999881
22962  19.850  -44.290  -18.002 0.6000000238
22976  19.712  -44.455  -19.450 0.6000000238
22987  19.397  -44.490  -20.344 0.6000000238
23024  18.789  -44.419  -21.923 0.6999999881
23938  18.898  -43.634  -21.658 0.6000000238
23031  19.093  -44.299  -22.196 0.6000000238
22094  20.091  -44.698  -22.167 0.6999999881
22073  22.863  -45.408  -20.950 0.5000000000
23956  21.452  -44.294  -21.616 0.4000000060
23783  22.416  -43.211  -11.854 0.5000000000
24729  21.307  -42.890  -11.088 0.5000000000
24730  20.649  -42.923  -10.851 0.5000000000
24732  19.068  -42.961  -10.975 0.5000000000
24742  17.963  -42.672  -11.307 0.5000000000
25763  17.146  -42.396  -11.970 0.5000000000
24889  19.834  -42.969  -20.564 0.6000000238
24900  19.139  -42.863  -21.420 0.6000000238
208540  18.965  -43.120  -21.952 0.4000000060
24937  20.107  -43.137  -22.353 0.5000000000
24922  21.919  -43.715  -21.482 0.4000000060
23957  20.454  -43.905  -22.182 0.5000000000
24740  22.506  -42.544  -11.768 0.6000000238
25745  21.559  -42.347  -11.454 0.5000000000
25747  20.386  -42.423  -11.165 0.5000000000
25748  19.245  -42.261  -11.097 0.5000000000
25761  18.735  -41.804  -11.371 0.5000000000
25773  17.600  -41.782  -11.935 0.5000000000
25774  17.150  -41.898  -12.519 0.4000000060
25780  16.626  -42.040  -13.162 0.5000000000
25793  16.410  -41.933  -13.872 0.4000000060
26872  16.166  -41.717  -15.194 0.4000000060
25827  15.220  -42.381  -15.849 0.4000000060
25946  19.602  -42.093  -21.839 0.6000000238
25969  19.942  -41.976  -22.033 0.4000000060
197824  20.431  -42.509  -22.108 0.4000000060
195191  21.207  -42.722  -21.776 0.4000000060
25757  21.844  -41.760  -11.578 0.5000000000
25759  20.598  -41.771  -11.295 0.4000000060
198582  20.039  -41.415  -11.198 0.4000000060
26815  19.001  -41.206  -11.760 0.5000000000
27979  18.823  -40.540  -12.661 0.4000000060
27980  18.261  -40.944  -12.569 0.5000000000
27986  18.339  -40.544  -13.227 0.4000000060
27996  18.006  -40.458  -13.854 0.5000000000
183254  17.663  -40.952  -13.658 0.5000000000
28015  17.815  -40.180  -14.524 0.3000000119
26871  16.548  -41.282  -14.858 0.3000000119
26899  16.209  -41.044  -16.012 0.3000000119
28138  20.781  -40.789  -22.148 0.4000000060
26811  22.698  -41.078  -11.656 0.5000000000
26813  21.216  -41.269  -11.502 0.5000000000
27967  20.841  -40.610  -11.528 0.4000000060
27976  23.975  -40.581  -12.105 0.4000000060
27964  23.036  -40.286  -11.657 0.4000000060
27965  22.247  -40.357  -11.639 0.4000000060
30206  22.162  -39.120  -11.838 0.4000000060
29059  24.195  -39.835  -12.013 0.4000000060
29046  23.462  -39.553  -11.758 0.4000000060
29047  22.653  -39.660  -11.660 0.4000000060
30228  25.185  -38.837  -12.551 0.4000000060
30204  22.930  -39.004  -11.813 0.4000000060
30232  22.033  -38.531  -12.238 0.4000000060
31475  21.594  -38.471  -12.618 0.4000000060
208880  23.568  -38.886  -11.888 0.4000000060
30256  25.634  -39.126  -13.112 0.3000000119
31473  23.786  -37.758  -12.347 0.4000000060
30231  22.468  -37.950  -12.372 0.4000000060
31490  21.443  -38.000  -13.061 0.4000000060
31489  25.678  -38.383  -12.879 0.4000000060
31506  21.084  -37.793  -13.643 0.4000000060
32687  21.079  -37.334  -14.004 0.4000000060
32686  26.434  -37.350  -13.579 0.3000000119
32656  25.036  -37.397  -12.566 0.4000000060
32657  24.269  -37.131  -12.534 0.4000000060
32658  23.594  -37.167  -12.542 0.4000000060
32659  22.582  -37.338  -12.702 0.4000000060
32674  22.298  -36.902  -13.084 0.4000000060
33929  23.433  -36.222  -13.184 0.3000000119
23915  20.097  -43.924  -19.266 0.6000000238
22837  22.178  -44.446  -12.213 0.5000000000
25923  19.337  -42.247  -21.589 0.6000000238
200414  20.195  -41.898  -22.086 0.4000000060
16643  17.788  -50.342  -15.190 0.6000000238
18428  17.126  -48.004  -18.491 0.6999999881
20273  17.957  -47.292  -20.176 0.6999999881
21144  22.394  -46.424  -19.132 0.5000000000
20245  21.636  -47.406  -18.583 0.5000000000
20270  21.063  -46.732  -19.985 0.6000000238
186700  18.826  -47.700  -11.112 0.5000000000
21068  18.305  -46.262  -15.904 0.6999999881
20281  19.635  -46.764  -21.090 0.6000000238
21002  20.933  -45.946  -12.034 0.6000000238
20234  17.722  -46.586  -17.004 0.6999999881
21145  18.247  -46.388  -19.801 0.8000000119
20294  18.686  -46.721  -21.362 0.6999999881
193119  18.249  -45.786  -10.590 0.4000000060
21996  19.078  -45.239  -17.308 0.6000000238
21126  18.464  -46.073  -18.715 0.6000000238
190754  18.667  -45.251  -21.799 0.6999999881
21180  18.744  -45.951  -21.498 0.6999999881
22072  23.377  -45.234  -20.772 0.5000000000
22053  23.489  -45.293  -19.904 0.5000000000
192401  19.237  -45.563  -22.089 0.6999999881
21177  20.509  -45.737  -21.578 0.6000000238
22037  19.501  -44.886  -18.751 0.6999999881
22055  19.273  -45.118  -19.813 0.6999999881
22988  18.900  -45.127  -20.861 0.6999999881
23030  19.549  -44.206  -22.398 0.6000000238
22086  21.848  -45.107  -21.543 0.6000000238
23021  22.249  -44.798  -21.667 0.6000000238
187328  19.792  -43.998  -10.760 0.5000000000
192626  19.519  -43.493  -10.830 0.5000000000
23770  18.178  -43.807  -10.857 0.4000000060
23925  19.380  -43.675  -20.789 0.6000000238
23958  19.018  -43.684  -22.135 0.6000000238
25811  15.380  -42.591  -15.216 0.3000000119
202960  19.909  -42.465  -22.146 0.5000000000
25944  21.455  -42.033  -21.571 0.4000000060
26825  18.718  -40.941  -12.223 0.5000000000
26852  16.642  -41.397  -14.208 0.4000000060
25840  15.505  -41.861  -16.140 0.4000000060
31471  25.151  -38.121  -12.480 0.4000000060
31472  24.518  -37.914  -12.326 0.4000000060
14192  28.853  -52.561  -21.737 0.3000000119
15024  28.300  -51.633  -21.651 0.3000000119
14943  22.359  -51.212  -16.630 0.4000000060
15824  24.271  -50.847  -17.335 0.4000000060
14978  23.447  -51.538  -18.286 0.4000000060
205095  24.669  -51.211  -18.614 0.4000000060
176350  22.396  -50.006  -16.112 0.4000000060
14944  21.065  -51.352  -16.433 0.4000000060
184696  20.521  -50.526  -16.625 0.4000000060
16674  19.799  -50.483  -16.894 0.5000000000
15811  18.530  -51.119  -17.410 0.5000000000
15828  17.571  -50.828  -17.644 0.5000000000
16669  24.216  -49.988  -16.321 0.4000000060
202988  23.423  -50.737  -16.651 0.5000000000
178901  21.644  -51.334  -16.438 0.5000000000
14966  16.731  -51.079  -18.161 0.5000000000
16668  24.942  -49.853  -16.558 0.5000000000
15804  23.970  -50.574  -16.745 0.5000000000
16686  25.196  -50.128  -17.212 0.5000000000
15823  24.888  -50.674  -17.559 0.4000000060
15839  25.069  -50.890  -18.254 0.4000000060
15852  25.077  -50.918  -19.201 0.4000000060
15860  25.565  -50.651  -19.738 0.4000000060
15871  25.165  -50.551  -21.194 0.3000000119
15892  25.415  -50.392  -21.963 0.4000000060
19271  23.502  -47.987  -15.868 0.4000000060
18369  22.447  -48.684  -16.418 0.4000000060
18370  21.769  -48.814  -16.698 0.4000000060
18347  23.589  -48.489  -15.749 0.4000000060
16670  22.818  -49.486  -16.005 0.4000000060
17505  22.728  -48.993  -16.144 0.4000000060
16672  21.003  -50.013  -16.600 0.4000000060
16673  20.274  -49.872  -16.954 0.5000000000
15827  19.070  -50.486  -17.253 0.5000000000
17487  24.583  -48.899  -15.862 0.4000000060
16655  23.534  -49.613  -15.968 0.4000000060
15806  22.834  -50.583  -16.376 0.4000000060
16688  19.835  -49.452  -17.500 0.5000000000
201286  18.865  -49.989  -17.497 0.5000000000
15829  16.930  -50.493  -17.938 0.5000000000
16703  16.484  -49.944  -18.019 0.6000000238
16702  17.219  -49.483  -17.939 0.6000000238
15843  15.864  -50.327  -17.979 0.6000000238
18426  18.065  -48.193  -18.998 0.6000000238
18409  17.808  -48.597  -18.426 0.6000000238
16692  15.502  -50.196  -17.535 0.5000000000
15851  25.809  -50.563  -19.088 0.4000000060
17510  15.611  -49.440  -16.868 0.5000000000
15859  26.107  -50.297  -19.798 0.4000000060
16721  26.151  -50.185  -20.767 0.4000000060
203167  25.629  -50.241  -21.335 0.4000000060
19311  22.066  -47.849  -17.353 0.4000000060
19312  21.531  -48.130  -17.654 0.5000000000
18405  20.825  -48.420  -17.881 0.5000000000
18406  20.160  -48.459  -18.305 0.5000000000
17525  18.198  -49.638  -17.716 0.5000000000
19327  19.776  -48.275  -18.933 0.5000000000
17537  17.771  -49.106  -18.048 0.6000000238
18425  18.882  -48.314  -19.064 0.6000000238
18408  18.640  -48.657  -18.560 0.6000000238
14206  28.390  -52.963  -21.881 0.3000000119
15889  29.219  -50.706  -21.581 0.3000000119
17583  28.551  -49.117  -22.598 0.3000000119
19270  24.035  -47.593  -15.783 0.4000000060
19294  23.575  -47.446  -16.175 0.4000000060
20218  23.140  -47.216  -16.672 0.4000000060
19296  22.336  -48.204  -16.787 0.4000000060
20233  22.349  -47.327  -17.624 0.4000000060
19325  21.239  -47.875  -18.256 0.5000000000
20244  22.158  -47.117  -18.206 0.4000000060
19326  20.527  -48.066  -18.573 0.5000000000
184789  16.392  -49.300  -17.994 0.6000000238
17527  15.473  -49.505  -17.439 0.5000000000
20232  22.841  -46.980  -17.334 0.4000000060
16671  21.693  -50.005  -16.322 0.4000000060
195567  15.886  -50.976  -18.138 0.5000000000
17584  27.783  -49.406  -22.477 0.3000000119
19295  22.965  -47.876  -16.395 0.4000000060
18389  21.291  -48.599  -17.253 0.5000000000
17535  19.394  -49.133  -18.025 0.5000000000
209736  19.041  -48.909  -18.306 0.6000000238
36602  21.250  -35.241  -20.908 0.3000000119
15727  20.171  -50.522  -12.699 0.6000000238
15728  19.737  -51.117  -12.368 0.5000000000
15747  19.743  -50.966  -13.180 0.6000000238
15782  17.359  -50.977  -15.382 0.6000000238
15805  23.512  -50.269  -16.347 0.5000000000
15807  22.028  -50.639  -16.333 0.4000000060
15808  21.251  -50.715  -16.423 0.4000000060
15809  20.691  -51.074  -16.466 0.4000000060
15825  23.652  -50.988  -17.140 0.5000000000
15838  25.527  -50.655  -18.532 0.4000000060
15840  24.516  -51.092  -17.983 0.4000000060
15841  23.903  -51.273  -17.782 0.4000000060
15842  16.367  -50.566  -18.063 0.5000000000
15844  15.450  -50.860  -17.749 0.6000000238
15853  24.125  -51.424  -18.499 0.4000000060
15870  25.630  -50.488  -20.500 0.3000000119
16588  19.921  -50.062  -11.384 0.6000000238
16600  20.404  -50.049  -12.313 0.5000000000
16628  20.220  -49.621  -13.723 0.6000000238
16629  19.646  -49.898  -14.140 0.6000000238
16656  17.481  -49.673  -15.349 0.6000000238
16676  15.429  -50.075  -17.050 0.5000000000
16687  24.614  -50.388  -16.916 0.5000000000
16689  19.500  -49.964  -17.288 0.5000000000
16690  18.332  -50.380  -17.578 0.5000000000
16691  17.467  -50.131  -17.770 0.6000000238
16701  25.425  -50.416  -17.894 0.4000000060
16704  15.814  -49.678  -17.921 0.5000000000
16705  15.664  -50.065  -17.766 0.5000000000
16732  26.048  -50.086  -21.837 0.4000000060
16748  27.324  -49.894  -22.652 0.3000000119
17419  19.724  -49.313  -11.205 0.5000000000
17427  20.233  -49.446  -11.484 0.6000000238
17435  20.668  -49.533  -12.361 0.6999999881
17464  20.256  -48.955  -13.816 0.6999999881
17488  23.864  -48.993  -15.732 0.4000000060
17489  23.244  -49.017  -15.878 0.4000000060
17492  16.469  -49.166  -16.055 0.6000000238
17504  24.179  -49.439  -15.912 0.4000000060
17506  22.151  -49.341  -16.243 0.4000000060
17507  21.410  -49.457  -16.533 0.4000000060
17508  20.855  -49.542  -16.828 0.5000000000
17509  15.997  -49.094  -16.546 0.6000000238
17521  25.511  -49.520  -16.873 0.5000000000
17522  21.116  -49.109  -16.965 0.4000000060
17523  20.494  -49.275  -17.211 0.5000000000
17524  19.089  -49.549  -17.708 0.5000000000
17526  15.905  -48.843  -17.131 0.5000000000
17536  18.582  -49.103  -18.140 0.6000000238
17538  17.005  -48.832  -18.138 0.6000000238
17539  15.793  -49.166  -17.731 0.5000000000
17540  15.568  -49.653  -17.742 0.5000000000
18274  20.203  -48.120  -11.338 0.6000000238
18276  18.582  -48.281  -11.287 0.5000000000
18277  17.860  -48.193  -11.318 0.5000000000
18282  20.183  -48.841  -11.477 0.6000000238
18302  20.581  -48.584  -13.279 0.6999999881
18317  20.136  -48.309  -13.840 0.6999999881
18318  19.453  -48.102  -14.212 0.6999999881
18331  18.359  -48.460  -15.140 0.5000000000
18346  24.156  -48.381  -15.620 0.4000000060
18348  23.005  -48.465  -16.102 0.4000000060
18371  16.249  -48.200  -16.667 0.6000000238
18388  21.783  -48.319  -17.120 0.4000000060
18390  20.155  -48.903  -17.831 0.5000000000
18391  16.066  -48.192  -17.220 0.6999999881
18407  19.461  -48.689  -18.439 0.6000000238
18410  16.571  -48.289  -18.053 0.6999999881
18427  17.480  -48.086  -18.854 0.6999999881
19193  20.418  -47.509  -11.296 0.5000000000
19194  19.939  -47.472  -10.998 0.5000000000
19195  19.303  -47.288  -10.877 0.5000000000
19196  18.245  -47.664  -11.220 0.5000000000
19197  17.613  -47.593  -11.285 0.4000000060
19214  21.007  -47.851  -12.310 0.6999999881
19236  20.520  -47.906  -13.349 0.6999999881
19248  18.607  -47.284  -14.762 0.6999999881
19249  18.295  -47.722  -15.030 0.6999999881
19310  22.634  -47.585  -17.042 0.4000000060
19313  16.721  -47.469  -17.417 0.6000000238
19314  16.230  -47.891  -17.620 0.6000000238
19324  21.845  -47.636  -17.964 0.4000000060
19337  20.897  -47.520  -18.865 0.5000000000
19340  18.331  -47.853  -19.635 0.6999999881
19341  17.619  -47.643  -19.269 0.6999999881
19356  18.921  -47.569  -20.450 0.6000000238
19358  18.145  -47.420  -20.730 0.6999999881
19372  18.440  -47.455  -21.128 0.6000000238
20102  19.782  -46.839  -10.800 0.6000000238
20104  17.354  -46.962  -11.187 0.4000000060
20132  20.856  -46.535  -12.045 0.6000000238
20153  19.539  -46.766  -13.930 0.6999999881
20154  18.879  -46.762  -14.442 0.6999999881
20196  24.076  -47.012  -16.051 0.4000000060
20197  18.368  -46.500  -15.428 0.6999999881
20217  23.626  -46.932  -16.408 0.4000000060
20219  17.583  -46.710  -16.565 0.6999999881
20220  17.237  -47.070  -16.429 0.6999999881
20246  17.576  -46.719  -17.654 0.6999999881
20247  17.124  -47.240  -17.896 0.6000000238
20257  22.002  -46.882  -18.826 0.5000000000
20259  20.536  -47.199  -19.557 0.6000000238
20260  17.297  -47.578  -18.597 0.6999999881
20269  21.825  -46.658  -19.503 0.4000000060
20280  20.560  -46.543  -20.844 0.6000000238
20283  18.341  -47.304  -21.289 0.6999999881
20284  18.142  -47.334  -21.021 0.6999999881
20965  19.477  -45.557  -10.605 0.5000000000
20971  19.659  -46.171  -10.628 0.5000000000
20973  17.697  -46.296  -10.864 0.4000000060
21016  20.150  -45.923  -13.217 0.6999999881
21027  19.577  -45.929  -13.773 0.6999999881
21067  18.680  -45.986  -15.519 0.8000000119
21090  18.079  -46.281  -16.517 0.6999999881
21109  18.068  -46.239  -17.324 0.6999999881
21143  22.736  -46.016  -19.601 0.5000000000
21159  18.051  -46.960  -20.562 0.8000000119
21166  21.769  -46.035  -20.824 0.6000000238
21168  20.123  -46.356  -21.468 0.6000000238
21178  19.624  -45.942  -21.760 0.6999999881
21179  19.084  -46.154  -21.709 0.6999999881
21846  19.188  -45.052  -10.617 0.5000000000
21850  20.824  -45.039  -11.317 0.5000000000
21853  18.735  -45.285  -10.611 0.4000000060
21856  17.035  -45.193  -11.019 0.4000000060
21884  21.830  -44.877  -12.614 0.6000000238
21885  21.375  -45.192  -12.236 0.6000000238
21886  21.020  -45.575  -12.458 0.6000000238
21922  20.172  -45.229  -13.760 0.6999999881
21937  20.054  -45.078  -14.436 0.6999999881
21938  19.495  -45.308  -14.698 0.8000000119
21957  19.361  -45.103  -15.933 0.8000000119
21974  19.069  -45.297  -16.460 0.8000000119
22015  19.378  -44.829  -17.865 0.6999999881
22038  18.952  -45.660  -19.258 0.6999999881
22054  23.059  -45.651  -20.184 0.5000000000
22075  21.425  -45.657  -21.465 0.6000000238
22084  23.328  -45.018  -21.478 0.5000000000
22087  20.905  -45.121  -21.804 0.6000000238
22089  18.909  -45.418  -21.965 0.6999999881
22090  18.807  -44.888  -22.013 0.6999999881
22804  19.424  -44.532  -10.736 0.5000000000
22807  17.246  -44.497  -10.990 0.5000000000
22822  21.897  -44.231  -11.588 0.5000000000
22823  21.269  -44.539  -11.365 0.5000000000
22838  21.700  -44.792  -11.943 0.5000000000
22852  22.852  -43.980  -12.861 0.5000000000
22873  22.304  -44.429  -13.781 0.6999999881
22874  21.438  -44.738  -13.945 0.6000000238
22875  20.663  -44.849  -14.190 0.6999999881
22890  19.917  -44.927  -15.087 0.8000000119
22925  19.599  -44.762  -16.424 0.8000000119
22943  20.178  -44.165  -17.276 0.8000000119
23004  18.951  -44.386  -21.292 0.6000000238
23029  20.108  -44.192  -22.374 0.6999999881
23766  21.568  -43.299  -11.060 0.5000000000
23767  20.923  -43.461  -10.816 0.5000000000
23768  20.213  -43.439  -10.750 0.5000000000
23769  18.855  -43.659  -10.864 0.4000000060
23784  21.993  -43.588  -11.400 0.5000000000
23796  22.440  -43.949  -11.858 0.5000000000
23818  22.844  -43.934  -13.874 0.6999999881
23835  22.422  -43.841  -14.999 0.6999999881
23850  22.021  -43.677  -15.656 0.8000000119
23851  21.407  -43.971  -15.813 0.8000000119
23852  20.781  -44.204  -15.982 0.8000000119
23865  21.181  -43.765  -16.411 0.8000000119
23883  20.593  -43.786  -17.261 0.8000000119
23924  20.084  -43.512  -19.920 0.6000000238
23963  19.767  -43.693  -22.498 0.6000000238
23964  19.290  -43.644  -22.442 0.5000000000
24731  19.851  -42.798  -10.962 0.5000000000
24733  18.401  -43.162  -11.055 0.5000000000
24741  21.944  -42.841  -11.397 0.6000000238
24743  17.398  -42.889  -11.580 0.5000000000
24750  23.546  -42.455  -12.563 0.6000000238
24772  23.641  -42.708  -13.877 0.5000000000
24773  23.243  -43.348  -13.862 0.6999999881
24787  22.971  -43.261  -15.116 0.6000000238
24788  15.479  -42.671  -14.515 0.3000000119
24802  22.265  -43.063  -16.088 0.8000000119
24888  20.407  -42.902  -19.815 0.6999999881
24923  20.873  -43.382  -21.918 0.5000000000
24938  19.544  -43.074  -22.403 0.5000000000
24939  19.171  -43.072  -22.292 0.4000000060
25746  20.966  -42.386  -11.278 0.5000000000
25749  18.542  -42.434  -11.084 0.5000000000
25756  22.590  -41.852  -11.655 0.5000000000
25758  21.233  -41.914  -11.453 0.4000000060
25760  19.438  -41.563  -11.285 0.4000000060
25762  18.082  -42.024  -11.466 0.5000000000
25771  23.619  -41.843  -12.272 0.6000000238
25791  24.149  -41.812  -13.288 0.6000000238
25808  23.313  -42.594  -15.194 0.5000000000
25809  16.283  -41.821  -14.531 0.4000000060
25810  15.865  -42.231  -14.871 0.3000000119
25826  15.672  -42.051  -15.508 0.4000000060
25861  22.118  -42.054  -17.306 0.6999999881
25882  22.060  -41.862  -18.074 0.6999999881
25945  20.649  -41.893  -22.073 0.4000000060
26810  23.412  -40.825  -11.756 0.4000000060
26812  21.975  -41.106  -11.619 0.5000000000
26814  20.455  -41.114  -11.441 0.4000000060
26816  18.228  -41.356  -11.916 0.5000000000
26823  23.777  -41.225  -12.164 0.5000000000
26826  17.669  -41.316  -12.448 0.4000000060
26833  24.359  -41.325  -13.147 0.5000000000
26834  17.863  -40.985  -13.092 0.5000000000
26835  17.255  -41.392  -13.186 0.5000000000
26836  16.804  -41.574  -13.662 0.4000000060
26851  17.022  -40.981  -14.566 0.4000000060
26869  23.877  -41.189  -15.089 0.5000000000
26882  23.571  -41.252  -15.590 0.4000000060
26884  16.407  -41.157  -15.499 0.3000000119
26885  15.947  -41.510  -15.795 0.4000000060
26896  23.537  -41.075  -16.168 0.4000000060
26897  23.015  -41.360  -16.536 0.5000000000
26917  22.908  -41.187  -17.227 0.6000000238
26918  22.434  -41.499  -17.624 0.6000000238
26944  21.895  -41.542  -18.634 0.6000000238
26973  20.701  -41.545  -19.844 0.6000000238
26995  19.748  -41.688  -21.381 0.6999999881
27056  20.492  -41.442  -22.056 0.4000000060
27963  23.612  -40.189  -11.804 0.4000000060
27966  21.513  -40.560  -11.605 0.4000000060
27975  24.548  -40.408  -12.528 0.4000000060
27978  19.437  -40.193  -12.602 0.4000000060
27994  25.169  -40.302  -13.719 0.5000000000
27995  24.850  -40.778  -14.112 0.5000000000
27997  17.518  -40.723  -14.246 0.3000000119
28013  24.757  -40.570  -14.753 0.5000000000
28014  24.284  -40.796  -15.090 0.5000000000
28016  17.333  -40.460  -14.879 0.3000000119
28028  24.543  -40.368  -15.380 0.5000000000
28039  23.446  -40.908  -16.855 0.4000000060
28048  23.699  -40.318  -17.122 0.3000000119
28077  21.907  -40.319  -19.017 0.5000000000
28107  20.157  -40.415  -21.462 0.6000000238
28127  20.488  -40.970  -21.962 0.5000000000
28137  20.886  -40.110  -22.443 0.5000000000
29045  24.131  -39.088  -11.921 0.4000000060
29048  22.059  -39.731  -11.685 0.4000000060
29049  21.573  -39.592  -11.887 0.4000000060
29057  25.157  -39.534  -12.772 0.3000000119
29058  24.661  -39.274  -12.284 0.4000000060
29073  25.466  -39.763  -13.401 0.5000000000
29077  18.475  -40.126  -13.673 0.5000000000
29100  26.151  -39.152  -14.491 0.4000000060
29101  25.655  -39.662  -14.611 0.5000000000
29141  24.382  -39.372  -17.057 0.4000000060
29179  20.438  -39.328  -20.584 0.6000000238
30205  22.538  -38.556  -11.989 0.4000000060
30229  24.637  -38.602  -12.211 0.4000000060
30230  24.002  -38.445  -12.094 0.4000000060
30255  26.059  -38.701  -13.408 0.4000000060
30257  21.128  -38.630  -12.894 0.4000000060
30293  26.321  -38.662  -14.835 0.4000000060
30311  26.033  -38.520  -15.499 0.4000000060
30312  25.565  -38.891  -15.790 0.4000000060
30325  25.300  -38.695  -16.446 0.4000000060
30326  24.830  -39.042  -16.741 0.4000000060
30339  24.621  -38.846  -17.342 0.4000000060
30340  24.145  -39.120  -17.649 0.3000000119
30354  23.835  -38.792  -18.192 0.3000000119
30355  23.306  -39.033  -18.498 0.3000000119
30376  21.739  -38.833  -19.462 0.4000000060
30377  21.182  -38.711  -19.740 0.4000000060
30384  20.376  -39.017  -21.254 0.5000000000
30399  20.535  -38.898  -21.864 0.5000000000
31452  23.198  -38.297  -12.145 0.4000000060
31474  21.912  -38.075  -12.605 0.4000000060
31488  26.205  -37.956  -13.356 0.4000000060
31525  26.812  -37.428  -14.662 0.4000000060
31526  26.608  -38.109  -14.665 0.4000000060
31548  26.654  -37.716  -15.267 0.4000000060
31549  26.246  -37.959  -15.769 0.4000000060
31603  23.434  -38.319  -18.647 0.4000000060
31639  20.617  -37.913  -21.407 0.5000000000
32660  22.041  -37.559  -12.853 0.4000000060
32672  26.040  -37.209  -13.139 0.3000000119
32675  21.595  -37.189  -13.406 0.4000000060
32702  26.969  -36.640  -14.610 0.4000000060
32748  26.511  -37.100  -16.507 0.4000000060
32785  24.979  -37.008  -18.032 0.4000000060
32787  23.965  -37.704  -18.697 0.4000000060
32813  21.835  -37.268  -19.956 0.5000000000
32814  21.322  -37.664  -20.198 0.5000000000
32826  20.972  -37.460  -20.661 0.5000000000
32853  20.903  -37.251  -22.089 0.5000000000
33913  23.070  -36.839  -12.850 0.4000000060
33996  26.978  -36.021  -16.195 0.3000000119
33997  26.632  -36.500  -16.720 0.3000000119
34027  26.239  -36.119  -17.344 0.3000000119
34049  25.814  -36.009  -17.963 0.4000000060
34050  25.316  -36.453  -18.124 0.4000000060
34051  24.647  -36.646  -18.440 0.4000000060
34160  21.006  -36.680  -22.554 0.4000000060
34161  20.612  -36.853  -22.106 0.4000000060
35342  25.188  -35.309  -18.693 0.4000000060
35343  24.505  -35.508  -18.959 0.3000000119
36558  25.665  -34.758  -18.488 0.3000000119
36599  24.137  -34.524  -19.548 0.3000000119
37881  24.353  -33.988  -19.525 0.3000000119
40286  23.143  -32.420  -20.321 0.4000000060
40305  20.016  -32.666  -22.467 0.3000000119
41511  21.239  -31.905  -21.050 0.4000000060
176231  23.105  -37.542  -12.465 0.4000000060
177387  18.638  -44.847  -21.698 0.6999999881
177766  20.768  -48.848  -17.391 0.5000000000
177959  20.951  -48.181  -12.742 0.6999999881
178584  18.553  -45.751  -16.910 0.6000000238
178650  23.877  -46.427  -16.339 0.4000000060
178792  17.164  -41.187  -13.933 0.5000000000
178892  20.552  -35.200  -21.706 0.4000000060
179061  20.144  -45.692  -10.668 0.6000000238
179464  15.960  -49.465  -16.344 0.6000000238
179603  20.218  -41.067  -20.665 0.6999999881
179621  19.770  -41.030  -11.696 0.5000000000
181830  17.608  -42.306  -11.608 0.5000000000
182656  19.389  -45.174  -15.344 0.6999999881
182734  17.299  -47.914  -15.922 0.6000000238
183343  20.740  -37.868  -20.861 0.6000000238
183688  14.926  -42.679  -16.214 0.4000000060
184003  19.583  -42.517  -22.053 0.4000000060
184669  21.006  -47.274  -12.149 0.6999999881
184858  25.650  -37.651  -12.766 0.4000000060
185060  20.894  -44.082  -10.968 0.5000000000
185167  20.183  -44.452  -16.169 0.8000000119
185346  20.368  -43.980  -10.806 0.5000000000
185366  20.493  -39.474  -22.011 0.5000000000
187120  21.142  -42.967  -17.877 0.6999999881
187418  20.095  -51.058  -16.614 0.4000000060
188144  20.835  -48.368  -12.130 0.6999999881
189209  19.253  -44.037  -10.797 0.5000000000
189345  23.634  -36.653  -18.997 0.4000000060
190156  24.753  -40.825  -13.282 0.5000000000
190630  23.012  -49.981  -16.148 0.4000000060
191074  19.899  -44.262  -18.760 0.6000000238
192556  22.097  -42.263  -11.576 0.5000000000
194173  19.223  -42.615  -21.879 0.6000000238
194835  23.824  -42.383  -13.253 0.5000000000
196718  23.111  -43.518  -12.781 0.6999999881
197230  19.905  -41.972  -11.119 0.5000000000
198577  17.870  -46.719  -19.074 0.6999999881
199577  28.142  -52.220  -21.649 0.3000000119
199668  22.587  -46.886  -17.883 0.4000000060
201773  19.732  -48.601  -11.263 0.5000000000
204954  19.791  -44.024  -19.930 0.6000000238
205722  21.895  -43.003  -16.525 0.6999999881
205931  25.232  -38.069  -17.280 0.4000000060
206258  24.741  -39.861  -12.490 0.4000000060
207133  21.340  -44.962  -13.465 0.6000000238
207669  19.095  -45.441  -10.623 0.5000000000
209005  18.690  -44.893  -21.900 0.6999999881
209904  22.697  -48.303  -16.431 0.4000000060
209992  22.295  -41.464  -11.603 0.5000000000
210534  23.908  -48.051  -15.613 0.4000000060
210651  20.310  -40.704  -11.696 0.4000000060
210774  20.589  -38.159  -21.725 0.5000000000
211224  22.285  -38.209  -19.313 0.4000000060
211255  22.066  -46.161  -20.290 0.6000000238
211473  17.973  -40.745  -13.472 0.4000000060
