#!ascii label  , from subject sub-01_ses-010 vox2ras=TkReg
898
202070  -31.091  -52.198  52.104 0.0000000000
198362  -41.208  -40.067  45.736 0.0000000000
78011  -46.556  -34.152  44.160 0.0000000000
74021  -55.061  -35.841  42.816 0.0000000000
62582  -41.271  -43.803  44.025 0.0000000000
72599  -51.224  -37.378  43.138 0.0000000000
87108  -55.107  -28.016  37.651 0.0000000000
95951  -56.664  -23.197  38.185 0.0000000000
68819  -43.840  -39.996  47.656 0.0000000000
228995  -45.920  -36.154  48.421 0.0000000000
73913  -42.807  -35.464  45.743 0.0000000000
57250  -32.455  -47.214  54.767 0.0000000000
61296  -36.699  -45.750  52.995 0.0000000000
60037  -38.643  -46.086  48.778 0.0000000000
56155  -38.303  -49.051  46.866 0.0000000000
52658  -40.191  -51.361  44.530 0.0000000000
56173  -43.939  -49.019  46.025 0.0000000000
202608  -43.708  -44.397  45.873 0.0000000000
69946  -49.514  -38.894  44.997 0.0000000000
99723  -56.690  -20.109  38.519 0.0000000000
67731  -42.831  -40.626  47.975 0.0000000000
71163  -43.480  -37.962  48.564 0.0000000000
71204  -41.933  -37.629  45.424 0.0000000000
58580  -32.426  -46.812  53.905 0.0000000000
233988  -34.028  -46.990  53.755 0.0000000000
54974  -40.418  -49.701  43.867 0.0000000000
52649  -41.695  -51.785  45.732 0.0000000000
56190  -41.830  -48.669  44.839 0.0000000000
65828  -41.288  -42.015  45.196 0.0000000000
195946  -42.628  -43.939  45.985 0.0000000000
65808  -42.724  -42.169  47.174 0.0000000000
65820  -43.636  -42.267  46.689 0.0000000000
77939  -46.782  -34.480  47.861 0.0000000000
72518  -48.340  -37.013  46.747 0.0000000000
73898  -49.351  -36.121  46.475 0.0000000000
225646  -52.621  -37.213  42.432 0.0000000000
69960  -52.028  -38.327  43.081 0.0000000000
211356  -54.312  -37.920  42.025 0.0000000000
72638  -56.106  -36.769  41.251 0.0000000000
227906  -56.521  -28.385  39.697 0.0000000000
84687  -55.889  -30.227  39.646 0.0000000000
60163  -41.173  -46.042  43.162 0.0000000000
74046  -52.784  -36.682  39.609 0.0000000000
230886  -55.899  -25.715  38.235 0.0000000000
91058  -57.256  -26.625  39.685 0.0000000000
95952  -59.698  -22.837  38.065 0.0000000000
69936  -43.503  -38.905  45.533 0.0000000000
71164  -44.601  -38.283  48.676 0.0000000000
75178  -44.316  -35.721  47.874 0.0000000000
54789  -32.103  -49.119  54.180 0.0000000000
58620  -37.014  -46.580  51.648 0.0000000000
62494  -37.059  -44.983  50.616 0.0000000000
60036  -37.872  -46.427  49.142 0.0000000000
57349  -37.780  -48.001  47.999 0.0000000000
54911  -37.418  -49.622  47.038 0.0000000000
53742  -37.578  -50.100  46.059 0.0000000000
53762  -38.185  -50.444  45.290 0.0000000000
51595  -40.251  -52.119  43.788 0.0000000000
58732  -42.703  -46.681  45.656 0.0000000000
60093  -44.002  -46.214  45.979 0.0000000000
60148  -44.017  -45.761  44.227 0.0000000000
196261  -43.485  -43.280  44.289 0.0000000000
67755  -43.295  -40.909  45.111 0.0000000000
71219  -50.551  -38.084  44.694 0.0000000000
80750  -55.343  -32.751  39.391 0.0000000000
76764  -56.101  -34.474  41.484 0.0000000000
226157  -30.955  -50.359  53.859 0.0000000000
67738  -42.225  -40.467  47.396 0.0000000000
227564  -42.153  -39.295  47.270 0.0000000000
69928  -41.714  -38.840  46.064 0.0000000000
54992  -40.550  -48.899  43.390 0.0000000000
54975  -41.202  -49.386  44.386 0.0000000000
56206  -41.164  -48.298  43.786 0.0000000000
199657  -41.167  -40.908  45.594 0.0000000000
65818  -41.695  -41.972  45.964 0.0000000000
66777  -41.629  -41.308  46.249 0.0000000000
222362  -42.701  -41.506  47.479 0.0000000000
76648  -48.169  -35.095  47.342 0.0000000000
76684  -48.010  -34.682  45.802 0.0000000000
74001  -53.963  -36.484  42.976 0.0000000000
72602  -53.510  -37.252  43.089 0.0000000000
227973  -54.702  -36.747  43.109 0.0000000000
71268  -54.907  -37.728  41.604 0.0000000000
72621  -55.500  -36.589  42.595 0.0000000000
85901  -57.248  -28.482  39.412 0.0000000000
85900  -57.012  -29.053  39.313 0.0000000000
84705  -57.231  -30.022  38.295 0.0000000000
94777  -54.511  -23.696  36.467 0.0000000000
93632  -56.138  -24.243  38.253 0.0000000000
92429  -56.686  -25.576  39.308 0.0000000000
93614  -57.233  -24.849  39.493 0.0000000000
92414  -57.653  -25.435  39.484 0.0000000000
95944  -57.429  -23.009  39.070 0.0000000000
98446  -57.823  -21.145  39.299 0.0000000000
204607  -43.856  -39.638  46.862 0.0000000000
71175  -44.067  -38.422  47.152 0.0000000000
69912  -44.110  -38.889  48.298 0.0000000000
73871  -43.031  -36.337  46.751 0.0000000000
72503  -43.651  -37.181  48.520 0.0000000000
73872  -43.600  -35.906  47.274 0.0000000000
76644  -43.978  -34.681  46.685 0.0000000000
76664  -43.253  -34.549  45.474 0.0000000000
53629  -32.950  -49.400  53.379 0.0000000000
56046  -33.353  -48.108  54.098 0.0000000000
59964  -35.697  -46.166  53.409 0.0000000000
62532  -37.214  -44.429  49.038 0.0000000000
62508  -37.903  -44.873  49.724 0.0000000000
60022  -37.868  -45.728  49.651 0.0000000000
58657  -38.345  -46.217  48.965 0.0000000000
58669  -37.598  -46.968  48.762 0.0000000000
58671  -38.691  -46.819  48.528 0.0000000000
54913  -38.149  -49.421  46.934 0.0000000000
54928  -37.198  -49.796  46.430 0.0000000000
54930  -37.912  -49.607  46.571 0.0000000000
53776  -38.892  -50.438  44.740 0.0000000000
53775  -38.474  -49.919  44.870 0.0000000000
53763  -38.536  -50.937  44.990 0.0000000000
52648  -38.106  -50.969  45.155 0.0000000000
52657  -38.647  -51.331  44.686 0.0000000000
51593  -39.053  -51.661  43.953 0.0000000000
51586  -40.171  -51.743  44.366 0.0000000000
53753  -42.787  -50.787  45.570 0.0000000000
52661  -42.293  -51.861  45.331 0.0000000000
53754  -43.806  -49.957  45.473 0.0000000000
56191  -44.235  -48.902  45.792 0.0000000000
61432  -41.906  -45.846  44.292 0.0000000000
61417  -42.113  -44.942  45.161 0.0000000000
62561  -43.419  -44.625  46.091 0.0000000000
61389  -43.578  -45.352  46.207 0.0000000000
232174  -44.022  -45.252  46.035 0.0000000000
60130  -44.236  -46.172  45.616 0.0000000000
62584  -44.094  -45.019  45.401 0.0000000000
63704  -43.707  -43.764  45.857 0.0000000000
66772  -43.837  -41.266  46.983 0.0000000000
66779  -43.819  -41.587  46.483 0.0000000000
213423  -43.798  -40.804  46.651 0.0000000000
67750  -43.521  -40.397  45.710 0.0000000000
58548  -31.686  -46.972  55.260 0.0000000000
56023  -31.913  -47.425  55.529 0.0000000000
56035  -31.962  -48.010  55.293 0.0000000000
72534  -45.220  -36.694  46.834 0.0000000000
73895  -46.267  -36.267  46.433 0.0000000000
71206  -48.942  -38.092  45.884 0.0000000000
73983  -50.230  -36.686  43.388 0.0000000000
73965  -50.249  -36.728  44.174 0.0000000000
72583  -50.839  -37.642  44.253 0.0000000000
68869  -52.414  -39.320  42.680 0.0000000000
68857  -51.559  -39.271  43.513 0.0000000000
82001  -55.911  -31.116  39.707 0.0000000000
82005  -55.488  -31.300  39.439 0.0000000000
79482  -56.071  -32.804  39.937 0.0000000000
78091  -55.737  -33.580  40.284 0.0000000000
79467  -56.352  -33.419  40.395 0.0000000000
76766  -56.776  -34.468  41.177 0.0000000000
98475  -55.268  -21.315  36.796 0.0000000000
97175  -56.399  -21.669  38.334 0.0000000000
99734  -55.760  -20.134  37.283 0.0000000000
101056  -55.888  -18.969  36.752 0.0000000000
67732  -43.289  -40.127  48.140 0.0000000000
68810  -43.681  -39.274  48.177 0.0000000000
69910  -42.958  -39.157  48.097 0.0000000000
71173  -42.412  -37.967  46.876 0.0000000000
72530  -42.172  -36.787  45.545 0.0000000000
58564  -32.355  -46.963  54.317 0.0000000000
57251  -33.026  -47.265  54.263 0.0000000000
61306  -35.156  -45.463  52.580 0.0000000000
53778  -40.243  -50.559  44.432 0.0000000000
52659  -40.736  -51.368  44.973 0.0000000000
53779  -40.875  -50.376  44.743 0.0000000000
54958  -41.975  -49.468  45.255 0.0000000000
56171  -42.497  -48.945  45.813 0.0000000000
221219  -40.853  -42.560  44.173 0.0000000000
62583  -41.999  -44.321  45.062 0.0000000000
64826  -42.233  -43.453  45.884 0.0000000000
64815  -42.397  -43.081  46.373 0.0000000000
63683  -43.169  -43.300  46.738 0.0000000000
206184  -43.501  -43.401  46.365 0.0000000000
65809  -43.229  -42.100  47.256 0.0000000000
66765  -43.249  -41.094  47.831 0.0000000000
58562  -31.397  -46.797  54.671 0.0000000000
75158  -46.759  -35.481  48.131 0.0000000000
73875  -46.731  -36.024  48.093 0.0000000000
73837  -47.165  -35.760  48.071 0.0000000000
73877  -48.508  -36.579  47.045 0.0000000000
71179  -49.774  -37.902  45.891 0.0000000000
72618  -52.028  -37.313  42.409 0.0000000000
72585  -51.669  -37.824  43.317 0.0000000000
202293  -52.867  -37.607  42.919 0.0000000000
69970  -53.302  -38.277  42.636 0.0000000000
87096  -55.728  -28.149  39.137 0.0000000000
85905  -55.384  -29.335  38.990 0.0000000000
234401  -56.122  -29.118  39.600 0.0000000000
83329  -56.107  -30.554  39.628 0.0000000000
68835  -40.772  -40.005  44.974 0.0000000000
67753  -40.422  -40.702  44.500 0.0000000000
200469  -48.102  -34.955  43.960 0.0000000000
74018  -50.785  -36.938  41.653 0.0000000000
231297  -51.851  -37.128  41.064 0.0000000000
72651  -53.110  -36.801  41.322 0.0000000000
74033  -54.029  -36.125  41.210 0.0000000000
89732  -55.676  -26.818  38.229 0.0000000000
88333  -56.174  -26.996  39.014 0.0000000000
89699  -57.059  -26.995  39.699 0.0000000000
215249  -57.674  -27.593  39.468 0.0000000000
95937  -57.985  -22.436  39.357 0.0000000000
214386  -58.706  -23.730  38.779 0.0000000000
71205  -43.682  -38.172  45.649 0.0000000000
71191  -44.278  -37.795  46.718 0.0000000000
72504  -44.938  -37.081  48.622 0.0000000000
227057  -44.335  -38.119  48.989 0.0000000000
72491  -44.664  -37.375  48.860 0.0000000000
75156  -45.097  -36.298  48.436 0.0000000000
75180  -45.672  -34.905  48.264 0.0000000000
77971  -45.051  -34.031  46.351 0.0000000000
71216  -41.312  -37.952  44.432 0.0000000000
72561  -41.740  -36.700  44.485 0.0000000000
76698  -42.237  -34.672  44.247 0.0000000000
52547  -31.668  -51.013  53.199 0.0000000000
53628  -32.596  -50.142  53.072 0.0000000000
58638  -36.205  -46.548  50.564 0.0000000000
61316  -34.357  -45.197  52.012 0.0000000000
62471  -35.816  -45.025  52.078 0.0000000000
61319  -36.999  -45.505  51.832 0.0000000000
207999  -37.111  -46.041  50.548 0.0000000000
57360  -36.978  -48.361  47.395 0.0000000000
56139  -36.819  -49.068  47.033 0.0000000000
56169  -37.904  -48.492  45.500 0.0000000000
56189  -38.086  -49.203  45.389 0.0000000000
56170  -38.055  -49.193  46.181 0.0000000000
53752  -37.801  -50.483  45.571 0.0000000000
52646  -37.631  -50.876  45.292 0.0000000000
51588  -41.107  -52.249  45.413 0.0000000000
58760  -41.755  -47.010  44.122 0.0000000000
58748  -42.223  -47.250  45.065 0.0000000000
227152  -43.204  -47.875  46.555 0.0000000000
61402  -42.847  -45.310  45.905 0.0000000000
60112  -43.314  -46.478  46.184 0.0000000000
57381  -44.168  -48.161  46.028 0.0000000000
57382  -44.364  -47.425  45.847 0.0000000000
58761  -43.848  -46.889  44.164 0.0000000000
64846  -43.050  -42.753  43.585 0.0000000000
64827  -43.689  -42.879  46.026 0.0000000000
65842  -43.680  -42.379  45.167 0.0000000000
227254  -43.036  -42.025  43.919 0.0000000000
67754  -42.867  -40.367  44.173 0.0000000000
53616  -31.519  -49.375  54.324 0.0000000000
75255  -49.267  -35.676  44.770 0.0000000000
73918  -49.997  -37.066  45.422 0.0000000000
69939  -50.317  -38.409  44.968 0.0000000000
69958  -51.146  -38.432  43.984 0.0000000000
69949  -50.891  -38.688  44.230 0.0000000000
68854  -50.259  -39.771  43.857 0.0000000000
75364  -54.093  -35.762  39.808 0.0000000000
231954  -54.735  -35.368  40.936 0.0000000000
83338  -54.980  -30.368  38.938 0.0000000000
82023  -54.701  -30.962  38.574 0.0000000000
79500  -55.264  -33.335  39.563 0.0000000000
78073  -55.543  -34.491  41.105 0.0000000000
75312  -55.557  -35.467  42.248 0.0000000000
235090  -56.383  -35.802  41.880 0.0000000000
50548  -30.968  -52.032  52.927 0.0000000000
68823  -41.742  -40.115  46.519 0.0000000000
68829  -41.858  -39.375  46.646 0.0000000000
68828  -41.476  -39.507  45.916 0.0000000000
56224  -40.109  -48.489  42.767 0.0000000000
56225  -40.648  -48.236  43.027 0.0000000000
57427  -40.920  -47.628  43.115 0.0000000000
67749  -40.977  -40.420  45.327 0.0000000000
67743  -41.387  -40.605  46.039 0.0000000000
66770  -41.870  -40.863  46.850 0.0000000000
220196  -46.585  -34.159  44.860 0.0000000000
77974  -47.386  -34.349  46.175 0.0000000000
77990  -47.302  -34.377  45.237 0.0000000000
74020  -54.385  -35.917  42.396 0.0000000000
72620  -54.108  -36.735  43.281 0.0000000000
203276  -54.592  -36.290  43.231 0.0000000000
227080  -55.073  -36.282  43.063 0.0000000000
85907  -57.574  -28.620  38.847 0.0000000000
84694  -57.067  -29.191  39.138 0.0000000000
95950  -56.165  -22.902  37.625 0.0000000000
94758  -56.473  -23.840  38.582 0.0000000000
93633  -56.488  -24.340  38.876 0.0000000000
209164  -56.739  -24.102  39.116 0.0000000000
94744  -57.138  -23.924  39.249 0.0000000000
94752  -56.991  -23.477  38.815 0.0000000000
69911  -44.029  -39.196  47.587 0.0000000000
222539  -43.974  -39.570  47.879 0.0000000000
73893  -42.810  -36.011  46.105 0.0000000000
75197  -43.120  -35.588  46.438 0.0000000000
75213  -43.137  -35.059  45.986 0.0000000000
75232  -42.872  -34.854  45.331 0.0000000000
56036  -32.330  -47.613  54.990 0.0000000000
56037  -32.870  -47.646  54.472 0.0000000000
61295  -36.128  -45.875  53.150 0.0000000000
59954  -35.868  -46.482  53.558 0.0000000000
62533  -38.051  -44.994  48.865 0.0000000000
62520  -38.211  -45.254  49.365 0.0000000000
62534  -38.589  -45.545  49.082 0.0000000000
216855  -38.478  -45.758  49.134 0.0000000000
57368  -38.717  -48.288  47.124 0.0000000000
56141  -38.583  -48.973  47.317 0.0000000000
53764  -38.995  -50.864  44.694 0.0000000000
220252  -39.378  -51.454  44.343 0.0000000000
51585  -39.227  -51.513  44.275 0.0000000000
54946  -43.496  -49.884  45.739 0.0000000000
53766  -43.321  -50.657  45.279 0.0000000000
54976  -44.056  -49.491  45.424 0.0000000000
54947  -44.042  -49.485  45.720 0.0000000000
228326  -41.839  -45.231  44.355 0.0000000000
61416  -41.659  -44.456  44.355 0.0000000000
212886  -43.477  -44.379  46.054 0.0000000000
62562  -43.729  -45.022  46.060 0.0000000000
62571  -43.871  -45.014  45.940 0.0000000000
197936  -43.893  -44.438  45.591 0.0000000000
67739  -43.750  -40.721  47.608 0.0000000000
67744  -43.883  -40.277  47.071 0.0000000000
213408  -43.699  -40.029  46.298 0.0000000000
200018  -32.073  -47.081  54.925 0.0000000000
58539  -31.735  -47.035  55.459 0.0000000000
57249  -31.987  -47.173  55.301 0.0000000000
73873  -45.632  -36.374  47.768 0.0000000000
73894  -45.666  -36.287  46.444 0.0000000000
73874  -46.224  -36.244  47.352 0.0000000000
69945  -49.178  -38.444  45.407 0.0000000000
69956  -49.105  -38.722  44.698 0.0000000000
69957  -49.482  -39.289  44.265 0.0000000000
73984  -50.730  -37.094  43.247 0.0000000000
73966  -50.667  -37.169  43.894 0.0000000000
211695  -51.076  -37.571  43.730 0.0000000000
196076  -54.763  -28.718  37.636 0.0000000000
80742  -56.155  -32.008  39.691 0.0000000000
197207  -43.181  -40.644  48.158 0.0000000000
68818  -43.088  -40.100  48.207 0.0000000000
71189  -41.967  -38.138  46.175 0.0000000000
69929  -42.084  -38.701  46.889 0.0000000000
72514  -42.288  -37.390  46.183 0.0000000000
59976  -34.291  -45.715  52.751 0.0000000000
54991  -39.941  -49.150  43.160 0.0000000000
54973  -39.820  -49.815  43.796 0.0000000000
64837  -41.249  -42.636  44.835 0.0000000000
63702  -41.699  -43.286  45.113 0.0000000000
194577  -42.196  -42.532  46.560 0.0000000000
64800  -42.871  -42.932  46.805 0.0000000000
64801  -43.170  -42.751  47.002 0.0000000000
66764  -42.980  -41.085  47.853 0.0000000000
67733  -43.348  -40.691  48.002 0.0000000000
58579  -31.853  -46.778  54.026 0.0000000000
58563  -31.991  -46.912  54.611 0.0000000000
76625  -46.626  -34.714  48.040 0.0000000000
75159  -47.072  -35.547  48.068 0.0000000000
76626  -47.350  -35.003  47.869 0.0000000000
76669  -48.610  -35.314  46.887 0.0000000000
75182  -48.382  -35.501  47.247 0.0000000000
73878  -48.994  -36.136  46.930 0.0000000000
72519  -49.029  -37.409  46.502 0.0000000000
73879  -49.507  -36.789  46.464 0.0000000000
216455  -52.325  -37.571  42.909 0.0000000000
196073  -52.971  -37.227  42.829 0.0000000000
71255  -53.976  -37.862  42.490 0.0000000000
71245  -53.519  -37.752  42.917 0.0000000000
69980  -53.027  -38.919  42.392 0.0000000000
88321  -55.826  -27.946  39.194 0.0000000000
87084  -55.935  -28.443  39.545 0.0000000000
223374  -56.051  -28.746  39.608 0.0000000000
82007  -56.529  -31.393  39.346 0.0000000000
229048  -40.500  -40.258  44.599 0.0000000000
72635  -51.584  -37.149  41.678 0.0000000000
72665  -52.345  -36.909  39.954 0.0000000000
74032  -53.064  -36.674  40.322 0.0000000000
230315  -53.544  -36.468  40.960 0.0000000000
74048  -53.745  -36.278  40.225 0.0000000000
217844  -55.406  -24.652  37.311 0.0000000000
92466  -55.057  -25.029  36.923 0.0000000000
91114  -55.197  -25.768  37.083 0.0000000000
91100  -55.558  -26.167  37.791 0.0000000000
89719  -55.987  -26.910  38.787 0.0000000000
91086  -55.931  -26.252  38.538 0.0000000000
91074  -57.049  -26.034  39.566 0.0000000000
91057  -57.007  -26.650  39.689 0.0000000000
89700  -57.150  -27.096  39.688 0.0000000000
89710  -57.573  -26.951  39.678 0.0000000000
88323  -58.032  -26.971  39.144 0.0000000000
91075  -57.695  -26.456  39.633 0.0000000000
93616  -57.964  -24.793  39.274 0.0000000000
98464  -56.490  -20.908  38.440 0.0000000000
206235  -57.275  -22.112  39.147 0.0000000000
97167  -57.582  -21.483  39.400 0.0000000000
97169  -58.692  -21.990  38.962 0.0000000000
95939  -58.576  -22.632  39.195 0.0000000000
196552  -43.358  -38.278  44.900 0.0000000000
69923  -44.366  -38.759  47.784 0.0000000000
71176  -44.579  -38.076  47.731 0.0000000000
72516  -44.886  -37.399  47.225 0.0000000000
71165  -44.855  -37.656  48.117 0.0000000000
69898  -43.670  -38.647  48.636 0.0000000000
69899  -44.088  -38.127  49.229 0.0000000000
71156  -44.053  -38.178  49.035 0.0000000000
73852  -43.902  -36.444  48.288 0.0000000000
73831  -43.994  -37.038  48.813 0.0000000000
73853  -44.588  -36.438  48.531 0.0000000000
73832  -44.674  -36.969  48.776 0.0000000000
75157  -45.760  -35.618  48.396 0.0000000000
76623  -44.931  -35.083  47.735 0.0000000000
77969  -43.930  -34.084  45.763 0.0000000000
77953  -44.851  -34.208  46.762 0.0000000000
53627  -31.877  -49.864  53.642 0.0000000000
52548  -32.100  -50.551  53.212 0.0000000000
224920  -32.408  -49.566  53.521 0.0000000000
54801  -33.496  -49.237  53.209 0.0000000000
58550  -33.422  -47.023  53.902 0.0000000000
57302  -36.547  -47.349  51.876 0.0000000000
58619  -36.345  -46.893  51.234 0.0000000000
58637  -35.230  -46.646  50.203 0.0000000000
62478  -34.675  -44.668  51.384 0.0000000000
61317  -35.103  -44.977  51.913 0.0000000000
62482  -36.793  -44.968  51.181 0.0000000000
234547  -37.116  -45.761  51.768 0.0000000000
61327  -36.959  -45.470  51.167 0.0000000000
60021  -37.398  -46.119  49.673 0.0000000000
60006  -37.044  -46.081  50.423 0.0000000000
60020  -36.990  -46.150  49.571 0.0000000000
60035  -36.863  -46.333  48.914 0.0000000000
58684  -38.268  -47.542  48.486 0.0000000000
58683  -37.108  -47.256  48.139 0.0000000000
58696  -36.551  -47.515  47.495 0.0000000000
56140  -37.843  -49.051  47.430 0.0000000000
56127  -38.592  -48.433  47.836 0.0000000000
54927  -36.764  -49.447  46.597 0.0000000000
53761  -36.652  -50.098  44.857 0.0000000000
52645  -37.423  -50.412  45.457 0.0000000000
226072  -38.215  -49.790  45.273 0.0000000000
54944  -37.908  -49.939  45.882 0.0000000000
51584  -38.128  -51.304  44.876 0.0000000000
52647  -37.807  -50.908  45.242 0.0000000000
52656  -37.600  -51.234  44.845 0.0000000000
51594  -39.832  -52.068  43.891 0.0000000000
51601  -39.225  -51.769  43.513 0.0000000000
51602  -39.769  -51.949  43.380 0.0000000000
52660  -41.150  -52.042  45.663 0.0000000000
51587  -40.764  -51.974  45.123 0.0000000000
51582  -41.640  -52.137  45.738 0.0000000000
58772  -41.181  -46.850  43.321 0.0000000000
60147  -41.657  -46.271  43.820 0.0000000000
60128  -42.128  -46.459  44.639 0.0000000000
212081  -42.737  -47.597  46.019 0.0000000000
63703  -42.141  -43.883  45.387 0.0000000000
62570  -42.552  -44.507  45.766 0.0000000000
60092  -43.766  -46.163  46.202 0.0000000000
61403  -43.196  -46.020  46.149 0.0000000000
58717  -44.065  -46.922  46.117 0.0000000000
58716  -43.704  -46.888  46.267 0.0000000000
58734  -44.244  -47.453  46.039 0.0000000000
58718  -44.272  -46.914  45.873 0.0000000000
60129  -44.261  -45.753  44.940 0.0000000000
209957  -44.276  -46.294  44.982 0.0000000000
63722  -43.627  -43.943  44.158 0.0000000000
64816  -43.476  -42.933  46.643 0.0000000000
66786  -43.655  -41.473  45.689 0.0000000000
65829  -43.744  -42.066  45.878 0.0000000000
66795  -43.505  -41.692  45.097 0.0000000000
65841  -43.342  -41.996  44.569 0.0000000000
198344  -42.995  -41.330  44.316 0.0000000000
68837  -43.400  -39.642  45.540 0.0000000000
68843  -43.089  -39.984  44.921 0.0000000000
69944  -43.252  -39.133  44.809 0.0000000000
54775  -31.777  -48.691  54.882 0.0000000000
53626  -31.338  -49.967  53.939 0.0000000000
73876  -47.700  -36.265  47.349 0.0000000000
73897  -47.544  -36.630  46.522 0.0000000000
72535  -48.159  -37.227  46.094 0.0000000000
75275  -48.701  -35.412  43.947 0.0000000000
76700  -48.553  -35.174  44.689 0.0000000000
73943  -50.500  -37.277  44.560 0.0000000000
73919  -50.291  -37.327  45.009 0.0000000000
72552  -50.235  -37.555  45.314 0.0000000000
71208  -50.299  -37.926  45.136 0.0000000000
72601  -52.119  -37.883  42.999 0.0000000000
71232  -51.485  -38.156  43.570 0.0000000000
202234  -51.195  -38.918  43.912 0.0000000000
68856  -51.052  -39.533  43.669 0.0000000000
68845  -50.344  -39.333  44.328 0.0000000000
67762  -50.568  -40.245  43.232 0.0000000000
204650  -54.278  -35.803  40.587 0.0000000000
215700  -54.899  -34.913  40.536 0.0000000000
84692  -55.668  -30.023  39.500 0.0000000000
84691  -55.346  -29.909  39.179 0.0000000000
235091  -55.217  -30.360  39.251 0.0000000000
218532  -55.652  -31.998  39.515 0.0000000000
82014  -55.008  -31.484  38.990 0.0000000000
200783  -55.173  -32.041  39.094 0.0000000000
82022  -54.603  -31.635  38.415 0.0000000000
80765  -54.967  -32.746  38.996 0.0000000000
220235  -54.917  -33.259  39.071 0.0000000000
78074  -55.864  -34.096  40.961 0.0000000000
78090  -55.526  -34.044  40.516 0.0000000000
202375  -55.794  -34.601  41.444 0.0000000000
76763  -55.560  -35.016  41.604 0.0000000000
76745  -55.899  -35.007  41.769 0.0000000000
75313  -56.028  -35.546  42.050 0.0000000000
76746  -56.204  -34.892  41.682 0.0000000000
69909  -42.573  -39.636  47.783 0.0000000000
68824  -42.135  -39.845  47.264 0.0000000000
227023  -41.690  -38.358  45.582 0.0000000000
66785  -41.218  -41.406  45.463 0.0000000000
65819  -42.032  -41.939  46.689 0.0000000000
66778  -42.178  -41.522  47.104 0.0000000000
66771  -42.431  -41.053  47.549 0.0000000000
77955  -46.273  -34.123  47.253 0.0000000000
77940  -47.148  -34.469  47.692 0.0000000000
77957  -47.334  -34.279  46.864 0.0000000000
76668  -48.349  -34.949  46.673 0.0000000000
76686  -48.869  -35.345  46.207 0.0000000000
72637  -53.245  -36.915  42.401 0.0000000000
72619  -53.531  -36.799  43.217 0.0000000000
71246  -54.080  -37.311  43.057 0.0000000000
71256  -54.347  -37.353  42.651 0.0000000000
71257  -54.871  -37.177  42.274 0.0000000000
72622  -56.047  -36.680  42.017 0.0000000000
87075  -57.027  -28.201  39.734 0.0000000000
209318  -56.789  -28.536  39.715 0.0000000000
85895  -57.051  -28.379  39.586 0.0000000000
93653  -55.533  -24.062  37.458 0.0000000000
213644  -55.823  -24.677  37.977 0.0000000000
92428  -56.298  -25.686  38.799 0.0000000000
225457  -56.470  -25.164  38.997 0.0000000000
92412  -56.963  -25.504  39.465 0.0000000000
92413  -57.242  -25.522  39.496 0.0000000000
210062  -57.419  -26.014  39.592 0.0000000000
93615  -57.588  -24.870  39.520 0.0000000000
213438  -57.775  -24.092  39.398 0.0000000000
101000  -57.147  -19.316  38.588 0.0000000000
98455  -57.533  -20.668  39.271 0.0000000000
99714  -57.731  -19.848  39.077 0.0000000000
233924  -58.630  -21.460  38.832 0.0000000000
97178  -59.965  -22.356  37.881 0.0000000000
68830  -43.653  -39.405  46.089 0.0000000000
69930  -43.802  -38.819  46.432 0.0000000000
72502  -43.148  -37.370  47.948 0.0000000000
73851  -43.319  -36.714  47.670 0.0000000000
231302  -43.873  -35.431  47.288 0.0000000000
76622  -44.181  -35.089  47.218 0.0000000000
75198  -43.588  -35.122  46.717 0.0000000000
76665  -43.630  -34.499  46.023 0.0000000000
77985  -43.543  -34.163  45.322 0.0000000000
54776  -32.317  -48.400  54.712 0.0000000000
206965  -32.670  -48.893  54.021 0.0000000000
54790  -33.226  -48.746  53.805 0.0000000000
58621  -37.336  -46.319  51.922 0.0000000000
61328  -37.182  -45.341  50.475 0.0000000000
61338  -37.639  -45.431  49.949 0.0000000000
58670  -38.442  -46.960  48.662 0.0000000000
57338  -38.783  -47.503  48.334 0.0000000000
54912  -38.026  -49.496  47.137 0.0000000000
54929  -37.770  -49.802  46.690 0.0000000000
54971  -38.658  -49.619  44.109 0.0000000000
51592  -38.623  -51.482  44.450 0.0000000000
50593  -40.398  -52.070  44.395 0.0000000000
228873  -42.052  -51.009  45.482 0.0000000000
52650  -42.196  -51.577  45.609 0.0000000000
52651  -42.743  -51.299  45.396 0.0000000000
52662  -43.005  -51.299  45.023 0.0000000000
217219  -43.710  -49.224  44.623 0.0000000000
56208  -44.071  -48.699  45.176 0.0000000000
196563  -41.623  -45.556  43.630 0.0000000000
228823  -42.302  -45.782  45.166 0.0000000000
62560  -43.057  -44.225  46.191 0.0000000000
61388  -43.055  -44.864  46.034 0.0000000000
61390  -43.974  -45.547  46.222 0.0000000000
61404  -44.125  -45.537  45.938 0.0000000000
61419  -44.228  -45.529  45.339 0.0000000000
61418  -44.030  -45.118  44.448 0.0000000000
62595  -43.956  -44.462  44.778 0.0000000000
63711  -43.796  -43.833  45.000 0.0000000000
225921  -43.705  -41.785  46.931 0.0000000000
214225  -43.674  -41.040  45.920 0.0000000000
58538  -31.430  -47.002  55.627 0.0000000000
56000  -31.630  -47.138  55.785 0.0000000000
72536  -48.727  -37.725  46.294 0.0000000000
71218  -48.858  -38.319  45.296 0.0000000000
75293  -49.742  -36.248  43.610 0.0000000000
75277  -49.812  -36.219  44.440 0.0000000000
72568  -50.794  -37.869  44.330 0.0000000000
69969  -52.600  -38.598  42.813 0.0000000000
69968  -52.020  -38.936  43.162 0.0000000000
83328  -56.017  -30.617  39.689 0.0000000000
205279  -55.834  -30.851  39.643 0.0000000000
82006  -55.818  -31.431  39.592 0.0000000000
225414  -55.911  -32.105  39.706 0.0000000000
226089  -55.745  -32.574  39.695 0.0000000000
79480  -55.632  -33.152  39.826 0.0000000000
79481  -55.893  -33.014  39.987 0.0000000000
79466  -56.127  -33.441  40.393 0.0000000000
78075  -56.264  -34.047  40.981 0.0000000000
76765  -56.428  -34.472  41.389 0.0000000000
97186  -55.898  -22.045  37.634 0.0000000000
205141  -56.391  -22.430  38.283 0.0000000000
98463  -55.989  -21.256  37.815 0.0000000000
99722  -56.133  -20.500  37.870 0.0000000000
217715  -55.937  -19.502  37.183 0.0000000000
101035  -56.389  -19.627  37.864 0.0000000000
101036  -57.033  -18.888  38.014 0.0000000000
204281  -43.536  -40.112  47.954 0.0000000000
68809  -43.454  -39.385  48.303 0.0000000000
69922  -42.951  -38.551  48.175 0.0000000000
69921  -42.517  -38.982  47.660 0.0000000000
215047  -42.481  -38.418  47.493 0.0000000000
71174  -42.838  -37.913  47.707 0.0000000000
72515  -42.826  -37.207  47.001 0.0000000000
72531  -42.625  -36.650  46.149 0.0000000000
73912  -42.548  -36.088  45.530 0.0000000000
58549  -32.731  -47.077  54.226 0.0000000000
59951  -34.075  -46.759  53.607 0.0000000000
59963  -34.854  -46.336  53.459 0.0000000000
61294  -35.488  -45.882  53.134 0.0000000000
61307  -36.154  -45.528  52.669 0.0000000000
57378  -38.192  -48.439  46.322 0.0000000000
54972  -39.259  -49.823  43.891 0.0000000000
53777  -39.615  -50.619  44.398 0.0000000000
53765  -41.401  -51.202  45.276 0.0000000000
202932  -41.653  -50.241  45.270 0.0000000000
54945  -42.614  -49.953  45.664 0.0000000000
56172  -43.242  -49.114  46.212 0.0000000000
214985  -41.261  -43.205  44.389 0.0000000000
63710  -41.658  -43.818  44.679 0.0000000000
64825  -41.824  -42.712  45.683 0.0000000000
63692  -42.918  -43.563  46.459 0.0000000000
63693  -43.253  -43.860  46.358 0.0000000000
63694  -43.435  -43.889  46.242 0.0000000000
63684  -43.261  -43.297  46.690 0.0000000000
64802  -43.337  -42.555  46.992 0.0000000000
65800  -42.831  -41.556  47.494 0.0000000000
65801  -43.311  -41.555  47.445 0.0000000000
65810  -43.489  -41.844  47.197 0.0000000000
66766  -43.472  -41.217  47.563 0.0000000000
73834  -46.364  -35.892  48.240 0.0000000000
229900  -46.233  -36.096  48.261 0.0000000000
230964  -46.989  -36.113  48.316 0.0000000000
73856  -47.282  -36.006  48.000 0.0000000000
219543  -47.936  -36.014  47.551 0.0000000000
225848  -47.845  -35.159  47.870 0.0000000000
73857  -47.921  -35.922  47.540 0.0000000000
71177  -48.712  -37.299  46.651 0.0000000000
71192  -49.012  -37.854  46.160 0.0000000000
71193  -49.242  -38.194  45.797 0.0000000000
69937  -49.415  -38.475  45.494 0.0000000000
72617  -51.369  -37.209  42.426 0.0000000000
221475  -51.443  -37.730  43.485 0.0000000000
72600  -51.728  -37.530  43.055 0.0000000000
235471  -53.215  -37.649  42.980 0.0000000000
71244  -52.798  -38.029  42.819 0.0000000000
88346  -55.483  -27.966  38.516 0.0000000000
87095  -55.402  -28.691  38.823 0.0000000000
85906  -55.696  -28.844  39.373 0.0000000000
203406  -55.969  -28.984  39.619 0.0000000000
85892  -55.964  -29.494  39.505 0.0000000000
85894  -56.580  -29.041  39.533 0.0000000000
84688  -56.114  -29.803  39.514 0.0000000000
82002  -56.209  -31.293  39.546 0.0000000000
211207  -40.983  -40.051  45.308 0.0000000000
68836  -41.105  -39.684  45.338 0.0000000000
68841  -40.953  -39.379  44.828 0.0000000000
63721  -40.885  -43.132  43.647 0.0000000000
65839  -40.476  -41.942  43.966 0.0000000000
65840  -40.849  -41.983  44.555 0.0000000000
66794  -40.904  -41.508  44.884 0.0000000000
66784  -40.763  -40.940  45.011 0.0000000000
200848  -46.106  -34.188  43.649 0.0000000000
78012  -47.175  -34.344  44.388 0.0000000000
214002  -47.651  -34.765  43.373 0.0000000000
219469  -48.247  -35.171  43.158 0.0000000000
75310  -49.565  -36.236  42.700 0.0000000000
74000  -50.207  -36.646  42.622 0.0000000000
72616  -50.765  -37.001  42.525 0.0000000000
72636  -52.433  -37.119  41.720 0.0000000000
74019  -53.725  -36.430  41.921 0.0000000000
89747  -55.222  -26.502  37.120 0.0000000000
88360  -55.477  -27.397  37.943 0.0000000000
200013  -55.714  -27.352  38.536 0.0000000000
88322  -56.474  -27.190  39.577 0.0000000000
91087  -56.337  -26.182  38.981 0.0000000000
89709  -56.604  -26.750  39.500 0.0000000000
88311  -56.787  -27.476  39.727 0.0000000000
88312  -57.192  -27.572  39.753 0.0000000000
87076  -57.334  -28.019  39.545 0.0000000000
87086  -57.856  -27.923  38.939 0.0000000000
91088  -58.106  -26.272  39.134 0.0000000000
95936  -57.694  -22.277  39.346 0.0000000000
94746  -58.108  -23.270  39.307 0.0000000000
97159  -58.084  -21.810  39.364 0.0000000000
95938  -58.307  -22.561  39.370 0.0000000000
71190  -43.886  -38.121  46.331 0.0000000000
72533  -44.729  -37.247  46.180 0.0000000000
72517  -45.131  -36.880  47.940 0.0000000000
73854  -45.262  -36.498  48.477 0.0000000000
69900  -44.195  -38.471  48.680 0.0000000000
72489  -44.049  -37.695  49.016 0.0000000000
71157  -44.503  -37.938  49.035 0.0000000000
71158  -44.794  -37.912  48.619 0.0000000000
73833  -45.271  -36.490  48.433 0.0000000000
76605  -46.031  -34.981  48.234 0.0000000000
77937  -45.777  -34.406  48.012 0.0000000000
76645  -44.581  -34.579  47.046 0.0000000000
77954  -45.557  -34.156  47.303 0.0000000000
78010  -45.800  -33.995  44.523 0.0000000000
69935  -41.342  -38.948  45.337 0.0000000000
72544  -41.692  -37.469  44.722 0.0000000000
72545  -41.903  -36.943  45.006 0.0000000000
216577  -42.179  -36.167  44.878 0.0000000000
75253  -42.526  -35.400  45.113 0.0000000000
75254  -42.572  -34.741  44.722 0.0000000000
76683  -43.047  -34.275  44.898 0.0000000000
51533  -31.748  -51.356  53.014 0.0000000000
50550  -31.941  -51.634  52.495 0.0000000000
51537  -32.318  -51.377  52.292 0.0000000000
56038  -33.348  -47.613  54.142 0.0000000000
62472  -36.482  -45.220  52.077 0.0000000000
61318  -36.840  -45.439  52.093 0.0000000000
58640  -37.015  -46.190  51.265 0.0000000000
59995  -37.215  -45.683  50.499 0.0000000000
58639  -36.909  -46.357  50.944 0.0000000000
60005  -36.968  -46.206  50.259 0.0000000000
227766  -38.722  -47.977  48.276 0.0000000000
54943  -36.426  -49.446  45.894 0.0000000000
56188  -37.675  -48.564  44.703 0.0000000000
53743  -37.742  -50.045  46.088 0.0000000000
53751  -37.761  -50.454  45.582 0.0000000000
223172  -40.771  -52.060  44.928 0.0000000000
50594  -40.797  -52.213  44.765 0.0000000000
51589  -41.642  -52.311  45.377 0.0000000000
51596  -41.214  -52.278  44.845 0.0000000000
214332  -40.746  -52.256  44.061 0.0000000000
225405  -41.362  -47.516  43.710 0.0000000000
57394  -41.767  -47.790  44.466 0.0000000000
57395  -42.248  -48.088  45.536 0.0000000000
57379  -42.906  -48.349  46.282 0.0000000000
57380  -43.637  -48.410  46.428 0.0000000000
60111  -42.920  -46.023  45.910 0.0000000000
58733  -43.222  -47.198  46.330 0.0000000000
57369  -43.870  -47.603  46.396 0.0000000000
57396  -44.320  -48.068  45.600 0.0000000000
57411  -43.853  -47.708  44.474 0.0000000000
58750  -44.376  -46.796  45.621 0.0000000000
58749  -44.270  -47.061  45.082 0.0000000000
64838  -43.689  -43.116  45.147 0.0000000000
65853  -43.417  -42.580  44.418 0.0000000000
53615  -30.879  -49.658  54.375 0.0000000000
219646  -31.505  -50.461  53.503 0.0000000000
73896  -46.899  -36.293  46.982 0.0000000000
76699  -47.895  -34.680  44.731 0.0000000000
76701  -48.904  -35.344  45.446 0.0000000000
75233  -49.363  -35.795  45.660 0.0000000000
75256  -49.708  -36.180  45.102 0.0000000000
75234  -49.723  -36.461  45.493 0.0000000000
73899  -49.662  -36.675  45.931 0.0000000000
72551  -49.884  -37.367  45.865 0.0000000000
71207  -50.022  -38.129  45.443 0.0000000000
69938  -49.851  -38.605  45.262 0.0000000000
72584  -51.142  -37.895  43.802 0.0000000000
71220  -51.014  -38.049  44.069 0.0000000000
218906  -50.751  -38.374  44.445 0.0000000000
69948  -50.537  -38.810  44.540 0.0000000000
69947  -49.979  -38.970  44.853 0.0000000000
68844  -49.916  -39.350  44.401 0.0000000000
75363  -53.612  -36.108  39.394 0.0000000000
75332  -54.493  -35.754  41.378 0.0000000000
75311  -55.062  -35.510  41.819 0.0000000000
85911  -54.978  -29.189  38.298 0.0000000000
84699  -55.011  -29.824  38.684 0.0000000000
83345  -54.671  -30.324  38.326 0.0000000000
198378  -55.080  -30.905  39.112 0.0000000000
83344  -54.310  -30.786  37.898 0.0000000000
78122  -54.494  -33.648  38.550 0.0000000000
79517  -54.902  -33.844  39.346 0.0000000000
202995  -55.493  -33.638  40.043 0.0000000000
203903  -55.103  -34.105  39.898 0.0000000000
197953  -55.202  -34.460  40.548 0.0000000000
76784  -55.180  -34.920  41.147 0.0000000000
74002  -55.560  -35.994  42.685 0.0000000000
74003  -56.084  -36.193  42.309 0.0000000000
74022  -56.364  -36.327  41.635 0.0000000000
75314  -56.499  -35.101  41.614 0.0000000000
75333  -56.667  -35.801  41.282 0.0000000000
74034  -56.484  -36.411  40.633 0.0000000000
48555  -30.550  -52.558  52.270 0.0000000000
49548  -30.640  -52.251  52.925 0.0000000000
49549  -30.992  -52.182  52.549 0.0000000000
50549  -31.465  -51.848  52.681 0.0000000000
51534  -32.234  -51.268  52.671 0.0000000000
52569  -32.049  -51.040  53.023 0.0000000000
52570  -32.314  -50.784  52.949 0.0000000000
59965  -36.409  -46.119  53.364 0.0000000000
61308  -36.828  -45.526  52.514 0.0000000000
61351  -38.266  -45.489  49.477 0.0000000000
62519  -37.741  -44.761  49.511 0.0000000000
67748  -40.652  -40.456  44.888 0.0000000000
68817  -42.569  -40.177  47.816 0.0000000000
68840  -40.573  -39.775  44.447 0.0000000000
68846  -50.789  -39.182  44.152 0.0000000000
68855  -50.604  -39.720  43.767 0.0000000000
69931  -49.584  -38.293  45.748 0.0000000000
71151  -44.313  -38.029  49.100 0.0000000000
71178  -49.334  -37.919  46.045 0.0000000000
71194  -50.095  -37.790  45.557 0.0000000000
72490  -44.427  -37.603  49.053 0.0000000000
72505  -48.327  -36.616  47.049 0.0000000000
72520  -49.461  -37.439  46.276 0.0000000000
72550  -48.579  -37.872  45.707 0.0000000000
72567  -50.502  -37.672  44.781 0.0000000000
73835  -46.789  -35.765  48.269 0.0000000000
73836  -47.169  -36.165  48.331 0.0000000000
73855  -46.663  -36.133  48.393 0.0000000000
73858  -48.478  -36.046  47.260 0.0000000000
73942  -50.096  -36.788  44.917 0.0000000000
74047  -53.245  -36.432  39.694 0.0000000000
75160  -47.123  -35.429  47.991 0.0000000000
75161  -47.568  -35.228  47.785 0.0000000000
75179  -45.162  -35.730  48.313 0.0000000000
75181  -47.884  -35.386  47.589 0.0000000000
75199  -48.813  -35.594  46.901 0.0000000000
75214  -49.130  -35.663  46.379 0.0000000000
75215  -49.474  -36.114  45.977 0.0000000000
75365  -54.576  -35.327  40.168 0.0000000000
76606  -46.445  -34.724  48.116 0.0000000000
76607  -46.942  -34.807  48.060 0.0000000000
76624  -46.154  -34.699  48.164 0.0000000000
76627  -48.102  -35.023  47.470 0.0000000000
76646  -45.254  -34.435  47.617 0.0000000000
76647  -47.918  -34.635  47.063 0.0000000000
76649  -48.398  -35.208  47.111 0.0000000000
76666  -44.218  -34.285  46.348 0.0000000000
76667  -47.896  -34.602  46.670 0.0000000000
76685  -48.581  -35.063  45.912 0.0000000000
76715  -47.584  -34.584  43.983 0.0000000000
76767  -57.157  -34.648  40.530 0.0000000000
77938  -46.193  -34.371  47.945 0.0000000000
77956  -46.973  -34.302  47.419 0.0000000000
77973  -46.816  -34.157  46.660 0.0000000000
79516  -54.690  -32.802  38.663 0.0000000000
80764  -54.870  -32.133  38.788 0.0000000000
83333  -55.552  -30.602  39.529 0.0000000000
84704  -54.722  -29.789  38.100 0.0000000000
85893  -56.420  -29.109  39.595 0.0000000000
85899  -55.743  -29.443  39.403 0.0000000000
87074  -56.866  -28.022  39.743 0.0000000000
87085  -56.432  -27.999  39.671 0.0000000000
88313  -57.339  -27.601  39.627 0.0000000000
89698  -56.792  -26.770  39.663 0.0000000000
89748  -55.452  -26.843  37.637 0.0000000000
91073  -56.789  -26.018  39.517 0.0000000000
91129  -54.921  -26.134  36.632 0.0000000000
92415  -57.933  -25.296  39.248 0.0000000000
92445  -56.094  -25.193  38.391 0.0000000000
92446  -56.297  -24.710  38.681 0.0000000000
92467  -55.584  -25.305  37.657 0.0000000000
93625  -58.924  -23.911  38.338 0.0000000000
94745  -57.733  -23.346  39.226 0.0000000000
94747  -58.432  -23.272  39.314 0.0000000000
94748  -58.661  -23.257  39.028 0.0000000000
94757  -56.129  -23.627  37.842 0.0000000000
94759  -59.889  -23.370  37.799 0.0000000000
95943  -56.933  -22.729  38.765 0.0000000000
95945  -58.849  -22.707  38.832 0.0000000000
95946  -59.124  -22.808  38.407 0.0000000000
95953  -60.613  -22.754  37.645 0.0000000000
97158  -57.808  -21.635  39.384 0.0000000000
97160  -58.406  -22.037  39.296 0.0000000000
97168  -58.304  -21.273  39.149 0.0000000000
98445  -57.724  -21.092  39.347 0.0000000000
98454  -57.018  -20.571  38.899 0.0000000000
99703  -57.739  -20.556  39.224 0.0000000000
99704  -57.900  -20.602  39.169 0.0000000000
99713  -57.351  -19.894  38.966 0.0000000000
99715  -57.896  -19.899  39.028 0.0000000000
102381  -56.400  -19.058  37.419 0.0000000000
196969  -47.691  -34.977  47.668 0.0000000000
197204  -43.831  -38.666  48.541 0.0000000000
201627  -48.433  -34.979  45.306 0.0000000000
201979  -57.014  -21.342  38.993 0.0000000000
202832  -55.901  -27.586  39.048 0.0000000000
205802  -57.508  -24.259  39.454 0.0000000000
207730  -47.423  -35.085  47.916 0.0000000000
208198  -55.599  -21.508  37.296 0.0000000000
208864  -47.663  -34.991  47.753 0.0000000000
213092  -45.903  -34.947  48.361 0.0000000000
214667  -58.115  -23.954  39.257 0.0000000000
215203  -56.755  -24.757  39.290 0.0000000000
215506  -55.645  -22.645  37.180 0.0000000000
217812  -49.072  -36.803  46.828 0.0000000000
219498  -57.813  -25.914  39.434 0.0000000000
222360  -30.219  -52.608  51.714 0.0000000000
226872  -47.020  -34.775  47.918 0.0000000000
227547  -54.848  -24.258  36.785 0.0000000000
228951  -56.751  -22.040  38.814 0.0000000000
230739  -40.529  -52.182  44.301 0.0000000000
231225  -43.992  -46.362  44.234 0.0000000000
231478  -32.270  -50.073  53.308 0.0000000000
231818  -55.126  -28.524  38.203 0.0000000000
234360  -57.542  -27.282  39.640 0.0000000000
