#!ascii label  , from subject sub-02_ses-009 vox2ras=TkReg
2010
142543  -40.256  -2.707  24.121 0.0000000000
146688  -48.093  0.032  10.099 0.0000000000
147488  -45.208  0.297  30.264 0.0000000000
143658  -48.313  -2.883  16.980 0.0000000000
202724  -48.228  -6.116  24.752 0.0000000000
150605  -45.821  2.853  18.748 0.0000000000
153490  -49.694  5.725  24.554 0.0000000000
155575  -40.730  6.457  27.589 0.0000000000
133633  -40.848  -9.499  30.837 0.0000000000
142579  -43.143  -3.861  20.015 0.0000000000
229911  -45.293  -0.052  16.606 0.0000000000
220682  -43.218  -0.370  21.446 0.0000000000
196147  -48.860  0.265  34.187 0.0000000000
149591  -50.212  2.033  27.848 0.0000000000
150517  -49.663  2.529  30.763 0.0000000000
195307  -44.859  4.318  26.350 0.0000000000
209276  -45.079  5.416  32.172 0.0000000000
150676  -46.891  3.120  10.730 0.0000000000
144564  -37.403  -2.290  28.444 0.0000000000
147524  -41.633  0.317  26.965 0.0000000000
145611  -52.796  -1.241  19.737 0.0000000000
140443  -48.981  -5.573  20.204 0.0000000000
138179  -42.412  -6.632  22.892 0.0000000000
135964  -41.718  -8.123  27.116 0.0000000000
151585  -48.130  3.667  12.509 0.0000000000
155720  -49.974  7.026  14.914 0.0000000000
148594  -46.116  0.994  24.359 0.0000000000
152520  -49.587  4.351  21.354 0.0000000000
156564  -48.240  7.898  18.427 0.0000000000
153562  -44.799  5.594  20.665 0.0000000000
153527  -40.710  5.511  22.305 0.0000000000
223111  -41.260  -3.590  21.978 0.0000000000
145608  -42.716  -1.615  20.334 0.0000000000
144595  -41.722  -1.589  23.299 0.0000000000
148475  -49.867  1.796  36.427 0.0000000000
149525  -50.911  1.603  32.782 0.0000000000
149510  -48.523  2.441  33.963 0.0000000000
150506  -46.742  2.827  31.645 0.0000000000
148736  -47.695  1.146  10.224 0.0000000000
142508  -36.549  -3.655  31.036 0.0000000000
144554  -38.869  -2.291  30.199 0.0000000000
139299  -48.702  -6.208  22.768 0.0000000000
137116  -45.744  -6.203  21.406 0.0000000000
138174  -45.315  -6.427  24.021 0.0000000000
135922  -41.537  -8.612  28.745 0.0000000000
135957  -36.423  -8.544  26.551 0.0000000000
139242  -35.146  -5.833  26.726 0.0000000000
135940  -33.492  -8.068  27.884 0.0000000000
146640  -49.350  -0.071  15.800 0.0000000000
149679  -45.183  1.847  17.279 0.0000000000
149698  -46.184  2.056  14.687 0.0000000000
152575  -46.297  3.884  15.903 0.0000000000
153637  -48.413  5.829  13.413 0.0000000000
153598  -47.383  4.957  17.070 0.0000000000
147502  -43.430  0.580  29.225 0.0000000000
147535  -44.468  0.596  25.776 0.0000000000
201655  -45.760  1.142  27.515 0.0000000000
151457  -51.682  4.247  26.620 0.0000000000
150557  -50.019  3.259  24.685 0.0000000000
152495  -51.110  5.349  23.333 0.0000000000
154629  -51.583  7.123  20.252 0.0000000000
154582  -49.236  6.662  21.541 0.0000000000
155660  -47.093  6.896  19.388 0.0000000000
153535  -47.209  5.274  22.485 0.0000000000
152396  -42.137  4.136  27.851 0.0000000000
151475  -42.683  3.686  24.498 0.0000000000
152438  -39.815  4.470  25.161 0.0000000000
219064  -38.121  6.053  23.116 0.0000000000
156520  -38.862  7.179  25.375 0.0000000000
142606  -45.521  -3.520  18.100 0.0000000000
145649  -46.383  -1.622  16.025 0.0000000000
232885  -44.508  -1.570  17.980 0.0000000000
146597  -44.097  -0.056  19.108 0.0000000000
148642  -45.017  1.389  19.934 0.0000000000
146496  -46.708  -0.326  31.743 0.0000000000
148546  -48.221  0.874  29.202 0.0000000000
147484  -49.830  0.896  30.608 0.0000000000
150528  -52.200  2.809  29.800 0.0000000000
152391  -49.670  4.238  28.070 0.0000000000
152444  -47.031  4.879  25.602 0.0000000000
200523  -47.239  3.803  28.380 0.0000000000
200233  -44.604  3.622  29.741 0.0000000000
154511  -42.751  6.136  30.339 0.0000000000
152614  -45.968  3.930  11.404 0.0000000000
144579  -38.159  -1.994  26.169 0.0000000000
146539  -40.923  -0.796  25.345 0.0000000000
146527  -39.388  -0.540  27.687 0.0000000000
146507  -41.463  -0.632  29.617 0.0000000000
146499  -43.204  -1.033  30.939 0.0000000000
145494  -42.018  -1.726  33.117 0.0000000000
145497  -44.107  -1.182  33.250 0.0000000000
144650  -50.362  -2.051  18.329 0.0000000000
142591  -50.993  -3.191  19.686 0.0000000000
141567  -48.753  -4.115  18.253 0.0000000000
140457  -45.917  -4.971  19.466 0.0000000000
140431  -42.940  -5.178  21.123 0.0000000000
138129  -47.425  -6.960  27.193 0.0000000000
135915  -43.762  -8.146  30.034 0.0000000000
195309  -44.853  -7.509  28.029 0.0000000000
194556  -45.008  -7.088  26.224 0.0000000000
197201  -42.442  -7.674  24.995 0.0000000000
141490  -38.672  -4.519  24.437 0.0000000000
147673  -50.019  0.429  12.087 0.0000000000
147644  -47.795  0.341  14.635 0.0000000000
149717  -49.062  2.102  13.050 0.0000000000
149742  -50.258  2.705  10.813 0.0000000000
152628  -49.512  4.183  10.334 0.0000000000
154709  -48.354  6.201  11.363 0.0000000000
156602  -47.819  7.567  13.322 0.0000000000
146544  -42.905  -0.180  24.365 0.0000000000
147571  -44.916  0.245  23.208 0.0000000000
149636  -46.458  1.559  22.039 0.0000000000
149601  -47.819  1.777  26.106 0.0000000000
149629  -48.133  2.090  23.128 0.0000000000
151516  -47.818  3.445  20.320 0.0000000000
153592  -49.335  5.874  18.307 0.0000000000
157424  -50.412  8.198  17.203 0.0000000000
155711  -46.868  7.066  15.069 0.0000000000
152475  -45.108  4.427  23.340 0.0000000000
153546  -42.992  5.468  21.180 0.0000000000
155643  -41.024  7.282  20.135 0.0000000000
206728  -39.189  7.272  20.060 0.0000000000
156554  -37.681  7.440  19.789 0.0000000000
143583  -40.829  -2.721  23.076 0.0000000000
144612  -41.648  -2.185  22.247 0.0000000000
143579  -40.817  -2.262  23.398 0.0000000000
149498  -49.946  2.064  35.525 0.0000000000
151378  -47.579  3.389  33.943 0.0000000000
227257  -47.856  0.512  9.802 0.0000000000
201654  -48.169  -6.161  23.997 0.0000000000
139298  -47.372  -6.094  23.119 0.0000000000
139272  -46.903  -6.124  24.344 0.0000000000
134796  -36.235  -9.038  26.981 0.0000000000
221322  -34.767  -8.177  27.011 0.0000000000
145638  -49.638  -1.328  16.979 0.0000000000
145650  -48.603  -1.345  16.180 0.0000000000
150613  -45.405  2.518  18.391 0.0000000000
150629  -45.665  2.882  16.297 0.0000000000
151546  -45.992  3.711  17.088 0.0000000000
152576  -46.706  4.502  16.106 0.0000000000
152551  -46.736  4.267  17.846 0.0000000000
217114  -44.211  0.557  29.406 0.0000000000
148554  -44.757  1.064  28.364 0.0000000000
148543  -45.904  1.043  28.909 0.0000000000
204016  -51.133  5.190  25.629 0.0000000000
216509  -51.102  4.729  25.089 0.0000000000
153504  -50.879  5.791  24.002 0.0000000000
154571  -50.878  6.005  22.399 0.0000000000
154569  -49.748  6.199  22.819 0.0000000000
200225  -48.581  6.189  21.968 0.0000000000
153519  -48.248  5.597  23.139 0.0000000000
153453  -41.122  5.094  27.873 0.0000000000
152426  -41.012  3.893  26.396 0.0000000000
153455  -39.801  5.427  26.734 0.0000000000
154528  -38.886  5.829  25.409 0.0000000000
155584  -40.036  6.952  26.373 0.0000000000
142589  -44.921  -3.663  18.993 0.0000000000
143634  -45.068  -2.912  17.995 0.0000000000
143624  -43.807  -2.483  19.308 0.0000000000
146580  -42.688  -0.884  21.259 0.0000000000
208565  -43.442  -0.872  19.551 0.0000000000
146589  -43.707  -0.133  20.302 0.0000000000
147600  -44.373  0.558  19.358 0.0000000000
147591  -44.268  0.453  20.514 0.0000000000
146485  -47.371  -0.100  32.865 0.0000000000
230005  -48.522  0.264  30.906 0.0000000000
147477  -49.768  0.496  32.167 0.0000000000
149559  -50.886  2.059  32.126 0.0000000000
149570  -52.159  2.104  31.261 0.0000000000
150526  -51.111  2.974  30.124 0.0000000000
151443  -51.399  3.763  28.554 0.0000000000
151430  -50.112  3.692  29.153 0.0000000000
152390  -48.745  4.302  28.196 0.0000000000
203835  -48.037  3.305  29.936 0.0000000000
151396  -45.953  3.967  32.364 0.0000000000
232725  -45.675  3.370  30.606 0.0000000000
152366  -44.591  4.531  31.526 0.0000000000
153443  -43.122  4.885  30.348 0.0000000000
154508  -44.323  5.986  31.560 0.0000000000
222592  -46.354  3.510  11.007 0.0000000000
144572  -37.540  -2.110  26.989 0.0000000000
229395  -38.886  -1.130  26.701 0.0000000000
145543  -38.301  -1.435  28.005 0.0000000000
144547  -39.858  -2.621  31.007 0.0000000000
145520  -39.922  -1.672  29.995 0.0000000000
145514  -41.135  -2.071  30.990 0.0000000000
145523  -42.049  -1.293  30.557 0.0000000000
145516  -42.241  -1.820  31.359 0.0000000000
147455  -41.340  0.203  32.452 0.0000000000
145482  -43.192  -1.198  33.462 0.0000000000
146466  -43.561  -1.001  33.652 0.0000000000
146468  -44.880  -0.937  33.619 0.0000000000
233630  -44.642  0.130  33.870 0.0000000000
145629  -51.702  -0.534  18.145 0.0000000000
144652  -51.703  -1.314  19.170 0.0000000000
142567  -51.466  -3.734  20.956 0.0000000000
141544  -50.156  -4.366  19.887 0.0000000000
141557  -49.756  -4.047  19.127 0.0000000000
140471  -48.814  -4.923  19.081 0.0000000000
140469  -47.340  -5.055  18.949 0.0000000000
139338  -47.419  -6.182  19.877 0.0000000000
138187  -43.940  -6.079  22.173 0.0000000000
138195  -44.170  -5.693  21.598 0.0000000000
139306  -42.695  -5.893  22.053 0.0000000000
134756  -42.569  -8.783  30.283 0.0000000000
135934  -42.633  -8.179  28.500 0.0000000000
222406  -42.756  -7.741  27.567 0.0000000000
195614  -44.785  -7.210  26.883 0.0000000000
137062  -43.729  -7.560  26.545 0.0000000000
137095  -43.933  -7.225  25.278 0.0000000000
137079  -42.355  -7.811  25.763 0.0000000000
142536  -37.546  -3.811  25.238 0.0000000000
141481  -36.630  -4.696  25.708 0.0000000000
146675  -50.350  0.114  12.638 0.0000000000
145648  -45.825  -1.156  16.198 0.0000000000
146637  -47.122  -0.712  15.357 0.0000000000
147630  -46.084  -0.007  15.504 0.0000000000
150653  -47.280  2.865  13.355 0.0000000000
149707  -47.602  1.778  13.479 0.0000000000
233807  -48.969  2.795  12.463 0.0000000000
150663  -50.734  2.617  12.075 0.0000000000
150670  -50.148  3.439  11.663 0.0000000000
151613  -50.092  3.790  10.477 0.0000000000
152617  -50.280  4.536  11.036 0.0000000000
155729  -49.298  6.833  14.371 0.0000000000
154701  -49.767  6.343  12.073 0.0000000000
155746  -49.795  7.396  12.702 0.0000000000
156615  -48.474  7.621  12.475 0.0000000000
156604  -50.070  8.186  14.073 0.0000000000
146536  -41.281  -0.295  25.717 0.0000000000
146541  -42.151  -0.272  24.874 0.0000000000
147539  -42.627  0.105  25.137 0.0000000000
147542  -45.126  0.750  25.104 0.0000000000
147551  -44.506  0.464  24.475 0.0000000000
147553  -45.395  0.900  24.226 0.0000000000
147573  -45.789  0.884  22.777 0.0000000000
148611  -46.355  0.989  23.174 0.0000000000
148560  -49.415  1.294  28.782 0.0000000000
148569  -48.259  1.495  27.971 0.0000000000
196150  -49.154  2.141  26.823 0.0000000000
151497  -49.652  3.525  22.938 0.0000000000
150563  -48.622  2.362  23.489 0.0000000000
150577  -48.549  2.853  22.023 0.0000000000
150586  -47.709  2.667  21.258 0.0000000000
151517  -48.363  3.737  20.635 0.0000000000
152545  -48.389  4.615  18.947 0.0000000000
152539  -49.145  4.809  19.901 0.0000000000
156559  -50.181  7.611  19.211 0.0000000000
155688  -50.811  7.576  18.225 0.0000000000
156574  -49.611  8.310  18.129 0.0000000000
156585  -48.757  8.265  16.241 0.0000000000
225943  -47.935  7.689  16.801 0.0000000000
219218  -46.238  7.106  16.169 0.0000000000
155695  -46.708  7.380  17.434 0.0000000000
154626  -45.794  6.428  19.504 0.0000000000
155672  -45.491  7.174  18.520 0.0000000000
195660  -46.259  4.470  26.279 0.0000000000
152460  -45.902  4.606  24.435 0.0000000000
152442  -45.095  4.362  24.932 0.0000000000
152486  -41.316  4.419  23.073 0.0000000000
152488  -42.921  4.215  22.738 0.0000000000
233197  -41.622  5.106  22.232 0.0000000000
154593  -41.540  6.999  20.910 0.0000000000
154592  -40.999  6.878  21.116 0.0000000000
155642  -40.425  7.202  20.076 0.0000000000
154577  -39.905  6.410  21.727 0.0000000000
198172  -37.369  7.182  22.961 0.0000000000
155621  -38.198  7.367  21.180 0.0000000000
156542  -37.276  8.204  21.214 0.0000000000
156553  -37.015  7.780  19.670 0.0000000000
142577  -42.213  -3.526  20.890 0.0000000000
143615  -42.797  -2.725  20.106 0.0000000000
144630  -42.174  -2.203  20.933 0.0000000000
145593  -42.265  -1.392  21.515 0.0000000000
145587  -42.634  -0.821  22.594 0.0000000000
147449  -50.300  0.903  33.374 0.0000000000
148496  -49.914  1.049  34.389 0.0000000000
149523  -50.031  1.615  33.647 0.0000000000
149557  -48.813  2.191  32.041 0.0000000000
200764  -47.893  2.729  30.860 0.0000000000
211592  -47.448  2.721  32.911 0.0000000000
151386  -46.645  3.653  33.066 0.0000000000
149740  -47.551  2.374  10.698 0.0000000000
143535  -37.333  -3.250  30.163 0.0000000000
144559  -38.030  -2.331  29.366 0.0000000000
143536  -38.024  -3.024  30.331 0.0000000000
201758  -49.230  -5.930  21.679 0.0000000000
138206  -47.057  -6.810  20.731 0.0000000000
139309  -47.690  -6.223  21.877 0.0000000000
139295  -45.460  -6.089  22.707 0.0000000000
197681  -44.236  -6.593  23.375 0.0000000000
134754  -41.293  -9.169  29.790 0.0000000000
233403  -40.000  -9.189  27.922 0.0000000000
137086  -37.073  -6.988  25.514 0.0000000000
139251  -36.209  -6.026  25.924 0.0000000000
137059  -35.500  -7.564  26.303 0.0000000000
138127  -34.308  -6.662  27.393 0.0000000000
148664  -44.975  1.201  16.929 0.0000000000
148671  -45.712  1.311  15.580 0.0000000000
149691  -45.427  1.832  15.909 0.0000000000
151565  -46.216  3.183  14.768 0.0000000000
152590  -46.911  3.957  13.957 0.0000000000
153647  -48.179  5.083  13.143 0.0000000000
153624  -47.102  4.899  14.932 0.0000000000
153615  -47.591  5.416  15.257 0.0000000000
154659  -48.383  6.064  16.093 0.0000000000
147518  -42.812  0.796  27.696 0.0000000000
205516  -43.426  0.529  26.068 0.0000000000
147519  -43.695  1.018  27.285 0.0000000000
148573  -45.248  1.005  26.630 0.0000000000
148580  -46.127  1.020  25.982 0.0000000000
150540  -51.250  3.117  26.958 0.0000000000
150538  -49.806  2.612  26.517 0.0000000000
150549  -50.711  3.420  25.380 0.0000000000
151478  -50.442  3.960  24.168 0.0000000000
152509  -50.599  4.831  22.370 0.0000000000
152530  -50.262  4.971  20.920 0.0000000000
206446  -51.215  5.929  21.747 0.0000000000
155649  -50.938  7.303  20.528 0.0000000000
155663  -49.511  7.438  19.687 0.0000000000
155675  -47.716  7.601  18.673 0.0000000000
154616  -48.213  6.859  20.703 0.0000000000
154598  -46.970  6.086  20.726 0.0000000000
153550  -46.345  5.632  21.064 0.0000000000
223504  -43.781  3.967  26.803 0.0000000000
228638  -43.783  4.047  25.486 0.0000000000
152428  -42.633  3.758  26.341 0.0000000000
215427  -41.404  3.744  24.452 0.0000000000
152470  -40.293  4.449  24.002 0.0000000000
153512  -39.083  5.563  23.043 0.0000000000
153488  -39.128  5.058  24.311 0.0000000000
155601  -37.783  6.495  24.380 0.0000000000
200138  -38.020  7.908  24.230 0.0000000000
142623  -47.190  -3.445  17.318 0.0000000000
144681  -47.495  -2.114  16.167 0.0000000000
143655  -46.048  -2.935  17.001 0.0000000000
144667  -45.240  -1.882  17.009 0.0000000000
145637  -44.849  -1.209  17.077 0.0000000000
144649  -43.971  -1.881  19.118 0.0000000000
226646  -44.201  -1.029  18.262 0.0000000000
147617  -44.647  -0.048  17.630 0.0000000000
148652  -44.589  0.777  18.254 0.0000000000
148646  -44.826  1.524  19.234 0.0000000000
149660  -45.323  1.995  19.565 0.0000000000
147481  -46.454  -0.077  30.656 0.0000000000
147490  -46.769  0.289  30.157 0.0000000000
147491  -47.869  0.383  30.260 0.0000000000
147508  -48.539  0.596  29.845 0.0000000000
148561  -50.281  1.476  28.870 0.0000000000
147463  -51.168  0.817  32.408 0.0000000000
148535  -51.556  1.412  30.375 0.0000000000
149586  -51.706  2.281  28.602 0.0000000000
151445  -52.050  3.556  28.199 0.0000000000
152421  -51.416  4.563  27.070 0.0000000000
153458  -49.975  5.185  26.197 0.0000000000
223806  -48.331  5.236  24.893 0.0000000000
152418  -48.452  4.697  26.866 0.0000000000
198854  -47.295  4.432  27.250 0.0000000000
152401  -46.212  4.207  27.680 0.0000000000
150522  -46.715  3.103  30.366 0.0000000000
151438  -45.796  3.572  28.821 0.0000000000
152385  -44.448  4.085  27.923 0.0000000000
152384  -43.246  3.840  28.554 0.0000000000
153446  -42.122  5.190  29.245 0.0000000000
155571  -41.748  6.529  29.003 0.0000000000
143573  -39.284  -2.594  24.859 0.0000000000
144586  -40.282  -1.913  24.824 0.0000000000
144581  -39.356  -1.692  25.610 0.0000000000
146534  -40.133  -0.578  26.352 0.0000000000
147523  -40.839  0.142  27.322 0.0000000000
145530  -39.127  -1.311  29.197 0.0000000000
146517  -40.043  -0.746  29.036 0.0000000000
147511  -41.269  0.050  28.365 0.0000000000
147500  -42.132  0.240  29.041 0.0000000000
147486  -43.088  0.052  29.857 0.0000000000
146511  -44.316  -0.295  30.743 0.0000000000
144530  -41.490  -2.088  32.875 0.0000000000
144532  -42.457  -1.897  32.794 0.0000000000
146493  -43.845  -0.976  31.856 0.0000000000
146502  -45.369  -0.447  31.419 0.0000000000
146482  -45.417  -1.005  32.653 0.0000000000
197793  -46.148  -0.520  33.203 0.0000000000
146460  -47.040  -0.110  34.211 0.0000000000
145627  -50.583  -0.982  17.876 0.0000000000
230155  -49.586  -2.327  17.369 0.0000000000
143616  -52.077  -2.142  20.785 0.0000000000
144641  -51.896  -1.637  19.767 0.0000000000
142600  -50.608  -3.102  19.160 0.0000000000
142612  -49.590  -3.291  18.256 0.0000000000
142610  -48.376  -3.735  17.817 0.0000000000
141565  -47.278  -4.247  18.132 0.0000000000
141542  -45.822  -4.495  19.003 0.0000000000
140455  -44.485  -4.326  19.739 0.0000000000
139323  -45.606  -6.189  20.635 0.0000000000
140433  -44.062  -4.987  20.590 0.0000000000
141530  -43.019  -4.381  20.423 0.0000000000
141518  -42.134  -4.309  21.045 0.0000000000
137021  -45.591  -7.557  29.570 0.0000000000
135913  -42.374  -8.621  29.612 0.0000000000
137028  -44.019  -7.803  28.988 0.0000000000
195310  -45.548  -7.481  28.652 0.0000000000
137053  -46.251  -7.446  27.520 0.0000000000
138136  -46.410  -7.059  26.471 0.0000000000
230627  -46.248  -6.779  25.669 0.0000000000
138154  -44.929  -6.868  25.276 0.0000000000
137104  -44.013  -7.009  24.636 0.0000000000
138172  -42.839  -6.933  23.418 0.0000000000
230857  -39.499  -3.518  24.394 0.0000000000
143571  -38.125  -2.841  25.471 0.0000000000
217505  -37.148  -3.032  26.080 0.0000000000
143562  -36.573  -2.979  27.432 0.0000000000
143551  -36.693  -3.276  28.929 0.0000000000
145695  -49.291  -1.101  12.493 0.0000000000
145704  -48.971  -0.727  11.836 0.0000000000
146682  -49.317  0.219  11.551 0.0000000000
145664  -47.477  -1.175  15.603 0.0000000000
146653  -48.242  -0.132  14.961 0.0000000000
148692  -46.846  1.387  14.142 0.0000000000
148704  -48.299  1.413  13.712 0.0000000000
149708  -51.005  2.049  13.603 0.0000000000
149719  -51.276  2.146  12.764 0.0000000000
148719  -50.639  1.539  11.153 0.0000000000
233366  -49.195  1.409  10.690 0.0000000000
148738  -49.040  2.219  10.597 0.0000000000
150687  -48.326  3.067  10.245 0.0000000000
151610  -47.944  3.393  10.243 0.0000000000
153659  -49.418  5.372  11.899 0.0000000000
153677  -49.257  5.363  10.618 0.0000000000
153675  -47.405  4.849  10.915 0.0000000000
153668  -47.084  5.338  11.365 0.0000000000
227881  -46.566  6.038  12.125 0.0000000000
154691  -46.217  6.202  12.978 0.0000000000
145561  -41.407  -1.425  24.315 0.0000000000
145569  -42.312  -0.620  23.945 0.0000000000
146563  -43.173  -0.398  23.229 0.0000000000
147541  -43.623  0.187  25.063 0.0000000000
146555  -43.827  -0.042  23.792 0.0000000000
146574  -44.357  0.074  22.720 0.0000000000
147586  -44.952  0.515  21.694 0.0000000000
148636  -45.704  1.446  21.020 0.0000000000
150592  -46.223  2.463  20.237 0.0000000000
203775  -46.604  1.127  27.990 0.0000000000
148576  -47.085  1.510  26.959 0.0000000000
148585  -46.815  1.217  25.283 0.0000000000
149607  -49.184  2.421  25.491 0.0000000000
222194  -47.922  1.843  24.443 0.0000000000
148613  -47.211  1.464  23.784 0.0000000000
149637  -46.995  1.799  22.233 0.0000000000
150585  -47.162  2.386  21.039 0.0000000000
151524  -47.023  3.349  19.393 0.0000000000
152544  -47.692  4.358  18.722 0.0000000000
154661  -49.839  6.607  16.717 0.0000000000
153584  -50.506  6.211  18.921 0.0000000000
154642  -50.605  7.023  18.034 0.0000000000
156586  -50.566  7.643  16.181 0.0000000000
157438  -49.500  8.542  14.694 0.0000000000
156596  -47.356  7.198  13.899 0.0000000000
155673  -46.238  7.297  18.288 0.0000000000
153500  -47.185  5.078  23.835 0.0000000000
153516  -46.587  5.052  22.559 0.0000000000
153532  -45.151  4.839  21.705 0.0000000000
152457  -43.981  3.971  23.998 0.0000000000
152505  -44.251  4.575  22.072 0.0000000000
153547  -43.671  5.368  21.177 0.0000000000
154610  -42.816  6.394  20.440 0.0000000000
232037  -41.526  7.058  19.824 0.0000000000
153572  -40.999  5.668  19.269 0.0000000000
155622  -38.875  7.173  20.914 0.0000000000
155630  -38.392  7.341  20.035 0.0000000000
157337  -42.203  8.181  28.086 0.0000000000
157348  -41.615  8.267  26.651 0.0000000000
157371  -40.483  8.539  25.396 0.0000000000
158183  -39.344  9.143  24.361 0.0000000000
158968  -38.179  9.614  23.096 0.0000000000
143578  -40.592  -2.700  23.613 0.0000000000
144593  -40.669  -2.220  23.834 0.0000000000
200895  -48.956  -5.910  24.738 0.0000000000
139274  -48.860  -6.000  24.132 0.0000000000
139283  -47.462  -6.124  23.822 0.0000000000
139273  -47.502  -6.133  24.529 0.0000000000
133672  -36.036  -9.793  27.823 0.0000000000
144669  -48.634  -2.294  16.751 0.0000000000
144683  -49.005  -1.693  16.578 0.0000000000
144682  -48.245  -1.943  16.334 0.0000000000
150614  -45.775  3.055  18.057 0.0000000000
225486  -45.784  3.268  17.495 0.0000000000
151540  -46.146  3.745  17.780 0.0000000000
151533  -46.274  3.323  18.432 0.0000000000
194342  -44.904  0.631  29.565 0.0000000000
148542  -45.215  0.999  28.956 0.0000000000
147504  -45.621  0.868  29.688 0.0000000000
197628  -50.068  5.622  25.050 0.0000000000
153491  -50.613  5.677  24.625 0.0000000000
154546  -50.164  5.983  23.969 0.0000000000
154556  -49.965  6.136  23.472 0.0000000000
153503  -49.327  5.850  23.960 0.0000000000
154555  -49.061  5.880  23.304 0.0000000000
153489  -48.770  5.474  24.444 0.0000000000
154519  -40.983  5.962  28.058 0.0000000000
153452  -40.698  5.460  27.599 0.0000000000
154521  -40.459  5.933  27.426 0.0000000000
155578  -39.825  6.325  26.696 0.0000000000
155579  -40.316  6.553  27.059 0.0000000000
142588  -44.415  -3.618  19.314 0.0000000000
143625  -44.268  -2.908  19.062 0.0000000000
207815  -43.693  -3.251  19.538 0.0000000000
146588  -43.184  -0.457  20.776 0.0000000000
146581  -43.782  0.070  21.165 0.0000000000
147447  -48.192  0.149  33.358 0.0000000000
147460  -48.868  0.289  32.488 0.0000000000
217635  -49.145  0.306  33.448 0.0000000000
149567  -50.251  2.193  31.409 0.0000000000
150518  -50.814  2.536  30.847 0.0000000000
150525  -50.118  2.894  30.206 0.0000000000
222946  -50.421  3.151  29.854 0.0000000000
151418  -49.754  3.336  29.725 0.0000000000
151429  -49.098  3.720  29.282 0.0000000000
204993  -49.157  2.968  30.272 0.0000000000
153430  -45.488  4.997  32.384 0.0000000000
152367  -45.131  4.216  31.744 0.0000000000
153435  -45.013  4.787  31.988 0.0000000000
153439  -44.042  4.878  31.236 0.0000000000
154509  -44.811  5.942  31.960 0.0000000000
148725  -46.536  1.669  10.769 0.0000000000
149735  -46.325  2.406  10.990 0.0000000000
151593  -46.663  3.434  10.835 0.0000000000
144569  -37.455  -2.189  27.685 0.0000000000
144570  -37.931  -1.772  27.442 0.0000000000
144565  -37.869  -1.935  28.203 0.0000000000
143527  -40.185  -2.841  31.846 0.0000000000
144548  -40.539  -2.469  30.997 0.0000000000
145515  -41.672  -1.765  30.974 0.0000000000
144549  -41.490  -2.092  31.704 0.0000000000
147445  -43.612  -0.555  33.675 0.0000000000
147446  -44.325  -0.375  33.808 0.0000000000
145622  -52.488  -0.922  18.933 0.0000000000
145621  -51.982  -0.781  18.825 0.0000000000
145610  -52.274  -1.128  19.420 0.0000000000
141543  -49.449  -4.664  19.391 0.0000000000
140461  -49.100  -5.136  19.606 0.0000000000
140460  -48.503  -5.363  19.529 0.0000000000
139339  -48.193  -6.030  19.946 0.0000000000
139293  -43.290  -6.097  22.446 0.0000000000
138186  -43.433  -5.819  21.881 0.0000000000
139292  -42.729  -6.235  22.563 0.0000000000
139305  -41.915  -5.717  21.986 0.0000000000
139291  -42.153  -6.198  22.445 0.0000000000
133642  -41.404  -9.322  30.421 0.0000000000
135965  -42.210  -7.870  27.506 0.0000000000
137061  -43.249  -7.665  27.025 0.0000000000
137060  -42.458  -7.756  26.924 0.0000000000
223522  -42.466  -7.767  26.377 0.0000000000
137078  -41.995  -8.101  26.371 0.0000000000
139261  -37.709  -5.769  25.234 0.0000000000
140397  -37.376  -5.232  25.269 0.0000000000
139260  -37.184  -5.811  25.426 0.0000000000
148697  -51.242  1.712  13.938 0.0000000000
146626  -45.419  -0.660  16.290 0.0000000000
146627  -45.891  -0.624  15.891 0.0000000000
147623  -45.570  -0.086  16.031 0.0000000000
151580  -47.441  3.644  13.178 0.0000000000
150654  -47.790  3.021  12.688 0.0000000000
150661  -48.617  3.231  12.288 0.0000000000
151587  -49.471  3.669  11.857 0.0000000000
220561  -50.128  4.004  11.467 0.0000000000
151586  -48.915  3.970  12.073 0.0000000000
154686  -49.450  6.951  13.565 0.0000000000
155730  -49.908  7.399  14.147 0.0000000000
155738  -49.866  7.826  13.491 0.0000000000
155721  -50.309  7.618  14.745 0.0000000000
147531  -41.734  0.138  26.121 0.0000000000
219659  -42.205  0.407  26.404 0.0000000000
147543  -45.552  0.939  24.769 0.0000000000
148604  -45.956  0.906  23.743 0.0000000000
148605  -46.713  1.148  23.882 0.0000000000
149585  -49.872  1.742  28.273 0.0000000000
148570  -49.057  1.630  28.142 0.0000000000
212567  -49.527  1.984  27.630 0.0000000000
151504  -49.598  3.670  22.277 0.0000000000
150571  -49.133  3.110  22.487 0.0000000000
150578  -49.068  3.435  21.898 0.0000000000
151511  -48.605  3.404  21.328 0.0000000000
151518  -48.931  4.042  20.951 0.0000000000
152528  -48.711  4.301  20.299 0.0000000000
152529  -49.461  4.532  20.556 0.0000000000
156565  -48.989  7.981  18.585 0.0000000000
156566  -49.945  7.980  18.693 0.0000000000
210267  -48.729  8.129  18.160 0.0000000000
156573  -48.813  8.462  17.672 0.0000000000
156579  -48.092  8.004  17.509 0.0000000000
156578  -47.409  7.633  17.478 0.0000000000
156571  -47.631  7.809  17.854 0.0000000000
154613  -45.302  6.009  20.156 0.0000000000
154625  -44.979  6.369  19.494 0.0000000000
154612  -44.548  6.037  20.058 0.0000000000
195306  -45.617  4.410  26.350 0.0000000000
152443  -45.844  4.532  25.264 0.0000000000
195687  -45.304  4.405  25.716 0.0000000000
153515  -41.083  4.984  22.593 0.0000000000
152502  -41.714  4.588  22.568 0.0000000000
153528  -41.220  5.566  22.008 0.0000000000
154579  -41.331  6.159  21.391 0.0000000000
154578  -40.662  6.161  21.708 0.0000000000
154591  -40.319  6.979  20.875 0.0000000000
154566  -40.162  5.746  22.358 0.0000000000
156533  -37.270  7.710  23.129 0.0000000000
156538  -37.202  7.863  22.365 0.0000000000
143605  -41.970  -2.767  21.174 0.0000000000
143593  -41.517  -2.757  21.720 0.0000000000
144604  -41.834  -1.792  22.750 0.0000000000
145586  -42.135  -1.516  22.211 0.0000000000
207522  -42.473  -1.006  21.896 0.0000000000
145579  -42.156  -1.264  22.950 0.0000000000
147417  -49.662  1.090  35.370 0.0000000000
149499  -50.054  1.603  35.854 0.0000000000
150467  -49.027  2.552  34.696 0.0000000000
149512  -49.934  1.745  34.627 0.0000000000
149511  -49.426  2.069  34.248 0.0000000000
149539  -49.395  1.880  32.762 0.0000000000
149522  -48.967  2.010  33.415 0.0000000000
149538  -48.473  2.152  32.632 0.0000000000
149521  -48.131  2.419  33.168 0.0000000000
205888  -47.434  3.947  34.159 0.0000000000
151377  -46.999  3.762  33.691 0.0000000000
202745  -46.582  4.275  33.441 0.0000000000
146693  -47.064  -0.431  9.458 0.0000000000
147693  -47.064  0.296  9.452 0.0000000000
148727  -47.390  1.587  10.496 0.0000000000
142511  -36.746  -3.755  30.421 0.0000000000
142509  -37.121  -3.391  30.890 0.0000000000
139311  -49.277  -5.933  22.331 0.0000000000
139310  -48.528  -6.222  22.007 0.0000000000
139317  -48.000  -6.292  21.409 0.0000000000
195730  -47.998  -6.355  22.596 0.0000000000
139281  -46.246  -6.194  23.519 0.0000000000
139296  -46.109  -6.131  22.902 0.0000000000
138183  -45.645  -6.296  23.404 0.0000000000
224039  -44.443  -6.290  22.925 0.0000000000
138182  -44.902  -6.300  23.313 0.0000000000
135959  -38.073  -8.642  26.462 0.0000000000
135972  -36.909  -8.132  26.093 0.0000000000
137072  -37.318  -7.689  25.688 0.0000000000
137071  -36.675  -7.469  25.835 0.0000000000
137070  -36.092  -7.228  25.922 0.0000000000
135971  -36.177  -7.879  26.111 0.0000000000
137058  -34.771  -7.615  26.782 0.0000000000
137047  -33.890  -7.742  27.576 0.0000000000
149684  -45.186  1.778  16.540 0.0000000000
151551  -45.933  3.524  16.425 0.0000000000
208518  -45.887  3.300  15.763 0.0000000000
151558  -46.247  3.563  15.248 0.0000000000
151566  -46.601  3.727  14.663 0.0000000000
153635  -47.217  4.713  14.217 0.0000000000
151559  -46.782  4.208  15.329 0.0000000000
153604  -47.163  5.048  16.368 0.0000000000
153614  -47.082  4.995  15.659 0.0000000000
153605  -47.736  5.530  16.023 0.0000000000
154668  -48.201  5.919  15.526 0.0000000000
153606  -48.258  5.880  16.602 0.0000000000
147513  -42.785  0.621  28.681 0.0000000000
195889  -43.511  0.874  28.248 0.0000000000
148555  -45.415  1.133  28.092 0.0000000000
148572  -44.918  1.051  26.978 0.0000000000
195677  -45.741  1.109  26.923 0.0000000000
148579  -45.654  1.002  26.293 0.0000000000
148574  -46.162  1.144  26.629 0.0000000000
151450  -51.642  3.785  26.624 0.0000000000
197806  -51.141  3.328  26.476 0.0000000000
151465  -51.284  4.151  25.490 0.0000000000
152479  -51.082  5.283  24.038 0.0000000000
151479  -50.893  4.634  24.480 0.0000000000
152478  -50.858  4.694  23.740 0.0000000000
152494  -50.737  4.773  23.014 0.0000000000
152510  -51.021  5.367  22.676 0.0000000000
153536  -50.977  5.436  22.051 0.0000000000
153537  -51.061  5.784  22.253 0.0000000000
154583  -50.292  6.783  21.733 0.0000000000
154584  -51.015  6.538  21.752 0.0000000000
155632  -50.063  7.019  21.026 0.0000000000
155648  -49.805  7.271  20.351 0.0000000000
154600  -49.001  6.990  20.896 0.0000000000
155647  -48.861  7.132  20.151 0.0000000000
154567  -47.964  5.627  22.385 0.0000000000
154599  -47.642  6.166  21.161 0.0000000000
153552  -47.457  5.568  21.817 0.0000000000
153551  -46.987  5.585  21.362 0.0000000000
153534  -46.840  5.271  21.967 0.0000000000
152412  -42.797  3.924  27.573 0.0000000000
194177  -43.402  3.858  26.235 0.0000000000
212287  -42.193  3.959  27.073 0.0000000000
152425  -40.346  4.291  26.157 0.0000000000
151454  -41.470  3.689  25.800 0.0000000000
151460  -40.590  3.800  25.178 0.0000000000
152456  -40.708  3.950  24.306 0.0000000000
152454  -39.738  4.611  24.565 0.0000000000
152469  -39.656  4.748  23.947 0.0000000000
153475  -39.366  4.884  25.104 0.0000000000
155582  -39.066  6.443  25.731 0.0000000000
154536  -38.480  5.928  24.835 0.0000000000
155591  -38.277  6.857  24.838 0.0000000000
156529  -37.966  7.210  24.325 0.0000000000
156519  -38.378  7.620  24.835 0.0000000000
142622  -46.357  -3.478  17.331 0.0000000000
143656  -46.781  -3.026  16.892 0.0000000000
143645  -45.643  -3.356  17.472 0.0000000000
143643  -44.654  -2.176  17.973 0.0000000000
143644  -44.990  -2.283  17.524 0.0000000000
144659  -44.735  -1.727  17.490 0.0000000000
145636  -44.590  -1.098  17.659 0.0000000000
144638  -42.967  -2.070  19.978 0.0000000000
144639  -43.475  -1.956  19.563 0.0000000000
145609  -43.164  -1.355  19.908 0.0000000000
146596  -43.668  -0.394  19.583 0.0000000000
146602  -43.765  -0.747  18.926 0.0000000000
146603  -44.246  -0.316  18.470 0.0000000000
146606  -44.463  -0.479  17.889 0.0000000000
147611  -44.495  0.137  18.097 0.0000000000
147612  -44.670  0.498  17.664 0.0000000000
147606  -44.415  0.341  18.704 0.0000000000
148641  -44.607  1.053  19.610 0.0000000000
149667  -45.139  1.989  18.800 0.0000000000
146504  -46.650  -0.177  31.139 0.0000000000
147482  -47.157  0.154  30.614 0.0000000000
146505  -47.233  0.090  31.287 0.0000000000
147483  -49.079  0.485  30.732 0.0000000000
147492  -48.518  0.371  30.410 0.0000000000
147493  -49.140  0.626  30.191 0.0000000000
226310  -49.214  0.772  29.743 0.0000000000
148533  -49.802  0.954  29.952 0.0000000000
148500  -50.324  1.071  33.209 0.0000000000
147462  -50.557  0.887  32.763 0.0000000000
148512  -51.561  1.363  32.444 0.0000000000
149576  -52.289  2.337  30.464 0.0000000000
148536  -52.220  1.826  30.951 0.0000000000
148551  -52.186  1.976  30.226 0.0000000000
148550  -51.800  1.802  29.622 0.0000000000
149587  -52.334  2.703  28.879 0.0000000000
149593  -52.103  2.858  28.294 0.0000000000
150533  -52.397  3.202  28.549 0.0000000000
151442  -50.476  3.934  28.496 0.0000000000
152392  -51.161  4.059  28.031 0.0000000000
152406  -50.893  4.547  27.455 0.0000000000
152419  -50.162  4.922  26.929 0.0000000000
152405  -49.955  4.547  27.540 0.0000000000
152434  -49.195  4.974  26.527 0.0000000000
152404  -49.010  4.522  27.591 0.0000000000
222867  -47.814  3.855  28.794 0.0000000000
152403  -48.022  4.432  27.533 0.0000000000
152388  -47.316  4.195  27.796 0.0000000000
152402  -46.736  4.348  27.410 0.0000000000
151447  -46.719  3.954  27.956 0.0000000000
150507  -47.520  2.505  31.481 0.0000000000
150515  -47.105  2.764  30.909 0.0000000000
151413  -45.401  3.459  30.157 0.0000000000
232196  -45.865  3.359  29.973 0.0000000000
225862  -45.200  3.467  29.612 0.0000000000
233114  -45.311  3.813  28.512 0.0000000000
151424  -44.290  3.742  29.007 0.0000000000
151436  -44.005  3.877  28.419 0.0000000000
151423  -43.634  3.793  28.931 0.0000000000
153437  -42.940  5.522  30.468 0.0000000000
152372  -42.884  4.562  29.752 0.0000000000
153441  -42.430  5.532  29.633 0.0000000000
154517  -41.968  5.923  29.251 0.0000000000
154514  -42.371  6.197  29.759 0.0000000000
150660  -45.481  2.934  11.397 0.0000000000
152605  -45.082  4.418  11.878 0.0000000000
144584  -38.978  -2.180  25.325 0.0000000000
144580  -38.740  -1.833  25.886 0.0000000000
146526  -39.030  -0.742  27.140 0.0000000000
145549  -39.404  -0.879  26.559 0.0000000000
146530  -39.678  -0.421  27.060 0.0000000000
146531  -40.298  -0.109  26.968 0.0000000000
146528  -40.139  -0.172  27.703 0.0000000000
209341  -38.502  -1.984  29.615 0.0000000000
144561  -39.141  -1.670  29.774 0.0000000000
145532  -40.353  -1.139  29.667 0.0000000000
146518  -40.823  -0.612  29.192 0.0000000000
146524  -40.969  -0.206  28.601 0.0000000000
147499  -41.442  -0.128  28.985 0.0000000000
146519  -41.865  -0.246  29.495 0.0000000000
145524  -42.657  -1.336  30.885 0.0000000000
146509  -42.746  -0.744  30.300 0.0000000000
146510  -43.635  -0.396  30.389 0.0000000000
211517  -41.335  -0.814  32.867 0.0000000000
213123  -40.894  -2.022  33.020 0.0000000000
144542  -41.910  -2.025  32.378 0.0000000000
212722  -42.372  -1.773  33.190 0.0000000000
145496  -43.525  -1.307  33.076 0.0000000000
227673  -43.190  -1.415  32.728 0.0000000000
145511  -44.187  -1.164  32.471 0.0000000000
146501  -44.467  -0.618  31.541 0.0000000000
146494  -45.000  -0.880  32.168 0.0000000000
145512  -44.715  -1.177  32.985 0.0000000000
146458  -45.122  -0.560  33.935 0.0000000000
146469  -45.467  -0.715  33.738 0.0000000000
146459  -45.795  -0.303  34.212 0.0000000000
214649  -46.227  -0.295  33.969 0.0000000000
147436  -46.256  0.046  34.466 0.0000000000
146608  -51.668  -0.181  17.680 0.0000000000
144661  -50.804  -1.404  18.211 0.0000000000
145628  -51.137  -0.806  17.997 0.0000000000
144660  -50.276  -1.524  17.852 0.0000000000
143660  -49.832  -1.694  17.435 0.0000000000
209868  -49.964  -2.240  17.784 0.0000000000
229792  -51.106  -3.806  20.515 0.0000000000
142581  -51.805  -2.887  20.819 0.0000000000
142580  -51.343  -3.355  20.328 0.0000000000
144632  -52.072  -1.810  20.296 0.0000000000
143626  -51.537  -2.410  20.093 0.0000000000
144640  -51.454  -1.957  19.432 0.0000000000
141556  -49.106  -4.356  18.822 0.0000000000
142599  -50.036  -3.349  18.775 0.0000000000
141568  -49.386  -3.800  18.532 0.0000000000
142611  -49.066  -3.542  17.995 0.0000000000
142609  -47.608  -3.803  17.769 0.0000000000
141566  -48.010  -4.204  18.167 0.0000000000
140468  -46.519  -4.887  19.059 0.0000000000
140456  -45.218  -4.691  19.630 0.0000000000
138199  -46.431  -6.806  21.104 0.0000000000
205329  -46.304  -6.916  20.708 0.0000000000
138204  -45.591  -6.452  20.895 0.0000000000
139315  -43.514  -5.448  21.385 0.0000000000
216717  -43.973  -5.301  21.123 0.0000000000
140432  -43.594  -5.115  20.880 0.0000000000
140441  -43.856  -4.818  20.449 0.0000000000
140440  -43.233  -4.821  20.591 0.0000000000
141519  -42.677  -4.647  20.795 0.0000000000
140430  -42.263  -4.971  21.209 0.0000000000
199750  -48.102  -6.649  26.591 0.0000000000
202499  -43.850  -8.286  30.530 0.0000000000
135916  -44.256  -7.992  30.113 0.0000000000
137020  -45.224  -7.813  30.043 0.0000000000
137019  -44.820  -7.773  29.687 0.0000000000
134764  -41.148  -9.016  29.165 0.0000000000
134765  -41.729  -8.813  29.381 0.0000000000
135923  -42.179  -8.468  28.930 0.0000000000
137039  -43.742  -7.752  28.328 0.0000000000
135935  -43.325  -8.022  28.720 0.0000000000
137040  -44.460  -7.682  28.529 0.0000000000
137029  -44.668  -7.725  29.143 0.0000000000
137041  -45.057  -7.581  28.640 0.0000000000
137042  -45.858  -7.415  28.084 0.0000000000
195308  -45.375  -7.371  28.065 0.0000000000
137063  -45.435  -7.080  26.654 0.0000000000
137081  -45.493  -7.001  26.060 0.0000000000
137082  -45.992  -6.962  26.125 0.0000000000
138145  -45.773  -6.926  25.687 0.0000000000
196506  -46.080  -6.655  25.279 0.0000000000
138144  -45.241  -6.984  25.718 0.0000000000
137094  -43.120  -7.561  25.342 0.0000000000
199866  -43.444  -7.270  24.786 0.0000000000
137103  -42.833  -7.448  24.554 0.0000000000
137108  -43.343  -7.159  24.065 0.0000000000
137107  -42.602  -7.260  23.922 0.0000000000
140405  -38.952  -5.194  24.259 0.0000000000
140406  -39.477  -5.186  23.871 0.0000000000
141491  -39.250  -4.570  24.100 0.0000000000
217192  -39.669  -3.971  24.124 0.0000000000
221140  -39.068  -3.937  24.371 0.0000000000
143575  -38.970  -3.294  24.713 0.0000000000
142541  -38.461  -3.900  24.648 0.0000000000
142531  -37.088  -3.623  25.701 0.0000000000
143570  -37.603  -3.164  25.520 0.0000000000
139250  -35.646  -5.939  26.372 0.0000000000
140389  -35.927  -5.336  26.142 0.0000000000
140383  -35.459  -5.298  26.566 0.0000000000
217218  -35.823  -3.683  28.129 0.0000000000
142521  -36.117  -3.368  27.768 0.0000000000
142517  -35.827  -3.815  28.693 0.0000000000
142514  -36.281  -3.689  29.156 0.0000000000
145689  -49.491  -1.394  13.152 0.0000000000
146668  -49.916  -0.683  12.853 0.0000000000
147674  -50.790  0.970  12.360 0.0000000000
146674  -49.644  -0.316  12.258 0.0000000000
147681  -50.248  1.024  11.453 0.0000000000
144680  -46.801  -2.144  16.196 0.0000000000
144697  -47.841  -1.580  15.946 0.0000000000
144696  -47.111  -1.713  15.816 0.0000000000
146652  -47.434  -0.220  14.960 0.0000000000
148681  -46.085  1.446  14.959 0.0000000000
148691  -46.408  1.559  14.459 0.0000000000
149716  -48.335  1.928  13.230 0.0000000000
148705  -49.153  1.669  13.463 0.0000000000
148706  -50.071  2.098  13.119 0.0000000000
149718  -51.049  2.251  13.008 0.0000000000
148731  -50.541  2.268  11.075 0.0000000000
148720  -50.838  1.963  11.482 0.0000000000
148730  -50.322  2.030  10.898 0.0000000000
148718  -50.009  1.464  10.873 0.0000000000
148729  -49.514  1.907  10.709 0.0000000000
148728  -48.736  1.537  10.452 0.0000000000
149741  -49.745  2.487  10.621 0.0000000000
151604  -50.004  4.266  10.457 0.0000000000
150688  -49.102  3.173  10.235 0.0000000000
151611  -48.821  3.678  10.127 0.0000000000
152627  -49.029  4.287  10.204 0.0000000000
153648  -48.910  5.763  12.556 0.0000000000
155755  -49.687  6.948  11.900 0.0000000000
154711  -49.667  6.430  11.710 0.0000000000
154717  -49.074  6.047  10.906 0.0000000000
153676  -48.215  5.112  10.719 0.0000000000
153669  -47.764  5.565  11.146 0.0000000000
156609  -48.000  7.486  12.768 0.0000000000
155743  -47.332  6.534  12.477 0.0000000000
155736  -47.534  7.014  12.870 0.0000000000
154692  -46.710  6.238  12.521 0.0000000000
155735  -46.915  6.506  13.055 0.0000000000
145556  -40.609  -1.380  25.093 0.0000000000
145560  -40.887  -1.737  24.619 0.0000000000
145557  -41.257  -1.231  24.908 0.0000000000
146543  -42.274  -0.425  24.440 0.0000000000
145580  -42.539  -0.699  23.357 0.0000000000
146554  -43.046  -0.319  23.880 0.0000000000
147534  -43.868  0.384  25.606 0.0000000000
210206  -44.208  0.345  25.125 0.0000000000
147562  -44.715  0.512  23.875 0.0000000000
146556  -44.280  0.289  24.113 0.0000000000
146565  -44.354  0.109  23.531 0.0000000000
147578  -44.335  0.255  21.885 0.0000000000
147579  -44.909  0.365  22.468 0.0000000000
148628  -45.956  1.288  21.736 0.0000000000
148619  -45.711  1.038  22.197 0.0000000000
149654  -45.965  1.957  20.643 0.0000000000
226466  -46.213  1.745  21.309 0.0000000000
147506  -47.080  0.704  29.666 0.0000000000
148544  -46.680  1.050  28.840 0.0000000000
148545  -47.475  0.948  29.077 0.0000000000
149589  -47.865  1.696  27.254 0.0000000000
148582  -47.128  1.574  26.273 0.0000000000
148586  -47.305  1.436  25.665 0.0000000000
150548  -49.918  2.848  25.397 0.0000000000
150543  -49.664  2.681  25.947 0.0000000000
149616  -49.372  2.497  24.826 0.0000000000
150555  -48.712  2.286  24.223 0.0000000000
149623  -48.061  1.946  23.788 0.0000000000
149622  -47.579  1.673  23.944 0.0000000000
196401  -47.522  1.749  23.436 0.0000000000
149628  -47.204  1.741  22.876 0.0000000000
223608  -47.710  1.987  22.864 0.0000000000
151510  -48.068  3.132  20.905 0.0000000000
204060  -47.495  2.904  20.653 0.0000000000
150593  -46.868  2.682  20.431 0.0000000000
150594  -47.260  3.142  20.029 0.0000000000
151535  -47.366  3.861  19.078 0.0000000000
151525  -47.585  3.687  19.709 0.0000000000
153582  -48.789  5.278  18.625 0.0000000000
153581  -48.129  4.870  18.331 0.0000000000
153591  -48.609  5.556  17.878 0.0000000000
154640  -49.393  6.054  17.730 0.0000000000
154617  -51.222  6.425  20.370 0.0000000000
200806  -50.626  5.904  20.026 0.0000000000
154628  -50.994  6.555  19.606 0.0000000000
208508  -50.767  7.854  17.620 0.0000000000
218672  -50.665  7.466  17.168 0.0000000000
155706  -50.529  7.363  16.715 0.0000000000
157430  -50.409  8.265  16.505 0.0000000000
157435  -50.149  8.368  15.235 0.0000000000
157429  -50.059  8.630  15.955 0.0000000000
204235  -47.461  7.427  15.634 0.0000000000
156590  -48.076  7.782  15.024 0.0000000000
156589  -47.410  7.381  14.668 0.0000000000
155719  -46.895  7.069  14.325 0.0000000000
155717  -45.681  6.533  14.933 0.0000000000
196175  -47.208  7.258  18.885 0.0000000000
155674  -46.994  7.505  18.466 0.0000000000
155659  -46.361  6.904  18.843 0.0000000000
202384  -44.714  7.130  18.645 0.0000000000
195781  -44.843  7.319  18.182 0.0000000000
152445  -47.638  5.065  25.114 0.0000000000
213247  -47.875  5.280  24.336 0.0000000000
152462  -47.144  5.059  24.613 0.0000000000
152476  -45.750  4.553  23.605 0.0000000000
152477  -46.387  4.874  23.764 0.0000000000
152492  -45.684  4.588  22.895 0.0000000000
231194  -46.102  4.833  22.560 0.0000000000
152507  -45.590  4.738  22.203 0.0000000000
151464  -43.206  3.802  24.966 0.0000000000
152440  -43.889  3.900  24.696 0.0000000000
151476  -43.341  3.796  24.265 0.0000000000
152503  -42.880  4.534  22.122 0.0000000000
216483  -43.368  4.316  22.484 0.0000000000
152518  -43.279  4.926  21.600 0.0000000000
152519  -43.967  4.900  21.616 0.0000000000
154596  -43.308  5.905  20.787 0.0000000000
154595  -42.725  5.985  20.840 0.0000000000
209445  -41.376  7.296  20.414 0.0000000000
154623  -41.239  6.594  19.352 0.0000000000
154622  -40.623  6.464  19.492 0.0000000000
155641  -39.579  7.027  19.960 0.0000000000
154608  -39.705  6.539  19.764 0.0000000000
154607  -39.049  6.676  19.715 0.0000000000
155640  -38.755  7.090  19.837 0.0000000000
154554  -38.482  5.867  23.158 0.0000000000
154564  -38.865  6.110  22.537 0.0000000000
154575  -38.628  6.740  21.978 0.0000000000
155629  -37.839  7.582  20.235 0.0000000000
155638  -37.445  7.148  19.628 0.0000000000
158159  -41.950  8.987  25.760 0.0000000000
157358  -40.768  8.227  25.900 0.0000000000
157372  -41.216  8.731  25.570 0.0000000000
198530  -39.936  9.350  24.484 0.0000000000
158193  -38.931  9.449  23.910 0.0000000000
143592  -41.168  -2.755  22.427 0.0000000000
144603  -41.250  -2.136  22.958 0.0000000000
144594  -41.242  -1.854  23.712 0.0000000000
149486  -50.072  2.248  36.135 0.0000000000
150468  -49.728  2.704  35.303 0.0000000000
150480  -48.252  2.987  34.339 0.0000000000
151362  -48.123  3.788  34.598 0.0000000000
153407  -48.036  5.167  34.706 0.0000000000
147694  -47.549  0.623  9.616 0.0000000000
142503  -36.352  -3.497  31.484 0.0000000000
142504  -36.911  -3.267  31.384 0.0000000000
139285  -49.456  -5.826  23.607 0.0000000000
139284  -48.803  -6.092  23.448 0.0000000000
197470  -48.076  -6.171  23.285 0.0000000000
139282  -46.830  -6.109  23.659 0.0000000000
138175  -46.339  -6.220  24.179 0.0000000000
216716  -35.776  -8.163  26.435 0.0000000000
135943  -35.194  -8.593  27.254 0.0000000000
145651  -49.329  -1.019  16.487 0.0000000000
145666  -48.989  -0.744  15.980 0.0000000000
149674  -45.168  1.926  18.058 0.0000000000
150628  -45.424  2.430  16.813 0.0000000000
150621  -45.408  2.631  17.591 0.0000000000
152566  -46.249  4.160  16.595 0.0000000000
152567  -46.755  4.621  16.765 0.0000000000
152559  -46.877  4.522  17.297 0.0000000000
147514  -44.128  0.860  28.691 0.0000000000
147503  -44.656  0.883  29.001 0.0000000000
148556  -46.100  1.114  28.094 0.0000000000
153469  -51.322  4.948  26.149 0.0000000000
152446  -51.362  4.811  25.725 0.0000000000
153479  -50.950  5.275  25.133 0.0000000000
153492  -51.034  5.548  24.330 0.0000000000
153505  -51.192  5.706  23.608 0.0000000000
153520  -51.133  5.697  22.922 0.0000000000
154558  -50.989  5.914  23.107 0.0000000000
207894  -50.419  6.476  22.364 0.0000000000
208758  -49.493  6.339  22.149 0.0000000000
154568  -48.797  5.993  22.637 0.0000000000
152381  -41.655  4.581  28.204 0.0000000000
152411  -41.373  4.207  26.944 0.0000000000
153457  -40.976  4.902  27.270 0.0000000000
152410  -40.627  4.556  26.778 0.0000000000
153465  -39.994  4.894  26.502 0.0000000000
153463  -39.222  5.259  25.617 0.0000000000
153464  -39.567  5.292  26.213 0.0000000000
155583  -39.528  6.398  26.225 0.0000000000
208244  -39.495  7.027  25.885 0.0000000000
142598  -45.231  -3.504  18.564 0.0000000000
142597  -44.721  -3.193  18.708 0.0000000000
143633  -44.538  -2.584  18.496 0.0000000000
143632  -44.220  -2.349  18.890 0.0000000000
145600  -42.828  -1.052  20.518 0.0000000000
145601  -43.234  -0.660  20.070 0.0000000000
147599  -44.099  0.207  19.799 0.0000000000
147592  -44.364  0.716  19.917 0.0000000000
148634  -44.681  0.944  20.250 0.0000000000
146497  -47.320  -0.159  31.993 0.0000000000
147475  -48.097  0.131  31.561 0.0000000000
147459  -47.928  0.142  32.419 0.0000000000
147476  -48.983  0.348  31.452 0.0000000000
197185  -49.670  0.727  31.299 0.0000000000
149541  -51.216  2.095  32.401 0.0000000000
211201  -51.973  2.024  32.099 0.0000000000
149560  -51.759  2.080  31.998 0.0000000000
150519  -51.774  2.612  30.784 0.0000000000
150527  -51.946  2.857  30.153 0.0000000000
151421  -52.281  3.280  29.245 0.0000000000
151420  -51.790  3.293  29.579 0.0000000000
151431  -51.131  3.622  29.065 0.0000000000
151441  -49.417  4.084  28.719 0.0000000000
151440  -48.519  4.034  28.805 0.0000000000
151428  -48.127  3.603  29.372 0.0000000000
150505  -46.163  3.371  32.004 0.0000000000
196612  -46.161  3.107  31.421 0.0000000000
151406  -45.725  3.457  31.484 0.0000000000
151405  -44.824  3.952  31.280 0.0000000000
151409  -44.700  3.736  30.577 0.0000000000
152374  -43.966  3.882  30.261 0.0000000000
152369  -43.682  4.551  30.628 0.0000000000
153438  -43.536  5.335  30.872 0.0000000000
154512  -43.234  6.027  30.776 0.0000000000
150668  -46.070  2.910  11.053 0.0000000000
144573  -38.040  -1.783  26.763 0.0000000000
144574  -38.521  -1.505  26.447 0.0000000000
145544  -38.840  -0.981  27.783 0.0000000000
144555  -39.491  -2.117  30.396 0.0000000000
144556  -40.093  -2.087  30.547 0.0000000000
145521  -40.651  -1.706  30.369 0.0000000000
145533  -41.018  -1.057  29.927 0.0000000000
234090  -41.583  -1.024  30.115 0.0000000000
145522  -41.340  -1.446  30.499 0.0000000000
146481  -42.529  -0.900  33.165 0.0000000000
145481  -42.591  -1.449  33.240 0.0000000000
146465  -43.107  -1.062  33.547 0.0000000000
145483  -43.796  -1.074  33.577 0.0000000000
145484  -44.448  -0.997  33.602 0.0000000000
146457  -44.623  -0.768  33.773 0.0000000000
219585  -52.058  -0.345  17.958 0.0000000000
202036  -52.141  -0.603  18.360 0.0000000000
145620  -51.401  -1.092  18.520 0.0000000000
144651  -51.019  -1.857  18.824 0.0000000000
141533  -50.741  -4.247  20.719 0.0000000000
141545  -50.824  -3.813  20.072 0.0000000000
142590  -50.398  -3.669  19.429 0.0000000000
141555  -48.411  -4.559  18.623 0.0000000000
141554  -47.673  -4.632  18.544 0.0000000000
140470  -48.101  -5.042  18.973 0.0000000000
140458  -47.020  -5.476  19.469 0.0000000000
139337  -46.612  -5.962  19.926 0.0000000000
137114  -44.904  -6.029  22.043 0.0000000000
137124  -45.293  -5.946  21.132 0.0000000000
137113  -44.442  -6.001  21.981 0.0000000000
139314  -43.002  -5.574  21.604 0.0000000000
140424  -41.973  -5.226  21.636 0.0000000000
135932  -41.353  -8.479  28.163 0.0000000000
135933  -41.974  -8.266  28.311 0.0000000000
135948  -42.365  -7.901  27.969 0.0000000000
137049  -43.006  -7.801  28.129 0.0000000000
137050  -43.476  -7.684  27.694 0.0000000000
227092  -44.626  -7.380  27.468 0.0000000000
195627  -44.084  -7.576  27.107 0.0000000000
230087  -44.370  -7.437  26.386 0.0000000000
194475  -44.585  -7.119  25.725 0.0000000000
137080  -43.826  -7.458  25.925 0.0000000000
139270  -38.701  -5.805  24.512 0.0000000000
140404  -38.380  -5.143  24.634 0.0000000000
141489  -38.148  -4.526  24.800 0.0000000000
218873  -37.975  -4.013  24.952 0.0000000000
141483  -37.582  -4.548  25.141 0.0000000000
141482  -37.081  -4.256  25.457 0.0000000000
141476  -36.711  -4.072  25.855 0.0000000000
146669  -50.496  -0.134  13.278 0.0000000000
147675  -51.326  1.358  12.992 0.0000000000
145663  -46.804  -1.174  15.691 0.0000000000
146636  -46.472  -0.645  15.583 0.0000000000
147631  -46.738  -0.183  15.180 0.0000000000
147643  -47.015  0.342  14.760 0.0000000000
150647  -46.807  2.722  13.888 0.0000000000
149705  -46.661  2.029  14.103 0.0000000000
149715  -47.699  2.381  13.136 0.0000000000
150655  -48.470  2.548  12.754 0.0000000000
149725  -49.423  2.457  12.641 0.0000000000
149726  -50.407  2.541  12.506 0.0000000000
150662  -49.600  3.006  12.187 0.0000000000
150671  -50.522  3.064  11.559 0.0000000000
151597  -50.571  3.332  11.142 0.0000000000
150680  -50.349  3.353  10.745 0.0000000000
151605  -50.355  4.045  10.752 0.0000000000
152618  -50.105  4.682  10.655 0.0000000000
154685  -48.845  6.347  13.862 0.0000000000
154693  -49.340  6.382  12.997 0.0000000000
154702  -49.823  6.973  12.814 0.0000000000
156622  -49.547  7.234  11.999 0.0000000000
155753  -48.564  6.861  11.705 0.0000000000
156616  -48.993  7.553  12.221 0.0000000000
156611  -49.029  7.950  12.906 0.0000000000
157448  -48.966  8.222  13.324 0.0000000000
146535  -40.692  -0.513  25.881 0.0000000000
146540  -41.567  -0.626  25.157 0.0000000000
146542  -42.780  -0.023  24.655 0.0000000000
207409  -44.795  0.611  25.382 0.0000000000
202823  -44.603  0.509  24.901 0.0000000000
147552  -44.953  0.714  24.629 0.0000000000
209199  -44.906  0.727  24.201 0.0000000000
147563  -45.299  0.651  23.646 0.0000000000
147572  -45.404  0.515  22.974 0.0000000000
147564  -45.826  0.688  23.264 0.0000000000
148620  -46.165  1.171  22.465 0.0000000000
148559  -48.642  1.161  28.651 0.0000000000
148558  -47.884  1.128  28.496 0.0000000000
149590  -48.687  1.854  27.433 0.0000000000
149596  -48.263  1.896  26.725 0.0000000000
151477  -49.718  3.286  23.757 0.0000000000
150556  -49.375  2.792  24.255 0.0000000000
150564  -49.168  2.874  23.169 0.0000000000
150570  -48.639  2.559  22.780 0.0000000000
149639  -48.111  2.310  22.490 0.0000000000
151526  -48.112  4.035  20.025 0.0000000000
152537  -47.952  4.171  19.353 0.0000000000
152538  -48.548  4.477  19.617 0.0000000000
153573  -48.973  4.994  19.259 0.0000000000
153574  -49.534  5.266  19.541 0.0000000000
156560  -50.991  7.408  19.319 0.0000000000
155678  -51.210  7.201  19.498 0.0000000000
156567  -50.678  7.645  18.695 0.0000000000
156575  -50.573  8.076  18.233 0.0000000000
157419  -49.733  8.397  17.460 0.0000000000
157428  -49.398  8.586  16.462 0.0000000000
156580  -48.695  8.282  17.004 0.0000000000
156584  -47.277  7.343  16.470 0.0000000000
217482  -46.745  7.275  15.947 0.0000000000
198356  -47.208  7.342  17.045 0.0000000000
155704  -46.612  7.169  16.784 0.0000000000
154627  -46.484  6.618  19.605 0.0000000000
155658  -45.329  6.773  18.940 0.0000000000
152431  -46.755  4.625  26.111 0.0000000000
199174  -46.546  4.804  25.008 0.0000000000
152459  -45.147  4.392  24.076 0.0000000000
151486  -42.066  3.920  23.548 0.0000000000
151496  -43.025  4.008  23.240 0.0000000000
152487  -41.890  4.203  23.020 0.0000000000
207483  -42.160  4.809  22.115 0.0000000000
153530  -42.588  5.111  21.621 0.0000000000
153545  -42.335  5.722  21.120 0.0000000000
154580  -41.839  6.197  21.172 0.0000000000
229850  -39.823  7.073  20.194 0.0000000000
155623  -39.556  7.002  20.850 0.0000000000
155614  -37.776  6.634  22.931 0.0000000000
200320  -38.127  6.899  22.274 0.0000000000
155620  -37.631  7.442  22.074 0.0000000000
156543  -37.722  7.834  20.874 0.0000000000
156548  -37.320  8.062  20.062 0.0000000000
157408  -36.704  8.393  19.767 0.0000000000
142578  -42.688  -3.399  20.299 0.0000000000
222140  -43.029  -3.215  19.785 0.0000000000
143614  -42.394  -2.787  20.658 0.0000000000
144631  -42.530  -2.139  20.471 0.0000000000
144620  -41.954  -2.029  21.498 0.0000000000
144621  -42.303  -1.550  20.863 0.0000000000
146572  -42.954  -0.582  21.978 0.0000000000
147448  -49.738  0.530  33.938 0.0000000000
147440  -49.382  0.537  34.725 0.0000000000
147441  -50.035  0.815  34.179 0.0000000000
149524  -50.015  1.394  33.701 0.0000000000
149513  -49.914  1.486  34.968 0.0000000000
196733  -50.724  1.539  33.045 0.0000000000
149540  -50.364  2.011  32.807 0.0000000000
149558  -49.793  2.080  32.105 0.0000000000
149566  -49.207  2.297  31.385 0.0000000000
150516  -48.713  2.636  30.803 0.0000000000
150508  -48.325  2.473  31.422 0.0000000000
149556  -48.001  2.331  32.034 0.0000000000
150493  -47.324  2.568  32.202 0.0000000000
150479  -47.805  2.852  33.601 0.0000000000
151387  -47.147  3.191  33.312 0.0000000000
150492  -46.778  3.076  32.546 0.0000000000
151385  -46.257  4.141  32.862 0.0000000000
152355  -45.888  4.579  32.611 0.0000000000
153431  -45.919  5.198  32.801 0.0000000000
150677  -47.307  2.877  10.620 0.0000000000
143544  -37.217  -3.044  29.361 0.0000000000
144558  -37.505  -2.506  29.091 0.0000000000
143545  -37.803  -2.872  29.675 0.0000000000
144553  -38.317  -2.621  29.941 0.0000000000
143537  -38.587  -2.877  30.611 0.0000000000
142505  -37.609  -3.193  31.377 0.0000000000
143529  -38.175  -3.091  31.082 0.0000000000
143538  -39.179  -2.680  30.883 0.0000000000
140434  -49.821  -5.647  21.468 0.0000000000
139328  -49.191  -5.838  20.996 0.0000000000
139327  -48.414  -6.182  20.592 0.0000000000
139318  -48.542  -6.140  21.241 0.0000000000
138200  -47.313  -6.567  21.195 0.0000000000
138191  -46.252  -6.164  21.710 0.0000000000
195867  -47.209  -6.109  22.430 0.0000000000
139308  -46.509  -6.097  22.338 0.0000000000
138190  -45.841  -6.037  22.061 0.0000000000
138189  -45.093  -6.052  22.282 0.0000000000
138181  -43.865  -6.343  22.828 0.0000000000
138180  -43.119  -6.432  22.969 0.0000000000
133641  -40.761  -9.387  30.161 0.0000000000
133653  -40.217  -9.644  29.651 0.0000000000
134763  -40.559  -9.264  28.992 0.0000000000
134777  -40.322  -9.202  28.275 0.0000000000
134778  -40.943  -8.881  28.540 0.0000000000
134790  -40.719  -8.717  27.983 0.0000000000
138150  -36.748  -6.369  25.493 0.0000000000
138143  -36.257  -6.662  25.829 0.0000000000
138142  -35.714  -6.709  26.184 0.0000000000
216180  -35.340  -6.385  26.627 0.0000000000
210649  -34.586  -7.025  26.916 0.0000000000
138134  -34.850  -6.371  27.016 0.0000000000
205531  -45.071  0.587  16.755 0.0000000000
147629  -45.675  0.603  15.809 0.0000000000
148670  -45.232  1.110  16.239 0.0000000000
149692  -45.773  1.983  15.268 0.0000000000
150634  -45.480  2.294  16.236 0.0000000000
150635  -45.693  2.583  15.648 0.0000000000
150646  -46.389  2.657  14.439 0.0000000000
151572  -46.598  3.275  14.218 0.0000000000
151579  -46.969  3.300  13.718 0.0000000000
152606  -48.561  4.320  12.349 0.0000000000
152591  -47.496  4.490  13.507 0.0000000000
153636  -47.754  5.228  13.842 0.0000000000
153625  -47.540  5.391  14.545 0.0000000000
154684  -48.103  5.868  14.173 0.0000000000
209591  -48.651  6.322  14.620 0.0000000000
154677  -48.583  6.254  15.189 0.0000000000
154669  -48.931  6.459  15.765 0.0000000000
147517  -42.030  0.435  27.678 0.0000000000
147525  -42.424  0.589  26.953 0.0000000000
147526  -43.174  0.804  26.735 0.0000000000
203156  -43.965  0.901  26.343 0.0000000000
148553  -44.239  1.047  27.859 0.0000000000
147520  -44.416  1.055  27.048 0.0000000000
147527  -44.703  0.900  26.430 0.0000000000
147528  -45.065  0.807  26.005 0.0000000000
147537  -45.798  0.926  25.348 0.0000000000
195036  -46.367  1.027  25.525 0.0000000000
149598  -50.970  2.628  27.427 0.0000000000
149597  -50.186  2.193  27.191 0.0000000000
150539  -50.616  2.844  26.790 0.0000000000
150544  -50.477  3.064  26.059 0.0000000000
229062  -50.765  4.002  24.884 0.0000000000
151489  -50.180  4.113  23.394 0.0000000000
151498  -50.141  4.182  22.651 0.0000000000
152508  -49.931  4.292  22.017 0.0000000000
152521  -50.331  4.952  21.712 0.0000000000
153553  -51.050  5.630  21.343 0.0000000000
154618  -51.669  6.872  20.746 0.0000000000
154585  -51.276  6.200  21.710 0.0000000000
154601  -51.514  6.628  21.112 0.0000000000
228926  -51.621  7.063  20.460 0.0000000000
155664  -50.593  7.474  19.843 0.0000000000
155676  -48.421  7.648  18.916 0.0000000000
155662  -48.648  7.349  19.492 0.0000000000
155661  -47.846  7.240  19.270 0.0000000000
224713  -47.551  6.802  19.786 0.0000000000
213227  -48.371  6.537  21.359 0.0000000000
154615  -47.583  6.578  20.393 0.0000000000
154614  -47.000  6.493  20.022 0.0000000000
154597  -46.195  6.122  20.284 0.0000000000
153563  -45.559  5.573  20.806 0.0000000000
152413  -44.340  4.157  26.718 0.0000000000
195618  -44.584  4.286  25.612 0.0000000000
152429  -44.125  4.094  26.196 0.0000000000
151456  -42.968  3.806  25.652 0.0000000000
151463  -42.525  3.686  25.128 0.0000000000
152427  -41.830  3.775  26.421 0.0000000000
151462  -41.838  3.673  25.173 0.0000000000
225259  -42.125  3.646  24.677 0.0000000000
151485  -41.615  3.852  23.831 0.0000000000
152485  -40.690  4.687  23.266 0.0000000000
153514  -40.395  5.173  22.811 0.0000000000
153513  -39.713  5.318  22.920 0.0000000000
153497  -38.730  5.483  23.714 0.0000000000
154553  -38.059  5.920  23.771 0.0000000000
153474  -38.916  5.412  24.952 0.0000000000
153487  -38.515  5.644  24.339 0.0000000000
155609  -37.727  6.257  23.495 0.0000000000
155608  -37.530  6.686  23.518 0.0000000000
205594  -37.372  7.133  23.465 0.0000000000
157385  -37.313  8.424  23.069 0.0000000000
143657  -47.556  -2.985  16.902 0.0000000000
143673  -47.913  -2.529  16.516 0.0000000000
143671  -46.454  -2.577  16.529 0.0000000000
144679  -46.251  -2.100  16.372 0.0000000000
143654  -45.444  -2.653  17.261 0.0000000000
144668  -45.872  -2.305  16.779 0.0000000000
144678  -45.795  -1.719  16.489 0.0000000000
145647  -45.283  -1.229  16.580 0.0000000000
146616  -45.039  -0.629  16.799 0.0000000000
143623  -43.239  -2.630  19.641 0.0000000000
144658  -44.348  -1.840  18.519 0.0000000000
145619  -43.662  -1.348  19.357 0.0000000000
227979  -44.022  -1.338  18.830 0.0000000000
146615  -44.744  -0.561  17.354 0.0000000000
147618  -44.967  0.081  17.191 0.0000000000
203176  -44.854  0.722  17.229 0.0000000000
148659  -44.915  1.186  17.705 0.0000000000
148645  -44.578  0.964  18.946 0.0000000000
148653  -44.802  1.425  18.500 0.0000000000
150604  -45.461  2.436  19.018 0.0000000000
147480  -45.704  -0.074  30.773 0.0000000000
147489  -46.062  0.325  30.222 0.0000000000
206434  -47.338  0.388  30.115 0.0000000000
147507  -47.761  0.668  29.754 0.0000000000
196843  -47.886  0.208  30.799 0.0000000000
148547  -48.967  0.888  29.282 0.0000000000
147461  -49.863  0.470  33.094 0.0000000000
147478  -50.456  0.923  31.951 0.0000000000
210657  -50.370  0.951  31.245 0.0000000000
148526  -51.854  1.244  31.939 0.0000000000
148530  -51.835  1.336  31.323 0.0000000000
148529  -50.894  1.105  30.881 0.0000000000
148549  -50.729  1.286  29.594 0.0000000000
148562  -51.257  1.769  28.991 0.0000000000
198298  -50.776  1.958  28.333 0.0000000000
149592  -51.274  2.561  28.108 0.0000000000
150541  -51.709  3.599  27.382 0.0000000000
151451  -51.754  3.988  27.079 0.0000000000
151444  -51.841  3.712  28.250 0.0000000000
152408  -51.616  3.901  27.871 0.0000000000
153461  -51.551  4.578  26.632 0.0000000000
153460  -51.121  4.850  26.765 0.0000000000
153468  -50.754  5.287  25.859 0.0000000000
153477  -49.987  5.464  25.573 0.0000000000
153476  -49.163  5.398  25.123 0.0000000000
153467  -49.138  5.204  25.850 0.0000000000
152433  -48.421  4.938  26.155 0.0000000000
214613  -47.876  4.764  26.378 0.0000000000
152417  -47.612  4.581  26.819 0.0000000000
194567  -47.288  4.758  26.255 0.0000000000
152416  -46.857  4.513  26.728 0.0000000000
152415  -46.083  4.427  27.012 0.0000000000
152414  -45.309  4.370  26.955 0.0000000000
150524  -48.308  2.973  30.314 0.0000000000
151416  -47.569  3.353  29.712 0.0000000000
151415  -46.943  3.257  29.754 0.0000000000
150512  -46.037  3.246  30.395 0.0000000000
151414  -46.273  3.291  29.868 0.0000000000
151439  -46.503  3.665  28.524 0.0000000000
152387  -45.833  3.998  28.175 0.0000000000
210323  -45.592  4.316  27.576 0.0000000000
152400  -44.918  4.236  27.455 0.0000000000
152399  -44.210  4.134  27.308 0.0000000000
194253  -43.770  3.991  27.905 0.0000000000
152397  -43.149  3.932  28.015 0.0000000000
152378  -43.140  3.967  29.296 0.0000000000
152377  -42.770  4.259  29.146 0.0000000000
152382  -42.210  4.327  28.467 0.0000000000
153450  -41.887  4.883  28.759 0.0000000000
154516  -41.461  5.967  28.740 0.0000000000
210083  -41.295  6.465  28.518 0.0000000000
144589  -39.903  -2.379  24.550 0.0000000000
144590  -40.472  -2.130  24.298 0.0000000000
144585  -39.620  -2.043  25.053 0.0000000000
145555  -39.976  -1.526  25.330 0.0000000000
145553  -40.327  -0.992  25.633 0.0000000000
145551  -39.096  -1.357  26.176 0.0000000000
145552  -39.723  -1.191  25.946 0.0000000000
146532  -40.892  -0.001  26.445 0.0000000000
144566  -38.239  -1.752  28.889 0.0000000000
145538  -38.787  -1.215  28.622 0.0000000000
145545  -39.191  -0.792  28.255 0.0000000000
145531  -39.663  -1.247  29.422 0.0000000000
145539  -39.390  -0.931  28.849 0.0000000000
146522  -39.731  -0.519  28.343 0.0000000000
146523  -40.423  -0.342  28.491 0.0000000000
147510  -40.827  0.026  28.056 0.0000000000
147516  -41.398  0.202  27.796 0.0000000000
195936  -42.270  0.504  28.309 0.0000000000
147501  -42.742  0.317  29.350 0.0000000000
146508  -42.013  -0.660  29.976 0.0000000000
220954  -43.763  0.220  29.841 0.0000000000
147487  -44.391  0.170  30.119 0.0000000000
232127  -44.715  0.011  30.491 0.0000000000
145508  -42.555  -1.877  32.030 0.0000000000
145517  -42.919  -1.624  31.462 0.0000000000
145495  -42.796  -1.489  33.107 0.0000000000
145509  -43.007  -1.631  32.306 0.0000000000
145518  -43.409  -1.265  31.656 0.0000000000
146500  -43.765  -0.661  31.228 0.0000000000
146512  -44.981  -0.185  30.858 0.0000000000
226729  -46.268  -0.404  31.604 0.0000000000
146495  -46.092  -0.575  32.344 0.0000000000
145485  -45.070  -1.011  33.364 0.0000000000
146484  -46.716  -0.331  32.534 0.0000000000
146470  -46.797  -0.242  33.428 0.0000000000
146471  -47.436  -0.076  33.680 0.0000000000
146461  -47.949  -0.038  34.391 0.0000000000
147425  -46.582  0.336  34.667 0.0000000000
146607  -51.226  -0.400  17.868 0.0000000000
145640  -50.797  -0.440  17.700 0.0000000000
145639  -50.173  -0.897  17.509 0.0000000000
144670  -49.314  -2.000  17.031 0.0000000000
143659  -49.013  -2.637  17.185 0.0000000000
143635  -50.444  -2.587  18.818 0.0000000000
143647  -49.981  -2.763  18.271 0.0000000000
143646  -49.457  -2.909  17.715 0.0000000000
142625  -48.727  -3.269  17.419 0.0000000000
142624  -48.004  -3.443  17.271 0.0000000000
142608  -46.848  -3.833  17.786 0.0000000000
142607  -46.128  -3.810  17.978 0.0000000000
141553  -46.946  -4.569  18.549 0.0000000000
141552  -46.301  -4.322  18.535 0.0000000000
141551  -45.732  -3.936  18.531 0.0000000000
141541  -45.304  -4.069  18.993 0.0000000000
231732  -44.886  -4.076  19.391 0.0000000000
141540  -43.851  -4.044  19.772 0.0000000000
139326  -47.701  -6.581  20.376 0.0000000000
139336  -45.765  -5.462  20.111 0.0000000000
138197  -45.187  -5.765  20.978 0.0000000000
139322  -45.018  -5.344  20.568 0.0000000000
233173  -45.129  -5.092  20.111 0.0000000000
140442  -44.572  -4.832  20.206 0.0000000000
141532  -44.066  -4.489  20.110 0.0000000000
141529  -42.616  -4.062  20.532 0.0000000000
234883  -41.914  -3.853  21.171 0.0000000000
141517  -41.644  -4.109  21.461 0.0000000000
142552  -40.873  -3.427  22.722 0.0000000000
223016  -40.390  -3.222  23.869 0.0000000000
139252  -48.017  -6.286  25.490 0.0000000000
197271  -45.957  -7.663  30.158 0.0000000000
137022  -46.408  -7.506  29.748 0.0000000000
137032  -46.170  -7.468  29.226 0.0000000000
134755  -41.908  -9.015  30.030 0.0000000000
135914  -43.079  -8.405  29.846 0.0000000000
135925  -43.571  -8.082  29.400 0.0000000000
135926  -44.206  -7.835  29.609 0.0000000000
137030  -45.227  -7.588  29.159 0.0000000000
224722  -46.614  -7.410  28.959 0.0000000000
137043  -46.127  -7.452  28.677 0.0000000000
214844  -46.366  -7.502  28.095 0.0000000000
138128  -46.681  -7.238  27.023 0.0000000000
137052  -45.129  -7.237  27.415 0.0000000000
137065  -46.175  -7.297  26.960 0.0000000000
138137  -47.150  -6.891  26.498 0.0000000000
138146  -46.728  -6.742  25.905 0.0000000000
138157  -47.242  -6.440  25.548 0.0000000000
139263  -47.411  -6.221  25.121 0.0000000000
138165  -46.443  -6.247  24.858 0.0000000000
198121  -45.813  -6.506  24.631 0.0000000000
138164  -45.128  -6.688  24.681 0.0000000000
137096  -44.421  -6.975  25.161 0.0000000000
138163  -44.567  -6.811  24.717 0.0000000000
195955  -44.615  -6.644  24.018 0.0000000000
138173  -44.008  -6.877  23.934 0.0000000000
194227  -41.665  -8.153  25.791 0.0000000000
137092  -41.147  -7.827  25.236 0.0000000000
137093  -41.821  -7.793  25.088 0.0000000000
223616  -40.697  -7.628  24.767 0.0000000000
137102  -42.021  -7.448  24.316 0.0000000000
137106  -41.278  -7.215  23.835 0.0000000000
138171  -42.001  -7.110  23.395 0.0000000000
138178  -41.755  -6.580  22.831 0.0000000000
142542  -40.021  -3.408  24.170 0.0000000000
143576  -39.661  -2.966  24.476 0.0000000000
143572  -38.673  -2.785  25.203 0.0000000000
143568  -38.397  -2.354  25.665 0.0000000000
142537  -38.201  -3.399  25.095 0.0000000000
143567  -37.729  -2.525  25.935 0.0000000000
143563  -37.094  -2.563  27.188 0.0000000000
143558  -37.044  -2.666  27.935 0.0000000000
140390  -36.439  -5.326  25.836 0.0000000000
211260  -36.105  -4.833  25.938 0.0000000000
143557  -36.579  -3.065  28.200 0.0000000000
143552  -37.016  -2.722  28.701 0.0000000000
142515  -36.752  -3.493  29.667 0.0000000000
141441  -35.662  -4.266  30.393 0.0000000000
141442  -36.187  -4.040  30.715 0.0000000000
142507  -36.069  -3.907  31.262 0.0000000000
145694  -48.670  -1.479  12.121 0.0000000000
146681  -48.505  -0.335  11.104 0.0000000000
146689  -48.683  0.388  10.845 0.0000000000
145665  -48.248  -1.056  15.682 0.0000000000
146638  -47.853  -0.686  15.266 0.0000000000
146639  -48.638  -0.473  15.440 0.0000000000
147642  -46.078  0.779  15.224 0.0000000000
147656  -46.567  0.966  14.686 0.0000000000
147657  -47.283  0.850  14.352 0.0000000000
225839  -47.074  1.704  13.760 0.0000000000
148694  -49.122  1.282  14.057 0.0000000000
148695  -50.121  1.669  13.838 0.0000000000
149709  -51.251  2.095  13.283 0.0000000000
148712  -51.345  1.650  12.522 0.0000000000
149728  -50.901  2.263  12.092 0.0000000000
218505  -51.125  1.893  12.163 0.0000000000
147689  -49.321  0.942  10.950 0.0000000000
147688  -48.449  0.888  10.357 0.0000000000
147695  -48.014  0.924  10.140 0.0000000000
148737  -48.273  1.764  10.634 0.0000000000
149749  -49.292  2.753  10.438 0.0000000000
149748  -48.657  2.609  10.522 0.0000000000
216532  -47.786  1.808  10.702 0.0000000000
149747  -48.042  2.447  10.676 0.0000000000
150678  -47.740  2.958  10.462 0.0000000000
202881  -47.363  3.272  10.529 0.0000000000
152607  -49.313  4.758  11.871 0.0000000000
152608  -49.987  4.998  11.361 0.0000000000
153670  -49.969  5.113  10.986 0.0000000000
154718  -49.628  5.727  11.099 0.0000000000
152623  -49.635  4.733  10.369 0.0000000000
152622  -48.734  4.712  10.315 0.0000000000
152621  -47.819  4.387  10.572 0.0000000000
151602  -47.000  3.554  10.721 0.0000000000
151594  -47.150  4.104  10.801 0.0000000000
152616  -46.810  4.604  11.108 0.0000000000
153667  -46.495  5.112  11.514 0.0000000000
154700  -47.731  6.490  11.919 0.0000000000
153658  -46.768  5.814  11.750 0.0000000000
153657  -46.196  5.582  11.964 0.0000000000
154698  -46.105  5.954  12.470 0.0000000000
144591  -40.984  -1.916  24.168 0.0000000000
145568  -41.775  -1.260  23.847 0.0000000000
145558  -41.821  -0.957  24.735 0.0000000000
207878  -42.102  -1.096  23.499 0.0000000000
206578  -43.239  -0.429  22.593 0.0000000000
200396  -42.820  0.484  26.231 0.0000000000
147540  -43.116  0.135  25.011 0.0000000000
147549  -43.295  0.094  24.659 0.0000000000
227217  -44.229  0.285  24.765 0.0000000000
146546  -44.033  0.163  24.468 0.0000000000
146545  -43.479  0.041  24.372 0.0000000000
146564  -43.818  -0.214  23.023 0.0000000000
146573  -43.666  -0.157  22.116 0.0000000000
147585  -44.457  0.411  21.227 0.0000000000
148626  -44.873  0.698  20.959 0.0000000000
147580  -45.347  0.774  22.312 0.0000000000
148627  -45.406  0.967  21.501 0.0000000000
148635  -45.182  1.186  20.663 0.0000000000
149653  -45.476  1.679  20.320 0.0000000000
149661  -45.766  2.129  20.056 0.0000000000
150599  -45.892  2.598  19.517 0.0000000000
147505  -46.373  0.652  29.580 0.0000000000
148568  -47.491  1.348  27.746 0.0000000000
148567  -46.823  1.301  27.518 0.0000000000
199428  -46.541  1.356  26.945 0.0000000000
148575  -46.607  1.252  26.434 0.0000000000
148581  -46.717  1.218  25.870 0.0000000000
149603  -49.120  2.320  26.104 0.0000000000
149606  -48.492  2.055  25.603 0.0000000000
149615  -48.635  2.111  24.935 0.0000000000
149605  -47.879  1.736  25.535 0.0000000000
148596  -47.420  1.553  24.970 0.0000000000
148606  -47.278  1.470  24.248 0.0000000000
148612  -46.953  1.386  23.345 0.0000000000
148621  -46.699  1.389  22.720 0.0000000000
149647  -47.396  2.165  21.674 0.0000000000
149646  -46.797  1.951  21.513 0.0000000000
149655  -46.533  2.190  20.856 0.0000000000
150600  -46.623  2.882  19.759 0.0000000000
150606  -46.464  3.035  19.060 0.0000000000
151534  -46.815  3.555  18.779 0.0000000000
152543  -47.051  4.116  18.493 0.0000000000
152552  -47.434  4.503  18.114 0.0000000000
154660  -48.974  6.297  16.418 0.0000000000
154670  -49.687  6.658  16.178 0.0000000000
153564  -49.968  5.234  20.133 0.0000000000
153583  -50.024  6.121  18.506 0.0000000000
154634  -50.959  6.926  18.918 0.0000000000
154633  -50.547  6.668  18.469 0.0000000000
154641  -50.038  6.371  18.051 0.0000000000
154650  -50.047  6.653  17.455 0.0000000000
155705  -50.326  7.003  16.264 0.0000000000
203923  -50.460  7.194  15.489 0.0000000000
156599  -50.286  8.223  14.612 0.0000000000
157443  -49.208  8.398  13.855 0.0000000000
156603  -48.492  8.150  13.603 0.0000000000
156591  -48.734  8.374  15.331 0.0000000000
156597  -47.955  7.715  14.130 0.0000000000
155727  -46.760  6.733  13.746 0.0000000000
155687  -47.607  7.765  18.231 0.0000000000
155685  -46.133  7.337  17.833 0.0000000000
155684  -45.422  7.249  17.744 0.0000000000
153502  -48.482  5.561  23.804 0.0000000000
153501  -47.838  5.361  23.647 0.0000000000
153518  -47.542  5.294  23.099 0.0000000000
152461  -46.598  4.922  24.343 0.0000000000
153517  -46.888  4.970  23.121 0.0000000000
153533  -46.241  5.062  22.073 0.0000000000
195766  -45.766  5.174  21.522 0.0000000000
153549  -45.029  5.154  21.223 0.0000000000
152441  -44.373  4.150  25.033 0.0000000000
152458  -44.509  4.175  24.406 0.0000000000
152474  -44.544  4.256  23.702 0.0000000000
152489  -43.462  4.162  23.001 0.0000000000
197553  -43.964  4.338  22.631 0.0000000000
219920  -44.518  4.446  22.500 0.0000000000
152506  -44.854  4.580  22.095 0.0000000000
153548  -44.357  5.252  21.160 0.0000000000
153561  -44.026  5.795  20.603 0.0000000000
154611  -43.449  6.319  20.241 0.0000000000
194811  -42.198  6.940  19.819 0.0000000000
154594  -42.190  6.547  20.746 0.0000000000
155668  -42.255  6.934  19.429 0.0000000000
153579  -41.612  5.740  18.961 0.0000000000
155653  -40.242  6.834  19.810 0.0000000000
154565  -39.502  5.921  22.439 0.0000000000
154576  -39.232  6.549  21.786 0.0000000000
155637  -36.679  7.441  19.626 0.0000000000
154505  -45.600  6.264  32.561 0.0000000000
211997  -43.409  7.189  30.628 0.0000000000
156492  -42.667  7.348  29.878 0.0000000000
156491  -42.376  7.619  29.198 0.0000000000
156496  -41.905  7.605  28.524 0.0000000000
156495  -41.451  7.356  28.158 0.0000000000
157345  -42.649  8.615  27.457 0.0000000000
157344  -41.629  8.038  27.292 0.0000000000
156502  -41.122  7.716  27.033 0.0000000000
156501  -40.581  7.338  26.767 0.0000000000
157357  -40.118  7.999  25.708 0.0000000000
156507  -39.486  7.712  25.595 0.0000000000
158184  -40.569  9.446  24.593 0.0000000000
158170  -39.685  8.887  24.737 0.0000000000
157380  -39.181  8.579  24.686 0.0000000000
158182  -38.697  8.880  24.242 0.0000000000
203365  -37.680  8.717  23.543 0.0000000000
134753  -40.791  -9.286  29.561 0.0000000000
134795  -35.771  -8.591  26.904 0.0000000000
135905  -43.284  -8.544  30.526 0.0000000000
135924  -42.861  -8.313  29.150 0.0000000000
135956  -35.233  -8.154  26.677 0.0000000000
137031  -45.696  -7.504  29.071 0.0000000000
137048  -34.216  -7.375  27.168 0.0000000000
137051  -44.213  -7.606  27.865 0.0000000000
137054  -46.840  -7.335  27.702 0.0000000000
137064  -45.918  -7.107  26.671 0.0000000000
137101  -41.230  -7.565  24.534 0.0000000000
137115  -45.327  -5.995  21.826 0.0000000000
137120  -44.805  -5.903  21.631 0.0000000000
137121  -45.307  -5.996  21.520 0.0000000000
137125  -45.582  -6.267  21.155 0.0000000000
138135  -35.114  -6.969  26.600 0.0000000000
138155  -45.525  -6.855  25.244 0.0000000000
138156  -46.707  -6.457  25.348 0.0000000000
138188  -44.472  -6.143  22.414 0.0000000000
138192  -46.902  -6.177  21.716 0.0000000000
138196  -44.792  -5.705  21.310 0.0000000000
138198  -46.074  -6.546  21.278 0.0000000000
138205  -45.921  -6.773  20.950 0.0000000000
138207  -47.880  -6.586  20.858 0.0000000000
139241  -34.754  -5.692  27.075 0.0000000000
139259  -36.722  -5.766  25.635 0.0000000000
139262  -46.958  -6.157  24.902 0.0000000000
139294  -44.837  -6.154  22.726 0.0000000000
139297  -46.706  -6.094  22.992 0.0000000000
139307  -46.000  -6.053  22.303 0.0000000000
139316  -44.532  -5.349  20.981 0.0000000000
139324  -46.103  -6.526  20.388 0.0000000000
139325  -46.869  -6.647  20.336 0.0000000000
140396  -36.905  -5.297  25.533 0.0000000000
140425  -42.446  -5.453  21.579 0.0000000000
140459  -47.772  -5.524  19.445 0.0000000000
141531  -43.523  -4.407  20.236 0.0000000000
141564  -46.686  -4.184  18.174 0.0000000000
142510  -37.647  -3.191  30.779 0.0000000000
142518  -36.216  -3.492  28.472 0.0000000000
143636  -50.997  -2.527  19.331 0.0000000000
143672  -47.160  -2.578  16.509 0.0000000000
144531  -42.050  -1.913  32.955 0.0000000000
144560  -38.721  -1.555  29.250 0.0000000000
144578  -37.735  -2.166  26.459 0.0000000000
145510  -43.531  -1.315  32.345 0.0000000000
145548  -38.428  -1.228  27.153 0.0000000000
145662  -46.247  -1.065  15.858 0.0000000000
146467  -44.058  -0.860  33.755 0.0000000000
146480  -41.969  -1.297  33.142 0.0000000000
146483  -45.658  -0.930  33.087 0.0000000000
146503  -46.078  -0.314  31.225 0.0000000000
146520  -42.400  -0.123  29.715 0.0000000000
146537  -41.964  -0.093  25.437 0.0000000000
146609  -52.110  -0.232  17.525 0.0000000000
147430  -49.725  0.937  34.883 0.0000000000
147439  -48.603  0.198  34.798 0.0000000000
147450  -50.927  0.732  32.690 0.0000000000
147512  -41.741  0.237  28.381 0.0000000000
147532  -42.443  0.247  25.780 0.0000000000
147533  -43.207  0.216  25.520 0.0000000000
147536  -45.430  0.832  25.679 0.0000000000
147550  -43.769  0.152  24.778 0.0000000000
147632  -49.025  0.187  15.244 0.0000000000
148490  -49.804  1.241  35.270 0.0000000000
148501  -51.217  1.300  32.636 0.0000000000
148502  -51.666  1.627  32.492 0.0000000000
148525  -51.250  1.037  31.678 0.0000000000
148527  -52.014  1.638  32.278 0.0000000000
148531  -52.181  1.679  31.729 0.0000000000
148534  -50.533  1.061  30.237 0.0000000000
148548  -49.714  1.069  29.378 0.0000000000
148557  -47.157  1.130  28.280 0.0000000000
148564  -44.849  1.114  27.593 0.0000000000
148565  -45.327  1.099  27.270 0.0000000000
148566  -46.228  1.270  27.337 0.0000000000
148584  -46.252  1.009  24.987 0.0000000000
148595  -46.787  1.205  24.608 0.0000000000
148711  -50.977  1.480  11.768 0.0000000000
148735  -47.237  0.918  9.751 0.0000000000
149497  -49.754  2.227  34.926 0.0000000000
149537  -47.821  2.402  32.580 0.0000000000
149561  -52.049  1.911  31.908 0.0000000000
149568  -51.174  2.310  31.594 0.0000000000
149569  -51.655  2.341  31.373 0.0000000000
149581  -51.988  2.166  29.117 0.0000000000
149582  -52.292  2.475  29.616 0.0000000000
149595  -47.596  1.730  26.648 0.0000000000
149602  -48.503  2.033  26.181 0.0000000000
149638  -47.563  2.069  22.339 0.0000000000
149706  -47.142  2.217  13.580 0.0000000000
149727  -50.968  2.320  12.550 0.0000000000
149736  -50.732  2.263  11.436 0.0000000000
149739  -46.980  2.332  10.717 0.0000000000
149743  -50.533  2.781  11.040 0.0000000000
150509  -51.999  2.207  31.390 0.0000000000
150513  -45.886  3.252  30.973 0.0000000000
150514  -46.420  2.976  30.949 0.0000000000
150520  -52.157  2.481  30.655 0.0000000000
150523  -47.503  3.067  30.276 0.0000000000
150530  -52.400  3.066  29.142 0.0000000000
150535  -51.646  2.980  27.719 0.0000000000
150536  -52.044  3.358  27.965 0.0000000000
150545  -51.280  3.659  25.970 0.0000000000
150576  -47.915  2.505  21.876 0.0000000000
150587  -48.191  2.890  21.455 0.0000000000
150622  -45.695  3.082  16.950 0.0000000000
150639  -45.955  2.618  14.974 0.0000000000
150669  -46.552  2.875  10.877 0.0000000000
150672  -50.638  2.696  11.615 0.0000000000
150679  -49.869  3.167  10.391 0.0000000000
151395  -45.588  3.823  31.928 0.0000000000
151410  -45.353  3.564  30.955 0.0000000000
151412  -43.784  3.803  29.523 0.0000000000
151417  -48.719  3.376  29.855 0.0000000000
151419  -50.755  3.409  29.592 0.0000000000
151425  -45.091  3.606  29.086 0.0000000000
151426  -46.397  3.428  29.261 0.0000000000
151427  -47.221  3.507  29.099 0.0000000000
151432  -51.985  3.592  28.984 0.0000000000
151433  -52.336  3.464  28.761 0.0000000000
151437  -44.705  3.845  28.479 0.0000000000
151448  -51.738  3.766  27.630 0.0000000000
151453  -40.734  3.779  25.737 0.0000000000
151455  -42.230  3.742  25.755 0.0000000000
151461  -41.114  3.673  25.179 0.0000000000
151473  -40.768  3.712  24.746 0.0000000000
151474  -42.106  3.740  24.129 0.0000000000
151487  -42.744  3.818  23.775 0.0000000000
151488  -43.443  3.951  23.597 0.0000000000
151495  -42.490  4.053  23.129 0.0000000000
151512  -49.075  3.845  21.488 0.0000000000
151541  -46.584  3.817  18.271 0.0000000000
151592  -45.943  3.321  11.169 0.0000000000
151595  -49.797  4.376  11.621 0.0000000000
151596  -50.468  3.795  11.171 0.0000000000
151603  -48.267  4.005  10.308 0.0000000000
151612  -49.643  3.754  10.341 0.0000000000
152331  -47.670  4.513  34.508 0.0000000000
152338  -46.212  4.744  33.146 0.0000000000
152354  -45.499  4.387  32.186 0.0000000000
152370  -44.252  4.217  30.963 0.0000000000
152373  -43.357  4.225  29.987 0.0000000000
152376  -42.327  4.527  29.030 0.0000000000
152383  -42.751  4.068  28.590 0.0000000000
152386  -45.142  4.125  28.033 0.0000000000
152389  -47.939  4.147  28.271 0.0000000000
152395  -41.523  4.410  27.538 0.0000000000
152398  -43.485  3.935  27.426 0.0000000000
152407  -51.550  4.156  27.599 0.0000000000
152420  -50.945  4.840  26.958 0.0000000000
152422  -51.690  4.202  27.185 0.0000000000
152424  -39.693  4.691  25.803 0.0000000000
152430  -46.374  4.590  25.682 0.0000000000
152432  -47.740  4.936  25.840 0.0000000000
152435  -51.523  4.564  26.251 0.0000000000
152439  -40.208  4.165  25.481 0.0000000000
152455  -40.265  4.099  24.759 0.0000000000
152471  -41.055  4.144  23.733 0.0000000000
152472  -41.566  4.065  23.415 0.0000000000
152473  -43.996  4.165  23.327 0.0000000000
152490  -44.522  4.351  23.035 0.0000000000
152491  -45.039  4.487  22.673 0.0000000000
152493  -46.259  4.761  23.073 0.0000000000
152504  -43.616  4.554  22.065 0.0000000000
152558  -46.355  4.264  17.244 0.0000000000
152560  -47.259  4.588  17.592 0.0000000000
152597  -48.042  4.332  12.866 0.0000000000
152598  -48.664  4.994  12.389 0.0000000000
152615  -45.833  4.854  11.634 0.0000000000
153433  -44.061  5.502  31.296 0.0000000000
153434  -44.532  5.277  31.700 0.0000000000
153442  -42.751  5.192  29.991 0.0000000000
153445  -41.690  5.481  28.951 0.0000000000
153447  -42.510  4.850  29.542 0.0000000000
153449  -41.400  5.326  28.467 0.0000000000
153456  -40.295  5.307  27.102 0.0000000000
153459  -50.774  5.064  26.465 0.0000000000
153466  -48.371  5.118  25.498 0.0000000000
153478  -50.690  5.458  25.307 0.0000000000
153498  -39.327  5.068  23.525 0.0000000000
153499  -39.995  4.872  23.409 0.0000000000
153529  -41.872  5.518  21.689 0.0000000000
153531  -44.606  4.783  21.594 0.0000000000
153554  -51.502  6.295  21.279 0.0000000000
153565  -50.812  5.651  20.606 0.0000000000
153566  -51.418  6.182  20.916 0.0000000000
153575  -50.223  5.749  19.492 0.0000000000
153660  -49.611  5.653  11.383 0.0000000000
153678  -49.815  5.130  10.706 0.0000000000
154504  -45.227  5.946  32.293 0.0000000000
154507  -43.787  6.014  31.188 0.0000000000
154524  -39.619  5.856  26.517 0.0000000000
154525  -39.950  5.888  27.008 0.0000000000
154529  -39.274  5.820  25.985 0.0000000000
154544  -37.605  6.296  23.961 0.0000000000
154545  -37.992  6.086  24.352 0.0000000000
154557  -50.742  6.032  23.545 0.0000000000
154563  -38.284  6.301  22.687 0.0000000000
154570  -50.575  6.298  23.016 0.0000000000
154581  -47.973  6.001  21.738 0.0000000000
154609  -42.337  6.779  20.233 0.0000000000
154676  -48.059  5.873  14.878 0.0000000000
154699  -47.045  6.245  12.035 0.0000000000
154708  -47.398  6.006  11.590 0.0000000000
154710  -49.404  6.557  11.435 0.0000000000
154716  -48.546  5.687  10.928 0.0000000000
155565  -43.022  6.622  30.577 0.0000000000
155569  -42.214  6.842  29.501 0.0000000000
155570  -42.615  6.710  30.106 0.0000000000
155572  -41.531  6.985  28.554 0.0000000000
155573  -41.950  7.105  28.960 0.0000000000
155576  -41.119  6.826  28.001 0.0000000000
155580  -40.843  7.054  27.351 0.0000000000
155592  -38.583  6.401  25.200 0.0000000000
155600  -37.528  6.923  24.015 0.0000000000
155633  -51.091  6.972  21.152 0.0000000000
155645  -42.901  6.840  19.819 0.0000000000
155646  -48.141  6.993  19.938 0.0000000000
155650  -51.705  7.007  20.580 0.0000000000
155654  -40.817  7.042  19.747 0.0000000000
155665  -51.522  7.229  20.105 0.0000000000
155677  -50.906  7.362  18.834 0.0000000000
155686  -46.957  7.541  17.965 0.0000000000
155696  -50.389  7.114  16.985 0.0000000000
155697  -50.713  7.326  17.568 0.0000000000
155710  -46.273  6.860  15.409 0.0000000000
155712  -49.219  6.617  15.102 0.0000000000
155713  -49.856  6.822  15.647 0.0000000000
155726  -46.155  6.462  13.830 0.0000000000
155728  -47.312  6.929  13.370 0.0000000000
155731  -50.120  7.905  14.053 0.0000000000
155737  -49.809  7.554  13.382 0.0000000000
155744  -47.988  7.042  12.311 0.0000000000
155745  -48.635  7.337  12.002 0.0000000000
155747  -49.647  7.778  13.095 0.0000000000
155754  -49.241  7.136  11.816 0.0000000000
156497  -41.263  7.491  27.645 0.0000000000
156498  -41.742  7.801  27.877 0.0000000000
156508  -39.923  7.469  25.943 0.0000000000
156509  -40.382  7.676  26.210 0.0000000000
156510  -41.013  7.949  26.428 0.0000000000
156528  -37.543  7.481  23.795 0.0000000000
156558  -49.234  7.701  19.115 0.0000000000
156572  -48.163  8.025  17.983 0.0000000000
156581  -50.573  7.755  16.932 0.0000000000
156592  -50.389  7.942  15.368 0.0000000000
156598  -48.650  8.267  14.408 0.0000000000
156610  -48.438  7.906  13.024 0.0000000000
156612  -49.856  8.094  13.624 0.0000000000
156617  -49.620  7.459  12.450 0.0000000000
157359  -41.477  8.527  26.100 0.0000000000
157369  -38.986  7.991  25.104 0.0000000000
157370  -39.723  8.396  25.191 0.0000000000
157378  -38.086  8.558  24.044 0.0000000000
157379  -38.539  8.274  24.560 0.0000000000
157386  -37.630  8.135  23.649 0.0000000000
157418  -49.287  8.482  17.091 0.0000000000
157423  -49.958  8.579  16.780 0.0000000000
157433  -49.451  8.617  15.644 0.0000000000
157434  -49.972  8.452  15.197 0.0000000000
157439  -50.099  8.382  14.605 0.0000000000
157444  -49.814  8.340  14.034 0.0000000000
157449  -49.500  8.191  13.448 0.0000000000
158171  -40.198  8.975  24.946 0.0000000000
158172  -40.869  9.092  25.106 0.0000000000
158192  -38.185  9.188  23.682 0.0000000000
158956  -40.247  9.883  24.113 0.0000000000
158969  -38.599  9.732  23.470 0.0000000000
194381  -42.320  4.346  22.569 0.0000000000
195613  -42.980  -7.571  26.289 0.0000000000
195779  -44.739  4.256  26.953 0.0000000000
197076  -45.712  -7.244  27.337 0.0000000000
197872  -46.480  5.260  21.563 0.0000000000
198249  -45.596  7.276  18.150 0.0000000000
199407  -45.720  -0.575  31.873 0.0000000000
199532  -49.092  2.720  23.781 0.0000000000
201470  -49.757  6.833  12.173 0.0000000000
201476  -46.362  -5.323  19.614 0.0000000000
203150  -47.705  5.393  16.654 0.0000000000
203343  -41.918  -0.952  24.273 0.0000000000
203606  -48.139  7.755  15.926 0.0000000000
203650  -50.378  8.301  15.872 0.0000000000
203987  -51.519  4.103  25.991 0.0000000000
204966  -45.860  -6.768  20.736 0.0000000000
206386  -46.866  4.305  14.599 0.0000000000
206569  -50.671  2.241  27.799 0.0000000000
207661  -46.428  3.214  10.902 0.0000000000
208955  -49.565  5.660  18.952 0.0000000000
209025  -43.574  -6.750  23.435 0.0000000000
209197  -50.468  4.291  27.924 0.0000000000
209200  -48.038  1.868  25.092 0.0000000000
209202  -45.714  3.408  29.526 0.0000000000
211288  -45.923  3.085  15.245 0.0000000000
212541  -46.621  -0.068  34.337 0.0000000000
214542  -49.404  3.925  21.825 0.0000000000
214612  -37.084  -4.815  25.374 0.0000000000
214861  -50.853  7.215  18.497 0.0000000000
216235  -46.614  3.872  10.979 0.0000000000
217923  -36.542  -6.932  25.686 0.0000000000
218015  -45.548  5.631  32.557 0.0000000000
218481  -47.524  3.722  10.530 0.0000000000
218641  -50.236  2.938  12.058 0.0000000000
220651  -46.338  3.871  28.042 0.0000000000
224141  -46.341  3.619  32.567 0.0000000000
224356  -49.760  7.187  12.184 0.0000000000
225141  -42.648  5.712  30.047 0.0000000000
225944  -49.335  4.732  27.126 0.0000000000
226117  -38.129  6.300  24.750 0.0000000000
226428  -50.926  5.093  24.757 0.0000000000
226604  -42.629  3.995  28.129 0.0000000000
226720  -43.068  3.807  26.919 0.0000000000
226750  -37.797  -2.122  28.850 0.0000000000
227142  -47.702  7.520  16.245 0.0000000000
228491  -45.314  3.803  31.499 0.0000000000
228620  -45.859  -6.292  23.967 0.0000000000
228655  -42.937  7.115  30.319 0.0000000000
228678  -50.366  8.222  17.770 0.0000000000
229535  -45.337  0.427  16.298 0.0000000000
229572  -46.337  4.427  11.277 0.0000000000
230047  -47.077  4.988  25.083 0.0000000000
230456  -42.046  6.387  29.392 0.0000000000
230554  -43.957  6.177  19.945 0.0000000000
231790  -44.294  -6.836  24.295 0.0000000000
232147  -48.179  1.903  25.834 0.0000000000
232328  -45.872  4.474  25.850 0.0000000000
233049  -42.074  8.217  27.525 0.0000000000
234933  -46.457  0.344  15.032 0.0000000000
