#!ascii label  , from subject sub-02_ses-009 vox2ras=TkReg
407
209653  28.059  -4.761  -28.614 0.0000000000
117205  27.597  -14.209  -27.780 0.0000000000
138577  28.096  0.529  -29.991 0.0000000000
152415  24.620  11.796  -32.057 0.0000000000
114806  25.356  -16.252  -27.579 0.0000000000
141969  28.774  3.238  -27.187 0.0000000000
146122  27.558  5.955  -28.381 0.0000000000
126619  27.016  -7.267  -30.908 0.0000000000
204503  27.660  -9.654  -29.587 0.0000000000
127801  29.399  -6.704  -27.710 0.0000000000
136244  30.458  -1.584  -26.638 0.0000000000
132683  31.384  -3.933  -26.271 0.0000000000
135100  28.134  -1.866  -29.056 0.0000000000
206275  29.916  0.825  -27.299 0.0000000000
218669  26.006  8.224  -31.438 0.0000000000
149354  27.545  8.579  -28.434 0.0000000000
120703  29.125  -11.645  -27.738 0.0000000000
193184  27.556  4.688  -29.025 0.0000000000
145111  27.360  5.694  -30.081 0.0000000000
129032  27.756  -5.849  -29.669 0.0000000000
126602  27.749  -7.392  -29.358 0.0000000000
129000  28.940  -5.687  -28.058 0.0000000000
116002  26.051  -15.379  -28.213 0.0000000000
137411  28.201  -0.618  -29.502 0.0000000000
137384  28.767  -0.386  -27.897 0.0000000000
139722  28.764  0.877  -28.131 0.0000000000
227701  29.391  4.651  -26.506 0.0000000000
142994  29.950  3.615  -26.710 0.0000000000
152418  23.079  11.375  -32.685 0.0000000000
218699  24.345  8.653  -33.636 0.0000000000
192860  25.347  9.277  -31.943 0.0000000000
154290  28.478  12.303  -31.361 0.0000000000
152389  29.030  11.199  -30.217 0.0000000000
150412  27.375  9.425  -29.003 0.0000000000
151431  29.057  10.114  -28.858 0.0000000000
150395  28.920  8.985  -27.701 0.0000000000
124228  29.047  -9.291  -28.485 0.0000000000
123016  28.563  -10.419  -28.682 0.0000000000
113569  23.992  -17.041  -26.947 0.0000000000
214983  28.153  2.261  -28.445 0.0000000000
143015  27.910  3.538  -28.782 0.0000000000
144062  28.374  4.614  -27.524 0.0000000000
211250  29.120  6.324  -27.018 0.0000000000
124252  26.420  -9.686  -31.062 0.0000000000
125429  27.245  -8.629  -30.243 0.0000000000
197476  28.525  -8.249  -28.724 0.0000000000
126583  29.938  -7.728  -27.396 0.0000000000
132713  28.915  -3.274  -27.349 0.0000000000
130265  29.611  -4.464  -27.219 0.0000000000
197454  31.108  -2.655  -26.242 0.0000000000
194645  27.646  -4.717  -30.527 0.0000000000
132742  27.693  -3.522  -30.625 0.0000000000
132724  27.885  -3.510  -28.914 0.0000000000
135080  28.668  -2.021  -28.028 0.0000000000
137370  30.376  -0.415  -26.697 0.0000000000
139708  31.633  1.195  -26.819 0.0000000000
140905  29.242  2.145  -27.199 0.0000000000
141966  31.247  2.511  -26.649 0.0000000000
192595  26.507  7.021  -31.573 0.0000000000
152393  26.533  11.230  -30.803 0.0000000000
217966  26.693  9.680  -30.004 0.0000000000
232062  26.630  8.269  -30.177 0.0000000000
147182  27.005  6.934  -29.939 0.0000000000
148282  27.340  7.338  -28.648 0.0000000000
149339  28.970  7.825  -27.229 0.0000000000
118406  26.992  -13.484  -28.933 0.0000000000
121857  27.192  -11.079  -29.779 0.0000000000
130280  29.896  -5.505  -27.120 0.0000000000
127782  30.642  -6.554  -26.843 0.0000000000
145116  27.470  4.990  -30.224 0.0000000000
146142  27.174  5.951  -30.839 0.0000000000
130294  28.033  -5.266  -28.756 0.0000000000
129016  27.957  -5.798  -29.033 0.0000000000
130293  28.429  -5.089  -28.238 0.0000000000
111049  23.418  -18.153  -26.209 0.0000000000
112338  23.839  -18.019  -26.731 0.0000000000
116001  26.751  -15.081  -27.925 0.0000000000
215976  28.270  -0.059  -29.726 0.0000000000
137410  28.408  -0.139  -29.070 0.0000000000
229750  28.317  0.737  -28.931 0.0000000000
226880  29.947  5.814  -26.805 0.0000000000
145077  30.421  4.932  -26.747 0.0000000000
152416  23.801  12.077  -32.955 0.0000000000
152426  23.452  11.536  -33.076 0.0000000000
203536  24.133  10.146  -33.105 0.0000000000
192599  24.954  10.406  -32.355 0.0000000000
152378  28.741  10.610  -29.250 0.0000000000
151440  29.968  10.088  -29.996 0.0000000000
123004  29.799  -9.485  -27.584 0.0000000000
123005  29.600  -10.194  -27.804 0.0000000000
116023  24.992  -14.699  -28.509 0.0000000000
201224  27.843  2.296  -29.538 0.0000000000
141996  27.736  3.019  -29.779 0.0000000000
145102  27.354  5.391  -28.804 0.0000000000
144075  27.870  4.241  -28.530 0.0000000000
145089  27.719  5.327  -28.222 0.0000000000
145088  28.178  5.241  -27.722 0.0000000000
229040  28.203  6.252  -27.602 0.0000000000
153333  24.053  12.259  -31.731 0.0000000000
125430  26.867  -8.690  -30.868 0.0000000000
126611  26.992  -8.007  -30.703 0.0000000000
127814  28.937  -6.960  -28.301 0.0000000000
126601  28.317  -7.446  -28.748 0.0000000000
126592  28.907  -7.803  -28.271 0.0000000000
125409  28.981  -8.553  -28.294 0.0000000000
126584  29.430  -7.404  -27.865 0.0000000000
113568  24.543  -16.628  -27.054 0.0000000000
112348  24.991  -17.120  -26.839 0.0000000000
135068  29.984  -2.191  -26.292 0.0000000000
133871  30.010  -2.933  -26.313 0.0000000000
135067  30.819  -2.099  -26.369 0.0000000000
130323  27.558  -5.336  -30.981 0.0000000000
213686  27.937  -1.674  -29.706 0.0000000000
209160  27.673  -3.072  -29.908 0.0000000000
132734  27.657  -3.723  -29.613 0.0000000000
135091  27.857  -2.479  -28.964 0.0000000000
133898  28.479  -2.618  -28.103 0.0000000000
211771  28.441  -1.768  -28.514 0.0000000000
138525  29.466  0.259  -27.332 0.0000000000
137383  29.143  -0.876  -27.432 0.0000000000
138524  30.114  0.209  -27.009 0.0000000000
138523  30.806  0.169  -26.859 0.0000000000
200687  30.511  0.742  -26.953 0.0000000000
141975  28.426  2.464  -27.976 0.0000000000
140912  28.822  2.118  -27.746 0.0000000000
224252  28.802  2.645  -27.462 0.0000000000
211010  30.523  3.186  -26.667 0.0000000000
141965  31.871  2.754  -26.866 0.0000000000
192596  25.334  8.507  -32.566 0.0000000000
192886  25.211  7.796  -33.156 0.0000000000
193008  26.005  7.678  -31.961 0.0000000000
193269  26.118  7.058  -32.368 0.0000000000
153318  28.404  11.697  -30.038 0.0000000000
153331  28.167  12.305  -30.551 0.0000000000
210129  26.961  10.789  -30.155 0.0000000000
151441  26.957  10.140  -29.754 0.0000000000
150404  27.539  9.139  -28.654 0.0000000000
149367  27.125  8.820  -29.104 0.0000000000
209052  26.930  8.206  -29.570 0.0000000000
148286  26.810  7.674  -30.019 0.0000000000
148283  27.060  7.505  -29.356 0.0000000000
147181  27.179  6.808  -29.169 0.0000000000
212154  27.633  7.883  -28.171 0.0000000000
150401  29.903  9.121  -28.319 0.0000000000
149345  29.089  8.380  -27.439 0.0000000000
206956  29.692  8.320  -27.733 0.0000000000
148263  29.592  7.746  -27.535 0.0000000000
118425  25.878  -13.362  -29.322 0.0000000000
123039  27.209  -9.860  -30.064 0.0000000000
123030  27.003  -10.560  -30.188 0.0000000000
123029  27.455  -10.325  -29.492 0.0000000000
121830  29.045  -11.234  -28.047 0.0000000000
120716  28.273  -11.664  -28.604 0.0000000000
119569  28.414  -12.144  -28.363 0.0000000000
119557  28.155  -12.685  -28.207 0.0000000000
131505  30.342  -4.186  -26.265 0.0000000000
225128  29.712  -4.955  -27.367 0.0000000000
205872  30.422  -4.647  -26.548 0.0000000000
143035  27.502  3.693  -29.930 0.0000000000
144095  27.413  4.265  -30.457 0.0000000000
145110  27.443  5.161  -29.523 0.0000000000
214828  27.288  5.719  -29.376 0.0000000000
127832  27.598  -6.468  -29.881 0.0000000000
126610  27.358  -7.215  -30.058 0.0000000000
209245  27.768  -6.361  -29.222 0.0000000000
129031  28.071  -6.327  -28.699 0.0000000000
129014  29.053  -6.341  -28.001 0.0000000000
114823  25.772  -15.898  -27.861 0.0000000000
113566  25.955  -16.038  -27.051 0.0000000000
114805  26.603  -15.635  -26.747 0.0000000000
115979  27.147  -15.286  -26.434 0.0000000000
212023  31.515  -0.857  -26.793 0.0000000000
201388  31.231  -1.478  -26.627 0.0000000000
136279  27.897  -1.084  -30.084 0.0000000000
136278  28.185  -1.222  -29.317 0.0000000000
136267  28.385  -1.303  -28.712 0.0000000000
209598  28.336  -0.726  -28.857 0.0000000000
138538  28.678  0.180  -28.146 0.0000000000
210011  29.298  0.874  -27.607 0.0000000000
142996  28.931  3.788  -27.044 0.0000000000
142995  29.290  3.371  -26.835 0.0000000000
144055  29.403  4.034  -26.766 0.0000000000
144054  30.795  4.502  -26.877 0.0000000000
192601  24.220  9.377  -33.356 0.0000000000
153317  28.974  11.755  -30.841 0.0000000000
152390  28.496  11.093  -29.599 0.0000000000
207084  27.699  10.353  -29.012 0.0000000000
151432  28.357  10.429  -28.749 0.0000000000
151409  28.111  9.523  -28.086 0.0000000000
150396  28.281  9.085  -27.723 0.0000000000
230095  29.017  9.673  -28.430 0.0000000000
151418  29.597  9.621  -28.610 0.0000000000
124229  28.562  -9.289  -29.039 0.0000000000
123028  28.184  -9.850  -29.172 0.0000000000
123015  29.107  -9.996  -28.352 0.0000000000
123006  29.058  -10.654  -28.136 0.0000000000
113557  23.627  -17.277  -26.572 0.0000000000
114807  23.892  -16.256  -27.044 0.0000000000
114824  24.947  -15.978  -28.080 0.0000000000
204320  25.426  -15.673  -28.316 0.0000000000
116022  25.581  -15.049  -28.695 0.0000000000
117222  26.700  -14.144  -28.731 0.0000000000
139757  28.010  1.135  -30.081 0.0000000000
139749  28.151  1.040  -29.307 0.0000000000
140921  27.970  1.760  -28.873 0.0000000000
222874  27.931  2.435  -28.838 0.0000000000
141984  28.116  2.919  -28.406 0.0000000000
207003  27.635  4.010  -29.205 0.0000000000
144074  28.196  4.220  -27.957 0.0000000000
143004  28.497  3.858  -27.467 0.0000000000
144056  28.836  4.466  -26.886 0.0000000000
146100  29.384  5.768  -26.752 0.0000000000
147146  29.702  6.338  -26.940 0.0000000000
152405  23.579  12.306  -32.186 0.0000000000
153343  23.680  12.166  -31.926 0.0000000000
153332  24.732  12.159  -31.551 0.0000000000
124251  26.959  -9.330  -30.593 0.0000000000
124250  27.482  -9.202  -29.913 0.0000000000
199821  27.523  -7.982  -29.884 0.0000000000
125421  27.853  -8.628  -29.709 0.0000000000
125420  28.378  -8.725  -29.257 0.0000000000
125410  28.723  -8.837  -28.781 0.0000000000
124223  29.614  -8.909  -27.981 0.0000000000
125401  29.986  -8.443  -27.547 0.0000000000
131523  28.598  -3.961  -27.716 0.0000000000
209258  28.599  -4.608  -27.855 0.0000000000
131522  29.234  -3.907  -27.250 0.0000000000
132697  30.068  -3.697  -26.330 0.0000000000
197613  31.274  -3.283  -26.154 0.0000000000
135066  31.590  -2.058  -26.517 0.0000000000
135065  32.410  -2.187  -26.748 0.0000000000
133869  32.568  -2.979  -26.484 0.0000000000
129047  27.650  -5.939  -30.410 0.0000000000
130312  27.727  -5.286  -30.112 0.0000000000
205918  27.859  -4.822  -29.028 0.0000000000
198290  27.594  -4.147  -30.251 0.0000000000
132723  28.192  -3.700  -28.356 0.0000000000
214535  28.454  -3.200  -27.872 0.0000000000
133888  28.786  -2.640  -27.625 0.0000000000
136245  29.743  -1.571  -26.602 0.0000000000
136257  28.939  -1.471  -27.721 0.0000000000
226871  29.560  -1.092  -26.882 0.0000000000
212022  30.060  -1.021  -26.665 0.0000000000
137369  31.143  -0.369  -26.769 0.0000000000
225984  31.807  0.668  -26.750 0.0000000000
139736  28.306  1.088  -28.648 0.0000000000
216003  29.104  1.556  -27.767 0.0000000000
139711  29.576  1.460  -27.192 0.0000000000
141967  29.768  2.844  -26.645 0.0000000000
140904  29.864  2.085  -26.775 0.0000000000
139710  30.201  1.365  -26.889 0.0000000000
202840  31.385  1.807  -26.805 0.0000000000
192594  26.837  6.461  -31.248 0.0000000000
152404  25.540  11.464  -31.349 0.0000000000
151453  26.110  10.663  -31.154 0.0000000000
228068  25.980  9.328  -31.162 0.0000000000
218667  26.287  8.753  -30.840 0.0000000000
150413  27.011  9.479  -29.479 0.0000000000
149378  26.715  8.950  -29.954 0.0000000000
192759  26.405  7.891  -30.615 0.0000000000
192828  26.347  7.474  -31.101 0.0000000000
222387  26.706  6.970  -30.990 0.0000000000
147188  26.973  6.647  -30.623 0.0000000000
146136  27.214  6.315  -30.249 0.0000000000
147170  27.465  6.641  -28.506 0.0000000000
149347  27.932  8.492  -27.626 0.0000000000
148264  28.057  7.686  -27.526 0.0000000000
147156  28.260  6.900  -27.492 0.0000000000
147148  28.865  6.870  -27.162 0.0000000000
147155  29.911  6.990  -27.266 0.0000000000
118407  26.294  -13.769  -29.116 0.0000000000
117221  27.487  -13.823  -28.313 0.0000000000
120731  26.762  -11.726  -29.735 0.0000000000
121845  27.658  -11.033  -29.285 0.0000000000
120730  27.325  -11.493  -29.401 0.0000000000
119586  27.154  -11.988  -29.128 0.0000000000
119571  27.209  -12.783  -29.203 0.0000000000
118405  27.597  -13.052  -28.546 0.0000000000
130282  28.919  -5.020  -27.772 0.0000000000
130281  29.419  -5.317  -27.616 0.0000000000
128999  29.452  -5.975  -27.632 0.0000000000
130250  30.912  -4.993  -26.374 0.0000000000
128984  30.329  -5.881  -26.809 0.0000000000
128998  29.931  -6.403  -27.198 0.0000000000
127783  30.212  -7.124  -27.081 0.0000000000
113584  24.887  -16.257  -27.457 0.0000000000
114822  26.348  -15.536  -27.491 0.0000000000
116003  24.939  -15.434  -28.504 0.0000000000
116021  26.351  -14.783  -28.519 0.0000000000
117206  26.986  -14.416  -28.096 0.0000000000
118424  26.421  -13.063  -29.205 0.0000000000
119555  29.150  -12.075  -27.400 0.0000000000
120704  28.784  -11.728  -28.244 0.0000000000
120717  27.747  -11.591  -29.010 0.0000000000
121831  28.620  -11.120  -28.396 0.0000000000
121844  28.152  -11.068  -28.847 0.0000000000
123017  27.966  -10.531  -29.059 0.0000000000
123040  26.794  -10.105  -30.639 0.0000000000
124222  30.017  -8.962  -27.512 0.0000000000
124240  28.083  -9.203  -29.473 0.0000000000
125402  29.594  -8.126  -28.007 0.0000000000
127800  29.756  -7.081  -27.416 0.0000000000
127824  27.939  -6.854  -28.968 0.0000000000
127825  27.651  -6.852  -29.455 0.0000000000
127840  27.397  -6.598  -30.587 0.0000000000
129015  28.326  -5.757  -28.508 0.0000000000
130263  30.410  -5.238  -26.701 0.0000000000
130264  30.031  -4.821  -27.025 0.0000000000
130304  27.847  -5.272  -29.383 0.0000000000
131490  30.828  -4.348  -26.258 0.0000000000
131506  29.982  -4.332  -26.625 0.0000000000
131534  28.279  -4.406  -28.259 0.0000000000
131535  27.833  -4.199  -28.883 0.0000000000
131546  27.719  -4.590  -29.670 0.0000000000
132696  30.708  -3.778  -26.181 0.0000000000
132698  29.513  -3.304  -26.751 0.0000000000
133870  31.826  -2.762  -26.359 0.0000000000
133872  29.527  -2.617  -26.467 0.0000000000
133887  29.221  -2.666  -27.078 0.0000000000
133899  28.141  -2.965  -28.555 0.0000000000
133908  27.792  -3.027  -29.248 0.0000000000
135069  29.422  -2.105  -26.724 0.0000000000
135079  29.071  -2.074  -27.409 0.0000000000
135090  28.268  -2.272  -28.514 0.0000000000
135101  27.652  -2.356  -29.642 0.0000000000
136246  29.312  -1.540  -27.142 0.0000000000
136258  28.628  -1.386  -28.213 0.0000000000
137371  29.634  -0.446  -26.950 0.0000000000
137393  28.521  -0.247  -28.451 0.0000000000
138522  31.499  0.181  -26.808 0.0000000000
138537  28.984  0.255  -27.758 0.0000000000
138551  28.457  0.414  -28.624 0.0000000000
138566  28.326  0.411  -29.260 0.0000000000
139709  30.905  1.275  -26.833 0.0000000000
140903  30.653  1.913  -26.692 0.0000000000
140913  28.418  1.723  -28.202 0.0000000000
140932  27.971  1.600  -29.604 0.0000000000
141968  29.200  2.776  -26.974 0.0000000000
143014  28.162  3.644  -28.129 0.0000000000
143024  27.720  3.447  -29.349 0.0000000000
144063  28.005  4.748  -28.092 0.0000000000
144087  27.482  4.470  -29.699 0.0000000000
145078  29.786  5.177  -26.535 0.0000000000
145079  28.560  5.172  -27.120 0.0000000000
146101  28.804  5.765  -26.946 0.0000000000
146109  28.388  5.768  -27.420 0.0000000000
146110  27.946  5.829  -27.869 0.0000000000
146129  27.261  6.119  -28.960 0.0000000000
146130  27.126  6.264  -29.625 0.0000000000
147147  29.210  7.296  -27.178 0.0000000000
147157  27.823  6.455  -27.951 0.0000000000
147169  27.669  7.144  -27.976 0.0000000000
148258  28.629  7.475  -27.227 0.0000000000
149344  30.085  8.569  -28.062 0.0000000000
149346  28.468  8.132  -27.176 0.0000000000
149366  27.151  8.051  -28.814 0.0000000000
150394  29.546  8.831  -27.828 0.0000000000
150397  27.834  9.136  -28.108 0.0000000000
150402  29.310  9.291  -28.161 0.0000000000
150403  28.667  9.380  -28.132 0.0000000000
150411  30.143  9.322  -28.982 0.0000000000
150424  26.247  9.628  -30.616 0.0000000000
151419  28.351  9.952  -28.419 0.0000000000
151420  27.774  9.807  -28.546 0.0000000000
151430  29.782  9.878  -29.268 0.0000000000
151433  27.374  9.971  -29.216 0.0000000000
151465  25.266  10.883  -31.719 0.0000000000
152377  29.412  10.399  -29.550 0.0000000000
152380  27.853  10.853  -29.200 0.0000000000
152417  23.410  12.223  -32.671 0.0000000000
153312  27.899  11.493  -29.406 0.0000000000
192885  23.339  10.635  -33.198 0.0000000000
196191  29.066  -4.462  -27.562 0.0000000000
198001  28.580  -6.322  -28.331 0.0000000000
198799  30.467  2.562  -26.557 0.0000000000
199175  29.626  -3.980  -26.729 0.0000000000
200696  31.187  0.697  -26.848 0.0000000000
202276  29.425  -9.569  -28.028 0.0000000000
202691  28.390  3.111  -27.710 0.0000000000
203870  30.336  -8.711  -27.143 0.0000000000
205495  30.616  -3.157  -26.202 0.0000000000
206926  30.806  -0.960  -26.634 0.0000000000
208759  28.115  -8.072  -29.334 0.0000000000
209479  28.346  -6.785  -28.589 0.0000000000
215031  28.493  8.713  -27.288 0.0000000000
215393  30.095  8.084  -27.826 0.0000000000
216126  28.620  6.331  -27.260 0.0000000000
216246  29.076  5.165  -26.652 0.0000000000
216971  29.074  10.805  -29.779 0.0000000000
217182  28.517  -0.829  -28.310 0.0000000000
217185  30.069  4.398  -26.695 0.0000000000
218668  26.772  7.276  -30.541 0.0000000000
218777  25.665  9.951  -31.424 0.0000000000
221777  28.759  -9.787  -28.810 0.0000000000
222442  27.859  2.954  -29.098 0.0000000000
222885  31.803  2.225  -26.834 0.0000000000
223424  24.046  -17.657  -26.920 0.0000000000
227894  23.536  12.370  -32.324 0.0000000000
228306  27.375  5.390  -30.696 0.0000000000
228621  29.163  -0.236  -27.476 0.0000000000
229232  27.639  4.875  -28.526 0.0000000000
230591  29.355  6.790  -27.042 0.0000000000
230631  30.501  -2.597  -26.193 0.0000000000
230655  29.381  -4.837  -27.539 0.0000000000
232047  28.764  -0.977  -27.912 0.0000000000
232056  29.471  2.447  -26.805 0.0000000000
232981  25.379  -16.015  -28.031 0.0000000000
