#!ascii label  , from subject sub-06_ses-003 vox2ras=TkReg
1394
176864  11.894  -22.509  76.540 0.0000000000
73449  8.217  -25.319  65.028 0.0000000000
76976  4.774  -22.821  79.876 0.0000000000
84368  4.651  -17.773  74.648 0.0000000000
87099  7.345  -16.136  67.076 0.0000000000
79325  8.896  -21.538  80.042 0.0000000000
211805  6.182  -18.398  78.800 0.0000000000
70680  14.714  -25.437  75.084 0.0000000000
72004  10.906  -24.854  78.250 0.0000000000
184077  6.619  -24.511  79.498 0.0000000000
92276  8.061  -13.191  76.255 0.0000000000
87062  5.118  -16.318  70.863 0.0000000000
91045  10.702  -14.032  72.192 0.0000000000
177682  3.286  -24.641  77.478 0.0000000000
209910  4.836  -22.223  74.239 0.0000000000
81798  3.898  -19.663  77.260 0.0000000000
90982  6.115  -14.525  78.395 0.0000000000
79406  6.793  -21.353  70.545 0.0000000000
80693  6.839  -19.942  65.883 0.0000000000
81965  5.488  -19.612  62.078 0.0000000000
208214  9.847  -17.833  64.501 0.0000000000
79333  10.051  -22.099  78.652 0.0000000000
81789  8.277  -20.555  78.033 0.0000000000
75755  13.467  -23.794  76.118 0.0000000000
70655  12.901  -25.193  76.903 0.0000000000
75751  12.042  -23.497  77.922 0.0000000000
75737  10.112  -23.641  79.270 0.0000000000
92312  9.624  -13.822  74.563 0.0000000000
75748  4.104  -23.619  78.900 0.0000000000
185956  3.835  -22.303  77.132 0.0000000000
193276  4.302  -21.527  78.940 0.0000000000
86985  7.228  -16.103  77.640 0.0000000000
86978  6.246  -16.493  78.632 0.0000000000
201976  5.836  -24.158  80.013 0.0000000000
71988  4.979  -25.184  79.490 0.0000000000
73326  4.291  -24.754  79.798 0.0000000000
180675  3.228  -25.342  78.852 0.0000000000
80610  4.624  -20.365  74.272 0.0000000000
78230  5.449  -22.083  72.381 0.0000000000
81833  5.175  -19.479  72.792 0.0000000000
88454  6.117  -15.906  68.334 0.0000000000
84438  5.770  -18.295  68.649 0.0000000000
84462  5.269  -17.703  66.389 0.0000000000
80719  5.908  -20.165  64.409 0.0000000000
85828  5.405  -16.740  64.879 0.0000000000
78152  6.492  -21.865  80.039 0.0000000000
80557  5.095  -20.579  80.053 0.0000000000
81780  7.018  -20.342  79.054 0.0000000000
84353  7.187  -18.283  77.483 0.0000000000
184222  14.850  -26.731  73.827 0.0000000000
68011  13.476  -26.783  72.849 0.0000000000
67954  13.050  -26.621  74.718 0.0000000000
69335  11.185  -25.970  76.130 0.0000000000
71996  9.095  -24.738  78.929 0.0000000000
209873  8.510  -23.862  80.860 0.0000000000
89702  5.263  -15.006  74.787 0.0000000000
207229  4.874  -17.013  72.420 0.0000000000
91036  6.224  -14.487  72.898 0.0000000000
177501  7.285  -14.475  71.331 0.0000000000
89759  8.924  -15.061  69.647 0.0000000000
78203  13.271  -22.771  74.462 0.0000000000
65423  17.452  -28.439  71.019 0.0000000000
188955  19.389  -27.829  72.963 0.0000000000
70712  16.237  -25.862  73.197 0.0000000000
200553  15.120  -24.361  73.703 0.0000000000
72043  3.213  -26.050  75.708 0.0000000000
73380  4.399  -25.108  73.993 0.0000000000
75775  4.069  -23.197  76.096 0.0000000000
199459  4.029  -21.267  75.870 0.0000000000
83108  4.191  -18.871  75.535 0.0000000000
83091  4.574  -18.499  78.780 0.0000000000
86995  4.103  -16.995  77.838 0.0000000000
88385  4.339  -16.049  76.007 0.0000000000
92266  6.579  -13.418  76.936 0.0000000000
74564  5.283  -24.166  72.142 0.0000000000
75833  6.603  -23.466  70.042 0.0000000000
77100  7.685  -23.060  67.894 0.0000000000
83155  5.860  -19.052  70.721 0.0000000000
80665  7.152  -20.364  68.339 0.0000000000
185741  8.754  -22.502  65.758 0.0000000000
78326  8.025  -22.125  63.200 0.0000000000
78345  6.884  -21.943  60.715 0.0000000000
89730  12.120  -14.375  70.719 0.0000000000
88449  10.442  -15.977  68.785 0.0000000000
87109  11.844  -16.858  67.004 0.0000000000
87126  8.025  -17.056  66.237 0.0000000000
85839  6.290  -17.040  63.656 0.0000000000
208828  10.837  -22.483  77.338 0.0000000000
80573  9.732  -21.530  77.620 0.0000000000
80579  10.483  -21.971  76.341 0.0000000000
78186  12.629  -22.708  76.120 0.0000000000
76987  13.006  -23.632  77.170 0.0000000000
78174  11.923  -22.809  77.260 0.0000000000
78171  11.356  -23.000  78.139 0.0000000000
189872  8.229  -25.964  63.971 0.0000000000
73476  8.736  -25.484  63.941 0.0000000000
75745  4.199  -23.433  79.078 0.0000000000
200578  3.784  -22.531  78.734 0.0000000000
78165  4.197  -21.998  79.304 0.0000000000
68020  14.955  -27.043  71.358 0.0000000000
75739  5.328  -23.491  79.848 0.0000000000
74499  4.986  -24.014  79.943 0.0000000000
74501  4.701  -24.040  79.769 0.0000000000
74507  3.840  -24.233  78.888 0.0000000000
202008  4.583  -19.114  74.221 0.0000000000
81825  5.085  -19.727  73.389 0.0000000000
83135  5.058  -18.984  73.207 0.0000000000
88453  6.594  -15.726  68.062 0.0000000000
87101  5.452  -16.504  67.094 0.0000000000
87117  5.383  -16.339  66.400 0.0000000000
178528  5.172  -17.555  65.323 0.0000000000
194777  6.361  -16.354  65.880 0.0000000000
204828  7.535  -21.806  80.556 0.0000000000
79319  7.132  -21.099  80.207 0.0000000000
80561  8.026  -21.067  79.572 0.0000000000
179124  7.591  -19.659  77.783 0.0000000000
85675  7.774  -17.023  76.835 0.0000000000
69349  14.523  -26.253  74.724 0.0000000000
205673  14.002  -26.750  74.060 0.0000000000
69331  13.767  -26.084  75.221 0.0000000000
70644  11.798  -24.722  77.712 0.0000000000
182558  11.793  -26.075  76.298 0.0000000000
69317  11.353  -25.491  76.969 0.0000000000
184078  9.875  -24.741  78.815 0.0000000000
78156  9.043  -22.303  79.963 0.0000000000
180475  9.069  -23.672  79.821 0.0000000000
78149  8.316  -22.402  80.212 0.0000000000
76968  6.731  -22.577  80.271 0.0000000000
91004  6.436  -14.044  75.682 0.0000000000
180542  5.523  -14.808  73.973 0.0000000000
204973  6.974  -14.130  74.665 0.0000000000
91023  10.169  -13.908  73.396 0.0000000000
91033  8.353  -14.126  72.437 0.0000000000
91046  9.162  -14.165  72.112 0.0000000000
89734  8.644  -14.771  70.849 0.0000000000
89733  9.493  -14.768  70.985 0.0000000000
69367  16.838  -26.529  73.068 0.0000000000
73355  3.250  -25.351  76.753 0.0000000000
73354  3.574  -24.857  76.351 0.0000000000
74527  3.513  -24.110  76.662 0.0000000000
79342  3.799  -21.368  77.463 0.0000000000
206631  3.939  -21.849  76.751 0.0000000000
80582  3.865  -20.450  76.511 0.0000000000
80592  3.956  -20.231  75.988 0.0000000000
83106  3.877  -19.068  76.499 0.0000000000
83082  5.630  -19.103  79.447 0.0000000000
203337  4.868  -19.046  79.412 0.0000000000
84342  5.478  -17.886  79.714 0.0000000000
89654  6.183  -15.044  78.209 0.0000000000
86982  4.739  -16.538  78.436 0.0000000000
89678  4.927  -15.330  78.099 0.0000000000
87004  4.227  -16.221  76.897 0.0000000000
89687  4.735  -14.998  77.689 0.0000000000
180348  5.324  -14.226  76.769 0.0000000000
92255  6.077  -13.861  78.380 0.0000000000
208541  12.417  -26.628  73.323 0.0000000000
70744  12.971  -26.595  72.235 0.0000000000
70635  7.445  -24.740  78.722 0.0000000000
70651  6.367  -25.208  78.180 0.0000000000
70636  6.224  -24.922  78.776 0.0000000000
70628  4.333  -25.899  79.464 0.0000000000
70638  4.481  -26.195  79.155 0.0000000000
73341  3.111  -25.186  78.432 0.0000000000
72015  2.823  -25.912  77.462 0.0000000000
75789  4.708  -23.547  73.968 0.0000000000
74558  4.836  -24.215  72.954 0.0000000000
75796  5.176  -23.111  72.979 0.0000000000
183708  5.939  -21.765  71.463 0.0000000000
77052  5.991  -22.963  71.192 0.0000000000
78256  6.782  -22.401  70.148 0.0000000000
77073  7.350  -23.146  69.198 0.0000000000
78255  7.188  -21.955  69.666 0.0000000000
87054  4.938  -16.153  71.589 0.0000000000
84414  5.322  -18.124  71.486 0.0000000000
85747  5.317  -17.257  70.271 0.0000000000
81885  6.111  -19.322  67.043 0.0000000000
81879  6.360  -19.286  68.664 0.0000000000
80684  7.081  -20.000  66.917 0.0000000000
79448  8.104  -21.469  67.132 0.0000000000
79469  8.084  -21.293  65.715 0.0000000000
77112  8.733  -22.496  64.253 0.0000000000
185510  7.333  -21.031  64.608 0.0000000000
81950  5.408  -19.646  63.409 0.0000000000
79493  6.552  -20.926  62.739 0.0000000000
79499  6.225  -20.592  61.672 0.0000000000
91069  12.543  -14.362  69.932 0.0000000000
89758  11.251  -15.262  69.794 0.0000000000
88433  12.057  -15.267  69.337 0.0000000000
84478  11.602  -17.785  65.191 0.0000000000
85797  10.885  -17.401  66.020 0.0000000000
85786  9.628  -16.968  66.581 0.0000000000
85811  8.974  -17.231  65.355 0.0000000000
85813  7.071  -17.016  65.087 0.0000000000
84492  8.168  -17.276  64.190 0.0000000000
202171  9.395  -21.516  79.440 0.0000000000
80566  8.770  -21.324  78.981 0.0000000000
80571  8.842  -21.175  78.413 0.0000000000
74525  14.209  -24.646  75.715 0.0000000000
195187  13.940  -25.071  76.102 0.0000000000
74514  13.550  -24.225  76.589 0.0000000000
74511  13.201  -23.968  77.626 0.0000000000
73335  11.877  -24.348  78.276 0.0000000000
73327  10.873  -24.190  78.964 0.0000000000
75747  11.322  -23.659  78.960 0.0000000000
78161  10.409  -22.771  78.738 0.0000000000
92274  9.667  -13.200  76.375 0.0000000000
92302  8.387  -13.542  75.203 0.0000000000
92287  9.981  -13.310  75.605 0.0000000000
201690  10.865  -13.424  74.641 0.0000000000
92319  11.629  -13.521  73.489 0.0000000000
184836  3.580  -24.221  78.435 0.0000000000
75758  3.599  -23.662  77.572 0.0000000000
188378  3.692  -23.261  77.923 0.0000000000
78175  3.806  -21.848  77.737 0.0000000000
179604  4.081  -20.201  78.078 0.0000000000
85670  6.318  -17.085  78.311 0.0000000000
85665  6.063  -17.179  78.728 0.0000000000
203856  6.460  -16.467  78.058 0.0000000000
88344  6.855  -15.159  78.267 0.0000000000
89653  7.905  -14.592  79.235 0.0000000000
92235  7.990  -13.865  79.501 0.0000000000
73322  6.324  -24.424  80.486 0.0000000000
71987  6.078  -24.614  79.480 0.0000000000
71980  5.030  -24.746  79.973 0.0000000000
212086  4.607  -25.108  79.759 0.0000000000
71990  3.970  -25.865  79.710 0.0000000000
71992  3.456  -25.886  79.092 0.0000000000
73334  3.799  -24.960  79.542 0.0000000000
74513  3.390  -24.688  78.777 0.0000000000
79377  4.764  -21.482  74.095 0.0000000000
78213  5.108  -22.061  73.623 0.0000000000
80617  5.324  -20.849  73.204 0.0000000000
80626  5.620  -20.625  72.654 0.0000000000
80640  6.138  -20.344  71.422 0.0000000000
88442  5.396  -15.980  69.506 0.0000000000
85757  5.445  -17.194  69.514 0.0000000000
85764  5.440  -17.209  68.680 0.0000000000
181385  5.557  -18.151  66.933 0.0000000000
83209  5.558  -18.949  66.109 0.0000000000
80706  6.034  -19.999  65.022 0.0000000000
210613  5.204  -18.755  65.350 0.0000000000
83223  5.078  -18.380  64.325 0.0000000000
83233  4.937  -18.156  63.678 0.0000000000
84501  10.496  -18.107  63.647 0.0000000000
84503  9.208  -17.910  63.301 0.0000000000
84525  9.590  -18.243  62.255 0.0000000000
78154  5.530  -22.127  80.009 0.0000000000
79322  4.978  -21.454  80.031 0.0000000000
80552  5.851  -20.971  79.837 0.0000000000
81774  6.194  -20.074  79.461 0.0000000000
83086  6.019  -19.206  79.050 0.0000000000
81785  7.703  -20.465  78.655 0.0000000000
83092  7.269  -19.749  78.255 0.0000000000
84346  6.391  -18.491  78.537 0.0000000000
85672  6.951  -17.302  77.426 0.0000000000
205816  15.079  -27.051  72.842 0.0000000000
68009  14.587  -27.050  72.248 0.0000000000
67989  13.975  -26.820  73.210 0.0000000000
180301  12.941  -26.050  76.008 0.0000000000
69333  12.072  -26.572  75.775 0.0000000000
69370  11.575  -26.126  75.213 0.0000000000
70634  8.088  -24.908  78.597 0.0000000000
71985  8.037  -24.509  79.292 0.0000000000
73329  9.497  -24.424  79.118 0.0000000000
73320  8.737  -24.378  80.030 0.0000000000
210604  7.460  -24.227  79.915 0.0000000000
74491  6.573  -23.794  80.893 0.0000000000
194809  6.014  -23.164  80.153 0.0000000000
183383  4.819  -16.060  74.583 0.0000000000
85723  4.996  -17.611  73.641 0.0000000000
88396  4.970  -15.969  73.597 0.0000000000
88402  5.234  -15.454  72.644 0.0000000000
89722  5.484  -15.105  72.040 0.0000000000
91026  7.587  -14.053  73.591 0.0000000000
208181  6.522  -14.624  72.236 0.0000000000
89737  6.120  -15.049  70.927 0.0000000000
89751  6.498  -15.083  70.201 0.0000000000
89761  7.521  -15.264  69.461 0.0000000000
88451  8.254  -15.684  68.221 0.0000000000
79364  12.252  -22.556  75.206 0.0000000000
65415  16.535  -28.146  71.251 0.0000000000
65396  20.995  -27.877  71.972 0.0000000000
67966  21.121  -27.381  72.904 0.0000000000
65398  19.742  -27.904  71.953 0.0000000000
66682  18.581  -28.415  72.800 0.0000000000
183792  17.220  -27.986  72.037 0.0000000000
66685  15.882  -27.434  72.247 0.0000000000
67950  15.661  -26.455  73.831 0.0000000000
72036  15.442  -25.252  74.453 0.0000000000
210208  16.083  -25.170  73.726 0.0000000000
73352  15.068  -24.833  74.629 0.0000000000
75773  13.934  -23.881  75.013 0.0000000000
77008  13.509  -23.198  75.046 0.0000000000
74536  4.240  -24.058  75.365 0.0000000000
77009  4.370  -22.805  75.457 0.0000000000
192658  3.829  -22.982  76.538 0.0000000000
77010  4.088  -22.414  75.961 0.0000000000
78205  4.229  -21.686  74.906 0.0000000000
80603  4.491  -20.714  74.866 0.0000000000
81814  4.286  -19.523  75.129 0.0000000000
84369  4.456  -18.258  75.079 0.0000000000
79328  4.509  -21.172  79.382 0.0000000000
81787  4.460  -19.666  78.789 0.0000000000
187450  4.124  -19.052  77.987 0.0000000000
85662  5.214  -17.025  78.973 0.0000000000
187164  4.081  -18.005  78.507 0.0000000000
212415  3.973  -18.469  77.554 0.0000000000
84356  4.075  -17.704  76.807 0.0000000000
85692  4.320  -17.344  75.821 0.0000000000
87030  4.392  -16.851  75.386 0.0000000000
89695  4.834  -14.977  75.716 0.0000000000
91005  6.012  -14.028  76.070 0.0000000000
92277  7.434  -13.384  76.357 0.0000000000
93512  7.895  -13.008  78.945 0.0000000000
185151  8.425  -12.534  77.964 0.0000000000
93542  9.134  -12.907  76.887 0.0000000000
70676  5.882  -26.062  76.921 0.0000000000
70637  5.097  -25.551  79.000 0.0000000000
77044  5.530  -22.690  72.182 0.0000000000
75824  5.618  -24.097  71.255 0.0000000000
74611  8.221  -24.125  66.533 0.0000000000
84404  5.075  -18.297  72.796 0.0000000000
83144  5.702  -19.163  71.545 0.0000000000
81847  6.509  -20.197  70.696 0.0000000000
83176  5.501  -18.456  69.452 0.0000000000
81866  6.226  -19.431  69.425 0.0000000000
79423  7.105  -20.698  69.499 0.0000000000
78295  7.710  -21.680  67.934 0.0000000000
77103  8.233  -22.615  67.085 0.0000000000
75866  8.897  -24.004  65.386 0.0000000000
197351  9.230  -24.089  63.643 0.0000000000
176829  6.571  -20.939  63.623 0.0000000000
78332  7.263  -21.847  62.072 0.0000000000
91030  12.072  -13.595  72.098 0.0000000000
91043  12.237  -13.833  71.485 0.0000000000
177403  11.510  -14.134  71.344 0.0000000000
178169  10.900  -14.637  70.578 0.0000000000
88437  9.520  -15.538  69.311 0.0000000000
88463  8.548  -16.132  67.657 0.0000000000
87095  10.793  -16.536  67.659 0.0000000000
87097  9.281  -16.436  67.503 0.0000000000
87113  7.799  -16.833  66.591 0.0000000000
87138  6.658  -16.592  65.349 0.0000000000
85826  6.082  -16.876  64.317 0.0000000000
189402  4.797  -17.420  62.616 0.0000000000
85852  5.833  -17.249  62.213 0.0000000000
79340  11.160  -22.483  76.810 0.0000000000
79346  11.321  -22.258  76.258 0.0000000000
79345  12.314  -22.545  76.436 0.0000000000
78177  12.588  -22.621  76.763 0.0000000000
79339  11.877  -22.658  76.967 0.0000000000
79336  11.357  -22.806  77.414 0.0000000000
72208  7.754  -25.867  64.870 0.0000000000
72224  8.239  -25.664  64.458 0.0000000000
72235  8.556  -25.897  63.453 0.0000000000
76980  4.433  -22.956  79.646 0.0000000000
195973  3.976  -22.669  79.192 0.0000000000
196136  4.299  -22.622  79.696 0.0000000000
66703  15.625  -27.620  71.537 0.0000000000
68028  15.425  -27.393  70.981 0.0000000000
68019  15.340  -27.393  71.492 0.0000000000
210796  4.997  -22.826  80.073 0.0000000000
74500  5.073  -23.626  79.867 0.0000000000
75741  4.843  -23.213  79.779 0.0000000000
75744  4.612  -23.466  79.594 0.0000000000
83114  4.667  -18.482  74.426 0.0000000000
83123  4.947  -18.700  73.840 0.0000000000
84379  4.928  -18.044  74.045 0.0000000000
88464  6.841  -16.160  67.190 0.0000000000
87100  5.620  -16.181  66.860 0.0000000000
88477  6.271  -16.250  66.642 0.0000000000
87116  5.734  -16.097  66.208 0.0000000000
87115  6.497  -16.327  66.160 0.0000000000
79317  8.238  -21.518  80.295 0.0000000000
80553  7.819  -21.146  80.116 0.0000000000
79326  8.326  -21.352  79.916 0.0000000000
69329  14.311  -25.868  75.048 0.0000000000
69330  14.088  -25.992  75.046 0.0000000000
70681  13.984  -25.647  75.484 0.0000000000
70645  11.547  -24.945  77.763 0.0000000000
70658  11.591  -25.230  77.251 0.0000000000
178363  11.225  -25.274  77.455 0.0000000000
70659  10.900  -25.531  77.167 0.0000000000
70646  10.906  -25.109  77.915 0.0000000000
70647  10.164  -25.142  77.826 0.0000000000
70631  10.296  -24.921  78.284 0.0000000000
78164  9.458  -21.649  80.218 0.0000000000
76974  8.824  -22.623  79.940 0.0000000000
78157  8.664  -21.969  80.104 0.0000000000
78150  7.834  -22.204  80.502 0.0000000000
92290  7.615  -13.504  75.882 0.0000000000
190150  6.716  -14.138  75.174 0.0000000000
92303  7.802  -13.639  75.423 0.0000000000
177472  10.122  -13.994  72.739 0.0000000000
91032  9.599  -14.125  72.625 0.0000000000
178293  9.966  -14.128  72.126 0.0000000000
89718  9.736  -14.390  71.554 0.0000000000
89717  10.466  -14.223  71.593 0.0000000000
74528  3.346  -24.720  76.971 0.0000000000
74519  3.490  -24.137  77.249 0.0000000000
80578  3.835  -20.318  77.221 0.0000000000
79348  3.750  -20.805  77.040 0.0000000000
80583  3.880  -20.096  76.816 0.0000000000
189171  3.885  -19.742  76.366 0.0000000000
81801  3.842  -19.518  76.740 0.0000000000
84340  5.869  -18.733  79.250 0.0000000000
180910  5.702  -18.534  79.376 0.0000000000
84341  5.863  -18.168  79.234 0.0000000000
89666  5.995  -14.840  78.226 0.0000000000
89667  5.246  -15.203  78.170 0.0000000000
89677  5.030  -14.924  78.009 0.0000000000
89682  4.968  -15.002  78.042 0.0000000000
90988  5.355  -14.757  78.086 0.0000000000
90992  5.452  -14.271  77.859 0.0000000000
90987  5.843  -14.323  78.250 0.0000000000
70625  6.876  -24.577  78.975 0.0000000000
184591  6.910  -24.884  78.514 0.0000000000
70629  4.030  -26.119  79.552 0.0000000000
70639  4.020  -26.451  79.302 0.0000000000
73344  3.109  -24.940  77.933 0.0000000000
73346  3.027  -25.262  77.382 0.0000000000
202059  4.811  -22.743  74.188 0.0000000000
77030  4.987  -22.931  73.571 0.0000000000
79407  6.291  -21.560  71.081 0.0000000000
178443  6.886  -21.806  70.174 0.0000000000
208732  7.064  -22.442  69.730 0.0000000000
79414  7.088  -21.310  69.903 0.0000000000
202849  5.205  -17.266  70.882 0.0000000000
210001  5.147  -16.834  70.659 0.0000000000
81891  6.552  -19.638  66.673 0.0000000000
81884  6.650  -19.721  67.380 0.0000000000
196702  6.887  -19.874  66.375 0.0000000000
80692  7.303  -20.309  66.415 0.0000000000
80704  7.186  -20.348  65.642 0.0000000000
194563  7.514  -20.895  65.345 0.0000000000
81951  5.187  -19.123  62.797 0.0000000000
80739  5.874  -20.285  62.272 0.0000000000
206372  5.932  -20.136  61.682 0.0000000000
204850  12.966  -14.171  69.612 0.0000000000
89755  12.777  -14.511  69.381 0.0000000000
89756  12.308  -14.758  69.656 0.0000000000
89767  12.671  -15.124  69.161 0.0000000000
84479  10.874  -17.864  64.931 0.0000000000
84469  11.112  -17.671  65.517 0.0000000000
84470  10.406  -17.663  65.549 0.0000000000
85810  9.634  -17.540  65.576 0.0000000000
207555  9.495  -17.536  65.125 0.0000000000
85824  8.556  -17.277  64.775 0.0000000000
84491  8.909  -17.570  64.056 0.0000000000
79330  9.723  -21.845  79.107 0.0000000000
80565  9.300  -21.486  78.948 0.0000000000
79334  9.529  -21.544  78.646 0.0000000000
80580  9.918  -21.221  76.217 0.0000000000
74526  13.893  -24.326  75.956 0.0000000000
186839  13.873  -24.537  76.234 0.0000000000
74517  13.335  -23.866  76.595 0.0000000000
206651  12.640  -23.372  77.631 0.0000000000
75753  13.084  -23.810  77.394 0.0000000000
75746  12.178  -23.717  78.090 0.0000000000
202787  11.798  -23.996  78.838 0.0000000000
74502  11.330  -24.105  78.941 0.0000000000
76981  11.485  -23.176  78.253 0.0000000000
79332  10.751  -22.747  78.447 0.0000000000
78168  10.954  -22.943  78.618 0.0000000000
79329  10.184  -22.455  78.730 0.0000000000
79324  9.885  -21.640  79.775 0.0000000000
92299  11.301  -13.296  74.852 0.0000000000
183153  11.714  -13.301  74.539 0.0000000000
92320  11.148  -13.715  73.654 0.0000000000
92309  11.942  -13.324  74.032 0.0000000000
75754  3.645  -23.820  78.076 0.0000000000
75752  3.790  -23.597  78.489 0.0000000000
78169  3.937  -22.040  78.808 0.0000000000
78172  3.768  -22.088  78.268 0.0000000000
79335  4.050  -21.454  78.500 0.0000000000
79338  3.861  -21.378  77.939 0.0000000000
183583  3.995  -20.808  78.259 0.0000000000
85669  6.626  -17.084  77.852 0.0000000000
86986  6.804  -16.034  77.866 0.0000000000
88343  7.752  -15.194  78.639 0.0000000000
89665  7.814  -15.114  78.828 0.0000000000
89664  8.092  -14.722  79.169 0.0000000000
89652  8.387  -14.432  79.360 0.0000000000
74498  6.230  -24.192  80.884 0.0000000000
71979  6.033  -24.538  79.901 0.0000000000
73323  5.819  -24.390  80.077 0.0000000000
73325  4.595  -24.859  79.935 0.0000000000
184817  4.760  -24.821  79.962 0.0000000000
71981  4.297  -25.244  79.769 0.0000000000
73333  3.994  -25.245  79.774 0.0000000000
71991  3.715  -25.678  79.520 0.0000000000
191340  3.777  -24.129  78.745 0.0000000000
191049  4.712  -20.968  74.213 0.0000000000
79386  5.002  -21.081  73.743 0.0000000000
210188  4.863  -20.612  73.912 0.0000000000
80627  5.317  -20.140  73.040 0.0000000000
81832  5.565  -19.921  72.490 0.0000000000
80632  5.829  -20.458  72.043 0.0000000000
88441  5.839  -15.802  69.206 0.0000000000
87077  5.410  -16.568  69.083 0.0000000000
87076  5.739  -16.234  68.672 0.0000000000
85788  5.255  -16.925  66.559 0.0000000000
85777  5.330  -17.092  67.325 0.0000000000
180893  5.326  -17.564  66.894 0.0000000000
83202  5.771  -18.793  66.659 0.0000000000
83203  5.345  -18.352  66.287 0.0000000000
81902  5.397  -19.134  65.619 0.0000000000
83210  5.207  -18.582  65.773 0.0000000000
85815  5.144  -16.790  65.345 0.0000000000
84482  5.178  -17.962  64.783 0.0000000000
178527  5.266  -17.286  64.786 0.0000000000
84493  5.089  -17.585  64.104 0.0000000000
84500  11.673  -17.970  64.086 0.0000000000
185799  11.272  -18.140  63.575 0.0000000000
176497  10.269  -18.185  62.957 0.0000000000
83241  10.561  -18.387  62.469 0.0000000000
79315  5.633  -21.587  79.967 0.0000000000
79314  6.210  -21.505  79.885 0.0000000000
81773  6.855  -20.515  79.420 0.0000000000
80555  6.700  -20.663  79.687 0.0000000000
81781  6.376  -19.907  79.121 0.0000000000
212275  6.239  -19.598  79.171 0.0000000000
83085  6.723  -19.686  78.749 0.0000000000
81784  8.229  -20.844  78.550 0.0000000000
80567  8.175  -20.999  79.085 0.0000000000
81790  7.806  -20.268  78.159 0.0000000000
83096  7.147  -19.054  77.795 0.0000000000
201539  6.850  -18.999  78.209 0.0000000000
84350  6.776  -18.160  77.941 0.0000000000
66657  14.904  -26.946  73.075 0.0000000000
66687  14.688  -27.035  72.805 0.0000000000
66674  14.574  -26.879  73.253 0.0000000000
67973  13.543  -26.769  74.092 0.0000000000
67974  12.990  -26.734  74.204 0.0000000000
72013  13.555  -25.134  76.422 0.0000000000
70669  13.003  -25.873  75.972 0.0000000000
69314  12.814  -25.596  76.447 0.0000000000
69324  11.568  -25.931  76.340 0.0000000000
69323  12.010  -26.568  76.036 0.0000000000
69334  11.851  -26.491  75.999 0.0000000000
69351  11.924  -26.408  75.574 0.0000000000
69352  11.435  -26.128  75.784 0.0000000000
70682  9.944  -25.879  76.479 0.0000000000
70633  8.814  -24.836  78.463 0.0000000000
71997  8.372  -24.773  78.823 0.0000000000
208628  10.606  -24.010  79.088 0.0000000000
73328  10.260  -24.245  79.054 0.0000000000
74504  10.038  -23.999  79.164 0.0000000000
197547  8.620  -23.667  80.654 0.0000000000
74494  8.924  -23.864  80.034 0.0000000000
193195  8.606  -24.094  80.619 0.0000000000
73321  8.174  -24.313  80.086 0.0000000000
74495  7.911  -23.958  80.529 0.0000000000
74496  7.377  -24.087  80.064 0.0000000000
74490  7.322  -23.471  80.625 0.0000000000
181146  6.818  -22.166  80.254 0.0000000000
76969  6.207  -22.769  80.167 0.0000000000
194585  6.088  -22.381  80.108 0.0000000000
76970  5.774  -22.846  80.001 0.0000000000
89703  5.028  -15.504  74.684 0.0000000000
87034  4.835  -16.288  74.000 0.0000000000
88392  5.031  -15.732  74.110 0.0000000000
89706  5.812  -14.684  73.546 0.0000000000
89707  5.462  -14.996  73.326 0.0000000000
203067  5.748  -14.725  72.906 0.0000000000
89711  5.549  -14.961  72.620 0.0000000000
89710  5.924  -14.807  72.278 0.0000000000
92301  8.996  -13.658  74.925 0.0000000000
91009  8.552  -13.772  74.722 0.0000000000
91017  8.300  -13.915  74.114 0.0000000000
91047  7.659  -14.232  71.977 0.0000000000
91034  7.622  -14.142  72.784 0.0000000000
201285  6.994  -14.450  71.906 0.0000000000
89721  6.494  -14.735  71.583 0.0000000000
89736  6.859  -14.736  70.745 0.0000000000
89749  8.414  -14.893  70.137 0.0000000000
89750  7.804  -14.926  69.931 0.0000000000
89760  8.224  -15.045  69.451 0.0000000000
88438  7.879  -15.356  68.772 0.0000000000
185746  8.639  -15.334  68.969 0.0000000000
183925  12.716  -22.665  74.829 0.0000000000
79365  12.167  -22.269  74.611 0.0000000000
191511  12.762  -22.513  74.239 0.0000000000
65432  17.533  -28.427  70.535 0.0000000000
65442  17.358  -28.289  70.281 0.0000000000
65424  17.103  -28.329  70.910 0.0000000000
208579  16.988  -28.311  71.061 0.0000000000
187206  19.922  -27.160  72.901 0.0000000000
69378  20.747  -27.264  72.971 0.0000000000
67983  20.618  -27.399  73.000 0.0000000000
66668  20.369  -28.084  72.781 0.0000000000
187108  19.926  -27.987  72.259 0.0000000000
65399  18.947  -28.114  72.113 0.0000000000
66669  18.903  -28.191  72.976 0.0000000000
66671  17.576  -28.057  72.960 0.0000000000
66684  16.451  -27.680  72.090 0.0000000000
66672  16.590  -27.400  72.653 0.0000000000
69347  15.947  -26.045  73.550 0.0000000000
70698  15.597  -25.701  74.141 0.0000000000
72035  15.817  -25.205  73.510 0.0000000000
73370  16.134  -24.829  73.591 0.0000000000
74542  15.730  -24.788  73.767 0.0000000000
73371  15.388  -24.759  74.110 0.0000000000
74543  15.226  -24.656  74.207 0.0000000000
75772  14.613  -24.369  74.743 0.0000000000
75781  14.882  -24.289  74.118 0.0000000000
77016  14.166  -23.289  73.949 0.0000000000
180194  13.993  -23.456  74.500 0.0000000000
78193  13.696  -23.028  74.525 0.0000000000
78194  13.180  -22.911  74.991 0.0000000000
72042  3.554  -25.418  75.757 0.0000000000
74537  3.826  -24.010  76.105 0.0000000000
74545  3.943  -24.800  75.660 0.0000000000
75774  4.273  -23.452  75.649 0.0000000000
76991  3.671  -23.007  77.371 0.0000000000
75757  3.613  -23.465  76.980 0.0000000000
208702  3.735  -22.833  76.953 0.0000000000
78187  4.001  -21.806  76.221 0.0000000000
78197  4.047  -21.760  75.485 0.0000000000
78196  4.278  -22.115  75.137 0.0000000000
79369  4.190  -21.290  75.168 0.0000000000
79368  4.476  -21.341  74.571 0.0000000000
81805  4.037  -19.620  75.772 0.0000000000
80604  4.256  -20.156  75.371 0.0000000000
83115  4.430  -18.951  74.809 0.0000000000
84364  4.271  -18.036  75.700 0.0000000000
191868  4.898  -20.841  80.396 0.0000000000
195977  4.758  -20.828  80.014 0.0000000000
80558  4.999  -20.337  79.954 0.0000000000
178377  4.901  -18.730  79.316 0.0000000000
210621  4.704  -19.740  79.484 0.0000000000
192539  4.579  -19.120  78.967 0.0000000000
81791  4.302  -19.633  78.360 0.0000000000
83095  4.332  -18.507  78.772 0.0000000000
86981  6.014  -16.812  78.639 0.0000000000
85661  5.432  -17.542  79.396 0.0000000000
85666  5.687  -17.062  78.956 0.0000000000
86988  4.086  -17.097  77.982 0.0000000000
86983  4.302  -16.993  78.432 0.0000000000
85674  3.964  -17.536  77.831 0.0000000000
84354  3.950  -17.991  77.811 0.0000000000
85678  3.977  -17.592  77.383 0.0000000000
84357  4.010  -18.193  77.182 0.0000000000
88380  4.278  -15.978  76.534 0.0000000000
85682  4.180  -17.211  76.331 0.0000000000
87025  4.304  -16.702  75.881 0.0000000000
87024  4.462  -16.214  75.499 0.0000000000
88384  4.527  -15.514  75.671 0.0000000000
92267  5.933  -13.778  76.917 0.0000000000
91001  5.678  -14.035  76.514 0.0000000000
92279  6.229  -13.782  76.465 0.0000000000
92278  6.824  -13.578  76.442 0.0000000000
92265  7.281  -13.223  76.820 0.0000000000
92247  7.891  -13.502  79.385 0.0000000000
68010  13.953  -26.860  72.570 0.0000000000
69398  14.318  -26.912  71.985 0.0000000000
69399  13.584  -26.753  72.441 0.0000000000
70664  6.709  -25.468  77.425 0.0000000000
70627  5.339  -25.007  79.276 0.0000000000
72027  3.036  -26.025  76.446 0.0000000000
70688  2.955  -26.462  75.961 0.0000000000
74565  5.006  -24.511  72.413 0.0000000000
73387  4.808  -24.922  72.789 0.0000000000
74574  5.048  -24.781  71.895 0.0000000000
74573  5.320  -24.427  71.588 0.0000000000
78222  5.215  -21.961  73.136 0.0000000000
77038  5.294  -22.616  72.728 0.0000000000
77064  6.326  -23.289  70.629 0.0000000000
75813  5.764  -23.535  71.393 0.0000000000
75823  5.935  -23.683  70.940 0.0000000000
74581  5.721  -24.266  70.697 0.0000000000
75839  6.277  -24.000  69.614 0.0000000000
77089  7.529  -22.907  68.567 0.0000000000
75848  6.975  -23.949  68.547 0.0000000000
75853  7.630  -23.736  67.729 0.0000000000
74612  7.657  -24.540  66.932 0.0000000000
75858  8.025  -23.940  67.232 0.0000000000
193466  4.871  -17.123  73.039 0.0000000000
180772  5.050  -17.780  73.098 0.0000000000
85733  4.998  -17.593  72.554 0.0000000000
83156  5.567  -18.540  71.137 0.0000000000
83145  5.397  -18.673  71.889 0.0000000000
81848  6.047  -19.674  71.091 0.0000000000
195791  5.583  -17.771  69.090 0.0000000000
81878  6.772  -19.814  68.272 0.0000000000
81865  6.638  -19.705  69.007 0.0000000000
80651  6.963  -20.216  68.946 0.0000000000
197088  6.707  -20.062  69.759 0.0000000000
80664  7.311  -20.776  68.776 0.0000000000
192076  7.509  -21.439  68.590 0.0000000000
80673  7.530  -20.854  68.007 0.0000000000
78311  8.412  -21.912  66.098 0.0000000000
78304  8.291  -21.969  66.798 0.0000000000
181522  8.554  -22.551  66.456 0.0000000000
75862  8.718  -23.696  66.031 0.0000000000
75861  9.079  -23.185  65.443 0.0000000000
74632  9.076  -24.382  64.210 0.0000000000
77111  9.096  -23.071  64.640 0.0000000000
78322  8.219  -22.027  63.876 0.0000000000
77124  8.266  -22.607  62.114 0.0000000000
80718  6.318  -20.482  64.684 0.0000000000
80728  6.226  -20.605  63.999 0.0000000000
78333  6.760  -21.412  61.682 0.0000000000
78328  6.836  -21.362  62.409 0.0000000000
78337  7.035  -21.862  61.343 0.0000000000
77131  7.478  -22.388  61.016 0.0000000000
91054  12.713  -13.759  71.276 0.0000000000
91055  12.334  -14.055  70.985 0.0000000000
89731  11.594  -14.419  70.781 0.0000000000
88435  10.925  -15.656  69.338 0.0000000000
88426  10.757  -15.466  69.684 0.0000000000
88450  9.746  -15.828  68.662 0.0000000000
181333  8.999  -15.683  68.463 0.0000000000
87084  9.275  -16.116  68.120 0.0000000000
87108  12.441  -16.699  66.843 0.0000000000
87092  12.847  -16.245  67.323 0.0000000000
87093  12.251  -16.453  67.506 0.0000000000
87080  12.007  -16.149  68.181 0.0000000000
87094  11.525  -16.483  67.591 0.0000000000
85787  8.755  -16.900  66.328 0.0000000000
182611  9.679  -16.738  67.146 0.0000000000
190713  8.321  -16.843  66.573 0.0000000000
180157  8.462  -16.502  66.949 0.0000000000
87127  7.339  -16.806  66.163 0.0000000000
85800  7.175  -16.720  65.670 0.0000000000
85825  6.720  -17.045  64.365 0.0000000000
85814  6.538  -16.820  64.849 0.0000000000
85840  5.562  -16.983  63.675 0.0000000000
85841  5.093  -17.219  63.137 0.0000000000
186533  5.847  -17.132  62.933 0.0000000000
85849  7.972  -17.502  63.053 0.0000000000
79337  10.569  -22.365  77.956 0.0000000000
80569  9.831  -21.738  78.213 0.0000000000
79341  10.353  -22.050  77.243 0.0000000000
80576  9.868  -21.370  76.902 0.0000000000
78176  12.842  -23.009  76.327 0.0000000000
76989  12.799  -23.364  76.792 0.0000000000
76990  12.636  -22.963  76.808 0.0000000000
78173  12.317  -22.941  77.249 0.0000000000
78170  11.813  -23.024  77.791 0.0000000000
76985  11.822  -23.143  77.853 0.0000000000
209233  11.777  -23.007  77.753 0.0000000000
202007  11.184  -22.871  77.784 0.0000000000
72244  8.892  -25.899  62.860 0.0000000000
73475  9.049  -25.302  63.216 0.0000000000
76983  3.995  -23.083  78.824 0.0000000000
204048  4.043  -23.055  78.946 0.0000000000
78166  4.087  -21.995  79.055 0.0000000000
195902  4.467  -21.587  79.289 0.0000000000
74506  4.287  -24.144  79.094 0.0000000000
203422  4.583  -19.735  74.208 0.0000000000
80618  4.870  -20.039  73.865 0.0000000000
81826  4.832  -19.378  73.768 0.0000000000
87085  5.825  -16.365  67.712 0.0000000000
85801  5.124  -17.084  65.897 0.0000000000
209229  5.221  -16.607  66.151 0.0000000000
87130  5.323  -16.418  65.867 0.0000000000
87140  5.459  -16.416  65.375 0.0000000000
78151  6.906  -21.898  80.274 0.0000000000
79313  6.736  -21.472  80.026 0.0000000000
79318  7.275  -21.396  80.525 0.0000000000
80554  7.277  -20.902  80.099 0.0000000000
80562  7.447  -20.775  79.583 0.0000000000
81794  7.941  -20.058  77.756 0.0000000000
83098  7.891  -19.564  77.416 0.0000000000
84352  7.538  -18.348  77.213 0.0000000000
84355  7.725  -17.899  76.831 0.0000000000
67951  15.060  -26.529  74.206 0.0000000000
67971  14.492  -26.757  73.759 0.0000000000
67952  14.237  -26.707  74.236 0.0000000000
67940  13.837  -26.408  74.889 0.0000000000
67941  13.536  -26.388  75.045 0.0000000000
70643  12.075  -25.018  77.266 0.0000000000
69315  12.260  -25.487  76.612 0.0000000000
70657  11.939  -25.048  77.247 0.0000000000
69316  11.803  -25.464  76.755 0.0000000000
69325  10.953  -25.777  76.666 0.0000000000
70632  9.586  -24.814  78.337 0.0000000000
76972  9.998  -23.233  79.377 0.0000000000
75738  9.496  -23.437  79.559 0.0000000000
76973  9.283  -22.986  79.751 0.0000000000
76965  8.621  -22.926  80.278 0.0000000000
76966  8.127  -22.822  80.543 0.0000000000
75732  7.402  -22.934  80.488 0.0000000000
209736  7.291  -22.093  80.406 0.0000000000
91013  5.595  -14.594  74.920 0.0000000000
203994  5.465  -14.785  74.425 0.0000000000
91012  6.073  -14.314  75.055 0.0000000000
181082  6.381  -14.211  74.487 0.0000000000
91027  6.325  -14.454  73.758 0.0000000000
176859  9.642  -13.942  73.881 0.0000000000
180947  9.005  -13.921  73.576 0.0000000000
179051  9.044  -14.078  72.853 0.0000000000
199070  8.419  -14.234  71.852 0.0000000000
89735  7.734  -14.689  70.615 0.0000000000
89719  8.964  -14.509  71.474 0.0000000000
89748  9.171  -14.972  70.336 0.0000000000
64075  18.351  -28.533  71.097 0.0000000000
67984  19.001  -27.418  72.987 0.0000000000
67967  17.344  -27.011  72.971 0.0000000000
70711  17.117  -26.327  72.774 0.0000000000
72047  16.310  -25.827  73.130 0.0000000000
77015  14.585  -23.846  73.975 0.0000000000
73364  3.333  -25.518  76.219 0.0000000000
75766  3.718  -23.557  76.503 0.0000000000
200337  3.820  -21.920  77.403 0.0000000000
78179  3.883  -21.569  77.062 0.0000000000
79347  3.902  -21.200  76.546 0.0000000000
198499  3.958  -20.765  76.141 0.0000000000
184271  4.217  -20.740  75.591 0.0000000000
210418  3.937  -19.205  76.101 0.0000000000
81775  5.672  -19.915  79.646 0.0000000000
81777  4.922  -19.843  80.058 0.0000000000
83083  5.162  -19.169  79.713 0.0000000000
83089  4.769  -18.984  79.548 0.0000000000
84344  4.941  -18.223  79.299 0.0000000000
88337  6.083  -15.681  78.082 0.0000000000
88338  5.363  -16.071  78.226 0.0000000000
88346  5.223  -15.832  78.108 0.0000000000
88347  5.069  -16.032  78.144 0.0000000000
86994  4.316  -16.459  77.681 0.0000000000
85673  4.066  -17.023  77.471 0.0000000000
176302  4.540  -15.789  77.492 0.0000000000
88375  4.418  -15.667  77.024 0.0000000000
183091  4.611  -15.027  77.029 0.0000000000
89692  4.806  -14.818  76.319 0.0000000000
90998  5.021  -14.552  76.820 0.0000000000
92268  5.693  -13.771  77.495 0.0000000000
194356  6.093  -13.533  77.357 0.0000000000
69400  12.969  -26.779  72.947 0.0000000000
70735  12.389  -26.627  72.773 0.0000000000
70650  7.612  -25.025  78.264 0.0000000000
70652  5.650  -25.613  78.571 0.0000000000
195510  5.185  -25.596  78.963 0.0000000000
72005  3.099  -25.857  78.448 0.0000000000
72010  2.895  -25.695  77.928 0.0000000000
199457  2.992  -25.787  77.044 0.0000000000
74551  4.550  -24.372  74.045 0.0000000000
192019  4.652  -24.660  73.412 0.0000000000
206993  4.765  -24.047  73.490 0.0000000000
75797  4.952  -23.567  73.235 0.0000000000
74557  5.076  -23.807  72.665 0.0000000000
78229  5.709  -21.615  71.986 0.0000000000
78238  5.810  -22.341  71.728 0.0000000000
77051  6.415  -22.641  70.726 0.0000000000
77063  6.668  -22.979  70.314 0.0000000000
77074  7.046  -22.985  69.776 0.0000000000
78267  7.396  -22.509  69.253 0.0000000000
87055  4.829  -16.601  72.007 0.0000000000
85732  4.921  -17.275  71.964 0.0000000000
192433  5.170  -17.555  71.453 0.0000000000
84422  5.371  -17.860  70.757 0.0000000000
83166  5.529  -18.481  70.273 0.0000000000
83196  5.904  -18.776  67.379 0.0000000000
83189  6.000  -18.799  68.240 0.0000000000
192212  6.245  -19.329  67.835 0.0000000000
80674  7.177  -20.198  67.680 0.0000000000
79449  7.826  -21.160  67.462 0.0000000000
80683  7.511  -20.552  67.226 0.0000000000
79458  8.162  -21.340  66.490 0.0000000000
78314  8.442  -21.898  65.353 0.0000000000
77108  8.867  -22.480  65.011 0.0000000000
78317  8.399  -21.917  64.593 0.0000000000
78318  7.764  -21.480  64.223 0.0000000000
78323  7.517  -21.635  63.515 0.0000000000
80729  5.838  -20.267  63.722 0.0000000000
79489  6.173  -20.760  63.246 0.0000000000
80735  5.784  -20.387  62.993 0.0000000000
79494  6.294  -20.613  62.482 0.0000000000
79498  6.518  -20.993  61.309 0.0000000000
91063  12.898  -14.040  70.239 0.0000000000
89745  12.189  -14.591  70.248 0.0000000000
201166  11.896  -14.654  70.408 0.0000000000
89757  11.816  -14.945  69.876 0.0000000000
88434  11.481  -15.462  69.384 0.0000000000
88448  11.074  -15.916  68.839 0.0000000000
84468  11.682  -17.518  65.866 0.0000000000
85784  11.382  -17.146  66.504 0.0000000000
87110  11.084  -16.767  67.061 0.0000000000
85798  10.043  -17.362  66.086 0.0000000000
183157  9.214  -17.157  65.987 0.0000000000
178217  8.409  -17.065  65.919 0.0000000000
209188  7.531  -17.015  65.479 0.0000000000
85812  8.078  -17.199  65.482 0.0000000000
176327  7.391  -17.185  64.357 0.0000000000
85838  7.024  -17.163  63.700 0.0000000000
80559  9.589  -21.474  80.076 0.0000000000
80560  8.734  -21.414  79.563 0.0000000000
80570  9.320  -21.226  78.055 0.0000000000
81788  8.766  -20.778  77.753 0.0000000000
197202  14.885  -24.955  75.018 0.0000000000
70667  14.202  -25.302  75.556 0.0000000000
72012  14.146  -25.024  76.208 0.0000000000
72007  13.676  -25.017  76.473 0.0000000000
73343  13.266  -24.652  77.030 0.0000000000
74518  13.247  -23.914  77.171 0.0000000000
74515  13.235  -24.208  77.199 0.0000000000
72001  12.982  -24.960  77.139 0.0000000000
72002  11.957  -25.127  77.491 0.0000000000
73340  11.939  -24.522  77.932 0.0000000000
71994  10.995  -24.776  78.319 0.0000000000
73337  10.777  -24.474  78.775 0.0000000000
73336  11.010  -24.501  78.699 0.0000000000
74503  10.968  -23.988  79.026 0.0000000000
75743  10.547  -23.521  79.153 0.0000000000
76982  11.134  -23.194  78.831 0.0000000000
76977  10.830  -23.059  79.035 0.0000000000
76978  10.221  -22.988  79.024 0.0000000000
78162  9.885  -22.294  79.122 0.0000000000
78163  9.813  -21.713  80.034 0.0000000000
92275  8.814  -13.198  76.182 0.0000000000
92289  8.235  -13.344  75.704 0.0000000000
198869  9.352  -13.357  75.781 0.0000000000
92300  9.507  -13.547  75.204 0.0000000000
92286  10.741  -13.217  75.375 0.0000000000
210402  10.234  -13.510  74.790 0.0000000000
91015  10.213  -13.800  74.055 0.0000000000
91022  10.717  -13.790  73.525 0.0000000000
91021  11.236  -13.639  72.998 0.0000000000
74516  3.485  -24.293  77.886 0.0000000000
76988  3.728  -22.493  77.723 0.0000000000
76986  3.773  -22.893  78.328 0.0000000000
80575  3.768  -20.725  77.663 0.0000000000
185822  3.897  -20.125  77.610 0.0000000000
84347  6.114  -17.825  78.765 0.0000000000
84348  6.098  -17.872  79.101 0.0000000000
86980  6.403  -16.197  78.069 0.0000000000
88356  7.680  -15.450  78.261 0.0000000000
88357  7.022  -15.641  78.000 0.0000000000
88345  6.295  -15.976  78.042 0.0000000000
88336  6.616  -15.139  78.221 0.0000000000
90975  6.834  -14.605  78.720 0.0000000000
90981  6.618  -14.318  78.716 0.0000000000
92248  6.984  -13.836  78.838 0.0000000000
92236  7.516  -14.016  79.192 0.0000000000
71978  6.443  -24.481  79.924 0.0000000000
207233  5.422  -24.913  79.577 0.0000000000
73324  5.112  -24.414  79.955 0.0000000000
71989  4.294  -25.598  79.649 0.0000000000
70630  3.851  -26.237  79.429 0.0000000000
194990  3.401  -25.490  79.212 0.0000000000
209424  3.375  -24.795  78.943 0.0000000000
179711  3.310  -24.648  78.361 0.0000000000
78214  4.924  -21.922  73.994 0.0000000000
77023  5.009  -22.360  73.827 0.0000000000
79376  5.098  -21.662  73.716 0.0000000000
79385  5.207  -21.408  73.362 0.0000000000
79394  5.406  -21.362  72.682 0.0000000000
202462  5.087  -20.409  73.549 0.0000000000
79393  5.727  -21.025  72.198 0.0000000000
79400  6.037  -21.089  71.603 0.0000000000
80639  6.653  -20.837  71.015 0.0000000000
88430  5.308  -15.881  70.321 0.0000000000
87072  5.271  -16.531  70.016 0.0000000000
84448  5.481  -17.762  68.282 0.0000000000
87086  5.513  -16.748  68.084 0.0000000000
85770  5.357  -17.327  67.962 0.0000000000
84447  5.716  -18.229  67.778 0.0000000000
81892  6.052  -19.299  66.385 0.0000000000
81900  6.424  -19.660  66.126 0.0000000000
80705  6.622  -20.142  65.293 0.0000000000
81901  5.838  -19.455  65.887 0.0000000000
81910  5.656  -19.610  65.361 0.0000000000
81921  5.497  -19.714  64.791 0.0000000000
178529  5.132  -18.246  65.332 0.0000000000
83217  5.172  -18.593  64.887 0.0000000000
81922  5.236  -19.081  64.536 0.0000000000
81936  5.170  -18.926  63.942 0.0000000000
186182  5.082  -18.801  63.374 0.0000000000
83242  4.879  -18.114  62.912 0.0000000000
84489  11.031  -18.041  64.217 0.0000000000
180429  10.327  -17.930  64.379 0.0000000000
84490  9.703  -17.976  63.998 0.0000000000
84502  9.884  -18.057  63.337 0.0000000000
83253  10.110  -18.541  61.925 0.0000000000
73450  7.713  -25.533  65.394 0.0000000000
76975  4.963  -22.792  79.938 0.0000000000
78159  4.904  -21.886  80.039 0.0000000000
78155  5.117  -22.079  79.977 0.0000000000
79320  5.153  -21.043  80.253 0.0000000000
178043  5.465  -20.392  79.813 0.0000000000
80551  6.468  -21.031  79.766 0.0000000000
80556  6.074  -20.501  79.691 0.0000000000
197101  5.983  -20.091  79.619 0.0000000000
81782  5.797  -19.700  79.526 0.0000000000
83094  6.142  -18.975  78.930 0.0000000000
81779  7.600  -20.673  79.109 0.0000000000
81786  7.109  -20.105  78.713 0.0000000000
83093  6.710  -19.364  78.596 0.0000000000
198506  6.497  -17.959  78.228 0.0000000000
85676  7.325  -17.599  77.061 0.0000000000
66686  15.338  -27.225  72.438 0.0000000000
68008  15.188  -27.360  71.907 0.0000000000
66696  14.942  -27.174  72.322 0.0000000000
67999  14.170  -26.935  72.772 0.0000000000
206516  13.716  -26.814  73.006 0.0000000000
67972  14.025  -26.776  73.761 0.0000000000
67990  13.518  -26.796  73.787 0.0000000000
68001  13.210  -26.797  73.227 0.0000000000
69391  12.702  -26.746  73.542 0.0000000000
69382  12.033  -26.233  74.328 0.0000000000
69321  13.667  -25.745  75.614 0.0000000000
69332  13.189  -26.185  75.574 0.0000000000
67942  12.966  -26.524  75.317 0.0000000000
69322  12.480  -26.181  76.122 0.0000000000
177372  12.454  -26.527  75.805 0.0000000000
67943  12.538  -26.543  75.284 0.0000000000
69350  12.297  -26.451  75.077 0.0000000000
69369  12.010  -26.255  74.868 0.0000000000
69383  11.642  -26.132  74.324 0.0000000000
69353  10.656  -25.925  76.034 0.0000000000
70649  8.396  -25.095  77.972 0.0000000000
71998  7.756  -24.631  78.924 0.0000000000
71986  7.353  -24.385  79.342 0.0000000000
71995  10.475  -24.734  78.810 0.0000000000
71982  9.803  -24.650  78.931 0.0000000000
71983  9.331  -24.673  79.253 0.0000000000
74493  9.424  -23.828  79.349 0.0000000000
73330  8.892  -24.489  79.483 0.0000000000
71984  8.789  -24.647  79.262 0.0000000000
73331  8.537  -24.520  79.756 0.0000000000
73332  7.835  -24.387  79.711 0.0000000000
71977  7.106  -24.331  79.703 0.0000000000
202052  6.927  -24.231  80.055 0.0000000000
74497  6.726  -24.157  80.648 0.0000000000
75733  6.675  -23.053  80.368 0.0000000000
75734  6.167  -23.244  80.316 0.0000000000
75735  5.966  -23.476  80.126 0.0000000000
75736  5.402  -23.075  79.900 0.0000000000
76971  5.267  -22.588  79.968 0.0000000000
195758  4.717  -16.675  74.441 0.0000000000
85712  4.780  -17.355  74.243 0.0000000000
190531  4.686  -16.899  73.762 0.0000000000
87039  4.746  -16.420  73.295 0.0000000000
88391  5.272  -15.137  74.131 0.0000000000
88395  5.157  -15.524  73.470 0.0000000000
88403  4.772  -15.912  72.926 0.0000000000
87047  4.779  -15.970  72.249 0.0000000000
88409  5.186  -15.639  71.838 0.0000000000
88417  5.277  -15.807  71.135 0.0000000000
91010  8.000  -13.803  74.894 0.0000000000
91018  7.532  -14.032  74.419 0.0000000000
182011  6.912  -14.219  73.215 0.0000000000
91025  8.303  -14.010  73.191 0.0000000000
184559  5.895  -15.001  71.656 0.0000000000
88416  5.629  -15.500  70.638 0.0000000000
89752  5.974  -15.338  70.273 0.0000000000
88428  6.150  -15.491  69.708 0.0000000000
188635  7.177  -14.909  70.063 0.0000000000
89762  6.831  -15.417  69.575 0.0000000000
88440  6.362  -15.614  68.948 0.0000000000
88439  7.099  -15.524  68.817 0.0000000000
88452  7.432  -15.791  67.916 0.0000000000
79356  12.211  -22.526  75.803 0.0000000000
194316  11.740  -22.280  75.973 0.0000000000
79357  11.749  -22.194  75.292 0.0000000000
79373  11.867  -21.890  74.137 0.0000000000
189153  15.823  -27.770  71.408 0.0000000000
66667  20.834  -28.105  72.873 0.0000000000
65411  18.594  -28.381  71.677 0.0000000000
65412  18.120  -28.406  71.595 0.0000000000
66670  18.222  -28.229  73.183 0.0000000000
65401  17.653  -28.168  72.006 0.0000000000
65402  17.049  -27.955  71.848 0.0000000000
66694  16.343  -27.819  71.752 0.0000000000
66695  15.681  -27.568  71.874 0.0000000000
66673  15.616  -27.079  72.641 0.0000000000
67968  16.417  -26.634  73.180 0.0000000000
69348  15.078  -26.182  74.563 0.0000000000
70699  15.100  -25.829  74.833 0.0000000000
198551  15.266  -25.515  74.833 0.0000000000
72056  16.981  -25.906  72.354 0.0000000000
73362  15.950  -24.798  73.067 0.0000000000
73363  15.733  -25.079  73.768 0.0000000000
73353  14.623  -24.766  75.217 0.0000000000
75764  14.239  -24.010  74.815 0.0000000000
76998  13.617  -23.781  75.628 0.0000000000
77006  14.332  -23.984  74.584 0.0000000000
77007  13.787  -23.640  75.058 0.0000000000
76999  13.320  -23.334  75.620 0.0000000000
78185  13.020  -22.981  75.588 0.0000000000
73372  4.279  -24.815  74.816 0.0000000000
74544  4.456  -24.016  74.610 0.0000000000
75782  4.526  -23.266  74.885 0.0000000000
77017  4.612  -22.451  74.727 0.0000000000
77000  3.936  -22.372  76.638 0.0000000000
78204  4.541  -21.865  74.474 0.0000000000
81813  4.428  -20.007  74.725 0.0000000000
210172  4.450  -19.473  74.584 0.0000000000
79327  4.660  -21.546  79.694 0.0000000000
79331  4.355  -21.109  78.986 0.0000000000
81778  4.929  -19.687  79.669 0.0000000000
80564  4.387  -20.569  79.019 0.0000000000
80568  4.404  -20.311  78.941 0.0000000000
80572  4.281  -20.231  78.569 0.0000000000
81795  4.071  -19.629  77.872 0.0000000000
85660  5.779  -17.577  79.243 0.0000000000
204301  5.011  -17.440  79.314 0.0000000000
85664  4.602  -17.749  79.096 0.0000000000
85663  4.910  -17.083  78.998 0.0000000000
85668  4.184  -17.603  78.665 0.0000000000
84349  4.454  -18.144  78.978 0.0000000000
83097  4.054  -18.375  78.329 0.0000000000
83100  3.995  -18.533  77.893 0.0000000000
196662  3.951  -19.237  77.561 0.0000000000
83103  3.892  -18.965  76.949 0.0000000000
84361  4.043  -18.359  76.661 0.0000000000
83105  4.034  -18.561  76.133 0.0000000000
85677  4.040  -17.057  76.900 0.0000000000
84360  4.158  -17.844  76.257 0.0000000000
85702  4.439  -17.532  75.271 0.0000000000
85701  4.565  -17.088  74.830 0.0000000000
87029  4.576  -16.420  75.004 0.0000000000
88388  4.705  -15.824  75.119 0.0000000000
89698  4.926  -15.271  75.212 0.0000000000
89691  5.253  -14.548  75.903 0.0000000000
91006  5.716  -14.275  75.570 0.0000000000
92292  6.494  -13.869  76.137 0.0000000000
92291  7.009  -13.785  76.043 0.0000000000
182163  6.807  -13.834  78.770 0.0000000000
92254  6.641  -13.461  78.270 0.0000000000
93520  7.431  -13.052  78.181 0.0000000000
93519  7.974  -12.557  78.480 0.0000000000
206358  7.794  -12.611  77.768 0.0000000000
210755  7.682  -12.910  77.198 0.0000000000
93543  8.465  -12.971  76.796 0.0000000000
79358  11.082  -21.964  75.493 0.0000000000
194531  14.920  -27.187  71.847 0.0000000000
69409  14.427  -26.845  71.405 0.0000000000
70750  14.201  -26.806  71.002 0.0000000000
70626  6.159  -24.741  79.022 0.0000000000
190846  5.602  -25.057  78.996 0.0000000000
186167  5.181  -26.109  78.118 0.0000000000
205979  4.471  -25.312  73.283 0.0000000000
77022  5.134  -22.492  73.314 0.0000000000
75804  5.394  -23.341  72.316 0.0000000000
77043  5.656  -23.117  71.751 0.0000000000
75814  5.558  -23.798  71.767 0.0000000000
74586  5.487  -24.761  70.415 0.0000000000
75838  6.892  -23.619  69.281 0.0000000000
73436  8.097  -25.042  65.641 0.0000000000
84392  5.146  -18.250  73.474 0.0000000000
83134  5.192  -18.814  72.520 0.0000000000
84403  5.102  -18.057  72.097 0.0000000000
81840  5.473  -19.289  72.229 0.0000000000
81839  5.810  -19.792  71.847 0.0000000000
84429  5.455  -17.847  69.889 0.0000000000
83165  5.840  -18.960  69.848 0.0000000000
83175  5.965  -18.864  69.048 0.0000000000
81855  6.218  -19.568  70.270 0.0000000000
80644  6.949  -20.718  70.308 0.0000000000
79422  7.329  -21.336  69.252 0.0000000000
78282  7.590  -22.139  68.569 0.0000000000
190010  7.717  -22.407  67.975 0.0000000000
209744  7.932  -21.599  67.516 0.0000000000
78294  7.987  -22.053  67.428 0.0000000000
77099  7.911  -22.653  67.546 0.0000000000
75857  8.486  -23.322  66.754 0.0000000000
74616  8.404  -24.405  65.848 0.0000000000
74625  8.554  -24.687  65.203 0.0000000000
73461  8.748  -24.980  64.513 0.0000000000
73460  9.078  -24.800  63.784 0.0000000000
74638  9.195  -24.489  63.119 0.0000000000
79478  6.889  -20.655  64.980 0.0000000000
79484  7.098  -21.193  63.903 0.0000000000
208044  6.491  -20.954  63.164 0.0000000000
78327  7.347  -21.737  62.809 0.0000000000
78331  7.903  -22.106  62.509 0.0000000000
77130  8.233  -22.810  61.396 0.0000000000
92318  12.222  -13.351  73.373 0.0000000000
201505  11.862  -13.524  72.795 0.0000000000
194784  11.580  -13.714  72.305 0.0000000000
92334  12.566  -13.604  71.943 0.0000000000
91044  11.816  -13.882  71.672 0.0000000000
208697  11.040  -14.164  71.632 0.0000000000
91056  10.997  -14.310  71.123 0.0000000000
89747  10.078  -14.961  70.403 0.0000000000
191398  10.810  -15.067  70.069 0.0000000000
88427  10.218  -15.391  69.800 0.0000000000
206407  9.604  -15.239  69.938 0.0000000000
180124  7.900  -15.986  67.506 0.0000000000
87081  11.268  -16.227  68.246 0.0000000000
87082  10.576  -16.283  68.237 0.0000000000
87111  10.300  -16.965  67.211 0.0000000000
87096  10.081  -16.558  67.661 0.0000000000
87083  9.887  -16.248  68.180 0.0000000000
87098  7.871  -16.331  66.952 0.0000000000
87114  7.315  -16.595  66.517 0.0000000000
178470  6.884  -16.480  66.104 0.0000000000
87139  6.132  -16.403  65.446 0.0000000000
87149  5.686  -16.505  65.006 0.0000000000
87148  6.081  -16.599  64.926 0.0000000000
85827  5.545  -16.738  64.389 0.0000000000
177485  5.222  -17.160  63.751 0.0000000000
84505  4.842  -17.480  63.313 0.0000000000
84504  8.467  -17.488  63.486 0.0000000000
183435  7.401  -17.310  63.188 0.0000000000
85853  5.232  -17.235  62.601 0.0000000000
194565  5.175  -19.033  61.625 0.0000000000
64100  17.937  -28.478  70.740 0.0000000000
65385  21.069  -27.790  72.466 0.0000000000
65387  20.170  -27.919  72.120 0.0000000000
65388  19.404  -28.004  72.145 0.0000000000
65400  18.291  -28.331  72.171 0.0000000000
65413  17.511  -28.349  71.458 0.0000000000
65414  16.991  -28.236  71.370 0.0000000000
65422  17.834  -28.495  71.131 0.0000000000
65433  17.078  -28.245  70.575 0.0000000000
66719  16.978  -28.035  70.225 0.0000000000
67953  13.815  -26.629  74.629 0.0000000000
68000  13.561  -26.793  73.286 0.0000000000
70656  12.586  -25.179  77.010 0.0000000000
70668  13.826  -25.331  75.897 0.0000000000
71993  11.468  -24.643  78.225 0.0000000000
72003  11.552  -24.797  77.966 0.0000000000
72008  13.053  -25.108  76.922 0.0000000000
72009  12.834  -25.099  77.045 0.0000000000
72022  14.973  -25.194  74.933 0.0000000000
72023  14.730  -25.182  75.717 0.0000000000
73319  9.018  -24.165  79.515 0.0000000000
73338  12.990  -24.286  77.463 0.0000000000
73339  12.367  -24.503  77.689 0.0000000000
73342  13.616  -24.728  77.060 0.0000000000
73345  13.984  -24.949  76.181 0.0000000000
74492  6.182  -23.859  80.867 0.0000000000
74505  9.707  -23.969  79.178 0.0000000000
74508  12.149  -23.955  78.248 0.0000000000
74509  11.752  -24.080  78.818 0.0000000000
74510  11.341  -24.211  78.715 0.0000000000
74512  12.348  -23.980  78.070 0.0000000000
74535  14.929  -24.709  74.728 0.0000000000
74624  8.954  -24.257  64.761 0.0000000000
75731  8.058  -23.441  80.694 0.0000000000
75740  5.066  -23.050  79.847 0.0000000000
75742  10.993  -23.681  79.066 0.0000000000
75749  13.080  -23.874  77.412 0.0000000000
75750  12.644  -23.871  77.902 0.0000000000
75756  13.231  -23.832  76.995 0.0000000000
75765  13.854  -24.140  75.632 0.0000000000
75837  7.310  -23.471  68.809 0.0000000000
75847  7.389  -23.570  68.239 0.0000000000
75852  8.012  -23.228  67.392 0.0000000000
75865  9.082  -23.641  64.897 0.0000000000
75868  9.155  -23.715  64.261 0.0000000000
76967  7.363  -22.430  80.367 0.0000000000
76979  9.736  -22.587  79.450 0.0000000000
76984  12.144  -23.102  77.664 0.0000000000
77105  8.884  -23.038  66.141 0.0000000000
77116  8.626  -22.538  63.553 0.0000000000
77125  7.631  -22.249  61.656 0.0000000000
78153  6.029  -21.937  79.984 0.0000000000
78158  8.051  -21.850  80.424 0.0000000000
78160  4.649  -22.184  79.825 0.0000000000
78167  11.315  -23.007  78.206 0.0000000000
78178  12.229  -22.559  76.737 0.0000000000
78195  12.673  -22.750  75.445 0.0000000000
78211  12.853  -22.419  73.657 0.0000000000
78245  6.561  -22.001  70.670 0.0000000000
78246  6.105  -22.196  71.138 0.0000000000
78338  6.653  -21.471  61.023 0.0000000000
79316  5.249  -21.621  80.080 0.0000000000
79321  4.961  -21.074  80.378 0.0000000000
79323  9.872  -22.095  79.008 0.0000000000
79459  7.831  -20.899  66.837 0.0000000000
79470  7.674  -20.812  66.096 0.0000000000
79477  7.963  -21.344  64.954 0.0000000000
79485  6.685  -20.871  64.324 0.0000000000
79488  6.859  -21.229  63.142 0.0000000000
80563  4.648  -20.228  79.592 0.0000000000
80694  6.257  -19.788  65.590 0.0000000000
81776  5.024  -20.086  79.996 0.0000000000
81783  4.493  -20.027  79.068 0.0000000000
81911  5.309  -19.197  65.107 0.0000000000
81935  5.525  -19.652  64.140 0.0000000000
81966  5.066  -18.670  62.232 0.0000000000
83084  4.982  -19.225  80.070 0.0000000000
83087  5.875  -19.200  79.255 0.0000000000
83088  5.324  -18.765  79.651 0.0000000000
83090  4.735  -19.232  79.364 0.0000000000
84343  5.153  -17.860  79.428 0.0000000000
84345  4.709  -18.012  78.922 0.0000000000
84351  3.937  -17.816  78.104 0.0000000000
84456  5.388  -17.724  67.489 0.0000000000
84471  5.158  -17.935  65.840 0.0000000000
84480  9.996  -17.709  64.959 0.0000000000
84481  9.372  -17.588  64.668 0.0000000000
84488  11.481  -17.924  64.633 0.0000000000
84513  10.908  -18.243  63.017 0.0000000000
84516  8.579  -17.805  62.877 0.0000000000
85667  4.629  -17.069  78.840 0.0000000000
85671  3.964  -17.577  78.090 0.0000000000
85741  4.964  -16.837  71.355 0.0000000000
85783  12.078  -17.181  66.421 0.0000000000
85785  10.566  -17.147  66.605 0.0000000000
85799  7.689  -17.014  65.915 0.0000000000
85837  7.765  -17.298  63.645 0.0000000000
86979  5.344  -16.459  78.595 0.0000000000
86987  4.699  -16.306  78.136 0.0000000000
87013  4.194  -16.553  76.410 0.0000000000
87048  4.739  -16.448  72.630 0.0000000000
87112  9.019  -16.688  66.782 0.0000000000
87128  6.796  -16.507  65.777 0.0000000000
87129  5.752  -16.227  65.740 0.0000000000
88335  7.543  -14.911  78.846 0.0000000000
88339  5.163  -16.332  78.376 0.0000000000
88358  4.980  -15.730  78.026 0.0000000000
88367  4.599  -16.069  77.749 0.0000000000
88379  4.422  -15.398  76.330 0.0000000000
88429  5.615  -15.635  69.911 0.0000000000
88436  10.300  -15.712  69.309 0.0000000000
88447  11.705  -15.755  68.823 0.0000000000
88465  6.247  -16.148  67.399 0.0000000000
88476  6.901  -16.363  66.488 0.0000000000
89655  5.527  -15.424  78.172 0.0000000000
89668  5.022  -15.485  78.072 0.0000000000
89683  4.749  -15.417  77.923 0.0000000000
89688  4.601  -15.500  77.601 0.0000000000
89697  5.286  -14.790  75.365 0.0000000000
89701  5.829  -14.554  74.331 0.0000000000
89720  8.095  -14.440  71.341 0.0000000000
89732  10.300  -14.492  71.012 0.0000000000
89738  5.636  -15.380  71.388 0.0000000000
89746  11.409  -14.779  70.217 0.0000000000
90974  7.507  -14.392  79.126 0.0000000000
90976  6.343  -14.661  78.436 0.0000000000
90980  7.020  -14.024  78.932 0.0000000000
90983  5.589  -14.837  78.162 0.0000000000
90993  5.096  -14.574  77.730 0.0000000000
90997  5.510  -14.031  77.049 0.0000000000
91002  5.283  -14.366  76.407 0.0000000000
91011  7.166  -13.913  75.605 0.0000000000
91016  9.043  -13.881  74.332 0.0000000000
91024  9.616  -14.051  73.186 0.0000000000
91031  11.115  -13.814  72.462 0.0000000000
91035  6.970  -14.305  72.477 0.0000000000
92249  6.321  -14.050  78.582 0.0000000000
92253  7.367  -13.466  78.874 0.0000000000
92259  6.669  -13.352  77.671 0.0000000000
92260  6.027  -13.565  77.964 0.0000000000
92261  5.721  -13.945  78.021 0.0000000000
92288  8.857  -13.411  75.481 0.0000000000
92310  11.327  -13.468  74.160 0.0000000000
92311  10.748  -13.645  74.120 0.0000000000
93531  8.151  -12.675  77.299 0.0000000000
93532  7.265  -13.054  77.377 0.0000000000
93544  7.862  -13.093  76.785 0.0000000000
176257  5.581  -14.190  76.090 0.0000000000
176430  7.366  -13.990  75.115 0.0000000000
176965  6.933  -14.171  73.988 0.0000000000
177515  11.340  -14.010  71.925 0.0000000000
178739  10.676  -13.831  72.889 0.0000000000
179152  11.978  -14.093  71.141 0.0000000000
179475  5.258  -17.388  62.089 0.0000000000
180586  4.965  -17.595  79.293 0.0000000000
181066  7.451  -21.882  69.080 0.0000000000
183763  14.188  -24.881  75.947 0.0000000000
184766  7.440  -13.840  79.181 0.0000000000
185195  5.404  -14.097  77.585 0.0000000000
185824  13.175  -23.403  76.162 0.0000000000
186107  7.693  -21.456  80.537 0.0000000000
186615  9.006  -23.208  79.996 0.0000000000
186906  6.306  -22.300  80.133 0.0000000000
187043  4.232  -20.872  78.747 0.0000000000
187214  7.763  -22.150  62.077 0.0000000000
187223  6.549  -20.941  62.036 0.0000000000
188538  4.366  -19.059  78.545 0.0000000000
190411  10.993  -22.046  75.898 0.0000000000
190657  10.606  -23.808  79.149 0.0000000000
190974  5.193  -14.328  77.189 0.0000000000
190984  5.144  -21.674  80.022 0.0000000000
193768  3.912  -22.590  79.105 0.0000000000
194095  4.375  -16.485  77.905 0.0000000000
194387  7.410  -21.193  80.449 0.0000000000
194903  12.470  -23.617  77.895 0.0000000000
198392  4.900  -14.667  77.286 0.0000000000
199161  15.420  -26.111  74.304 0.0000000000
199431  5.483  -19.919  62.719 0.0000000000
200392  10.075  -21.927  77.788 0.0000000000
200564  12.476  -23.091  77.323 0.0000000000
204626  11.721  -26.144  74.712 0.0000000000
204757  11.890  -23.785  78.353 0.0000000000
204995  16.935  -27.531  72.813 0.0000000000
205492  4.525  -15.122  75.984 0.0000000000
205857  13.123  -23.593  76.602 0.0000000000
206505  19.804  -27.651  72.711 0.0000000000
208946  10.799  -25.324  77.510 0.0000000000
209341  5.331  -17.016  64.314 0.0000000000
209536  7.774  -17.145  64.937 0.0000000000
209742  9.229  -24.264  62.695 0.0000000000
209936  7.187  -23.839  80.453 0.0000000000
210989  13.247  -22.671  73.996 0.0000000000
211292  8.220  -12.781  78.927 0.0000000000
211539  13.100  -23.781  77.277 0.0000000000
211579  10.033  -18.273  62.467 0.0000000000
