#!ascii label  , from subject sub-05_ses-008 vox2ras=TkReg
1448
89825  27.905  -25.365  59.862 0.0000000000
118014  41.363  -6.695  45.527 0.0000000000
101973  36.316  -18.164  50.714 0.0000000000
81725  12.830  -31.180  77.689 0.0000000000
85817  23.178  -27.871  66.741 0.0000000000
107829  36.771  -13.570  49.586 0.0000000000
80463  17.767  -31.223  71.890 0.0000000000
211565  16.009  -32.257  74.929 0.0000000000
79186  20.333  -32.419  68.363 0.0000000000
115656  44.379  -8.302  44.427 0.0000000000
93405  32.914  -23.237  58.399 0.0000000000
193474  33.570  -22.307  55.824 0.0000000000
88633  33.728  -26.980  58.726 0.0000000000
121367  44.161  -4.153  43.151 0.0000000000
116875  46.619  -7.507  42.205 0.0000000000
119122  38.730  -6.070  48.507 0.0000000000
215464  42.157  -11.051  46.868 0.0000000000
108943  39.637  -13.075  47.696 0.0000000000
101987  40.101  -18.335  49.377 0.0000000000
83242  26.999  -30.026  63.493 0.0000000000
76410  11.406  -34.206  80.911 0.0000000000
78993  9.137  -32.729  83.976 0.0000000000
80285  7.819  -31.410  87.415 0.0000000000
90945  25.305  -25.681  63.483 0.0000000000
80553  23.343  -31.883  64.643 0.0000000000
101903  31.489  -17.744  53.674 0.0000000000
100660  36.167  -19.011  55.973 0.0000000000
120317  48.161  -5.035  40.137 0.0000000000
116850  42.601  -7.488  44.877 0.0000000000
116818  43.030  -7.784  46.651 0.0000000000
92176  29.705  -23.992  58.896 0.0000000000
91057  31.858  -25.500  57.318 0.0000000000
217995  31.076  -27.240  58.795 0.0000000000
122415  41.182  -3.732  45.966 0.0000000000
123472  43.960  -2.524  44.991 0.0000000000
120284  42.402  -5.136  43.806 0.0000000000
118027  44.151  -6.499  43.053 0.0000000000
214082  7.833  -36.273  87.662 0.0000000000
113320  38.886  -9.604  47.660 0.0000000000
112245  38.157  -10.495  48.694 0.0000000000
198270  36.369  -16.029  49.926 0.0000000000
104569  38.369  -16.119  49.200 0.0000000000
103277  38.686  -18.006  49.990 0.0000000000
99393  39.087  -19.985  51.774 0.0000000000
80424  13.720  -32.055  76.113 0.0000000000
77743  15.735  -33.699  77.033 0.0000000000
77734  13.651  -33.769  77.794 0.0000000000
76428  13.677  -34.647  79.491 0.0000000000
198094  11.992  -32.911  79.472 0.0000000000
80335  10.206  -30.973  82.958 0.0000000000
80298  8.598  -31.940  85.684 0.0000000000
89741  24.469  -26.228  65.566 0.0000000000
84594  24.029  -28.933  64.001 0.0000000000
84556  22.745  -29.326  65.312 0.0000000000
76541  19.873  -34.570  70.538 0.0000000000
210112  21.465  -34.784  69.530 0.0000000000
93440  37.196  -23.846  56.891 0.0000000000
96968  35.189  -20.732  55.549 0.0000000000
111141  37.935  -11.658  49.802 0.0000000000
108900  36.121  -13.487  51.099 0.0000000000
105653  34.872  -15.729  50.792 0.0000000000
79132  18.335  -33.069  72.109 0.0000000000
212231  17.917  -33.405  74.087 0.0000000000
80445  16.735  -32.022  73.444 0.0000000000
83089  14.867  -30.511  75.041 0.0000000000
84369  13.908  -29.347  76.814 0.0000000000
83192  21.566  -30.476  67.221 0.0000000000
83177  20.559  -30.263  68.590 0.0000000000
79166  19.236  -31.968  69.858 0.0000000000
96908  31.834  -21.616  58.596 0.0000000000
96931  31.022  -20.914  56.987 0.0000000000
94584  32.684  -23.159  57.186 0.0000000000
91069  34.778  -24.987  56.550 0.0000000000
120297  47.167  -5.426  42.283 0.0000000000
196710  45.641  -5.501  42.441 0.0000000000
115672  45.458  -8.044  43.095 0.0000000000
120273  39.954  -5.572  46.573 0.0000000000
115623  41.262  -8.088  46.775 0.0000000000
216612  40.315  -8.361  47.135 0.0000000000
111174  40.845  -11.751  47.143 0.0000000000
106771  42.566  -15.224  47.765 0.0000000000
108931  37.967  -13.173  48.300 0.0000000000
195523  40.002  -15.823  48.310 0.0000000000
87224  27.832  -28.006  61.715 0.0000000000
87239  29.869  -28.465  60.820 0.0000000000
122405  40.761  -3.180  47.897 0.0000000000
220990  11.930  -30.293  80.003 0.0000000000
79037  10.904  -32.516  81.014 0.0000000000
76394  10.122  -34.241  82.244 0.0000000000
75053  9.933  -34.978  84.227 0.0000000000
76368  8.927  -34.507  84.963 0.0000000000
76357  8.108  -34.245  86.603 0.0000000000
77598  6.633  -32.859  88.546 0.0000000000
77576  5.191  -32.329  89.562 0.0000000000
90962  26.087  -25.052  61.571 0.0000000000
206452  25.663  -27.884  62.547 0.0000000000
81885  24.948  -30.920  64.093 0.0000000000
77886  21.767  -32.718  66.311 0.0000000000
101958  33.303  -17.409  51.828 0.0000000000
189048  32.185  -19.873  54.615 0.0000000000
99356  33.658  -19.691  53.753 0.0000000000
99387  36.167  -19.673  52.471 0.0000000000
85929  33.391  -28.260  60.814 0.0000000000
119209  47.761  -5.440  38.475 0.0000000000
118033  47.747  -6.617  41.216 0.0000000000
116886  48.328  -7.695  39.560 0.0000000000
118013  41.812  -6.904  45.226 0.0000000000
211073  42.731  -7.665  45.495 0.0000000000
116838  41.939  -7.462  46.240 0.0000000000
91008  28.870  -24.655  59.142 0.0000000000
89842  29.761  -25.577  58.711 0.0000000000
88620  29.352  -26.685  59.456 0.0000000000
120279  41.049  -5.186  45.192 0.0000000000
121363  41.618  -4.146  44.734 0.0000000000
119157  41.385  -5.615  44.617 0.0000000000
119155  42.252  -6.241  43.957 0.0000000000
73555  6.738  -36.164  88.361 0.0000000000
114430  37.960  -8.835  49.362 0.0000000000
114415  37.993  -9.086  50.167 0.0000000000
103304  36.633  -17.112  50.232 0.0000000000
103303  37.419  -17.295  50.075 0.0000000000
202568  37.583  -18.027  50.312 0.0000000000
101954  38.438  -19.006  50.708 0.0000000000
100750  37.157  -19.163  51.069 0.0000000000
81734  13.029  -31.830  77.142 0.0000000000
79084  13.238  -32.658  76.874 0.0000000000
79085  12.886  -32.590  77.402 0.0000000000
206420  12.384  -33.098  78.191 0.0000000000
79066  12.355  -32.367  78.628 0.0000000000
88520  24.130  -26.614  66.139 0.0000000000
85833  23.338  -28.292  65.259 0.0000000000
85834  22.985  -28.673  65.655 0.0000000000
195719  19.864  -34.397  71.798 0.0000000000
101828  30.582  -17.975  57.742 0.0000000000
94582  37.946  -22.979  57.109 0.0000000000
107823  35.098  -14.231  50.880 0.0000000000
107814  34.280  -14.224  51.805 0.0000000000
79133  17.940  -32.413  72.228 0.0000000000
203643  17.396  -32.338  72.770 0.0000000000
218058  17.160  -31.854  72.779 0.0000000000
84419  15.727  -29.620  74.287 0.0000000000
218184  14.863  -29.201  75.231 0.0000000000
83073  14.467  -30.099  75.594 0.0000000000
83176  21.081  -30.005  68.350 0.0000000000
81800  18.384  -30.730  71.074 0.0000000000
81809  18.924  -30.895  70.279 0.0000000000
80471  18.544  -31.940  71.024 0.0000000000
210914  18.824  -32.580  71.059 0.0000000000
95704  32.568  -22.413  57.795 0.0000000000
93426  32.522  -23.304  57.695 0.0000000000
89859  32.631  -26.095  57.732 0.0000000000
221033  32.942  -25.113  56.894 0.0000000000
89877  34.503  -25.838  57.410 0.0000000000
91052  35.878  -25.497  57.321 0.0000000000
89838  35.759  -26.366  58.604 0.0000000000
122424  44.145  -3.128  44.002 0.0000000000
120289  45.998  -4.790  42.528 0.0000000000
120290  45.156  -5.031  42.681 0.0000000000
116865  44.314  -7.628  43.582 0.0000000000
116871  44.772  -7.372  43.137 0.0000000000
204586  44.897  -8.476  43.966 0.0000000000
120271  39.239  -5.672  47.609 0.0000000000
116823  40.165  -7.386  47.013 0.0000000000
116807  39.086  -7.433  47.685 0.0000000000
189418  39.338  -11.115  47.629 0.0000000000
112253  39.997  -11.028  47.345 0.0000000000
199289  40.289  -11.725  47.344 0.0000000000
108942  41.484  -13.251  47.347 0.0000000000
107866  40.633  -13.696  47.567 0.0000000000
110024  37.343  -12.602  49.198 0.0000000000
110023  37.691  -12.073  48.774 0.0000000000
108932  37.533  -13.396  48.601 0.0000000000
104554  39.468  -17.433  49.286 0.0000000000
105684  38.868  -15.900  48.683 0.0000000000
104566  40.242  -17.327  48.732 0.0000000000
104565  41.691  -16.981  48.512 0.0000000000
85876  27.584  -28.913  62.147 0.0000000000
85898  28.704  -29.147  61.686 0.0000000000
120250  39.262  -4.980  49.333 0.0000000000
121353  39.653  -4.451  48.270 0.0000000000
197992  40.156  -4.197  47.394 0.0000000000
79105  16.556  -32.954  74.543 0.0000000000
77757  17.123  -33.212  75.543 0.0000000000
76419  12.480  -34.707  80.076 0.0000000000
75079  13.822  -34.801  80.797 0.0000000000
75081  12.699  -35.000  81.416 0.0000000000
75066  11.591  -35.056  82.113 0.0000000000
81689  11.624  -30.378  81.124 0.0000000000
80364  11.474  -31.089  80.833 0.0000000000
81677  11.145  -30.972  81.383 0.0000000000
79004  9.458  -32.161  83.341 0.0000000000
216033  10.104  -32.524  82.345 0.0000000000
77660  9.295  -33.346  83.300 0.0000000000
76383  10.091  -34.637  82.933 0.0000000000
76384  9.460  -34.247  83.740 0.0000000000
76375  9.267  -34.417  84.335 0.0000000000
76376  8.870  -33.833  84.521 0.0000000000
78961  8.071  -31.603  86.761 0.0000000000
77635  8.201  -32.969  86.183 0.0000000000
78962  7.633  -32.199  87.135 0.0000000000
77628  7.525  -33.445  87.529 0.0000000000
78953  6.870  -32.370  88.039 0.0000000000
93283  26.997  -23.739  64.135 0.0000000000
93311  26.913  -23.688  62.718 0.0000000000
90952  25.711  -25.277  62.572 0.0000000000
191698  25.823  -26.286  62.150 0.0000000000
88557  24.905  -26.836  62.923 0.0000000000
81887  23.463  -30.698  64.088 0.0000000000
83245  24.325  -29.791  63.546 0.0000000000
80564  24.581  -31.588  64.274 0.0000000000
80521  20.937  -31.949  67.542 0.0000000000
200081  21.682  -31.418  66.502 0.0000000000
77874  21.243  -33.139  67.334 0.0000000000
76564  22.899  -34.742  68.547 0.0000000000
186335  41.679  -9.225  46.904 0.0000000000
186684  42.844  -9.328  46.996 0.0000000000
112262  43.345  -10.539  47.043 0.0000000000
104518  32.105  -16.354  53.042 0.0000000000
104533  33.081  -16.229  51.904 0.0000000000
101941  32.477  -17.357  52.616 0.0000000000
95759  32.640  -21.641  56.050 0.0000000000
215789  31.231  -20.412  55.682 0.0000000000
96971  32.821  -21.062  55.649 0.0000000000
98110  35.915  -19.872  56.211 0.0000000000
99328  34.277  -20.062  55.041 0.0000000000
186927  35.172  -19.372  54.610 0.0000000000
99376  34.723  -19.134  52.857 0.0000000000
184921  35.877  -19.671  53.590 0.0000000000
211316  37.608  -19.898  53.399 0.0000000000
85932  31.141  -28.253  60.667 0.0000000000
208529  47.664  -5.232  39.111 0.0000000000
119171  47.222  -6.101  42.052 0.0000000000
119170  47.686  -6.005  41.717 0.0000000000
118028  47.463  -6.764  41.782 0.0000000000
115696  48.243  -8.581  40.534 0.0000000000
114567  48.784  -8.889  40.067 0.0000000000
83126  17.490  -29.707  71.909 0.0000000000
83127  17.162  -30.257  72.375 0.0000000000
116860  43.493  -7.705  44.359 0.0000000000
115647  44.351  -8.262  45.204 0.0000000000
115648  43.753  -7.835  45.406 0.0000000000
93407  31.084  -23.704  58.523 0.0000000000
93427  32.019  -23.841  57.698 0.0000000000
91040  30.967  -25.059  58.100 0.0000000000
88653  31.575  -26.461  57.976 0.0000000000
87286  32.459  -27.243  58.923 0.0000000000
189893  44.187  -1.794  46.546 0.0000000000
123475  42.131  -2.969  45.571 0.0000000000
122426  42.834  -3.448  44.402 0.0000000000
121368  43.481  -4.439  43.434 0.0000000000
120292  43.620  -5.292  43.097 0.0000000000
119159  43.250  -5.820  43.412 0.0000000000
211190  43.024  -7.051  43.834 0.0000000000
72251  8.581  -36.497  87.570 0.0000000000
221258  38.509  -6.639  49.337 0.0000000000
116796  38.609  -7.747  48.029 0.0000000000
114441  38.221  -8.628  48.731 0.0000000000
113308  38.488  -10.135  48.259 0.0000000000
111164  38.521  -11.549  48.165 0.0000000000
106763  36.724  -14.747  49.438 0.0000000000
106762  37.317  -14.615  49.058 0.0000000000
104570  37.597  -16.036  49.379 0.0000000000
104556  38.106  -16.560  49.575 0.0000000000
101969  39.608  -18.601  49.607 0.0000000000
217547  39.489  -19.072  50.705 0.0000000000
100736  39.776  -19.544  52.008 0.0000000000
81883  27.062  -30.958  64.308 0.0000000000
79101  14.440  -32.817  75.027 0.0000000000
79091  15.778  -33.100  75.776 0.0000000000
212598  14.821  -33.351  76.123 0.0000000000
77744  14.557  -33.765  77.062 0.0000000000
76450  14.321  -34.205  78.237 0.0000000000
76442  12.417  -34.026  78.954 0.0000000000
76431  11.643  -33.878  79.754 0.0000000000
80342  10.564  -30.468  82.612 0.0000000000
188994  9.998  -30.733  83.586 0.0000000000
80310  9.362  -31.317  84.618 0.0000000000
78983  9.063  -32.246  84.602 0.0000000000
194917  9.158  -30.950  85.321 0.0000000000
81629  9.040  -30.632  86.504 0.0000000000
81622  8.526  -30.477  87.340 0.0000000000
89747  24.985  -26.135  64.565 0.0000000000
88546  24.279  -27.102  63.879 0.0000000000
87188  23.787  -27.459  64.292 0.0000000000
84571  23.605  -29.303  64.351 0.0000000000
81874  22.552  -30.719  64.797 0.0000000000
211302  19.937  -33.678  69.637 0.0000000000
77863  20.802  -33.785  68.185 0.0000000000
76552  20.797  -34.529  69.834 0.0000000000
110045  43.665  -12.559  47.141 0.0000000000
222133  30.805  -17.444  54.645 0.0000000000
93470  35.446  -23.214  55.640 0.0000000000
202786  34.380  -21.513  55.580 0.0000000000
94612  36.391  -22.657  55.877 0.0000000000
192914  37.301  -21.607  56.349 0.0000000000
120306  48.657  -5.071  40.769 0.0000000000
74976  5.419  -34.377  89.283 0.0000000000
213962  38.255  -11.809  50.674 0.0000000000
108898  36.929  -12.800  50.434 0.0000000000
107821  36.272  -13.821  50.543 0.0000000000
107831  35.941  -14.394  50.160 0.0000000000
105652  35.447  -15.419  50.472 0.0000000000
103281  35.304  -16.919  50.674 0.0000000000
76519  18.928  -34.014  72.867 0.0000000000
76506  19.023  -34.072  73.753 0.0000000000
77791  17.827  -33.353  73.268 0.0000000000
79114  16.724  -32.788  73.488 0.0000000000
80435  16.160  -31.847  74.467 0.0000000000
83115  16.399  -30.391  73.297 0.0000000000
81758  15.834  -31.208  74.205 0.0000000000
80436  15.528  -31.633  74.509 0.0000000000
81742  14.461  -31.078  75.443 0.0000000000
206277  13.625  -30.520  76.606 0.0000000000
81733  13.214  -30.618  77.287 0.0000000000
84532  22.436  -28.929  66.790 0.0000000000
83185  21.683  -29.802  67.503 0.0000000000
81836  21.005  -30.786  67.454 0.0000000000
80510  20.391  -31.652  68.409 0.0000000000
83167  19.994  -30.031  69.533 0.0000000000
80500  19.554  -31.663  69.315 0.0000000000
79177  19.564  -32.369  69.345 0.0000000000
77842  19.680  -33.437  70.102 0.0000000000
76530  19.326  -33.706  71.287 0.0000000000
98076  31.442  -20.279  58.957 0.0000000000
192644  30.658  -20.034  57.765 0.0000000000
96920  31.409  -21.249  57.955 0.0000000000
95740  31.777  -21.607  56.779 0.0000000000
94596  33.077  -23.075  56.176 0.0000000000
92231  32.526  -24.515  57.094 0.0000000000
92250  33.342  -24.126  56.490 0.0000000000
92248  34.643  -23.988  56.025 0.0000000000
92246  35.899  -24.373  56.383 0.0000000000
92213  37.365  -24.784  57.627 0.0000000000
120288  46.910  -4.844  42.453 0.0000000000
210777  46.744  -5.901  42.314 0.0000000000
118030  46.276  -7.072  42.246 0.0000000000
119167  44.545  -6.095  42.806 0.0000000000
118025  45.353  -7.081  42.761 0.0000000000
119150  40.571  -6.062  46.220 0.0000000000
116839  41.485  -7.329  46.331 0.0000000000
117992  40.606  -7.051  46.656 0.0000000000
192840  40.758  -8.558  46.991 0.0000000000
113330  41.485  -10.017  46.826 0.0000000000
114448  39.583  -9.216  47.247 0.0000000000
112266  40.467  -10.627  47.093 0.0000000000
211114  41.850  -11.528  46.869 0.0000000000
108940  42.676  -13.371  47.216 0.0000000000
107852  43.154  -14.736  47.499 0.0000000000
112233  38.048  -10.862  49.211 0.0000000000
200316  38.186  -11.925  48.457 0.0000000000
107868  39.026  -13.171  47.825 0.0000000000
105701  38.275  -14.859  48.617 0.0000000000
195837  39.005  -14.157  48.213 0.0000000000
107853  39.753  -14.284  47.929 0.0000000000
105697  41.329  -15.605  48.021 0.0000000000
88585  27.603  -26.934  61.061 0.0000000000
88601  29.192  -27.104  60.310 0.0000000000
87241  28.524  -28.647  60.712 0.0000000000
85897  29.297  -29.311  61.507 0.0000000000
122408  40.759  -3.306  47.124 0.0000000000
121361  40.469  -4.553  46.189 0.0000000000
83036  13.001  -30.102  78.633 0.0000000000
203856  12.455  -29.693  79.881 0.0000000000
81707  12.184  -30.960  79.276 0.0000000000
80390  11.964  -31.564  79.578 0.0000000000
79048  11.312  -32.829  80.426 0.0000000000
77690  10.952  -33.378  80.848 0.0000000000
195259  10.272  -31.987  82.107 0.0000000000
192553  10.311  -32.792  81.953 0.0000000000
76411  10.831  -33.892  81.322 0.0000000000
75067  10.722  -35.044  82.518 0.0000000000
75059  10.738  -35.309  83.365 0.0000000000
73581  9.362  -35.608  86.025 0.0000000000
77641  8.338  -33.259  85.603 0.0000000000
76363  8.265  -34.550  86.030 0.0000000000
223293  8.226  -34.907  86.450 0.0000000000
75000  7.691  -34.880  87.262 0.0000000000
74991  7.119  -35.040  87.692 0.0000000000
76318  6.484  -34.419  88.713 0.0000000000
78931  6.811  -31.871  89.458 0.0000000000
77590  6.016  -32.674  89.259 0.0000000000
76319  5.995  -34.252  89.104 0.0000000000
92162  28.095  -24.057  59.861 0.0000000000
92142  27.595  -23.623  61.043 0.0000000000
89810  26.939  -25.450  60.605 0.0000000000
88586  26.809  -26.598  61.219 0.0000000000
87226  26.044  -27.496  62.101 0.0000000000
84613  26.332  -29.205  62.740 0.0000000000
85880  24.477  -28.034  63.079 0.0000000000
83261  25.518  -29.136  62.983 0.0000000000
209507  25.832  -30.383  63.642 0.0000000000
83205  21.814  -30.190  66.120 0.0000000000
80555  22.239  -31.287  65.381 0.0000000000
79217  22.542  -32.745  65.510 0.0000000000
76596  21.922  -34.215  67.709 0.0000000000
76611  22.963  -34.107  66.854 0.0000000000
207702  23.543  -33.929  66.152 0.0000000000
116819  42.308  -7.785  46.638 0.0000000000
106729  33.349  -15.053  51.690 0.0000000000
104543  34.083  -16.764  51.337 0.0000000000
103260  34.674  -17.665  51.478 0.0000000000
99296  30.246  -19.240  56.164 0.0000000000
99332  30.964  -19.113  55.091 0.0000000000
100710  31.785  -18.541  53.963 0.0000000000
98129  33.596  -20.361  54.988 0.0000000000
206194  33.113  -19.728  54.069 0.0000000000
192848  32.754  -18.730  53.140 0.0000000000
100725  33.237  -18.476  52.545 0.0000000000
100753  34.949  -18.601  51.962 0.0000000000
195498  36.019  -19.030  51.401 0.0000000000
99386  37.361  -20.232  52.064 0.0000000000
87273  30.438  -27.771  59.856 0.0000000000
87272  32.030  -27.765  59.419 0.0000000000
87270  33.635  -27.847  59.679 0.0000000000
87252  34.752  -27.878  60.590 0.0000000000
88615  35.175  -27.329  59.530 0.0000000000
122488  47.712  -3.704  37.724 0.0000000000
119175  47.956  -5.927  41.364 0.0000000000
119177  47.970  -6.105  40.802 0.0000000000
115697  47.655  -8.070  40.818 0.0000000000
116882  47.752  -7.354  40.639 0.0000000000
119185  47.832  -6.117  39.915 0.0000000000
118045  48.243  -6.883  38.773 0.0000000000
118056  48.378  -6.630  38.172 0.0000000000
118005  41.671  -7.124  45.903 0.0000000000
91009  28.334  -25.062  59.460 0.0000000000
89844  28.687  -25.482  59.008 0.0000000000
88621  28.782  -26.386  59.942 0.0000000000
119153  41.168  -6.058  45.271 0.0000000000
119152  41.562  -6.315  44.862 0.0000000000
103280  36.060  -17.418  50.642 0.0000000000
103279  36.838  -17.731  50.365 0.0000000000
101955  37.745  -18.746  50.692 0.0000000000
101972  37.025  -18.425  50.652 0.0000000000
80409  12.758  -31.912  77.700 0.0000000000
79076  12.568  -32.464  77.972 0.0000000000
80400  12.504  -31.609  78.291 0.0000000000
87172  23.645  -27.348  66.272 0.0000000000
85823  23.211  -28.016  65.937 0.0000000000
85824  22.810  -28.438  66.385 0.0000000000
76517  20.173  -34.448  72.554 0.0000000000
213375  20.733  -34.768  72.595 0.0000000000
100613  30.655  -18.724  57.978 0.0000000000
79143  18.039  -31.896  71.705 0.0000000000
80453  17.651  -31.786  72.378 0.0000000000
80464  17.296  -31.157  72.468 0.0000000000
81791  18.029  -30.618  71.438 0.0000000000
80481  18.611  -31.167  70.797 0.0000000000
80472  18.321  -31.258  71.399 0.0000000000
94567  32.865  -22.867  58.194 0.0000000000
89840  33.340  -26.384  58.277 0.0000000000
202512  33.339  -26.001  57.631 0.0000000000
190526  34.175  -26.485  58.459 0.0000000000
89856  35.318  -26.232  58.147 0.0000000000
89839  34.969  -26.604  58.605 0.0000000000
122433  43.786  -3.711  43.637 0.0000000000
123487  44.827  -2.993  43.870 0.0000000000
122432  44.472  -3.564  43.512 0.0000000000
122443  44.891  -4.015  43.147 0.0000000000
121375  45.379  -4.419  42.869 0.0000000000
121376  44.639  -4.612  42.934 0.0000000000
116859  43.997  -7.855  44.136 0.0000000000
217330  44.475  -8.101  43.870 0.0000000000
114488  45.464  -8.886  44.149 0.0000000000
73560  9.822  -36.262  87.119 0.0000000000
119134  38.951  -6.128  47.951 0.0000000000
119133  39.499  -6.413  47.524 0.0000000000
117978  39.061  -6.778  47.794 0.0000000000
221132  39.298  -12.096  47.490 0.0000000000
111176  39.604  -11.713  47.478 0.0000000000
110050  39.869  -12.379  47.539 0.0000000000
192314  40.409  -13.051  47.548 0.0000000000
193238  40.031  -13.636  47.731 0.0000000000
108905  36.973  -12.993  49.723 0.0000000000
108917  37.142  -13.303  49.104 0.0000000000
104553  39.798  -17.708  48.937 0.0000000000
104567  39.745  -17.098  48.848 0.0000000000
103300  40.105  -17.838  49.025 0.0000000000
84612  27.144  -29.271  62.612 0.0000000000
84611  27.900  -29.211  62.630 0.0000000000
84591  27.467  -29.551  63.127 0.0000000000
120251  38.840  -5.502  48.906 0.0000000000
121347  39.653  -4.464  48.964 0.0000000000
120262  38.939  -5.526  48.176 0.0000000000
202919  39.402  -5.023  47.868 0.0000000000
79098  16.496  -32.927  75.163 0.0000000000
76409  12.197  -34.704  80.825 0.0000000000
75087  12.974  -34.902  80.757 0.0000000000
75073  12.469  -35.112  82.026 0.0000000000
75082  11.955  -34.797  81.471 0.0000000000
77653  9.059  -33.613  84.023 0.0000000000
78969  7.941  -32.582  86.663 0.0000000000
77612  7.407  -32.745  87.586 0.0000000000
78952  7.255  -31.850  87.633 0.0000000000
92097  26.049  -24.616  64.273 0.0000000000
93267  27.038  -23.779  64.746 0.0000000000
92106  26.014  -24.703  63.572 0.0000000000
92113  26.409  -24.189  63.026 0.0000000000
90944  25.728  -25.266  63.244 0.0000000000
90953  25.409  -25.672  62.947 0.0000000000
89765  25.098  -26.150  63.093 0.0000000000
80565  23.735  -31.391  64.227 0.0000000000
80552  24.095  -32.144  64.411 0.0000000000
79230  24.524  -32.650  64.653 0.0000000000
77911  24.235  -33.164  65.157 0.0000000000
80522  20.720  -32.000  68.060 0.0000000000
79195  21.077  -32.485  67.218 0.0000000000
79196  20.817  -32.708  67.827 0.0000000000
112264  42.173  -10.420  47.034 0.0000000000
113328  42.760  -10.119  47.089 0.0000000000
112263  42.705  -10.835  46.981 0.0000000000
104510  31.361  -16.657  54.072 0.0000000000
195080  31.879  -16.062  53.725 0.0000000000
103223  31.662  -16.895  53.432 0.0000000000
104525  32.459  -16.621  52.617 0.0000000000
101922  31.982  -17.469  53.095 0.0000000000
96972  32.251  -21.080  55.984 0.0000000000
95758  33.280  -21.664  55.585 0.0000000000
98111  35.789  -19.350  56.102 0.0000000000
99326  35.231  -19.307  55.295 0.0000000000
100684  35.732  -19.132  54.971 0.0000000000
99353  35.776  -19.387  54.247 0.0000000000
100707  36.222  -19.145  54.657 0.0000000000
100682  36.888  -19.097  54.710 0.0000000000
121405  48.098  -4.370  40.034 0.0000000000
121406  47.742  -4.221  39.328 0.0000000000
120318  47.787  -5.424  39.679 0.0000000000
118029  46.957  -6.937  42.070 0.0000000000
116874  47.248  -7.614  41.916 0.0000000000
84448  17.715  -28.977  72.182 0.0000000000
83139  17.881  -29.924  71.445 0.0000000000
116861  43.001  -7.465  44.274 0.0000000000
116849  43.241  -7.708  45.020 0.0000000000
116837  42.569  -7.617  46.189 0.0000000000
116836  43.297  -7.730  45.958 0.0000000000
93408  30.443  -24.202  59.010 0.0000000000
92196  30.688  -24.284  58.397 0.0000000000
92217  30.403  -24.654  58.253 0.0000000000
89841  30.418  -25.977  58.518 0.0000000000
89862  30.854  -25.631  58.216 0.0000000000
193767  31.309  -26.881  58.506 0.0000000000
88635  31.920  -26.891  58.400 0.0000000000
87287  31.510  -27.405  58.896 0.0000000000
123470  41.766  -2.825  46.201 0.0000000000
123469  42.475  -2.591  46.018 0.0000000000
122414  41.588  -3.317  45.742 0.0000000000
121366  42.101  -4.500  44.237 0.0000000000
122427  42.229  -3.758  44.587 0.0000000000
121365  42.637  -4.021  44.195 0.0000000000
122434  43.142  -3.872  43.896 0.0000000000
121369  42.795  -4.525  43.785 0.0000000000
120283  43.081  -5.114  43.462 0.0000000000
119160  42.654  -5.724  43.681 0.0000000000
118016  42.565  -6.894  44.327 0.0000000000
118021  42.839  -6.397  43.727 0.0000000000
117955  38.472  -6.943  49.825 0.0000000000
117956  38.270  -7.171  49.186 0.0000000000
116777  38.156  -7.650  49.740 0.0000000000
205426  38.017  -9.517  49.382 0.0000000000
213864  38.097  -9.243  48.749 0.0000000000
113309  38.085  -9.850  48.721 0.0000000000
112244  38.493  -10.829  48.281 0.0000000000
105669  36.494  -15.419  49.717 0.0000000000
105686  37.198  -15.377  49.270 0.0000000000
105668  36.920  -16.032  49.558 0.0000000000
103278  38.070  -17.766  50.088 0.0000000000
103302  38.243  -17.260  49.827 0.0000000000
103301  39.104  -17.651  49.766 0.0000000000
103276  39.157  -18.519  49.618 0.0000000000
206565  39.269  -18.865  50.040 0.0000000000
101970  38.867  -18.672  50.171 0.0000000000
100748  38.722  -19.668  51.120 0.0000000000
100747  39.375  -19.440  51.254 0.0000000000
188005  39.372  -20.094  52.623 0.0000000000
119105  38.694  -6.249  49.791 0.0000000000
80423  14.170  -32.106  75.447 0.0000000000
79092  14.128  -32.975  75.616 0.0000000000
77745  13.218  -33.334  77.194 0.0000000000
199070  13.720  -33.363  76.787 0.0000000000
188967  13.922  -33.662  77.319 0.0000000000
77733  14.480  -33.971  77.684 0.0000000000
218686  13.071  -33.843  77.954 0.0000000000
77724  12.111  -33.200  78.785 0.0000000000
77711  11.818  -33.633  79.272 0.0000000000
76430  12.076  -34.251  79.528 0.0000000000
80323  9.763  -30.591  84.280 0.0000000000
80324  9.564  -31.318  83.834 0.0000000000
81630  8.555  -30.864  86.817 0.0000000000
90922  25.409  -25.485  66.436 0.0000000000
200425  25.478  -25.271  65.770 0.0000000000
90921  25.762  -25.042  65.293 0.0000000000
207756  24.841  -26.019  65.179 0.0000000000
88536  24.063  -26.875  64.523 0.0000000000
84555  23.349  -28.939  65.017 0.0000000000
84572  22.999  -29.634  64.664 0.0000000000
83230  22.788  -30.194  64.494 0.0000000000
83215  22.506  -29.998  65.007 0.0000000000
76553  19.873  -34.142  70.061 0.0000000000
76567  20.293  -34.116  69.485 0.0000000000
195064  20.130  -34.512  70.065 0.0000000000
103190  30.781  -17.107  55.167 0.0000000000
216465  30.507  -17.609  55.588 0.0000000000
93456  36.199  -23.680  56.126 0.0000000000
94613  35.784  -22.661  55.687 0.0000000000
206008  36.534  -23.162  56.023 0.0000000000
95720  38.240  -22.250  57.119 0.0000000000
95721  37.581  -22.378  56.665 0.0000000000
206118  37.883  -21.579  56.858 0.0000000000
73548  5.066  -35.109  89.086 0.0000000000
110011  37.408  -12.376  50.029 0.0000000000
107822  35.739  -14.068  50.717 0.0000000000
106740  35.011  -14.952  50.818 0.0000000000
104541  35.349  -16.182  50.434 0.0000000000
104542  34.727  -16.492  50.944 0.0000000000
77804  18.295  -33.545  72.672 0.0000000000
200069  18.417  -33.857  73.283 0.0000000000
213406  16.955  -32.279  73.088 0.0000000000
79123  17.179  -32.799  73.136 0.0000000000
80434  16.532  -32.392  74.113 0.0000000000
80446  16.347  -31.559  73.907 0.0000000000
83114  16.676  -29.910  72.793 0.0000000000
81776  16.844  -30.772  72.880 0.0000000000
83088  15.275  -30.058  74.675 0.0000000000
83103  15.706  -30.446  74.198 0.0000000000
81759  15.342  -30.871  74.572 0.0000000000
81753  14.998  -31.360  74.829 0.0000000000
83061  14.151  -29.633  76.195 0.0000000000
83062  14.097  -30.410  76.085 0.0000000000
210405  13.861  -29.943  76.563 0.0000000000
83052  13.553  -29.875  77.098 0.0000000000
84522  22.446  -28.823  67.582 0.0000000000
84523  22.017  -29.226  67.902 0.0000000000
83186  21.254  -30.183  67.722 0.0000000000
81827  20.710  -30.443  67.976 0.0000000000
81837  20.790  -31.291  67.928 0.0000000000
81828  20.501  -30.909  68.505 0.0000000000
80491  18.929  -31.593  70.381 0.0000000000
80490  19.224  -31.284  69.802 0.0000000000
79153  19.426  -32.696  70.003 0.0000000000
77817  18.846  -33.119  71.465 0.0000000000
76531  18.872  -33.712  71.995 0.0000000000
98077  31.087  -20.111  58.347 0.0000000000
98089  31.444  -20.783  58.447 0.0000000000
95722  32.483  -22.573  57.156 0.0000000000
95723  32.106  -22.011  57.244 0.0000000000
94597  32.750  -22.822  56.627 0.0000000000
95739  32.363  -22.102  56.625 0.0000000000
92215  31.666  -24.331  57.764 0.0000000000
92232  32.127  -24.235  57.433 0.0000000000
203447  32.034  -24.818  57.415 0.0000000000
91055  33.399  -25.096  56.700 0.0000000000
91071  33.463  -24.573  56.443 0.0000000000
91070  34.025  -24.766  56.468 0.0000000000
92249  33.895  -24.148  56.166 0.0000000000
204488  34.495  -24.471  56.303 0.0000000000
92247  35.167  -24.521  56.251 0.0000000000
91068  35.540  -25.050  56.630 0.0000000000
91036  36.398  -25.661  57.926 0.0000000000
92214  36.665  -25.100  57.450 0.0000000000
124618  44.938  -1.703  45.667 0.0000000000
202062  47.402  -4.281  42.596 0.0000000000
121374  46.589  -4.248  42.656 0.0000000000
119164  46.453  -5.408  42.364 0.0000000000
119165  46.128  -6.036  42.422 0.0000000000
119172  46.564  -6.477  42.324 0.0000000000
118024  45.889  -6.697  42.479 0.0000000000
119168  43.849  -5.926  43.025 0.0000000000
116870  45.239  -7.641  43.008 0.0000000000
116869  45.769  -7.635  42.797 0.0000000000
218431  45.861  -7.174  42.522 0.0000000000
119144  40.377  -6.373  46.683 0.0000000000
118007  40.885  -6.744  46.339 0.0000000000
115625  40.348  -7.909  47.256 0.0000000000
191131  41.081  -9.194  46.998 0.0000000000
114458  40.531  -9.193  47.060 0.0000000000
115601  38.660  -8.412  48.139 0.0000000000
114449  39.236  -8.756  47.636 0.0000000000
111175  40.644  -11.190  47.056 0.0000000000
112267  40.037  -10.287  47.278 0.0000000000
112265  41.026  -10.677  46.885 0.0000000000
111184  41.235  -11.375  46.905 0.0000000000
110047  42.223  -12.213  47.140 0.0000000000
185132  41.659  -12.669  47.161 0.0000000000
106785  42.325  -14.608  47.299 0.0000000000
107864  42.010  -13.791  47.330 0.0000000000
201411  37.973  -10.600  50.006 0.0000000000
112220  38.032  -11.212  49.844 0.0000000000
110040  37.479  -12.782  48.692 0.0000000000
110039  38.025  -12.484  48.404 0.0000000000
110038  38.550  -12.201  48.064 0.0000000000
108930  38.541  -12.887  48.034 0.0000000000
106761  37.760  -15.067  48.891 0.0000000000
105685  38.291  -15.466  48.824 0.0000000000
105699  39.337  -15.556  48.324 0.0000000000
105700  38.762  -15.226  48.489 0.0000000000
106775  39.245  -14.753  48.291 0.0000000000
193376  39.859  -15.119  48.056 0.0000000000
106774  40.427  -14.645  47.882 0.0000000000
105698  40.575  -15.433  48.105 0.0000000000
88584  28.327  -27.482  60.823 0.0000000000
87242  28.037  -27.797  61.265 0.0000000000
202608  28.855  -28.805  62.481 0.0000000000
123461  41.215  -2.854  47.383 0.0000000000
120274  39.695  -5.231  47.244 0.0000000000
121358  40.113  -4.739  46.851 0.0000000000
120277  40.342  -5.242  46.161 0.0000000000
219049  18.280  -33.758  74.259 0.0000000000
76492  18.661  -33.928  74.358 0.0000000000
77779  18.295  -33.606  74.712 0.0000000000
77752  15.560  -33.397  76.319 0.0000000000
76417  14.113  -34.638  80.138 0.0000000000
83035  13.181  -29.422  78.518 0.0000000000
81697  12.136  -29.988  80.246 0.0000000000
81706  12.261  -30.264  79.631 0.0000000000
190645  11.912  -30.781  79.834 0.0000000000
80378  11.304  -31.893  80.662 0.0000000000
80343  10.490  -31.270  82.385 0.0000000000
77669  10.059  -33.283  82.285 0.0000000000
77680  10.304  -33.665  81.743 0.0000000000
76393  10.704  -34.501  81.802 0.0000000000
75060  10.054  -34.843  83.606 0.0000000000
75052  10.675  -35.329  84.136 0.0000000000
75045  9.778  -35.108  84.841 0.0000000000
75032  9.560  -35.354  85.434 0.0000000000
75033  8.819  -34.901  85.676 0.0000000000
78984  8.678  -32.617  85.186 0.0000000000
78977  8.400  -32.598  85.766 0.0000000000
77636  8.031  -33.435  86.684 0.0000000000
77642  8.212  -33.752  86.121 0.0000000000
74999  8.022  -34.893  86.871 0.0000000000
76342  7.882  -33.986  87.184 0.0000000000
77613  7.153  -33.333  88.068 0.0000000000
76326  7.350  -34.109  87.709 0.0000000000
221250  7.070  -33.874  88.132 0.0000000000
76327  6.796  -34.395  88.080 0.0000000000
76317  6.727  -33.714  88.536 0.0000000000
80267  7.243  -31.484  89.139 0.0000000000
80251  7.171  -31.379  89.667 0.0000000000
78932  6.402  -32.177  89.709 0.0000000000
76308  5.957  -33.454  89.212 0.0000000000
77591  5.585  -32.908  89.426 0.0000000000
77592  5.116  -32.990  89.398 0.0000000000
93374  28.755  -23.528  60.159 0.0000000000
92122  26.641  -24.222  62.307 0.0000000000
93328  27.086  -23.736  62.064 0.0000000000
92143  26.829  -24.282  61.707 0.0000000000
200234  27.122  -24.384  61.086 0.0000000000
89795  26.496  -25.250  61.168 0.0000000000
89794  26.606  -25.921  61.094 0.0000000000
223267  26.187  -25.598  61.448 0.0000000000
87209  25.401  -27.178  62.477 0.0000000000
88572  25.782  -26.868  62.187 0.0000000000
85901  26.334  -28.220  62.118 0.0000000000
85878  25.963  -28.602  62.605 0.0000000000
87197  24.115  -27.753  63.661 0.0000000000
87196  24.494  -27.314  63.252 0.0000000000
85857  24.249  -28.465  63.618 0.0000000000
81899  24.518  -30.318  63.739 0.0000000000
84592  24.871  -29.480  63.308 0.0000000000
81898  25.215  -30.386  63.744 0.0000000000
83244  25.456  -29.876  63.276 0.0000000000
189850  26.476  -31.148  64.213 0.0000000000
81884  25.808  -31.044  63.946 0.0000000000
83191  21.722  -30.005  66.842 0.0000000000
84543  22.054  -29.541  66.413 0.0000000000
81848  21.553  -30.644  66.550 0.0000000000
79206  21.621  -32.176  66.339 0.0000000000
80541  21.962  -31.761  65.887 0.0000000000
79218  22.039  -32.455  65.895 0.0000000000
79233  22.248  -32.025  65.320 0.0000000000
77900  22.306  -33.258  66.067 0.0000000000
76565  21.550  -34.691  68.795 0.0000000000
76597  21.311  -33.849  67.844 0.0000000000
76580  21.730  -34.402  68.220 0.0000000000
76578  23.689  -34.625  68.313 0.0000000000
76579  22.355  -34.573  67.985 0.0000000000
76594  23.102  -34.471  67.671 0.0000000000
116821  41.180  -7.642  46.616 0.0000000000
116820  41.644  -7.712  46.516 0.0000000000
115622  41.962  -8.159  46.813 0.0000000000
187147  33.514  -14.570  51.917 0.0000000000
106714  32.908  -15.064  52.150 0.0000000000
210468  33.253  -16.799  51.870 0.0000000000
104532  33.540  -16.322  51.624 0.0000000000
103261  33.634  -17.084  51.596 0.0000000000
103283  34.178  -17.268  51.496 0.0000000000
101957  33.955  -17.700  51.692 0.0000000000
98099  30.795  -20.517  57.301 0.0000000000
99282  30.570  -19.850  57.105 0.0000000000
98113  30.773  -20.267  56.579 0.0000000000
98150  31.769  -20.239  55.246 0.0000000000
99304  31.093  -19.919  55.361 0.0000000000
99331  31.580  -19.556  54.827 0.0000000000
100685  31.455  -18.811  54.530 0.0000000000
99358  32.023  -19.201  54.324 0.0000000000
199769  34.979  -21.438  55.591 0.0000000000
96969  34.460  -20.817  55.595 0.0000000000
98128  34.689  -20.190  55.500 0.0000000000
99355  34.139  -19.800  54.367 0.0000000000
99329  33.523  -20.049  54.466 0.0000000000
100708  32.962  -19.361  53.599 0.0000000000
99378  33.474  -19.112  53.169 0.0000000000
99388  35.588  -19.312  52.472 0.0000000000
100738  35.140  -18.930  52.534 0.0000000000
100737  35.429  -19.042  52.096 0.0000000000
100752  35.542  -18.867  51.566 0.0000000000
99397  35.919  -19.435  51.852 0.0000000000
100751  36.599  -19.306  51.531 0.0000000000
207081  36.709  -19.735  52.065 0.0000000000
99351  37.943  -19.789  53.922 0.0000000000
87240  29.288  -28.575  60.547 0.0000000000
88600  29.753  -27.355  60.140 0.0000000000
87258  29.855  -27.935  60.493 0.0000000000
85930  32.596  -28.375  60.587 0.0000000000
87256  31.639  -28.251  59.921 0.0000000000
85949  32.428  -28.293  59.900 0.0000000000
87271  32.873  -27.889  59.409 0.0000000000
87254  33.898  -28.100  60.383 0.0000000000
88599  34.706  -27.654  60.069 0.0000000000
88614  35.830  -27.140  59.543 0.0000000000
121412  47.638  -4.094  38.677 0.0000000000
122482  47.580  -3.627  38.368 0.0000000000
121420  47.649  -4.217  38.142 0.0000000000
120331  48.063  -5.274  37.736 0.0000000000
120287  47.614  -4.856  42.311 0.0000000000
120301  48.078  -5.504  41.663 0.0000000000
116881  48.060  -7.880  40.186 0.0000000000
116887  47.929  -7.262  39.945 0.0000000000
118038  47.900  -6.735  39.755 0.0000000000
118046  47.909  -6.488  39.265 0.0000000000
118037  48.142  -7.099  39.357 0.0000000000
118012  42.231  -7.079  44.910 0.0000000000
116851  42.178  -7.417  45.530 0.0000000000
92198  29.497  -24.382  58.715 0.0000000000
91023  29.809  -24.723  58.381 0.0000000000
91024  29.246  -25.029  58.762 0.0000000000
88638  29.291  -26.174  58.978 0.0000000000
88637  29.893  -26.474  58.912 0.0000000000
121360  40.962  -4.431  45.698 0.0000000000
122421  41.475  -3.958  45.473 0.0000000000
121364  41.250  -4.488  45.080 0.0000000000
120281  41.429  -4.865  44.560 0.0000000000
120285  41.808  -5.306  44.145 0.0000000000
119161  42.141  -5.682  43.900 0.0000000000
119156  41.805  -5.969  44.266 0.0000000000
118017  42.014  -6.578  44.550 0.0000000000
73554  7.155  -35.988  87.909 0.0000000000
116765  38.248  -7.922  50.297 0.0000000000
113299  38.031  -10.191  49.304 0.0000000000
104557  36.826  -16.579  50.017 0.0000000000
101971  38.237  -18.345  50.332 0.0000000000
100749  37.914  -19.675  51.129 0.0000000000
80417  13.316  -32.098  76.583 0.0000000000
79093  13.619  -32.821  76.321 0.0000000000
77735  12.747  -33.384  77.681 0.0000000000
79067  12.130  -32.332  79.281 0.0000000000
81641  9.528  -30.456  85.709 0.0000000000
87180  23.621  -27.239  64.890 0.0000000000
87181  23.498  -27.656  65.438 0.0000000000
184804  19.658  -34.303  71.151 0.0000000000
75185  20.267  -34.717  71.224 0.0000000000
75173  20.441  -34.636  72.027 0.0000000000
101841  30.303  -17.878  56.978 0.0000000000
93425  37.409  -24.001  57.530 0.0000000000
94583  37.488  -23.232  56.619 0.0000000000
93424  38.062  -23.570  57.702 0.0000000000
107812  35.528  -13.689  51.307 0.0000000000
106727  34.576  -14.482  51.171 0.0000000000
77805  17.749  -32.938  72.675 0.0000000000
80454  16.934  -31.615  72.977 0.0000000000
83102  16.103  -30.026  73.825 0.0000000000
84401  14.808  -29.699  75.132 0.0000000000
81799  18.641  -30.482  70.677 0.0000000000
83157  19.053  -30.160  70.282 0.0000000000
79154  19.049  -32.296  70.510 0.0000000000
79142  18.403  -32.497  71.587 0.0000000000
95693  32.559  -22.130  58.277 0.0000000000
191269  32.557  -22.904  57.608 0.0000000000
89880  32.236  -25.663  57.238 0.0000000000
91056  32.497  -25.143  57.113 0.0000000000
89879  32.965  -25.551  57.200 0.0000000000
89878  33.740  -25.701  57.232 0.0000000000
91054  34.252  -25.319  56.883 0.0000000000
91053  35.056  -25.489  57.026 0.0000000000
91038  35.217  -25.830  57.711 0.0000000000
91037  35.792  -25.937  58.023 0.0000000000
89837  36.403  -26.190  58.921 0.0000000000
195521  43.857  -2.846  44.476 0.0000000000
123478  45.373  -2.568  44.167 0.0000000000
209480  45.963  -4.176  42.779 0.0000000000
206540  44.989  -5.617  42.646 0.0000000000
118019  44.153  -7.065  43.271 0.0000000000
115673  44.913  -8.019  43.394 0.0000000000
114499  45.482  -8.598  43.416 0.0000000000
119145  39.734  -5.983  47.074 0.0000000000
117993  39.986  -6.749  46.981 0.0000000000
116806  39.754  -7.742  47.418 0.0000000000
115610  39.817  -8.249  47.411 0.0000000000
112255  38.972  -10.482  47.766 0.0000000000
113319  39.479  -9.954  47.402 0.0000000000
112254  39.542  -10.581  47.469 0.0000000000
110049  40.640  -12.337  47.376 0.0000000000
187077  41.068  -12.822  47.321 0.0000000000
107865  41.228  -13.792  47.477 0.0000000000
106786  41.549  -14.414  47.518 0.0000000000
110010  37.741  -12.059  49.438 0.0000000000
111151  37.958  -11.502  49.224 0.0000000000
104568  39.170  -16.595  49.134 0.0000000000
105683  39.545  -16.313  48.604 0.0000000000
105682  40.231  -16.563  48.436 0.0000000000
195524  40.838  -16.147  48.168 0.0000000000
193377  40.928  -16.889  48.397 0.0000000000
196807  27.557  -28.353  61.863 0.0000000000
85899  28.145  -28.697  61.802 0.0000000000
85875  28.343  -28.896  62.220 0.0000000000
121333  40.210  -4.269  50.000 0.0000000000
121346  40.030  -4.110  49.320 0.0000000000
121352  40.051  -4.095  48.642 0.0000000000
122406  40.415  -3.673  48.327 0.0000000000
122409  40.394  -3.748  47.598 0.0000000000
121356  39.820  -4.581  47.596 0.0000000000
196814  17.673  -33.179  74.510 0.0000000000
220499  18.096  -33.408  74.997 0.0000000000
77768  16.927  -33.210  74.776 0.0000000000
76418  13.315  -34.829  80.070 0.0000000000
75080  13.446  -34.886  81.446 0.0000000000
75072  13.122  -34.976  81.981 0.0000000000
83015  12.002  -29.882  80.862 0.0000000000
192828  11.761  -30.472  80.451 0.0000000000
80377  11.669  -31.354  80.208 0.0000000000
218000  11.225  -31.431  81.041 0.0000000000
191396  10.960  -31.754  81.259 0.0000000000
80336  9.870  -31.396  83.274 0.0000000000
215453  10.038  -31.850  82.696 0.0000000000
77670  9.710  -32.790  82.706 0.0000000000
76395  9.741  -33.756  82.729 0.0000000000
217226  9.668  -34.164  83.236 0.0000000000
78968  8.240  -32.154  86.182 0.0000000000
77627  7.799  -33.076  87.176 0.0000000000
92114  26.119  -24.658  62.434 0.0000000000
199398  25.931  -25.062  62.061 0.0000000000
195364  25.846  -25.609  61.955 0.0000000000
89764  25.478  -25.863  62.569 0.0000000000
88556  25.425  -26.480  62.630 0.0000000000
83246  23.891  -29.669  63.749 0.0000000000
84593  24.385  -29.218  63.531 0.0000000000
81900  23.868  -30.233  63.763 0.0000000000
81886  24.128  -30.876  63.934 0.0000000000
202396  25.391  -31.584  64.393 0.0000000000
79243  24.993  -32.201  64.518 0.0000000000
81849  21.214  -31.087  66.939 0.0000000000
80531  21.201  -31.868  66.895 0.0000000000
79207  21.392  -32.582  66.751 0.0000000000
75214  22.705  -35.166  69.806 0.0000000000
75233  22.195  -34.937  69.261 0.0000000000
186585  22.914  -34.965  69.227 0.0000000000
190250  41.489  -8.618  46.966 0.0000000000
114457  42.269  -8.757  47.036 0.0000000000
113329  42.199  -9.662  46.984 0.0000000000
105612  31.804  -15.294  53.570 0.0000000000
105620  32.124  -15.645  53.111 0.0000000000
105627  32.658  -15.751  52.206 0.0000000000
105628  32.334  -15.972  52.573 0.0000000000
103247  32.903  -16.902  52.223 0.0000000000
101940  32.964  -17.745  52.223 0.0000000000
96949  31.740  -21.107  56.364 0.0000000000
98112  31.192  -20.717  56.303 0.0000000000
98132  31.773  -20.705  55.869 0.0000000000
98131  32.373  -20.646  55.549 0.0000000000
98127  35.288  -19.878  55.887 0.0000000000
99303  34.929  -19.680  55.463 0.0000000000
99327  34.722  -19.570  54.910 0.0000000000
219343  34.269  -19.781  53.617 0.0000000000
99377  34.228  -19.478  53.251 0.0000000000
186549  34.830  -19.504  53.312 0.0000000000
190437  35.641  -19.482  53.078 0.0000000000
99375  36.330  -19.790  53.087 0.0000000000
204894  37.016  -19.877  53.246 0.0000000000
99352  36.490  -19.512  53.920 0.0000000000
85917  30.024  -28.728  61.226 0.0000000000
87238  30.463  -28.293  60.972 0.0000000000
85916  30.882  -28.408  61.373 0.0000000000
85915  31.847  -28.363  61.149 0.0000000000
85914  32.731  -28.325  61.367 0.0000000000
120324  47.606  -4.706  38.717 0.0000000000
120296  47.748  -5.337  41.997 0.0000000000
116879  47.578  -7.438  41.391 0.0000000000
115710  48.523  -8.318  39.809 0.0000000000
115709  48.999  -8.635  39.460 0.0000000000
81783  17.551  -30.472  71.869 0.0000000000
83148  18.679  -29.737  70.619 0.0000000000
83149  18.259  -30.096  71.005 0.0000000000
115657  43.841  -8.012  44.766 0.0000000000
115639  44.065  -7.686  46.096 0.0000000000
93406  32.140  -23.528  58.083 0.0000000000
93428  31.350  -23.904  58.084 0.0000000000
92216  31.092  -24.459  58.089 0.0000000000
91039  31.524  -25.015  57.797 0.0000000000
91041  30.308  -25.065  58.257 0.0000000000
89861  31.384  -25.757  57.892 0.0000000000
88652  32.077  -26.481  57.909 0.0000000000
88651  32.586  -26.699  58.288 0.0000000000
88634  33.074  -26.927  58.645 0.0000000000
123468  42.996  -2.371  45.862 0.0000000000
123473  43.396  -2.415  45.398 0.0000000000
122420  41.924  -3.558  45.230 0.0000000000
122419  42.502  -3.183  44.962 0.0000000000
123480  43.199  -2.838  44.776 0.0000000000
122425  43.484  -3.297  44.195 0.0000000000
121377  43.930  -4.769  43.040 0.0000000000
223001  43.508  -4.901  43.220 0.0000000000
118020  43.523  -6.594  43.446 0.0000000000
116866  43.556  -7.400  43.771 0.0000000000
73561  8.897  -36.161  87.047 0.0000000000
117965  38.487  -6.715  48.702 0.0000000000
117971  38.641  -7.110  48.114 0.0000000000
116797  38.305  -7.408  48.573 0.0000000000
115602  38.334  -8.046  48.643 0.0000000000
114440  38.602  -9.025  48.209 0.0000000000
115593  38.090  -8.206  49.260 0.0000000000
220252  38.348  -9.581  48.284 0.0000000000
210039  38.873  -11.182  47.948 0.0000000000
111177  39.000  -11.784  47.668 0.0000000000
107842  36.953  -14.067  49.284 0.0000000000
216600  37.507  -16.580  49.779 0.0000000000
104555  38.807  -16.886  49.601 0.0000000000
101988  39.599  -18.158  49.262 0.0000000000
101952  39.866  -18.710  50.431 0.0000000000
100746  40.090  -18.973  51.323 0.0000000000
101953  39.041  -19.219  50.566 0.0000000000
100735  40.573  -19.327  52.049 0.0000000000
83228  27.396  -30.515  63.865 0.0000000000
83241  27.820  -29.913  63.601 0.0000000000
189804  27.678  -30.871  64.259 0.0000000000
120239  38.705  -5.480  49.634 0.0000000000
79100  15.376  -32.585  75.180 0.0000000000
79099  16.065  -32.814  75.426 0.0000000000
190777  14.960  -33.062  75.631 0.0000000000
77753  14.321  -33.371  76.431 0.0000000000
201593  15.091  -33.797  76.698 0.0000000000
76441  13.224  -34.339  78.876 0.0000000000
77723  12.660  -33.841  78.296 0.0000000000
76429  12.876  -34.536  79.458 0.0000000000
76420  11.759  -34.307  80.167 0.0000000000
217213  9.325  -31.966  84.101 0.0000000000
188606  8.960  -31.727  85.157 0.0000000000
214083  8.724  -31.228  85.591 0.0000000000
80297  9.073  -30.790  85.940 0.0000000000
80289  8.576  -31.275  86.206 0.0000000000
80284  8.198  -30.994  87.212 0.0000000000
80276  8.167  -30.804  87.786 0.0000000000
90931  25.713  -25.130  64.623 0.0000000000
90937  25.306  -25.628  64.239 0.0000000000
89757  25.006  -26.193  63.840 0.0000000000
88535  24.686  -26.638  64.203 0.0000000000
85842  23.820  -28.153  64.142 0.0000000000
87189  23.495  -27.843  64.747 0.0000000000
85843  23.780  -28.639  64.703 0.0000000000
83229  23.349  -30.031  64.159 0.0000000000
81888  22.933  -30.524  64.311 0.0000000000
80566  23.054  -31.109  64.451 0.0000000000
211120  20.155  -33.464  69.087 0.0000000000
206963  20.484  -33.243  68.401 0.0000000000
76582  20.579  -33.907  68.715 0.0000000000
76566  20.958  -34.316  69.119 0.0000000000
76540  20.449  -34.793  70.451 0.0000000000
75215  21.272  -34.939  70.256 0.0000000000
212375  21.998  -35.132  69.974 0.0000000000
111173  43.064  -12.045  47.095 0.0000000000
204203  43.675  -11.908  47.092 0.0000000000
103210  30.996  -17.142  54.418 0.0000000000
103224  31.227  -17.202  53.922 0.0000000000
94614  34.748  -22.992  55.614 0.0000000000
95757  33.955  -21.943  55.630 0.0000000000
212739  35.239  -22.667  55.585 0.0000000000
95755  35.436  -22.073  55.626 0.0000000000
194214  35.649  -21.406  55.662 0.0000000000
94595  37.046  -22.770  56.179 0.0000000000
95737  36.708  -22.033  56.093 0.0000000000
96967  35.794  -20.687  55.793 0.0000000000
96947  36.353  -20.710  56.136 0.0000000000
98109  36.497  -19.990  56.460 0.0000000000
115679  46.853  -8.084  42.262 0.0000000000
115678  47.335  -8.317  42.023 0.0000000000
74985  5.714  -35.093  88.951 0.0000000000
112213  38.220  -11.092  50.527 0.0000000000
185085  38.127  -11.552  50.366 0.0000000000
188052  37.956  -11.951  50.170 0.0000000000
108906  36.640  -13.447  50.163 0.0000000000
107830  36.460  -14.135  49.821 0.0000000000
106750  36.291  -14.782  49.851 0.0000000000
106751  35.958  -15.166  50.137 0.0000000000
106739  35.502  -14.665  50.489 0.0000000000
194904  35.872  -15.853  50.148 0.0000000000
104558  35.946  -16.638  50.116 0.0000000000
76505  19.775  -34.351  73.265 0.0000000000
79113  17.183  -33.109  73.634 0.0000000000
77780  16.744  -33.086  74.085 0.0000000000
187208  16.304  -32.428  74.757 0.0000000000
80455  16.564  -31.211  73.361 0.0000000000
81768  16.148  -30.819  73.793 0.0000000000
80429  15.199  -32.083  74.620 0.0000000000
80430  14.682  -32.122  74.910 0.0000000000
81743  13.905  -31.189  76.051 0.0000000000
187314  13.267  -31.315  76.618 0.0000000000
219177  13.000  -31.199  77.140 0.0000000000
85818  22.841  -28.399  67.194 0.0000000000
84533  22.018  -29.350  67.162 0.0000000000
83175  21.611  -29.694  68.163 0.0000000000
81818  20.213  -30.566  69.022 0.0000000000
81808  19.396  -30.531  69.887 0.0000000000
81819  19.712  -30.897  69.379 0.0000000000
80499  20.067  -31.304  68.918 0.0000000000
80511  19.797  -32.101  68.774 0.0000000000
79176  19.826  -32.778  68.784 0.0000000000
77852  19.709  -33.081  69.452 0.0000000000
76542  19.644  -33.916  70.656 0.0000000000
77830  19.323  -33.086  70.752 0.0000000000
214662  19.458  -33.997  71.688 0.0000000000
76518  19.540  -34.120  72.340 0.0000000000
99269  30.790  -19.436  58.172 0.0000000000
96921  30.975  -20.682  57.872 0.0000000000
215817  31.054  -21.007  57.472 0.0000000000
95705  31.884  -21.846  57.927 0.0000000000
96930  31.467  -21.408  57.327 0.0000000000
214143  31.398  -21.147  56.790 0.0000000000
96948  32.112  -21.525  56.374 0.0000000000
95738  33.029  -22.342  56.188 0.0000000000
94616  33.384  -22.938  55.857 0.0000000000
93443  32.585  -23.780  57.259 0.0000000000
198527  32.961  -24.133  56.899 0.0000000000
92230  32.990  -24.732  56.677 0.0000000000
93442  33.030  -23.530  56.703 0.0000000000
93458  33.411  -23.517  55.977 0.0000000000
219912  33.644  -23.211  55.697 0.0000000000
94615  34.023  -22.716  55.703 0.0000000000
93471  34.863  -23.494  55.748 0.0000000000
93457  35.422  -23.788  56.063 0.0000000000
93441  36.600  -24.146  56.574 0.0000000000
92229  36.286  -24.797  56.910 0.0000000000
92228  36.994  -24.487  57.100 0.0000000000
120291  44.356  -5.318  42.830 0.0000000000
119166  45.294  -6.274  42.566 0.0000000000
118026  44.705  -6.745  42.904 0.0000000000
116876  46.145  -7.435  42.440 0.0000000000
119149  41.026  -6.425  45.881 0.0000000000
118006  41.276  -6.951  46.110 0.0000000000
117991  41.085  -7.230  46.472 0.0000000000
116822  40.739  -7.584  46.776 0.0000000000
115611  39.178  -8.094  47.640 0.0000000000
223024  39.800  -8.743  47.081 0.0000000000
113332  40.038  -9.547  47.122 0.0000000000
114459  40.079  -8.882  46.979 0.0000000000
113331  40.666  -9.899  47.078 0.0000000000
211985  41.630  -10.869  46.799 0.0000000000
110046  42.878  -12.741  47.232 0.0000000000
108939  43.389  -13.413  47.168 0.0000000000
108941  42.161  -12.972  47.259 0.0000000000
107863  42.856  -14.024  47.221 0.0000000000
113288  37.995  -9.889  50.097 0.0000000000
111165  38.131  -11.287  48.677 0.0000000000
110051  39.100  -12.521  47.698 0.0000000000
107856  37.413  -13.948  48.768 0.0000000000
106777  37.808  -14.414  48.623 0.0000000000
107855  37.919  -13.811  48.365 0.0000000000
106776  38.349  -14.243  48.330 0.0000000000
107854  38.484  -13.641  47.883 0.0000000000
107867  39.324  -13.657  47.858 0.0000000000
106788  40.341  -14.094  47.714 0.0000000000
106787  40.873  -14.239  47.672 0.0000000000
106772  41.829  -15.091  47.724 0.0000000000
105681  41.546  -16.384  48.119 0.0000000000
105696  42.072  -15.712  48.071 0.0000000000
105695  42.772  -15.821  48.301 0.0000000000
88603  27.897  -26.536  60.621 0.0000000000
88602  28.611  -26.897  60.467 0.0000000000
88583  28.839  -28.092  60.497 0.0000000000
209020  28.894  -28.944  60.606 0.0000000000
87223  28.324  -28.792  61.203 0.0000000000
87222  28.784  -29.304  60.961 0.0000000000
87221  29.358  -29.111  60.952 0.0000000000
123465  41.212  -2.990  46.673 0.0000000000
122411  40.900  -3.491  46.484 0.0000000000
122412  40.456  -3.973  46.809 0.0000000000
122416  40.761  -4.012  46.227 0.0000000000
196256  40.693  -5.005  45.787 0.0000000000
120276  40.773  -5.725  45.705 0.0000000000
77766  18.482  -33.507  75.312 0.0000000000
77758  16.502  -33.161  75.845 0.0000000000
83044  13.295  -29.809  77.892 0.0000000000
83045  13.097  -30.505  78.043 0.0000000000
193098  12.724  -30.811  78.396 0.0000000000
83029  12.652  -29.885  79.287 0.0000000000
187985  12.585  -30.531  79.008 0.0000000000
81714  12.373  -31.091  78.758 0.0000000000
80401  12.271  -31.658  79.004 0.0000000000
79047  11.711  -32.294  79.910 0.0000000000
77712  11.628  -33.214  79.831 0.0000000000
77701  11.341  -33.706  80.262 0.0000000000
185391  10.866  -30.713  82.007 0.0000000000
80352  10.707  -31.485  81.824 0.0000000000
79027  10.511  -32.244  81.551 0.0000000000
77691  10.575  -33.072  81.388 0.0000000000
76402  11.288  -34.508  81.487 0.0000000000
199930  11.653  -35.443  83.115 0.0000000000
73569  9.149  -35.871  86.554 0.0000000000
77654  8.885  -33.085  84.542 0.0000000000
77647  8.548  -33.549  84.976 0.0000000000
76362  8.351  -34.111  85.487 0.0000000000
75016  8.692  -35.231  86.210 0.0000000000
73570  8.462  -35.507  86.650 0.0000000000
73562  8.051  -35.763  87.075 0.0000000000
73563  7.501  -35.625  87.433 0.0000000000
74992  6.563  -35.270  88.209 0.0000000000
74984  6.177  -34.975  88.745 0.0000000000
80277  7.736  -31.184  88.095 0.0000000000
78941  7.131  -31.627  88.326 0.0000000000
78942  6.790  -32.082  88.785 0.0000000000
80252  6.639  -31.632  89.907 0.0000000000
77589  6.443  -32.442  89.135 0.0000000000
77599  6.301  -33.165  88.909 0.0000000000
209576  6.300  -33.824  88.925 0.0000000000
96895  31.823  -20.911  58.942 0.0000000000
93394  28.793  -24.098  59.557 0.0000000000
92178  28.379  -24.499  59.556 0.0000000000
92179  27.841  -24.659  59.781 0.0000000000
92163  27.566  -24.303  60.380 0.0000000000
89809  27.551  -25.790  60.310 0.0000000000
89793  27.109  -26.255  60.670 0.0000000000
88570  27.301  -27.308  61.531 0.0000000000
89778  26.211  -26.163  61.558 0.0000000000
88571  26.399  -26.936  61.777 0.0000000000
87225  26.911  -27.816  61.854 0.0000000000
85900  27.028  -28.444  62.013 0.0000000000
85877  26.755  -28.742  62.434 0.0000000000
83259  26.672  -29.632  62.977 0.0000000000
88545  24.682  -26.677  63.482 0.0000000000
87210  24.933  -27.566  62.815 0.0000000000
85856  24.818  -28.768  63.259 0.0000000000
85879  25.165  -28.337  62.817 0.0000000000
83260  26.013  -29.611  63.001 0.0000000000
83243  26.208  -30.027  63.351 0.0000000000
81897  26.531  -30.611  63.814 0.0000000000
84542  22.563  -29.119  66.044 0.0000000000
83204  22.200  -29.743  65.680 0.0000000000
81861  21.927  -30.972  66.040 0.0000000000
81875  22.166  -30.488  65.511 0.0000000000
80554  22.671  -31.520  64.925 0.0000000000
79232  22.849  -32.308  65.028 0.0000000000
222962  20.898  -33.404  67.887 0.0000000000
77873  21.861  -33.724  67.316 0.0000000000
76595  22.420  -34.191  67.374 0.0000000000
77872  22.357  -33.761  66.728 0.0000000000
77885  22.782  -33.828  66.188 0.0000000000
77899  22.994  -33.531  65.614 0.0000000000
77898  23.576  -33.312  65.295 0.0000000000
200599  24.000  -33.551  65.682 0.0000000000
114456  42.921  -8.647  47.029 0.0000000000
115621  42.763  -8.108  46.939 0.0000000000
111172  44.084  -11.466  47.176 0.0000000000
107804  33.853  -13.930  52.289 0.0000000000
106728  33.990  -14.835  51.517 0.0000000000
105638  33.707  -15.482  51.457 0.0000000000
105639  33.105  -15.641  51.806 0.0000000000
105654  34.240  -16.026  51.276 0.0000000000
103282  34.720  -17.124  51.220 0.0000000000
101975  35.259  -17.581  51.077 0.0000000000
101974  35.675  -18.066  50.930 0.0000000000
206914  30.438  -19.356  57.548 0.0000000000
99283  30.283  -19.256  56.851 0.0000000000
100647  30.217  -18.569  56.008 0.0000000000
98133  30.819  -20.190  55.884 0.0000000000
187486  30.624  -19.582  55.689 0.0000000000
101871  30.501  -18.170  55.636 0.0000000000
100686  30.962  -18.343  54.645 0.0000000000
100711  31.255  -18.199  54.189 0.0000000000
96970  33.857  -21.167  55.496 0.0000000000
98130  33.100  -20.589  55.339 0.0000000000
98149  32.583  -20.246  55.094 0.0000000000
98148  33.155  -20.223  54.909 0.0000000000
99357  32.578  -19.531  54.113 0.0000000000
100709  32.353  -18.972  53.720 0.0000000000
100726  32.170  -18.207  53.318 0.0000000000
101921  32.576  -18.106  52.684 0.0000000000
100739  33.559  -18.000  52.062 0.0000000000
100724  34.052  -18.906  52.761 0.0000000000
191189  34.555  -18.720  52.451 0.0000000000
100754  34.267  -18.238  52.086 0.0000000000
195231  34.590  -18.109  51.756 0.0000000000
101956  35.157  -18.323  51.305 0.0000000000
100760  35.779  -18.622  51.059 0.0000000000
100759  36.433  -18.826  51.018 0.0000000000
99396  37.286  -19.804  51.586 0.0000000000
99395  37.742  -20.188  51.639 0.0000000000
99374  37.491  -20.194  52.679 0.0000000000
99373  38.158  -20.139  53.057 0.0000000000
99384  38.620  -20.178  52.325 0.0000000000
88618  30.816  -27.497  59.125 0.0000000000
217808  30.960  -28.108  60.075 0.0000000000
198885  31.200  -27.887  59.498 0.0000000000
88617  33.315  -27.443  59.073 0.0000000000
88616  34.001  -27.473  59.262 0.0000000000
85912  34.022  -28.342  61.263 0.0000000000
87237  34.025  -28.254  60.966 0.0000000000
87253  34.355  -28.011  60.552 0.0000000000
215219  34.595  -27.398  59.464 0.0000000000
222072  34.922  -26.986  59.124 0.0000000000
89822  35.429  -26.805  59.081 0.0000000000
184891  36.141  -26.723  59.135 0.0000000000
120300  48.598  -5.141  41.507 0.0000000000
119174  48.217  -5.521  41.119 0.0000000000
120307  48.008  -5.540  40.415 0.0000000000
115687  47.557  -8.108  41.570 0.0000000000
118035  47.854  -6.730  40.364 0.0000000000
119199  47.758  -5.818  39.170 0.0000000000
119198  47.918  -6.230  38.620 0.0000000000
116899  48.474  -7.506  38.936 0.0000000000
73568  9.822  -36.003  86.489 0.0000000000
76581  21.100  -34.191  68.423 0.0000000000
77722  13.508  -34.135  78.333 0.0000000000
77790  18.303  -33.842  73.847 0.0000000000
77887  21.814  -33.188  66.755 0.0000000000
79216  23.114  -32.916  65.237 0.0000000000
79231  23.653  -32.747  64.757 0.0000000000
84610  28.603  -28.930  62.896 0.0000000000
85913  33.546  -28.334  61.359 0.0000000000
85931  31.974  -28.407  60.388 0.0000000000
87171  23.837  -27.145  65.597 0.0000000000
87255  33.206  -28.233  60.088 0.0000000000
87257  30.444  -27.965  60.596 0.0000000000
87259  29.381  -27.832  60.427 0.0000000000
87269  34.221  -27.723  59.954 0.0000000000
88527  24.102  -26.760  65.238 0.0000000000
88597  36.221  -27.079  60.149 0.0000000000
88619  30.141  -27.129  59.398 0.0000000000
88632  34.437  -27.054  58.880 0.0000000000
88636  30.670  -26.783  58.802 0.0000000000
88654  31.013  -26.316  58.231 0.0000000000
89740  24.997  -25.759  65.820 0.0000000000
89748  24.510  -26.441  64.866 0.0000000000
89808  28.225  -26.086  60.163 0.0000000000
89823  28.830  -26.069  59.145 0.0000000000
89824  28.387  -25.746  59.518 0.0000000000
89843  29.070  -25.719  58.889 0.0000000000
89857  34.695  -26.256  57.985 0.0000000000
89858  33.979  -26.153  57.832 0.0000000000
89860  31.900  -26.020  57.564 0.0000000000
90932  25.296  -25.567  65.077 0.0000000000
90936  25.700  -25.198  63.911 0.0000000000
90977  26.774  -24.872  60.912 0.0000000000
90978  26.436  -24.714  61.340 0.0000000000
90994  27.405  -25.044  60.177 0.0000000000
90995  27.038  -24.801  60.498 0.0000000000
91021  36.783  -25.808  58.486 0.0000000000
91022  36.184  -25.983  58.422 0.0000000000
92088  26.061  -24.542  64.931 0.0000000000
92096  26.558  -24.145  64.542 0.0000000000
92105  26.485  -24.157  63.847 0.0000000000
92123  26.202  -24.623  61.818 0.0000000000
92177  29.289  -24.084  59.097 0.0000000000
92197  30.053  -24.438  58.558 0.0000000000
93310  27.331  -23.344  62.372 0.0000000000
93327  27.448  -23.156  61.616 0.0000000000
93352  27.284  -23.922  61.562 0.0000000000
93375  27.976  -23.686  60.416 0.0000000000
93439  37.640  -23.539  57.180 0.0000000000
93455  36.879  -23.498  56.360 0.0000000000
93469  36.053  -23.170  55.796 0.0000000000
93472  34.102  -23.463  55.731 0.0000000000
95754  36.056  -22.055  55.758 0.0000000000
95756  34.699  -22.200  55.624 0.0000000000
99295  30.493  -19.684  56.555 0.0000000000
99305  30.513  -18.876  55.617 0.0000000000
99330  32.851  -19.959  54.529 0.0000000000
99354  34.652  -19.634  54.037 0.0000000000
99372  38.778  -20.265  53.021 0.0000000000
99385  37.933  -20.292  52.152 0.0000000000
99389  35.219  -19.208  52.861 0.0000000000
99394  38.335  -20.091  51.624 0.0000000000
100628  30.456  -18.622  57.274 0.0000000000
100629  30.271  -18.575  56.542 0.0000000000
100661  35.709  -19.131  55.626 0.0000000000
100662  30.799  -18.452  55.226 0.0000000000
100683  36.214  -18.955  55.300 0.0000000000
101885  30.736  -17.816  55.001 0.0000000000
101904  30.897  -17.703  54.251 0.0000000000
101986  40.661  -18.233  49.813 0.0000000000
103233  32.109  -16.970  53.032 0.0000000000
104524  32.638  -16.295  52.301 0.0000000000
106741  34.437  -15.242  51.151 0.0000000000
106773  41.104  -14.871  47.886 0.0000000000
107862  43.482  -14.136  47.243 0.0000000000
110048  41.361  -12.105  47.050 0.0000000000
111182  43.326  -11.334  46.920 0.0000000000
111183  42.550  -11.511  46.954 0.0000000000
115581  38.034  -8.359  49.916 0.0000000000
115624  40.798  -8.018  46.950 0.0000000000
116789  38.194  -7.709  49.090 0.0000000000
116915  48.604  -7.278  38.336 0.0000000000
117977  39.581  -7.115  47.337 0.0000000000
119115  38.620  -6.078  49.169 0.0000000000
120261  39.325  -4.994  48.554 0.0000000000
120332  47.694  -4.828  37.963 0.0000000000
121334  39.651  -4.522  49.704 0.0000000000
121355  40.069  -4.117  47.977 0.0000000000
123460  41.838  -2.547  47.688 0.0000000000
123464  41.774  -2.654  46.933 0.0000000000
123474  42.764  -2.721  45.442 0.0000000000
123559  47.638  -2.999  37.970 0.0000000000
124619  44.389  -1.904  45.870 0.0000000000
124620  43.594  -2.110  46.071 0.0000000000
124625  43.993  -2.181  45.484 0.0000000000
185471  44.027  -13.159  47.225 0.0000000000
189439  38.764  -6.561  48.210 0.0000000000
190306  40.949  -13.339  47.446 0.0000000000
192463  30.525  -19.827  56.119 0.0000000000
193181  30.330  -28.718  61.663 0.0000000000
194318  36.850  -20.040  52.565 0.0000000000
196590  33.942  -20.571  55.390 0.0000000000
198065  35.268  -19.471  53.772 0.0000000000
198430  22.193  -34.772  68.611 0.0000000000
201638  36.239  -21.392  55.889 0.0000000000
203075  20.846  -31.339  67.219 0.0000000000
203242  27.346  -23.264  63.087 0.0000000000
205273  47.722  -4.822  39.513 0.0000000000
207219  24.836  -29.932  63.503 0.0000000000
208381  36.170  -19.429  56.386 0.0000000000
208841  33.348  -20.899  55.478 0.0000000000
210109  33.952  -18.457  52.374 0.0000000000
214061  40.405  -15.949  48.251 0.0000000000
214142  36.704  -21.335  56.210 0.0000000000
215286  19.214  -34.166  74.445 0.0000000000
215905  35.380  -19.444  55.717 0.0000000000
216728  41.253  -3.173  46.189 0.0000000000
217343  25.957  -24.821  62.986 0.0000000000
218283  22.551  -34.890  68.918 0.0000000000
218514  37.207  -22.193  56.250 0.0000000000
219031  23.496  -33.636  65.640 0.0000000000
220477  24.589  -32.228  64.377 0.0000000000
220546  32.280  -17.800  52.922 0.0000000000
220586  43.658  -14.995  47.698 0.0000000000
222020  31.455  -28.379  61.650 0.0000000000
222280  36.176  -15.613  49.998 0.0000000000
222347  37.830  -15.604  49.107 0.0000000000
222350  36.315  -26.729  59.713 0.0000000000
222360  27.716  -23.098  61.297 0.0000000000
222499  35.803  -23.475  55.882 0.0000000000
222881  38.747  -14.614  48.417 0.0000000000
