#!ascii label  , from subject sub-05_ses-008 vox2ras=TkReg
1135
69774  28.023  -38.047  79.046 0.0000000000
213117  44.345  -15.743  61.055 0.0000000000
113103  51.419  -11.229  62.755 0.0000000000
89683  46.807  -25.431  69.758 0.0000000000
76503  31.302  -34.297  72.832 0.0000000000
71064  30.858  -37.135  76.968 0.0000000000
108720  48.170  -13.644  63.076 0.0000000000
105398  47.579  -15.547  68.547 0.0000000000
87107  42.062  -28.272  70.737 0.0000000000
77786  35.738  -33.659  73.208 0.0000000000
115545  55.959  -8.992  52.039 0.0000000000
111044  53.148  -11.370  57.461 0.0000000000
92071  43.123  -24.264  66.159 0.0000000000
205755  45.901  -19.726  67.519 0.0000000000
72366  29.584  -36.589  76.522 0.0000000000
69801  29.328  -37.887  78.051 0.0000000000
106595  46.034  -15.048  62.123 0.0000000000
107614  47.689  -14.020  65.911 0.0000000000
105448  45.998  -15.760  64.873 0.0000000000
80476  41.852  -31.218  70.692 0.0000000000
75120  33.218  -35.161  75.426 0.0000000000
77789  33.687  -33.826  72.831 0.0000000000
75132  34.971  -34.774  74.610 0.0000000000
115549  54.543  -9.085  52.604 0.0000000000
113227  56.706  -9.762  54.502 0.0000000000
115519  54.604  -9.136  54.972 0.0000000000
109882  50.711  -12.191  60.522 0.0000000000
222341  51.801  -12.713  57.588 0.0000000000
201490  52.034  -11.257  60.041 0.0000000000
112068  54.464  -10.952  60.736 0.0000000000
110975  52.853  -12.028  61.667 0.0000000000
89635  45.050  -26.676  71.475 0.0000000000
89703  43.000  -26.196  68.614 0.0000000000
193182  44.609  -24.357  69.456 0.0000000000
94404  44.978  -22.419  66.869 0.0000000000
219236  46.555  -22.629  70.175 0.0000000000
220248  47.813  -20.916  69.387 0.0000000000
92042  47.520  -23.826  68.192 0.0000000000
204143  31.540  -35.691  76.160 0.0000000000
107717  49.164  -14.092  59.862 0.0000000000
109825  49.733  -12.340  63.323 0.0000000000
109783  49.224  -12.654  65.671 0.0000000000
107574  49.392  -14.552  68.077 0.0000000000
81789  38.772  -30.701  71.853 0.0000000000
198171  40.959  -30.089  72.609 0.0000000000
83131  43.960  -29.287  71.693 0.0000000000
85787  45.269  -27.757  69.165 0.0000000000
89720  45.675  -25.655  67.329 0.0000000000
80479  36.605  -32.120  70.619 0.0000000000
79112  37.869  -32.991  73.506 0.0000000000
113273  55.834  -9.057  50.729 0.0000000000
113216  52.984  -10.063  54.950 0.0000000000
221981  54.541  -10.713  57.424 0.0000000000
108799  53.908  -12.742  58.200 0.0000000000
103030  45.133  -17.394  65.004 0.0000000000
102977  46.540  -17.482  68.541 0.0000000000
100456  48.393  -18.807  68.694 0.0000000000
68660  28.303  -38.528  78.796 0.0000000000
69787  28.699  -38.069  78.585 0.0000000000
68671  28.502  -38.717  78.392 0.0000000000
106608  45.072  -15.318  61.589 0.0000000000
106570  46.189  -15.274  63.274 0.0000000000
105487  45.392  -15.784  63.157 0.0000000000
221116  34.015  -34.895  74.955 0.0000000000
114382  53.755  -9.204  52.461 0.0000000000
115531  54.653  -9.038  54.106 0.0000000000
115533  53.671  -9.342  53.903 0.0000000000
112056  51.317  -11.399  61.627 0.0000000000
111002  51.493  -11.522  60.344 0.0000000000
113147  51.948  -10.882  61.386 0.0000000000
218011  52.782  -11.149  61.097 0.0000000000
89645  45.744  -26.119  70.859 0.0000000000
90833  44.876  -25.514  70.566 0.0000000000
91992  45.782  -24.397  70.342 0.0000000000
94377  45.992  -23.385  70.024 0.0000000000
196595  47.070  -24.013  70.201 0.0000000000
219209  47.591  -23.159  69.690 0.0000000000
90865  47.299  -24.583  69.021 0.0000000000
73700  31.017  -36.029  76.565 0.0000000000
72346  31.143  -36.494  76.967 0.0000000000
72363  32.268  -36.028  76.460 0.0000000000
107706  47.673  -14.248  60.823 0.0000000000
106625  48.132  -14.693  59.690 0.0000000000
199582  48.597  -13.536  61.798 0.0000000000
109854  49.493  -12.861  61.814 0.0000000000
109843  49.004  -12.966  63.265 0.0000000000
109810  49.194  -12.608  64.409 0.0000000000
108702  48.462  -13.035  64.838 0.0000000000
216482  47.523  -14.542  66.914 0.0000000000
107588  48.574  -13.982  67.604 0.0000000000
106494  48.798  -14.911  68.626 0.0000000000
105409  49.231  -15.364  68.314 0.0000000000
104268  48.673  -16.037  68.810 0.0000000000
81767  39.153  -31.848  72.939 0.0000000000
83120  39.823  -30.429  72.405 0.0000000000
186887  40.664  -31.146  73.130 0.0000000000
193218  43.091  -30.289  71.011 0.0000000000
84467  45.011  -28.850  70.662 0.0000000000
77788  34.291  -33.759  72.917 0.0000000000
196415  34.833  -32.957  71.393 0.0000000000
79140  36.345  -32.632  71.794 0.0000000000
79139  37.061  -32.365  72.048 0.0000000000
79121  37.004  -33.041  72.856 0.0000000000
116751  55.314  -7.975  50.917 0.0000000000
114391  56.017  -8.879  51.635 0.0000000000
112138  55.427  -10.276  55.335 0.0000000000
111034  52.639  -11.840  57.836 0.0000000000
219972  51.925  -12.248  56.147 0.0000000000
111060  52.560  -11.546  56.283 0.0000000000
216292  52.139  -11.017  54.816 0.0000000000
112133  53.333  -10.531  56.367 0.0000000000
113209  54.039  -9.822  56.191 0.0000000000
112117  53.870  -10.784  57.304 0.0000000000
109881  53.493  -12.161  60.352 0.0000000000
109897  53.919  -12.086  59.183 0.0000000000
85779  40.851  -28.871  70.152 0.0000000000
87129  41.657  -28.122  69.328 0.0000000000
90895  43.118  -25.488  67.548 0.0000000000
89723  42.084  -26.167  66.919 0.0000000000
96792  45.863  -21.022  67.567 0.0000000000
96820  45.133  -20.978  65.682 0.0000000000
204759  45.589  -19.832  66.237 0.0000000000
99173  44.961  -19.105  64.675 0.0000000000
100501  45.581  -18.588  66.136 0.0000000000
103004  45.842  -17.332  66.897 0.0000000000
100474  46.223  -18.646  68.112 0.0000000000
95572  48.374  -21.829  67.751 0.0000000000
99119  48.384  -19.878  68.966 0.0000000000
97977  48.432  -20.421  67.367 0.0000000000
100473  48.576  -19.195  67.389 0.0000000000
72333  29.774  -37.042  77.485 0.0000000000
69813  30.075  -37.625  77.503 0.0000000000
68700  29.835  -38.086  76.554 0.0000000000
68681  29.330  -38.390  77.518 0.0000000000
107678  47.171  -14.492  62.193 0.0000000000
107638  47.565  -13.996  64.106 0.0000000000
107639  47.037  -14.434  64.058 0.0000000000
210697  46.841  -14.878  65.694 0.0000000000
105423  46.779  -15.517  66.926 0.0000000000
217047  32.573  -34.564  74.271 0.0000000000
76501  32.523  -34.044  73.125 0.0000000000
76487  33.350  -34.159  73.926 0.0000000000
76486  33.978  -34.163  73.987 0.0000000000
76484  35.526  -34.096  73.935 0.0000000000
77765  36.821  -33.891  73.971 0.0000000000
73717  35.788  -34.663  74.145 0.0000000000
115547  55.240  -8.822  52.402 0.0000000000
115529  55.580  -9.344  53.918 0.0000000000
115530  55.051  -8.959  53.843 0.0000000000
115517  55.038  -9.185  54.842 0.0000000000
113208  55.163  -10.168  55.719 0.0000000000
108802  50.813  -13.457  58.648 0.0000000000
109910  51.567  -12.484  58.782 0.0000000000
111017  52.216  -11.618  59.240 0.0000000000
112101  52.815  -11.287  59.140 0.0000000000
112100  53.718  -10.889  58.932 0.0000000000
186548  53.261  -10.986  59.960 0.0000000000
110985  54.408  -11.315  61.519 0.0000000000
88445  43.497  -27.492  71.362 0.0000000000
191943  42.935  -26.914  69.587 0.0000000000
89685  43.821  -26.113  70.221 0.0000000000
90868  43.843  -25.347  69.319 0.0000000000
92026  44.390  -24.124  67.990 0.0000000000
94405  44.107  -23.373  66.374 0.0000000000
93202  45.177  -23.229  68.192 0.0000000000
95566  45.885  -22.308  68.637 0.0000000000
96786  46.518  -20.871  68.951 0.0000000000
97938  46.974  -20.216  69.747 0.0000000000
196319  47.397  -21.685  70.003 0.0000000000
94382  48.219  -22.220  68.638 0.0000000000
93218  47.942  -22.850  67.412 0.0000000000
72397  29.615  -36.233  75.460 0.0000000000
73721  30.657  -35.644  75.098 0.0000000000
185090  31.678  -35.104  74.692 0.0000000000
75112  32.553  -35.593  76.024 0.0000000000
214915  33.038  -35.935  75.979 0.0000000000
196110  50.204  -13.115  60.026 0.0000000000
110988  50.475  -12.214  61.557 0.0000000000
110941  50.548  -11.602  62.917 0.0000000000
110913  50.122  -12.339  64.793 0.0000000000
109781  50.429  -12.793  65.797 0.0000000000
108635  50.042  -13.887  66.824 0.0000000000
108675  48.376  -13.336  65.874 0.0000000000
108636  49.479  -13.806  67.138 0.0000000000
83144  37.484  -30.333  70.318 0.0000000000
83142  38.773  -30.105  70.815 0.0000000000
187125  40.165  -29.518  71.207 0.0000000000
188546  41.844  -28.786  72.049 0.0000000000
80459  41.860  -31.148  72.188 0.0000000000
83091  42.774  -29.365  72.401 0.0000000000
87057  42.972  -28.295  72.070 0.0000000000
87076  44.935  -27.833  72.104 0.0000000000
87105  45.554  -27.526  70.916 0.0000000000
87126  45.965  -26.812  69.125 0.0000000000
89701  46.608  -25.935  68.536 0.0000000000
87138  45.576  -26.885  68.207 0.0000000000
80468  37.694  -31.180  71.204 0.0000000000
190328  38.475  -31.928  72.513 0.0000000000
77763  39.019  -32.622  73.773 0.0000000000
76481  37.683  -33.645  73.894 0.0000000000
76498  38.230  -34.092  72.952 0.0000000000
114411  56.169  -9.271  50.607 0.0000000000
114368  52.859  -9.945  54.100 0.0000000000
114350  53.647  -9.486  55.057 0.0000000000
114320  54.330  -9.716  56.174 0.0000000000
112116  54.999  -11.028  56.962 0.0000000000
112099  54.434  -10.953  58.588 0.0000000000
111024  54.676  -11.495  58.429 0.0000000000
109918  54.672  -12.276  57.675 0.0000000000
190591  42.055  -26.992  67.919 0.0000000000
101740  44.333  -17.759  63.510 0.0000000000
103077  44.465  -16.910  63.134 0.0000000000
104331  45.514  -16.857  65.260 0.0000000000
218696  46.002  -16.591  67.064 0.0000000000
104286  47.087  -16.532  68.608 0.0000000000
100428  47.271  -18.965  69.683 0.0000000000
101629  47.665  -18.165  69.568 0.0000000000
104254  48.194  -16.736  69.154 0.0000000000
101659  48.585  -17.392  68.511 0.0000000000
90893  46.673  -24.952  67.652 0.0000000000
93220  46.829  -23.968  66.973 0.0000000000
68647  28.435  -38.332  78.804 0.0000000000
68648  27.910  -38.387  79.152 0.0000000000
191894  44.637  -15.585  61.667 0.0000000000
191827  45.266  -15.624  62.726 0.0000000000
105503  44.862  -15.799  62.401 0.0000000000
114373  54.139  -9.098  53.100 0.0000000000
114374  53.501  -9.363  53.390 0.0000000000
112026  50.975  -11.353  62.465 0.0000000000
112041  51.451  -11.190  61.999 0.0000000000
113134  51.525  -11.056  62.300 0.0000000000
113118  51.863  -11.003  62.480 0.0000000000
113102  51.790  -11.380  62.886 0.0000000000
89684  46.502  -25.973  70.236 0.0000000000
90822  45.859  -25.527  70.623 0.0000000000
90831  46.353  -25.139  70.262 0.0000000000
91990  46.400  -24.068  70.273 0.0000000000
90830  46.734  -24.884  69.880 0.0000000000
91998  47.394  -24.151  69.676 0.0000000000
90866  46.990  -25.151  69.188 0.0000000000
71045  30.721  -37.010  77.238 0.0000000000
69825  30.823  -37.405  76.622 0.0000000000
107676  48.084  -13.907  61.804 0.0000000000
107689  48.207  -13.939  61.319 0.0000000000
108747  48.997  -13.143  62.156 0.0000000000
108734  48.655  -13.258  62.715 0.0000000000
109827  48.845  -12.970  64.146 0.0000000000
108719  48.531  -13.254  63.531 0.0000000000
106495  47.757  -15.079  68.344 0.0000000000
107577  48.130  -14.610  67.917 0.0000000000
106478  48.329  -15.269  68.960 0.0000000000
105377  48.812  -15.612  68.832 0.0000000000
105378  48.498  -15.654  68.958 0.0000000000
80442  39.243  -32.018  73.094 0.0000000000
80441  40.032  -31.594  73.029 0.0000000000
79108  40.475  -31.602  73.017 0.0000000000
77787  34.996  -33.740  73.010 0.0000000000
77799  34.693  -33.475  72.493 0.0000000000
77798  35.404  -33.339  72.627 0.0000000000
79141  35.585  -32.744  71.605 0.0000000000
79130  35.849  -32.924  72.236 0.0000000000
79129  36.679  -32.894  72.386 0.0000000000
79122  36.200  -33.231  72.836 0.0000000000
116741  55.444  -8.546  51.915 0.0000000000
116750  55.654  -8.328  51.132 0.0000000000
116740  55.998  -8.814  51.650 0.0000000000
115556  56.033  -8.768  51.330 0.0000000000
111045  52.732  -11.779  57.014 0.0000000000
112119  53.059  -11.191  56.680 0.0000000000
112134  52.878  -10.918  55.947 0.0000000000
112118  53.465  -10.859  57.079 0.0000000000
112107  53.517  -11.175  57.805 0.0000000000
214057  53.085  -12.438  60.057 0.0000000000
220171  53.160  -12.488  59.600 0.0000000000
85768  41.398  -28.641  70.864 0.0000000000
85778  41.044  -28.408  69.591 0.0000000000
87117  42.247  -28.010  69.965 0.0000000000
92046  43.430  -24.967  67.131 0.0000000000
92072  42.592  -24.404  65.935 0.0000000000
97979  45.788  -20.363  67.203 0.0000000000
97985  45.612  -20.432  66.565 0.0000000000
203214  45.757  -19.769  66.839 0.0000000000
99159  45.576  -19.227  66.465 0.0000000000
99149  45.774  -19.217  67.169 0.0000000000
100475  46.019  -18.626  67.454 0.0000000000
99148  45.922  -19.182  67.897 0.0000000000
95573  48.392  -21.810  67.342 0.0000000000
207126  48.381  -20.883  67.687 0.0000000000
96799  48.437  -21.293  67.091 0.0000000000
195746  48.456  -20.756  66.900 0.0000000000
71031  29.448  -37.561  77.963 0.0000000000
71046  29.256  -37.109  77.573 0.0000000000
71030  29.811  -37.512  77.771 0.0000000000
71029  30.218  -37.441  77.436 0.0000000000
69800  29.780  -37.860  77.701 0.0000000000
68680  29.779  -38.023  77.259 0.0000000000
68669  29.494  -38.018  77.656 0.0000000000
106607  45.763  -15.240  61.548 0.0000000000
106628  46.253  -15.240  60.131 0.0000000000
201850  46.526  -14.993  61.312 0.0000000000
107691  47.019  -14.636  61.584 0.0000000000
198925  46.503  -14.745  62.503 0.0000000000
107655  47.101  -14.314  63.400 0.0000000000
106582  46.596  -14.864  63.054 0.0000000000
105457  45.925  -15.650  64.128 0.0000000000
106545  46.371  -15.225  64.584 0.0000000000
106534  46.484  -15.330  65.275 0.0000000000
105434  46.841  -15.160  66.323 0.0000000000
105435  46.490  -15.797  66.338 0.0000000000
75143  32.644  -34.784  74.908 0.0000000000
76473  32.975  -34.549  74.469 0.0000000000
75134  33.121  -34.847  75.097 0.0000000000
75133  34.398  -34.824  74.824 0.0000000000
76471  34.221  -34.563  74.727 0.0000000000
76470  34.927  -34.462  74.569 0.0000000000
76485  34.866  -34.160  73.996 0.0000000000
192811  35.692  -34.589  74.289 0.0000000000
115558  54.426  -8.868  51.794 0.0000000000
115557  54.907  -8.590  51.883 0.0000000000
116742  55.090  -8.499  51.945 0.0000000000
115548  54.970  -8.956  52.521 0.0000000000
195298  54.869  -8.887  53.121 0.0000000000
115538  54.933  -9.024  53.217 0.0000000000
115524  54.575  -9.099  54.588 0.0000000000
115523  55.043  -9.012  54.149 0.0000000000
115518  55.065  -9.031  54.769 0.0000000000
114334  55.122  -9.735  55.388 0.0000000000
114335  54.984  -9.809  55.747 0.0000000000
109900  50.761  -12.599  59.849 0.0000000000
109911  51.056  -12.822  59.072 0.0000000000
109899  51.328  -12.303  59.438 0.0000000000
112072  51.855  -11.057  60.633 0.0000000000
111018  51.651  -11.806  59.701 0.0000000000
112090  51.977  -11.353  59.961 0.0000000000
112089  52.554  -11.242  59.704 0.0000000000
187588  53.152  -11.041  59.400 0.0000000000
112070  52.739  -10.996  60.466 0.0000000000
110960  52.930  -11.839  61.651 0.0000000000
112038  53.452  -11.510  61.348 0.0000000000
193139  53.585  -11.829  61.209 0.0000000000
109865  53.064  -12.188  61.250 0.0000000000
109851  52.560  -12.295  61.612 0.0000000000
88444  44.050  -26.945  71.275 0.0000000000
88470  43.659  -26.680  70.646 0.0000000000
89667  44.071  -26.299  70.831 0.0000000000
92001  44.876  -24.558  69.929 0.0000000000
90867  44.362  -24.960  69.610 0.0000000000
92010  44.183  -24.807  69.020 0.0000000000
92027  44.116  -24.710  68.282 0.0000000000
92009  44.536  -24.293  68.741 0.0000000000
93189  44.839  -23.782  68.473 0.0000000000
93182  44.885  -23.883  69.283 0.0000000000
94384  45.776  -23.172  69.382 0.0000000000
94383  46.220  -22.768  69.726 0.0000000000
95565  46.002  -21.558  68.859 0.0000000000
95550  46.657  -21.785  70.106 0.0000000000
96772  46.891  -21.026  70.029 0.0000000000
95535  46.675  -22.126  70.193 0.0000000000
93187  47.647  -23.538  68.650 0.0000000000
93180  47.733  -23.061  69.097 0.0000000000
93200  47.846  -23.160  67.929 0.0000000000
94394  48.195  -22.598  67.692 0.0000000000
93201  47.574  -23.563  67.740 0.0000000000
72382  29.199  -36.467  75.782 0.0000000000
72381  29.819  -36.328  76.023 0.0000000000
73709  31.027  -35.707  75.854 0.0000000000
73733  31.055  -35.292  74.538 0.0000000000
75123  31.502  -35.410  75.381 0.0000000000
75135  32.194  -35.104  75.195 0.0000000000
75122  32.072  -35.470  75.921 0.0000000000
107718  48.511  -14.252  60.068 0.0000000000
107716  49.658  -13.920  59.587 0.0000000000
108780  49.611  -13.617  60.201 0.0000000000
189013  49.426  -12.711  62.375 0.0000000000
205164  49.989  -12.536  61.575 0.0000000000
109853  50.015  -12.372  62.069 0.0000000000
110963  50.283  -11.903  62.452 0.0000000000
214693  50.140  -11.925  62.881 0.0000000000
112003  50.457  -11.684  63.641 0.0000000000
110928  49.981  -12.025  64.034 0.0000000000
109799  49.167  -12.579  65.018 0.0000000000
109798  49.703  -12.472  65.260 0.0000000000
109782  49.919  -12.657  65.798 0.0000000000
109761  50.072  -13.095  66.104 0.0000000000
108656  49.754  -13.394  66.579 0.0000000000
107626  47.667  -13.925  65.268 0.0000000000
108690  48.104  -13.444  65.067 0.0000000000
108676  48.176  -13.636  65.625 0.0000000000
212541  48.913  -14.052  67.931 0.0000000000
108637  48.955  -13.765  67.481 0.0000000000
108619  49.062  -13.999  67.786 0.0000000000
107587  49.879  -14.293  67.517 0.0000000000
106507  49.687  -14.561  67.789 0.0000000000
81796  37.847  -30.539  70.851 0.0000000000
83143  38.093  -30.058  70.493 0.0000000000
83134  38.425  -30.406  71.151 0.0000000000
83119  39.980  -30.253  72.270 0.0000000000
84455  40.085  -29.692  71.684 0.0000000000
84454  40.559  -29.529  72.173 0.0000000000
216974  40.738  -29.288  71.833 0.0000000000
84426  41.205  -29.430  72.377 0.0000000000
80460  41.436  -31.403  72.560 0.0000000000
197877  41.769  -31.452  71.320 0.0000000000
81786  43.433  -30.045  71.178 0.0000000000
81787  42.994  -30.269  71.767 0.0000000000
83106  43.805  -29.061  72.187 0.0000000000
84404  43.025  -28.924  72.424 0.0000000000
84423  44.063  -28.850  72.022 0.0000000000
87056  43.776  -28.140  71.831 0.0000000000
84437  44.897  -28.890  72.076 0.0000000000
85788  45.022  -28.333  69.609 0.0000000000
85777  45.271  -28.467  70.465 0.0000000000
85776  45.377  -27.924  69.905 0.0000000000
87115  45.929  -26.850  69.834 0.0000000000
192120  45.551  -27.317  69.466 0.0000000000
88494  45.957  -26.745  68.570 0.0000000000
87139  45.183  -27.498  68.505 0.0000000000
76512  32.758  -33.810  72.639 0.0000000000
77802  32.618  -33.649  72.078 0.0000000000
80480  35.921  -32.420  70.371 0.0000000000
80487  36.362  -31.865  69.971 0.0000000000
81798  36.924  -31.448  70.271 0.0000000000
81797  37.424  -30.930  70.551 0.0000000000
80478  37.245  -31.700  70.864 0.0000000000
79120  37.742  -32.881  73.248 0.0000000000
187628  37.770  -32.099  72.280 0.0000000000
79119  38.024  -32.561  73.077 0.0000000000
80444  38.513  -31.860  73.281 0.0000000000
79111  38.332  -32.610  73.410 0.0000000000
76482  37.138  -34.046  73.881 0.0000000000
76510  38.897  -33.858  72.717 0.0000000000
114403  55.903  -9.076  50.810 0.0000000000
114404  56.062  -9.203  50.668 0.0000000000
113274  55.153  -10.187  50.855 0.0000000000
113238  56.758  -9.792  54.428 0.0000000000
108813  51.515  -13.078  57.755 0.0000000000
108840  51.364  -13.299  56.552 0.0000000000
108824  51.622  -12.968  57.128 0.0000000000
112151  52.623  -10.278  54.668 0.0000000000
112167  52.238  -10.667  54.144 0.0000000000
113239  52.769  -9.982  54.172 0.0000000000
190560  52.838  -9.920  53.740 0.0000000000
114361  52.796  -10.021  54.426 0.0000000000
114360  53.493  -9.556  54.479 0.0000000000
113228  53.142  -9.898  54.842 0.0000000000
113198  54.009  -10.262  56.751 0.0000000000
113197  54.590  -10.199  56.905 0.0000000000
113196  54.996  -10.284  56.590 0.0000000000
113185  54.807  -10.639  57.105 0.0000000000
112087  53.918  -10.977  59.208 0.0000000000
201198  54.069  -10.887  58.698 0.0000000000
197144  53.909  -11.132  59.838 0.0000000000
109908  54.110  -12.374  58.549 0.0000000000
109906  54.492  -11.786  58.607 0.0000000000
109907  54.485  -12.177  58.285 0.0000000000
109917  54.707  -11.871  58.086 0.0000000000
109919  54.332  -12.498  57.901 0.0000000000
88487  42.738  -26.782  68.935 0.0000000000
88496  42.260  -27.207  68.570 0.0000000000
88495  42.548  -26.591  68.263 0.0000000000
219220  44.692  -22.816  66.925 0.0000000000
97999  44.832  -20.569  64.860 0.0000000000
101716  44.969  -17.808  64.685 0.0000000000
100530  44.632  -18.397  63.731 0.0000000000
101728  44.638  -17.690  64.079 0.0000000000
206590  44.244  -17.428  63.261 0.0000000000
103061  44.534  -17.234  63.819 0.0000000000
104347  44.859  -17.023  64.210 0.0000000000
103043  45.080  -17.030  64.800 0.0000000000
102991  45.935  -17.414  67.463 0.0000000000
104309  45.862  -16.917  66.674 0.0000000000
103003  45.938  -16.914  67.438 0.0000000000
105411  46.293  -16.412  67.588 0.0000000000
104287  46.373  -16.770  68.157 0.0000000000
99082  47.190  -20.044  70.010 0.0000000000
99103  46.588  -19.416  69.469 0.0000000000
99081  47.425  -19.883  69.758 0.0000000000
213260  48.304  -19.359  69.042 0.0000000000
100426  48.050  -18.658  69.397 0.0000000000
100442  48.221  -18.688  69.137 0.0000000000
102946  48.030  -17.470  69.436 0.0000000000
205674  48.368  -18.030  68.820 0.0000000000
102959  48.441  -17.268  68.929 0.0000000000
100472  48.446  -18.189  68.327 0.0000000000
100489  48.484  -18.636  67.039 0.0000000000
89710  46.025  -26.034  67.802 0.0000000000
207424  46.646  -25.291  67.954 0.0000000000
89719  46.203  -25.332  67.599 0.0000000000
71018  28.880  -37.779  78.318 0.0000000000
68670  29.141  -38.377  78.112 0.0000000000
68659  28.861  -38.392  78.561 0.0000000000
106622  45.301  -15.419  61.035 0.0000000000
214270  45.582  -15.283  61.802 0.0000000000
106583  46.178  -15.035  62.731 0.0000000000
106584  45.566  -15.351  62.485 0.0000000000
105472  45.817  -15.564  63.466 0.0000000000
105473  45.496  -16.009  63.713 0.0000000000
73708  33.345  -35.650  75.446 0.0000000000
76463  33.671  -34.887  75.069 0.0000000000
73707  33.943  -35.331  75.045 0.0000000000
115539  54.693  -8.993  53.443 0.0000000000
115532  54.235  -9.092  53.885 0.0000000000
115525  54.100  -9.041  54.223 0.0000000000
109867  50.778  -11.907  61.024 0.0000000000
213404  51.000  -11.742  60.596 0.0000000000
110986  51.301  -11.408  61.004 0.0000000000
112055  51.724  -11.044  61.344 0.0000000000
201012  51.966  -10.894  60.990 0.0000000000
112054  52.237  -10.926  60.937 0.0000000000
208560  52.281  -10.965  61.265 0.0000000000
113117  52.351  -11.239  62.276 0.0000000000
89646  45.244  -26.488  71.262 0.0000000000
89666  44.597  -26.128  70.939 0.0000000000
90823  45.491  -25.688  70.724 0.0000000000
90832  45.399  -25.199  70.521 0.0000000000
92000  45.349  -24.273  70.200 0.0000000000
93181  45.342  -23.620  69.761 0.0000000000
93175  45.643  -23.853  70.271 0.0000000000
93168  46.301  -23.863  70.300 0.0000000000
200759  46.510  -23.216  70.103 0.0000000000
94364  47.288  -22.980  70.135 0.0000000000
93173  47.433  -23.572  69.900 0.0000000000
92008  47.505  -24.066  69.105 0.0000000000
92025  47.257  -24.492  68.339 0.0000000000
72365  30.326  -36.289  76.603 0.0000000000
72364  30.749  -36.458  77.049 0.0000000000
73690  31.200  -36.202  76.884 0.0000000000
73699  31.737  -35.986  76.571 0.0000000000
73688  32.138  -36.044  76.509 0.0000000000
72345  31.647  -36.159  76.665 0.0000000000
106619  47.241  -14.568  60.375 0.0000000000
107719  47.848  -14.419  60.261 0.0000000000
107705  48.308  -14.047  60.703 0.0000000000
107704  48.950  -13.862  60.514 0.0000000000
212722  49.287  -13.449  60.840 0.0000000000
185723  49.023  -13.230  61.675 0.0000000000
108733  49.384  -12.646  62.979 0.0000000000
110943  49.644  -12.308  63.984 0.0000000000
109826  49.281  -12.628  63.690 0.0000000000
109811  48.806  -12.750  64.815 0.0000000000
109800  48.731  -12.814  65.249 0.0000000000
107603  47.285  -14.597  66.234 0.0000000000
107602  47.760  -14.068  66.586 0.0000000000
107589  47.924  -14.213  67.293 0.0000000000
107576  48.703  -14.414  68.178 0.0000000000
198588  49.156  -14.960  68.507 0.0000000000
105397  49.117  -15.260  68.741 0.0000000000
104285  48.890  -16.027  68.516 0.0000000000
206226  48.999  -16.528  68.227 0.0000000000
81781  38.988  -31.037  72.312 0.0000000000
83121  39.284  -30.550  72.199 0.0000000000
81780  39.507  -31.058  72.627 0.0000000000
81774  39.916  -30.884  72.716 0.0000000000
83095  40.740  -30.768  72.925 0.0000000000
80475  42.149  -30.951  70.990 0.0000000000
189075  44.034  -29.590  70.360 0.0000000000
83141  44.566  -29.114  70.833 0.0000000000
84483  44.453  -29.171  70.194 0.0000000000
84497  44.449  -28.742  69.261 0.0000000000
77801  33.240  -33.719  72.362 0.0000000000
77800  33.990  -33.639  72.387 0.0000000000
79150  34.511  -32.866  70.563 0.0000000000
79148  36.143  -32.567  71.075 0.0000000000
80470  36.841  -32.257  71.338 0.0000000000
79128  37.433  -32.682  72.648 0.0000000000
116749  55.922  -8.650  51.019 0.0000000000
114402  55.900  -9.012  51.006 0.0000000000
114392  55.905  -9.041  51.116 0.0000000000
113214  55.855  -10.063  54.752 0.0000000000
189795  52.099  -12.334  57.756 0.0000000000
109930  51.969  -12.508  57.127 0.0000000000
109946  52.200  -12.132  56.598 0.0000000000
111061  52.112  -11.874  55.904 0.0000000000
111069  51.873  -11.643  55.229 0.0000000000
111068  52.334  -11.247  55.573 0.0000000000
112141  52.667  -10.624  55.263 0.0000000000
112140  53.126  -10.286  55.648 0.0000000000
113215  53.201  -10.076  55.431 0.0000000000
113210  53.598  -9.982  56.018 0.0000000000
113199  53.777  -10.312  56.663 0.0000000000
113186  54.255  -10.712  57.423 0.0000000000
111000  55.149  -11.634  60.957 0.0000000000
110999  54.016  -11.347  59.736 0.0000000000
185039  53.632  -12.047  60.034 0.0000000000
109898  53.462  -12.323  59.618 0.0000000000
85780  40.172  -29.014  69.898 0.0000000000
90883  43.324  -25.673  68.249 0.0000000000
89711  42.830  -26.035  67.915 0.0000000000
89722  42.621  -25.831  67.217 0.0000000000
221370  42.406  -25.560  66.507 0.0000000000
221439  45.705  -21.587  67.287 0.0000000000
95579  45.015  -22.027  66.281 0.0000000000
96807  45.325  -21.192  66.274 0.0000000000
97991  45.369  -20.436  65.960 0.0000000000
205790  44.985  -19.853  64.933 0.0000000000
217697  44.762  -19.629  64.370 0.0000000000
207356  45.227  -19.138  65.275 0.0000000000
100513  45.323  -18.529  65.560 0.0000000000
101715  45.199  -17.924  65.278 0.0000000000
206981  45.356  -17.511  65.526 0.0000000000
101690  45.750  -17.952  66.462 0.0000000000
101676  45.943  -17.987  67.123 0.0000000000
101660  46.397  -18.057  68.329 0.0000000000
96785  48.345  -21.231  68.677 0.0000000000
97935  48.003  -20.367  69.320 0.0000000000
97970  48.349  -20.743  68.340 0.0000000000
97976  48.348  -20.258  68.018 0.0000000000
99146  48.421  -19.728  67.749 0.0000000000
204531  48.490  -18.984  68.080 0.0000000000
220987  48.423  -20.345  67.040 0.0000000000
72349  29.640  -36.938  77.175 0.0000000000
72348  30.404  -36.821  77.376 0.0000000000
69812  30.531  -37.386  77.131 0.0000000000
69826  30.267  -37.739  76.904 0.0000000000
68690  29.346  -38.441  76.875 0.0000000000
68682  28.797  -38.726  77.667 0.0000000000
107707  47.143  -14.548  60.963 0.0000000000
107690  47.569  -14.219  61.520 0.0000000000
107665  47.589  -14.075  62.764 0.0000000000
108703  48.088  -13.597  63.814 0.0000000000
107654  47.710  -13.938  63.428 0.0000000000
219784  47.133  -14.239  64.749 0.0000000000
204689  46.647  -14.835  63.658 0.0000000000
106555  46.696  -14.763  64.337 0.0000000000
107615  47.141  -14.361  65.491 0.0000000000
106522  47.129  -14.970  66.914 0.0000000000
200530  47.200  -15.577  67.974 0.0000000000
203894  40.511  -32.182  71.974 0.0000000000
75155  31.673  -34.532  73.533 0.0000000000
76502  31.964  -34.233  72.964 0.0000000000
76489  32.274  -34.360  73.699 0.0000000000
76488  32.784  -34.227  73.804 0.0000000000
76500  33.144  -33.915  73.167 0.0000000000
76472  33.544  -34.568  74.568 0.0000000000
76499  33.819  -33.894  73.396 0.0000000000
77778  34.541  -33.960  73.445 0.0000000000
77777  35.214  -33.941  73.453 0.0000000000
77776  35.877  -33.908  73.703 0.0000000000
76483  36.000  -33.836  74.088 0.0000000000
76469  36.198  -34.339  74.182 0.0000000000
75142  36.125  -34.519  74.116 0.0000000000
115546  55.574  -8.896  52.268 0.0000000000
115536  55.254  -9.032  52.994 0.0000000000
115537  55.157  -9.023  53.120 0.0000000000
114366  55.280  -9.028  54.019 0.0000000000
217048  54.907  -8.980  53.842 0.0000000000
115522  55.239  -9.087  54.361 0.0000000000
113213  55.710  -9.662  54.700 0.0000000000
188270  55.505  -9.935  55.078 0.0000000000
112132  55.097  -10.565  56.262 0.0000000000
108814  51.131  -13.559  57.937 0.0000000000
108801  51.345  -12.995  58.413 0.0000000000
192108  51.728  -12.602  58.142 0.0000000000
192288  51.703  -12.201  58.968 0.0000000000
111027  52.121  -12.093  58.507 0.0000000000
111026  52.686  -11.497  58.596 0.0000000000
111033  53.067  -11.350  58.103 0.0000000000
111025  53.299  -11.096  58.626 0.0000000000
112088  53.646  -10.878  59.419 0.0000000000
112069  53.843  -11.004  60.097 0.0000000000
113146  53.163  -10.835  60.820 0.0000000000
113145  54.248  -10.831  60.882 0.0000000000
207026  54.565  -11.041  61.198 0.0000000000
109864  53.651  -12.179  61.004 0.0000000000
193497  53.126  -12.377  60.724 0.0000000000
87096  42.885  -27.835  71.421 0.0000000000
87106  42.746  -27.771  70.637 0.0000000000
88479  43.209  -27.178  70.240 0.0000000000
89686  43.389  -26.498  69.935 0.0000000000
89696  43.137  -26.311  69.305 0.0000000000
90834  44.290  -25.779  70.422 0.0000000000
89695  43.539  -25.886  69.634 0.0000000000
89702  43.433  -25.785  68.963 0.0000000000
90894  43.673  -25.148  67.861 0.0000000000
92045  43.967  -24.556  67.510 0.0000000000
92059  43.631  -24.305  66.741 0.0000000000
93222  43.978  -23.731  66.702 0.0000000000
93204  44.234  -23.951  67.232 0.0000000000
93203  44.658  -23.531  67.705 0.0000000000
94395  44.964  -22.864  67.427 0.0000000000
93188  45.227  -23.459  68.996 0.0000000000
94389  45.583  -22.944  68.709 0.0000000000
193052  45.642  -22.618  67.970 0.0000000000
95574  45.909  -21.820  67.932 0.0000000000
96791  46.145  -20.980  68.250 0.0000000000
97971  46.309  -20.242  68.538 0.0000000000
204578  46.057  -19.664  68.218 0.0000000000
222239  46.870  -20.777  69.496 0.0000000000
97937  47.083  -20.472  70.046 0.0000000000
96758  47.412  -20.931  69.772 0.0000000000
94363  47.550  -22.888  69.919 0.0000000000
95548  47.804  -22.258  69.589 0.0000000000
95557  48.246  -21.743  68.921 0.0000000000
203922  48.340  -22.259  68.024 0.0000000000
94393  48.337  -22.183  67.577 0.0000000000
195959  31.009  -34.687  73.314 0.0000000000
73710  30.348  -36.058  75.771 0.0000000000
75146  30.650  -35.063  73.810 0.0000000000
75145  31.366  -34.892  74.032 0.0000000000
75144  32.111  -34.794  74.333 0.0000000000
75121  32.689  -35.170  75.601 0.0000000000
220396  32.297  -35.826  76.347 0.0000000000
73698  32.780  -35.901  76.414 0.0000000000
75111  32.912  -35.622  75.870 0.0000000000
109901  50.563  -13.200  59.355 0.0000000000
109883  50.358  -12.647  60.444 0.0000000000
108779  49.860  -13.067  60.785 0.0000000000
109868  50.269  -12.459  61.040 0.0000000000
110987  50.893  -11.706  61.563 0.0000000000
110976  50.881  -11.526  62.142 0.0000000000
112013  50.942  -11.449  63.025 0.0000000000
112001  51.155  -11.762  63.691 0.0000000000
112002  50.787  -11.766  63.915 0.0000000000
111988  50.801  -12.088  64.440 0.0000000000
110894  50.671  -12.682  65.398 0.0000000000
110914  49.628  -12.411  64.614 0.0000000000
110895  50.269  -12.513  65.399 0.0000000000
215193  48.051  -13.457  64.494 0.0000000000
108689  48.425  -13.145  65.398 0.0000000000
109784  48.640  -13.047  65.724 0.0000000000
107601  48.272  -13.771  66.870 0.0000000000
108658  48.518  -13.333  66.392 0.0000000000
108657  49.138  -13.385  66.756 0.0000000000
83152  37.743  -30.047  69.845 0.0000000000
84470  39.114  -29.944  70.456 0.0000000000
83133  39.079  -30.314  71.507 0.0000000000
84456  39.505  -29.924  71.206 0.0000000000
84469  39.654  -29.665  70.700 0.0000000000
85769  40.797  -29.163  71.025 0.0000000000
85759  41.359  -28.953  71.639 0.0000000000
85758  41.927  -28.525  71.472 0.0000000000
79117  41.182  -31.763  73.002 0.0000000000
79116  41.273  -31.222  73.003 0.0000000000
80438  41.481  -30.802  72.800 0.0000000000
80458  42.321  -30.766  71.870 0.0000000000
80449  42.091  -30.490  72.562 0.0000000000
84406  42.115  -29.455  72.611 0.0000000000
85698  42.235  -28.932  72.475 0.0000000000
85740  42.163  -28.657  72.331 0.0000000000
87097  42.403  -28.288  71.906 0.0000000000
87079  42.996  -28.025  71.786 0.0000000000
87077  44.425  -27.642  71.635 0.0000000000
88443  44.931  -27.140  71.514 0.0000000000
84452  45.310  -28.702  71.303 0.0000000000
85756  45.284  -28.024  71.508 0.0000000000
88441  45.515  -27.001  71.556 0.0000000000
87094  46.071  -27.014  71.071 0.0000000000
88478  46.328  -26.325  70.165 0.0000000000
88477  46.668  -25.925  69.730 0.0000000000
89700  46.906  -25.551  68.855 0.0000000000
88486  46.360  -26.380  68.800 0.0000000000
88493  46.185  -26.381  68.207 0.0000000000
88506  45.536  -26.319  67.534 0.0000000000
188916  45.019  -27.257  67.852 0.0000000000
217881  44.999  -26.987  67.534 0.0000000000
76514  31.688  -34.039  72.307 0.0000000000
77813  32.967  -33.367  71.713 0.0000000000
81805  37.085  -30.781  70.026 0.0000000000
81790  38.254  -30.881  71.477 0.0000000000
80469  37.484  -31.887  71.569 0.0000000000
80461  38.092  -31.573  71.841 0.0000000000
81782  38.643  -31.261  72.191 0.0000000000
193012  38.987  -32.026  73.048 0.0000000000
80443  38.937  -31.927  73.212 0.0000000000
77770  39.429  -32.401  73.347 0.0000000000
77775  36.760  -33.781  73.899 0.0000000000
77774  37.388  -33.577  73.907 0.0000000000
76480  38.212  -33.495  73.568 0.0000000000
77773  38.184  -33.061  73.582 0.0000000000
77772  38.834  -33.261  73.626 0.0000000000
71010  27.713  -37.754  79.255 0.0000000000
114412  55.585  -9.081  50.151 0.0000000000
114367  53.406  -9.593  54.212 0.0000000000
114359  53.884  -9.351  55.046 0.0000000000
114349  53.979  -9.304  55.343 0.0000000000
114338  53.819  -9.736  55.710 0.0000000000
114337  54.118  -9.399  56.048 0.0000000000
114336  54.331  -9.385  55.804 0.0000000000
114319  54.595  -9.807  56.187 0.0000000000
112106  53.920  -10.931  58.160 0.0000000000
112105  54.348  -10.796  58.042 0.0000000000
111016  54.316  -11.428  58.839 0.0000000000
112098  54.652  -11.148  58.488 0.0000000000
188753  54.669  -11.016  57.702 0.0000000000
111032  54.765  -11.468  57.920 0.0000000000
111043  54.870  -11.547  57.245 0.0000000000
108810  54.653  -12.585  57.310 0.0000000000
104412  44.119  -16.089  61.358 0.0000000000
88488  42.419  -27.537  69.268 0.0000000000
218513  41.938  -27.731  68.791 0.0000000000
201253  44.386  -19.127  63.480 0.0000000000
103091  43.627  -17.187  61.895 0.0000000000
103090  44.225  -16.749  62.331 0.0000000000
104387  44.651  -16.316  62.687 0.0000000000
200501  44.799  -16.460  63.220 0.0000000000
199855  45.121  -16.527  64.030 0.0000000000
208931  45.664  -16.378  65.115 0.0000000000
103029  45.465  -17.169  65.408 0.0000000000
104320  45.808  -16.949  65.920 0.0000000000
104319  46.036  -16.440  66.359 0.0000000000
105424  46.403  -16.149  66.963 0.0000000000
105410  46.785  -15.829  67.510 0.0000000000
105380  47.503  -16.090  68.830 0.0000000000
99135  46.125  -19.139  68.573 0.0000000000
100457  46.446  -18.699  68.746 0.0000000000
101646  46.695  -18.111  68.936 0.0000000000
99100  47.612  -19.266  69.622 0.0000000000
206588  47.386  -18.409  69.564 0.0000000000
102962  46.938  -17.547  69.123 0.0000000000
221098  47.091  -17.071  69.120 0.0000000000
104271  47.632  -16.396  69.103 0.0000000000
104270  48.111  -16.213  69.127 0.0000000000
102960  48.513  -16.610  68.982 0.0000000000
102975  48.789  -16.678  68.698 0.0000000000
101674  48.595  -17.688  67.945 0.0000000000
100488  48.477  -18.405  67.707 0.0000000000
89708  46.794  -25.432  68.350 0.0000000000
90892  46.952  -24.983  68.110 0.0000000000
92044  47.024  -24.552  67.841 0.0000000000
90905  46.262  -24.874  67.141 0.0000000000
92058  46.719  -24.545  67.334 0.0000000000
92057  47.117  -24.022  67.582 0.0000000000
93219  47.451  -23.440  67.186 0.0000000000
71044  31.217  -36.610  76.953 0.0000000000
72332  30.366  -37.078  77.358 0.0000000000
73689  31.475  -36.097  76.696 0.0000000000
73706  34.323  -34.958  74.878 0.0000000000
75119  33.893  -35.116  75.095 0.0000000000
75130  35.994  -34.478  74.195 0.0000000000
76497  38.951  -33.520  73.085 0.0000000000
76513  32.272  -33.925  72.476 0.0000000000
77762  38.932  -32.348  73.783 0.0000000000
77764  38.776  -32.810  73.685 0.0000000000
77771  39.116  -32.593  73.637 0.0000000000
77784  37.245  -33.310  73.625 0.0000000000
77785  36.420  -33.459  73.352 0.0000000000
77795  40.101  -32.362  72.460 0.0000000000
79104  38.832  -32.430  73.546 0.0000000000
79109  39.921  -32.114  73.067 0.0000000000
79110  39.097  -32.336  73.440 0.0000000000
79118  40.124  -32.003  73.048 0.0000000000
79126  41.107  -31.535  72.795 0.0000000000
79127  40.651  -31.870  72.531 0.0000000000
79131  35.087  -32.993  72.103 0.0000000000
79136  40.870  -31.925  71.964 0.0000000000
80433  39.099  -32.189  73.974 0.0000000000
80439  41.228  -31.105  73.004 0.0000000000
80440  40.933  -31.288  73.106 0.0000000000
80450  41.678  -30.969  72.667 0.0000000000
80451  38.991  -31.716  72.772 0.0000000000
80452  38.618  -32.149  72.832 0.0000000000
80462  38.113  -32.388  72.934 0.0000000000
80466  42.013  -31.088  71.638 0.0000000000
81761  42.502  -29.816  72.493 0.0000000000
81762  41.598  -30.170  72.752 0.0000000000
81763  41.133  -30.619  72.779 0.0000000000
81764  40.966  -30.972  73.033 0.0000000000
81765  40.164  -30.941  72.829 0.0000000000
81766  39.810  -31.563  73.006 0.0000000000
81771  43.227  -29.713  72.030 0.0000000000
81772  42.663  -30.125  72.366 0.0000000000
81773  42.010  -30.434  72.598 0.0000000000
81775  39.098  -31.580  72.719 0.0000000000
81778  43.254  -29.916  71.772 0.0000000000
81779  42.813  -30.230  72.184 0.0000000000
81788  42.574  -30.675  71.338 0.0000000000
83092  42.152  -29.618  72.616 0.0000000000
83093  41.644  -30.005  72.773 0.0000000000
83094  41.108  -30.183  72.696 0.0000000000
83107  43.080  -29.620  72.165 0.0000000000
83108  40.506  -30.536  72.684 0.0000000000
83117  44.611  -28.974  72.065 0.0000000000
83118  43.842  -29.164  71.965 0.0000000000
83130  44.600  -29.002  71.539 0.0000000000
83132  39.687  -30.099  71.919 0.0000000000
84405  42.416  -29.095  72.525 0.0000000000
84407  41.370  -29.808  72.634 0.0000000000
84422  44.737  -28.771  72.112 0.0000000000
84424  43.354  -28.834  72.306 0.0000000000
84425  41.855  -28.949  72.256 0.0000000000
84438  44.449  -28.968  72.041 0.0000000000
84439  40.921  -29.275  72.037 0.0000000000
84440  40.675  -29.667  72.338 0.0000000000
84441  40.234  -29.887  72.213 0.0000000000
84453  45.097  -29.096  71.759 0.0000000000
84468  40.198  -29.302  70.502 0.0000000000
84482  44.766  -28.784  69.994 0.0000000000
85715  44.850  -28.313  71.948 0.0000000000
85716  43.918  -28.398  71.901 0.0000000000
85717  43.128  -28.572  72.275 0.0000000000
85718  42.449  -28.613  72.405 0.0000000000
85719  42.076  -28.799  72.332 0.0000000000
85738  45.225  -27.800  71.573 0.0000000000
85739  44.979  -28.453  71.915 0.0000000000
85741  41.687  -29.053  72.268 0.0000000000
85757  45.129  -28.479  71.783 0.0000000000
85767  45.425  -28.350  70.902 0.0000000000
87075  45.576  -27.258  71.468 0.0000000000
87078  43.718  -27.705  71.590 0.0000000000
87095  45.685  -27.216  71.426 0.0000000000
87104  45.741  -27.037  70.507 0.0000000000
87116  45.626  -27.438  70.224 0.0000000000
87118  41.512  -28.348  70.109 0.0000000000
87127  45.592  -27.196  68.786 0.0000000000
87128  41.794  -27.604  68.247 0.0000000000
87148  45.338  -26.794  67.716 0.0000000000
88442  45.306  -27.067  71.746 0.0000000000
88458  45.813  -26.724  71.057 0.0000000000
88459  45.742  -27.079  71.297 0.0000000000
88460  43.877  -26.823  71.171 0.0000000000
88469  46.083  -26.436  70.743 0.0000000000
88471  43.360  -27.345  70.920 0.0000000000
88499  45.812  -26.546  67.878 0.0000000000
89636  44.665  -26.660  71.331 0.0000000000
89647  44.988  -26.136  71.052 0.0000000000
89648  44.938  -26.449  71.304 0.0000000000
89649  44.355  -26.532  71.265 0.0000000000
89664  46.613  -25.538  70.215 0.0000000000
89665  46.202  -26.013  70.566 0.0000000000
89693  46.876  -25.607  69.369 0.0000000000
89694  46.636  -26.028  69.048 0.0000000000
89709  46.419  -25.743  68.088 0.0000000000
90821  46.115  -25.539  70.571 0.0000000000
90824  45.032  -25.917  70.976 0.0000000000
90849  46.972  -24.736  69.530 0.0000000000
90850  44.591  -25.168  70.112 0.0000000000
90851  44.011  -25.505  69.903 0.0000000000
90881  47.086  -25.056  68.637 0.0000000000
90882  43.762  -25.250  68.621 0.0000000000
91983  45.814  -24.914  70.312 0.0000000000
91988  47.247  -23.973  70.115 0.0000000000
91989  46.643  -24.345  70.132 0.0000000000
91991  46.000  -24.152  70.328 0.0000000000
91993  45.245  -24.848  70.261 0.0000000000
91999  47.034  -24.397  69.934 0.0000000000
92024  47.462  -24.147  68.644 0.0000000000
92043  47.318  -24.104  67.967 0.0000000000
92060  43.020  -24.809  66.419 0.0000000000
93166  47.236  -23.527  70.088 0.0000000000
93167  46.715  -23.675  70.236 0.0000000000
93169  45.875  -24.192  70.353 0.0000000000
93174  46.007  -23.523  70.113 0.0000000000
93176  45.041  -24.001  69.901 0.0000000000
93221  44.430  -23.276  66.968 0.0000000000
93239  43.524  -23.727  66.180 0.0000000000
94365  46.991  -22.697  70.275 0.0000000000
94374  48.004  -22.195  69.184 0.0000000000
94375  47.791  -22.670  69.498 0.0000000000
94376  46.472  -22.684  70.170 0.0000000000
94388  48.014  -22.767  68.377 0.0000000000
95534  47.053  -21.853  70.247 0.0000000000
95547  47.989  -21.807  69.280 0.0000000000
95549  46.908  -21.253  70.090 0.0000000000
95558  46.157  -22.194  69.323 0.0000000000
95559  45.940  -22.692  69.147 0.0000000000
95564  48.333  -21.799  68.323 0.0000000000
96759  47.144  -21.048  70.146 0.0000000000
96770  48.095  -21.153  69.171 0.0000000000
96771  47.745  -21.579  69.562 0.0000000000
96789  48.338  -21.353  68.001 0.0000000000
96790  48.421  -21.389  67.469 0.0000000000
97917  47.563  -20.280  69.605 0.0000000000
97918  47.263  -20.406  69.986 0.0000000000
97919  47.117  -20.611  70.118 0.0000000000
97936  47.942  -19.832  69.427 0.0000000000
97956  48.306  -20.466  68.983 0.0000000000
97957  46.664  -20.157  69.195 0.0000000000
97978  46.010  -20.315  67.865 0.0000000000
97998  45.104  -20.458  65.361 0.0000000000
99099  48.023  -19.285  69.415 0.0000000000
99101  47.365  -19.509  69.770 0.0000000000
99102  46.935  -19.634  69.666 0.0000000000
99120  46.330  -19.112  69.070 0.0000000000
99147  48.428  -19.902  67.167 0.0000000000
99167  45.357  -19.750  65.657 0.0000000000
100427  47.717  -18.779  69.623 0.0000000000
100429  46.895  -19.042  69.613 0.0000000000
100443  47.004  -18.530  69.422 0.0000000000
100490  45.834  -18.623  66.781 0.0000000000
100514  45.080  -18.470  65.001 0.0000000000
100522  44.942  -18.396  64.342 0.0000000000
101627  48.183  -17.951  69.227 0.0000000000
101628  48.017  -18.117  69.463 0.0000000000
101630  47.359  -17.975  69.463 0.0000000000
101645  46.948  -17.904  69.192 0.0000000000
101675  46.115  -17.985  67.751 0.0000000000
101702  45.447  -17.956  65.835 0.0000000000
102945  48.140  -17.268  69.228 0.0000000000
102947  47.522  -17.440  69.410 0.0000000000
102961  47.133  -17.375  69.240 0.0000000000
102976  46.979  -17.046  68.777 0.0000000000
102989  48.841  -17.026  68.139 0.0000000000
102990  46.086  -17.347  67.964 0.0000000000
103017  45.688  -17.363  66.103 0.0000000000
103044  44.857  -17.299  64.388 0.0000000000
103078  44.042  -17.365  62.565 0.0000000000
104255  47.752  -16.861  69.271 0.0000000000
104256  47.426  -16.974  69.333 0.0000000000
104269  48.554  -16.103  68.949 0.0000000000
104298  46.980  -16.075  68.176 0.0000000000
104330  46.146  -15.955  65.650 0.0000000000
104365  45.131  -16.311  63.445 0.0000000000
104366  44.714  -16.822  63.710 0.0000000000
104386  45.013  -16.142  63.003 0.0000000000
104400  44.407  -16.169  62.022 0.0000000000
105379  47.926  -15.698  69.011 0.0000000000
105396  49.322  -14.880  68.249 0.0000000000
105458  45.523  -16.175  64.430 0.0000000000
105486  45.652  -15.454  62.983 0.0000000000
105502  45.144  -15.500  62.153 0.0000000000
106479  47.948  -15.326  68.799 0.0000000000
106493  48.900  -15.286  68.886 0.0000000000
106496  47.435  -15.249  68.045 0.0000000000
106508  47.535  -14.838  67.582 0.0000000000
106509  47.110  -15.292  67.505 0.0000000000
106544  46.752  -14.739  65.048 0.0000000000
106556  46.255  -15.186  63.887 0.0000000000
106621  46.044  -15.306  60.844 0.0000000000
106626  47.430  -14.762  59.858 0.0000000000
107575  49.063  -14.469  68.214 0.0000000000
107666  46.971  -14.494  62.787 0.0000000000
107677  47.735  -14.055  62.119 0.0000000000
108659  48.109  -13.602  66.235 0.0000000000
108735  48.227  -13.678  62.324 0.0000000000
108762  49.381  -13.159  61.318 0.0000000000
108763  48.818  -13.612  61.220 0.0000000000
109762  49.601  -12.990  66.217 0.0000000000
109763  49.010  -13.108  66.120 0.0000000000
109842  49.849  -12.351  62.692 0.0000000000
109869  49.803  -12.836  61.356 0.0000000000
109880  53.915  -11.661  59.722 0.0000000000
109896  54.104  -11.725  59.086 0.0000000000
109929  52.352  -12.166  57.264 0.0000000000
110912  50.565  -12.388  64.940 0.0000000000
110927  50.448  -11.912  64.352 0.0000000000
110942  50.047  -11.914  63.559 0.0000000000
110974  54.236  -11.498  61.284 0.0000000000
110977  50.540  -11.937  61.980 0.0000000000
111001  53.934  -11.935  60.506 0.0000000000
111003  51.240  -12.058  60.091 0.0000000000
112037  54.208  -11.025  60.590 0.0000000000
112039  52.332  -11.080  61.731 0.0000000000
112040  51.762  -10.997  61.816 0.0000000000
112051  54.546  -10.985  61.169 0.0000000000
112052  53.319  -11.001  60.389 0.0000000000
112053  52.875  -11.032  60.983 0.0000000000
112071  52.003  -11.007  60.511 0.0000000000
112086  54.093  -11.206  59.090 0.0000000000
112149  55.779  -10.213  54.532 0.0000000000
113092  51.387  -11.415  63.039 0.0000000000
113104  50.781  -11.142  62.996 0.0000000000
113116  52.651  -11.523  61.580 0.0000000000
113119  51.693  -11.070  62.521 0.0000000000
113120  50.989  -10.919  62.574 0.0000000000
113132  52.896  -11.201  61.012 0.0000000000
113133  51.956  -10.925  61.989 0.0000000000
113195  54.962  -10.006  55.997 0.0000000000
113229  52.804  -10.047  54.557 0.0000000000
114357  56.541  -9.569  54.466 0.0000000000
114358  55.397  -9.127  54.423 0.0000000000
114365  56.332  -9.605  54.000 0.0000000000
115507  55.065  -9.421  55.178 0.0000000000
115508  54.697  -9.214  55.328 0.0000000000
115509  54.333  -9.256  55.611 0.0000000000
115520  54.113  -8.994  54.976 0.0000000000
115526  53.941  -9.239  54.198 0.0000000000
186381  47.588  -23.626  69.431 0.0000000000
186659  48.277  -22.264  67.351 0.0000000000
187397  52.601  -11.157  59.849 0.0000000000
188847  48.269  -14.951  68.515 0.0000000000
189576  44.297  -29.089  69.692 0.0000000000
189673  41.596  -31.568  71.824 0.0000000000
189884  48.155  -19.852  69.267 0.0000000000
191668  47.440  -22.403  70.222 0.0000000000
191709  48.935  -15.612  68.746 0.0000000000
197167  44.035  -29.401  71.068 0.0000000000
198879  42.446  -28.175  71.316 0.0000000000
199885  46.445  -21.465  69.643 0.0000000000
200156  44.350  -27.147  71.390 0.0000000000
200933  43.541  -28.794  72.249 0.0000000000
201388  47.128  -23.086  70.136 0.0000000000
201853  44.880  -27.764  71.771 0.0000000000
202154  46.330  -19.533  68.876 0.0000000000
202575  45.517  -28.019  70.584 0.0000000000
203066  45.439  -22.192  67.368 0.0000000000
203361  54.805  -11.909  57.618 0.0000000000
203516  46.574  -14.849  61.920 0.0000000000
203564  46.389  -26.347  69.487 0.0000000000
203827  45.887  -16.598  65.658 0.0000000000
204368  45.630  -26.876  71.306 0.0000000000
204660  45.066  -27.579  72.078 0.0000000000
205414  46.719  -18.730  69.297 0.0000000000
205467  50.128  -13.519  66.334 0.0000000000
205617  46.099  -24.707  70.185 0.0000000000
205942  45.471  -19.114  65.859 0.0000000000
206094  48.504  -20.979  67.215 0.0000000000
206195  44.730  -19.077  64.062 0.0000000000
207217  40.417  -31.496  73.041 0.0000000000
207290  45.591  -21.042  66.943 0.0000000000
207573  45.363  -21.761  66.815 0.0000000000
207870  41.679  -31.025  72.608 0.0000000000
207875  45.056  -28.972  71.058 0.0000000000
210410  47.657  -22.225  69.894 0.0000000000
210721  45.452  -25.934  70.828 0.0000000000
211163  45.175  -16.671  64.672 0.0000000000
211558  48.405  -13.246  64.203 0.0000000000
212273  48.418  -20.177  68.626 0.0000000000
212454  55.217  -9.505  55.083 0.0000000000
212587  46.377  -22.086  69.923 0.0000000000
212786  42.758  -27.519  69.919 0.0000000000
212990  42.575  -28.802  72.486 0.0000000000
214170  54.253  -12.068  58.749 0.0000000000
215034  48.689  -13.568  67.100 0.0000000000
215522  47.360  -16.658  69.115 0.0000000000
216414  48.437  -19.590  68.499 0.0000000000
217495  39.388  -31.350  72.664 0.0000000000
217748  53.834  -10.885  59.042 0.0000000000
217775  44.471  -27.878  71.744 0.0000000000
217798  42.120  -30.845  72.108 0.0000000000
218333  48.599  -13.404  62.179 0.0000000000
219893  42.511  -28.375  72.219 0.0000000000
219933  53.354  -9.573  53.957 0.0000000000
219988  45.520  -19.445  66.064 0.0000000000
219992  52.623  -12.722  59.965 0.0000000000
220094  47.695  -13.808  64.745 0.0000000000
220377  47.974  -22.569  68.977 0.0000000000
220446  47.452  -19.084  69.677 0.0000000000
221685  46.219  -15.061  61.748 0.0000000000
221952  46.596  -15.425  65.846 0.0000000000
222185  40.906  -30.326  72.645 0.0000000000
222291  45.280  -28.698  70.858 0.0000000000
222467  27.736  -38.604  79.035 0.0000000000
222548  48.940  -13.101  62.634 0.0000000000
222901  41.335  -29.086  71.937 0.0000000000
223278  42.259  -30.814  70.443 0.0000000000
