#!ascii label  , from subject sub-05_ses-001.long.sub-05 vox2ras=TkReg
609
24690  -29.258  -49.719  -30.440 0.6999999881
26969  -29.456  -48.703  -30.823 0.6000000238
25777  -29.777  -49.071  -31.146 0.6000000238
27000  -30.670  -48.917  -32.618 0.4000000060
200682  -25.000  -47.150  -26.329 0.6999999881
30649  -25.097  -46.067  -26.046 0.6999999881
28170  -25.241  -47.732  -26.435 0.6999999881
29443  -25.353  -46.655  -26.233 0.6000000238
28171  -25.848  -47.794  -26.525 0.6999999881
29460  -25.916  -46.695  -26.461 0.6000000238
26911  -26.521  -48.634  -26.763 0.6000000238
29461  -26.500  -46.747  -26.773 0.6000000238
25721  -27.294  -49.398  -27.498 0.6000000238
201704  -26.908  -47.259  -27.193 0.6000000238
215696  -26.985  -46.925  -27.554 0.5000000000
28204  -27.630  -47.992  -28.194 0.5000000000
29479  -27.248  -47.276  -27.913 0.5000000000
185686  -27.595  -47.158  -29.077 0.6000000238
26946  -28.656  -48.600  -29.745 0.6000000238
28217  -27.978  -47.498  -29.486 0.6000000238
29511  -28.191  -47.326  -30.191 0.6000000238
28240  -28.501  -47.580  -30.747 0.6000000238
30648  -24.303  -46.021  -25.830 0.6000000238
33139  -24.621  -44.442  -26.258 0.6000000238
31860  -25.373  -44.867  -26.429 0.6000000238
31850  -25.561  -45.615  -26.250 0.6000000238
33151  -25.743  -44.557  -26.952 0.6000000238
31861  -25.969  -45.357  -26.848 0.6000000238
30657  -26.447  -46.025  -27.054 0.6000000238
31872  -26.573  -45.177  -27.902 0.6000000238
200702  -26.804  -45.536  -28.296 0.6000000238
192028  -27.514  -47.393  -28.538 0.6000000238
186299  -26.935  -45.620  -28.886 0.6999999881
30699  -27.060  -45.834  -29.617 0.6000000238
192631  -27.595  -46.878  -29.746 0.6000000238
28253  -28.561  -47.443  -31.373 0.5000000000
28254  -29.238  -47.823  -31.577 0.5000000000
31837  -23.235  -45.176  -25.661 0.6000000238
184487  -24.176  -44.703  -25.919 0.6000000238
33149  -24.269  -43.755  -26.696 0.6000000238
33150  -25.059  -44.192  -26.761 0.6000000238
34440  -24.690  -43.608  -27.366 0.6000000238
187783  -24.716  -43.439  -28.049 0.6000000238
33160  -25.837  -44.272  -27.581 0.6000000238
31871  -26.207  -44.852  -27.412 0.6000000238
31884  -26.318  -44.527  -28.054 0.6000000238
33168  -26.272  -44.264  -28.748 0.6999999881
29510  -27.696  -46.760  -30.507 0.6000000238
29529  -28.135  -47.101  -30.912 0.6000000238
28264  -29.921  -47.948  -32.555 0.4000000060
34427  -22.898  -43.861  -25.552 0.6000000238
33137  -23.252  -44.065  -25.808 0.6000000238
34438  -23.770  -43.379  -26.550 0.6000000238
34439  -24.106  -43.257  -27.175 0.6000000238
34451  -24.184  -43.225  -27.918 0.5000000000
35677  -24.174  -42.806  -28.307 0.6000000238
181610  -24.991  -43.390  -28.983 0.6999999881
33191  -26.644  -44.576  -29.781 0.6000000238
33178  -26.573  -44.555  -29.180 0.6000000238
31897  -26.820  -45.108  -29.358 0.6000000238
31911  -26.981  -45.212  -30.112 0.6000000238
30710  -27.243  -45.690  -30.584 0.6000000238
30744  -27.165  -46.435  -31.615 0.6000000238
191350  -28.031  -47.031  -31.492 0.6000000238
29565  -28.706  -47.054  -32.627 0.4000000060
29547  -28.254  -47.128  -31.979 0.5000000000
34414  -23.021  -43.369  -25.469 0.5000000000
35643  -23.390  -43.119  -25.922 0.6000000238
35655  -23.547  -43.192  -26.400 0.6000000238
35656  -23.923  -43.083  -26.843 0.6000000238
36900  -24.426  -42.087  -27.416 0.5000000000
35668  -24.130  -42.798  -27.548 0.5000000000
36919  -24.272  -42.298  -28.673 0.6000000238
35683  -24.333  -42.788  -28.836 0.6999999881
35684  -24.664  -43.010  -29.198 0.6999999881
34464  -25.609  -43.794  -29.021 0.6999999881
35695  -25.457  -43.204  -30.269 0.6000000238
33177  -26.159  -44.106  -29.488 0.6999999881
34479  -25.848  -43.680  -29.960 0.6000000238
33190  -26.424  -44.043  -30.177 0.6000000238
185754  -26.740  -44.567  -30.438 0.6000000238
31925  -26.933  -45.043  -30.913 0.6000000238
29546  -27.617  -46.799  -31.963 0.5000000000
29564  -27.967  -46.946  -32.447 0.4000000060
35631  -23.307  -42.896  -25.220 0.6000000238
36871  -24.340  -42.427  -25.893 0.6000000238
35644  -23.886  -42.908  -26.280 0.5000000000
36884  -24.300  -42.513  -26.741 0.6000000238
38181  -25.103  -41.424  -27.215 0.5000000000
188587  -25.022  -40.798  -27.795 0.5000000000
195491  -24.246  -42.213  -28.048 0.6000000238
38191  -24.541  -41.497  -27.893 0.5000000000
36913  -24.421  -41.726  -28.398 0.5000000000
188075  -24.698  -40.975  -29.182 0.5000000000
38217  -24.516  -41.669  -28.954 0.6000000238
214408  -24.815  -40.580  -29.366 0.5000000000
193499  -24.760  -41.558  -29.566 0.5000000000
36920  -24.488  -42.379  -29.349 0.6000000238
39451  -24.836  -40.762  -29.767 0.4000000060
35694  -24.981  -42.813  -29.820 0.6999999881
38226  -25.098  -41.338  -30.169 0.4000000060
35708  -25.287  -42.571  -30.470 0.5000000000
35709  -25.687  -42.945  -30.941 0.5000000000
33208  -26.068  -43.570  -30.691 0.6000000238
34514  -26.008  -43.299  -31.333 0.5000000000
216849  -26.729  -44.538  -30.880 0.6000000238
30767  -27.105  -46.523  -32.311 0.5000000000
33223  -26.640  -44.461  -31.368 0.6000000238
30743  -26.907  -45.952  -32.017 0.6000000238
36862  -24.202  -42.183  -25.178 0.5000000000
36872  -24.875  -42.032  -26.152 0.5000000000
38173  -25.306  -41.542  -26.435 0.5000000000
39404  -25.547  -40.652  -27.188 0.4000000060
193415  -25.164  -40.400  -28.281 0.5000000000
38204  -24.669  -41.003  -28.468 0.5000000000
39436  -25.041  -40.383  -28.920 0.5000000000
40644  -25.141  -39.391  -30.432 0.4000000060
40638  -25.069  -39.543  -29.775 0.4000000060
194091  -24.920  -40.085  -30.129 0.4000000060
39461  -25.015  -40.584  -30.437 0.5000000000
36944  -25.337  -41.864  -30.629 0.5000000000
38237  -25.373  -41.119  -30.835 0.5000000000
36959  -25.660  -41.611  -31.280 0.5000000000
33250  -26.595  -44.567  -32.695 0.5000000000
31955  -26.749  -45.266  -32.523 0.5000000000
34515  -26.333  -43.805  -31.329 0.6000000238
33236  -26.575  -44.605  -32.098 0.5000000000
40614  -25.430  -39.820  -28.465 0.4000000060
41780  -25.621  -39.088  -28.699 0.5000000000
40629  -25.231  -39.655  -29.124 0.5000000000
41796  -25.308  -38.855  -29.420 0.5000000000
196174  -25.065  -39.880  -30.786 0.4000000060
34526  -26.332  -44.076  -32.438 0.5000000000
189819  -26.690  -44.848  -33.235 0.3000000119
39472  -25.290  -40.394  -31.137 0.5000000000
36960  -25.814  -42.060  -31.671 0.5000000000
34525  -26.109  -43.514  -31.992 0.5000000000
42947  -25.369  -38.106  -29.523 0.4000000060
188823  -25.209  -38.975  -30.054 0.4000000060
42972  -24.926  -38.102  -30.625 0.4000000060
183924  -24.971  -39.084  -31.177 0.4000000060
211394  -24.678  -38.491  -31.065 0.4000000060
40655  -25.116  -39.684  -31.547 0.5000000000
203261  -26.337  -42.873  -33.117 0.4000000060
34536  -26.438  -43.438  -32.795 0.4000000060
38249  -25.648  -40.909  -31.536 0.5000000000
35739  -26.154  -42.844  -32.461 0.5000000000
39481  -25.352  -40.252  -31.904 0.5000000000
38250  -25.903  -41.443  -32.031 0.5000000000
195924  -26.003  -42.158  -32.264 0.5000000000
42971  -24.304  -37.869  -31.271 0.4000000060
41826  -24.584  -38.454  -31.704 0.4000000060
199977  -26.088  -41.614  -32.740 0.4000000060
38265  -25.712  -40.750  -32.271 0.5000000000
39494  -25.554  -40.716  -33.029 0.4000000060
38272  -25.891  -41.187  -33.221 0.3000000119
41827  -24.899  -39.001  -32.036 0.5000000000
40666  -25.158  -39.592  -32.349 0.5000000000
44095  -23.738  -37.210  -31.408 0.4000000060
39493  -25.362  -40.181  -32.706 0.3000000119
39500  -25.356  -40.208  -33.545 0.3000000119
42980  -24.292  -38.011  -31.845 0.4000000060
41833  -24.389  -38.469  -32.562 0.4000000060
41834  -24.894  -38.970  -32.796 0.5000000000
44103  -23.530  -37.022  -32.020 0.4000000060
40673  -25.246  -39.557  -33.087 0.3000000119
40678  -25.354  -39.572  -33.706 0.3000000119
41840  -24.487  -38.430  -33.078 0.4000000060
42986  -23.824  -37.445  -32.359 0.4000000060
42987  -24.122  -37.901  -32.687 0.4000000060
45215  -22.990  -35.788  -31.747 0.5000000000
41841  -25.137  -38.986  -33.330 0.3000000119
42996  -25.066  -38.572  -33.391 0.4000000060
41847  -25.554  -39.053  -33.790 0.4000000060
45226  -23.335  -36.395  -32.086 0.4000000060
42995  -24.262  -37.822  -32.930 0.5000000000
44110  -23.681  -36.936  -32.385 0.5000000000
44111  -23.936  -36.946  -32.634 0.5000000000
212384  -24.557  -37.195  -32.944 0.4000000060
182233  -24.670  -37.975  -33.201 0.4000000060
44116  -25.018  -37.465  -33.192 0.4000000060
201471  -25.667  -38.575  -33.606 0.3000000119
45225  -23.152  -35.881  -31.906 0.5000000000
46273  -23.174  -35.679  -31.884 0.5000000000
46288  -25.075  -35.734  -32.346 0.4000000060
45237  -25.539  -36.262  -32.524 0.3000000119
48265  -22.633  -34.029  -31.215 0.5000000000
217065  -24.314  -35.985  -32.369 0.4000000060
210977  -24.855  -36.247  -32.626 0.4000000060
45246  -25.112  -36.871  -32.810 0.4000000060
44117  -25.705  -37.263  -33.258 0.4000000060
45247  -26.055  -36.780  -32.771 0.3000000119
46272  -22.781  -35.491  -31.726 0.5000000000
45235  -23.630  -36.330  -32.251 0.5000000000
45236  -24.330  -36.618  -32.631 0.5000000000
47303  -23.028  -34.936  -31.705 0.5000000000
47305  -25.102  -34.694  -31.453 0.4000000060
46275  -25.466  -35.268  -31.742 0.4000000060
49404  -22.425  -33.523  -30.778 0.5000000000
48286  -22.769  -34.605  -31.538 0.5000000000
202174  -23.481  -34.498  -31.659 0.5000000000
47304  -24.244  -34.564  -31.639 0.5000000000
46287  -23.791  -35.748  -32.088 0.5000000000
47321  -23.637  -35.209  -31.724 0.5000000000
48289  -25.576  -34.323  -30.918 0.4000000060
50640  -21.995  -32.990  -30.450 0.5000000000
198888  -23.727  -33.310  -31.231 0.5000000000
47306  -25.946  -34.839  -31.236 0.3000000119
46289  -25.923  -35.770  -32.086 0.3000000119
50641  -22.886  -32.872  -30.590 0.5000000000
50642  -23.476  -32.909  -30.534 0.5000000000
48266  -23.332  -33.748  -31.638 0.5000000000
26947  -29.106  -48.654  -30.365 0.6000000238
26984  -30.105  -48.828  -31.654 0.5000000000
28203  -27.220  -47.969  -27.486 0.6000000238
34456  -24.472  -43.190  -28.578 0.6999999881
30722  -27.345  -46.308  -30.893 0.6000000238
30721  -27.114  -45.757  -31.286 0.6000000238
34463  -25.210  -43.431  -29.589 0.6999999881
36932  -25.001  -42.104  -29.986 0.5000000000
33209  -26.555  -44.120  -30.803 0.6000000238
199195  -24.920  -40.185  -29.526 0.5000000000
35725  -25.899  -42.748  -31.676 0.5000000000
188544  -26.307  -44.099  -31.875 0.5000000000
41820  -25.097  -38.732  -30.578 0.4000000060
41809  -25.270  -38.374  -30.063 0.4000000060
42997  -25.471  -37.979  -33.454 0.3000000119
49405  -23.176  -33.216  -31.351 0.5000000000
48287  -23.932  -33.911  -31.510 0.5000000000
21215  -23.084  -52.202  -34.447 0.5000000000
22513  -23.691  -51.612  -36.625 0.5000000000
22495  -23.663  -51.757  -35.665 0.5000000000
22515  -25.920  -51.625  -37.325 0.5000000000
205310  -24.930  -51.275  -38.494 0.5000000000
183795  -24.507  -51.456  -37.358 0.4000000060
188408  -23.728  -52.004  -33.521 0.5000000000
22472  -24.393  -51.688  -35.181 0.6000000238
184184  -24.176  -51.853  -34.417 0.6000000238
181932  -25.537  -51.634  -36.601 0.5000000000
22496  -24.646  -51.650  -35.994 0.5000000000
22551  -27.113  -51.901  -38.832 0.4000000060
21132  -22.709  -52.267  -30.910 0.6999999881
21148  -22.589  -52.218  -31.668 0.6999999881
22424  -24.019  -51.806  -33.029 0.6999999881
22449  -24.732  -51.679  -34.322 0.5000000000
22425  -24.638  -51.656  -33.207 0.6999999881
22498  -26.211  -51.668  -36.297 0.5000000000
212831  -25.793  -51.634  -35.899 0.5000000000
211238  -25.615  -51.518  -34.644 0.5000000000
22517  -27.625  -51.972  -36.613 0.5000000000
22533  -26.457  -51.710  -37.694 0.5000000000
193552  -20.942  -51.826  -28.684 0.5000000000
21114  -21.150  -52.294  -29.842 0.6999999881
21104  -22.613  -52.136  -29.286 0.6999999881
21131  -21.568  -52.438  -30.451 0.6999999881
21116  -22.865  -52.232  -30.103 0.6999999881
21149  -23.405  -52.027  -31.928 0.6000000238
22426  -25.273  -51.557  -32.986 0.6999999881
22401  -25.175  -51.591  -32.281 0.6000000238
183629  -27.023  -51.683  -35.355 0.5000000000
209793  -26.402  -51.643  -34.339 0.6000000238
22451  -25.921  -51.559  -34.211 0.6000000238
22500  -27.320  -51.796  -35.946 0.5000000000
22518  -28.368  -52.079  -36.396 0.5000000000
21091  -21.242  -51.564  -28.193 0.5000000000
21093  -22.264  -51.954  -28.606 0.6999999881
21133  -23.409  -52.210  -30.733 0.6999999881
21118  -24.355  -52.007  -29.945 0.6999999881
215183  -24.000  -51.830  -28.699 0.6999999881
22400  -24.624  -51.716  -32.004 0.8000000119
22362  -25.296  -51.681  -31.029 0.6999999881
22428  -26.761  -51.534  -33.059 0.6000000238
22402  -25.779  -51.536  -32.435 0.6999999881
22453  -27.615  -51.625  -34.114 0.6999999881
193875  -27.170  -51.600  -33.600 0.6000000238
22501  -28.008  -51.876  -35.871 0.6000000238
22477  -27.690  -51.757  -35.300 0.6000000238
22502  -29.018  -51.895  -35.375 0.6000000238
23562  -21.042  -50.466  -27.784 0.5000000000
24638  -22.183  -50.307  -27.171 0.6000000238
23580  -21.079  -51.104  -27.929 0.5000000000
23564  -22.339  -50.919  -27.255 0.6000000238
182251  -23.118  -51.719  -27.849 0.6000000238
211952  -23.169  -52.029  -28.589 0.6999999881
22332  -25.335  -51.750  -29.096 0.6999999881
22286  -24.665  -51.593  -27.727 0.6000000238
22361  -24.846  -51.856  -30.540 0.6999999881
22333  -26.016  -51.545  -29.356 0.6999999881
22378  -25.724  -51.588  -31.429 0.6999999881
201356  -27.797  -51.536  -33.542 0.6999999881
22478  -28.939  -51.687  -34.636 0.6999999881
22454  -28.427  -51.567  -33.882 0.6999999881
25718  -22.343  -49.606  -27.469 0.5000000000
203784  -23.673  -50.508  -26.623 0.6000000238
23566  -23.577  -51.078  -26.942 0.6000000238
22255  -24.146  -51.460  -27.175 0.6000000238
22347  -26.140  -51.495  -30.083 0.8000000119
23610  -27.060  -51.135  -29.310 0.5000000000
22288  -25.975  -51.321  -27.997 0.6000000238
22379  -26.748  -51.401  -31.393 0.6999999881
23624  -27.817  -51.064  -30.484 0.6999999881
22406  -28.815  -51.307  -32.628 0.6999999881
22381  -28.027  -51.214  -31.812 0.6999999881
22456  -29.784  -51.499  -34.390 0.5000000000
22455  -29.331  -51.491  -33.837 0.6999999881
191012  -30.538  -50.743  -33.717 0.5000000000
25731  -22.318  -48.896  -27.958 0.5000000000
25719  -22.774  -49.228  -27.323 0.5000000000
25708  -23.648  -49.077  -26.712 0.6000000238
25707  -23.194  -49.486  -26.868 0.6000000238
25709  -24.170  -49.361  -26.456 0.6000000238
24628  -24.348  -50.193  -26.494 0.6000000238
25702  -25.178  -48.909  -26.466 0.6000000238
183593  -24.815  -50.760  -26.686 0.6000000238
25710  -25.488  -49.539  -26.510 0.6000000238
23594  -27.606  -50.816  -29.046 0.6000000238
217837  -27.557  -50.677  -28.541 0.5000000000
24631  -26.402  -49.802  -26.785 0.5000000000
23613  -28.851  -50.290  -30.382 0.6000000238
211578  -28.514  -50.249  -29.841 0.6000000238
23639  -29.123  -50.675  -31.655 0.6000000238
23626  -28.947  -50.457  -31.068 0.6000000238
212346  -30.355  -49.755  -32.243 0.5000000000
28202  -22.692  -48.370  -27.366 0.5000000000
28188  -23.646  -47.885  -26.583 0.6000000238
26893  -24.864  -48.267  -26.417 0.6000000238
24641  -27.314  -50.176  -27.715 0.5000000000
26914  -27.088  -48.662  -27.139 0.5000000000
24680  -28.476  -49.910  -29.406 0.4000000060
25733  -28.003  -49.055  -28.617 0.5000000000
25732  -27.703  -49.211  -28.098 0.5000000000
24691  -29.678  -49.661  -31.053 0.6000000238
28186  -22.439  -47.886  -27.001 0.5000000000
28187  -23.119  -47.997  -26.878 0.6000000238
28167  -23.247  -47.496  -26.319 0.6000000238
28168  -23.955  -47.421  -26.307 0.6000000238
28218  -28.202  -48.140  -29.276 0.5000000000
26922  -27.934  -48.382  -28.745 0.4000000060
28185  -21.906  -47.659  -27.313 0.5000000000
28166  -22.568  -47.552  -26.377 0.5000000000
29440  -22.739  -47.041  -25.915 0.6000000238
29442  -24.102  -46.747  -26.023 0.6000000238
29458  -21.212  -47.198  -26.911 0.5000000000
29439  -21.326  -46.989  -26.176 0.5000000000
29430  -22.213  -46.620  -25.540 0.6000000238
193119  -23.686  -46.379  -25.802 0.6000000238
29457  -20.417  -46.859  -26.821 0.5000000000
30645  -20.800  -46.685  -25.754 0.5000000000
30633  -21.651  -46.196  -25.328 0.5000000000
30634  -22.380  -45.959  -25.379 0.6000000238
30635  -22.949  -45.717  -25.561 0.6000000238
29438  -20.100  -46.501  -26.080 0.5000000000
31834  -21.084  -45.807  -25.176 0.5000000000
30630  -19.470  -45.399  -25.606 0.5000000000
33125  -22.874  -44.521  -25.560 0.5000000000
201912  -20.553  -45.523  -25.033 0.5000000000
31835  -21.826  -45.344  -25.260 0.5000000000
31832  -19.023  -44.820  -25.270 0.5000000000
33121  -19.577  -44.916  -25.059 0.5000000000
33123  -21.085  -44.989  -24.944 0.5000000000
209823  -22.257  -44.673  -25.266 0.4000000060
33107  -19.108  -44.402  -24.642 0.5000000000
33109  -20.678  -44.356  -24.590 0.5000000000
34396  -21.845  -43.606  -24.513 0.4000000060
34412  -22.040  -44.175  -24.948 0.4000000060
34394  -20.243  -43.845  -24.076 0.4000000060
34395  -21.049  -43.788  -24.177 0.4000000060
34397  -22.376  -43.220  -24.606 0.4000000060
24681  -28.837  -49.811  -29.930 0.6000000238
24697  -29.928  -49.954  -31.719 0.5000000000
24715  -30.772  -49.767  -32.831 0.4000000060
24640  -26.864  -50.000  -27.186 0.6000000238
35630  -22.825  -43.078  -24.884 0.4000000060
36861  -23.651  -42.367  -24.907 0.4000000060
197603  -23.842  -52.174  -31.297 0.6999999881
22364  -26.616  -51.390  -30.688 0.6999999881
22429  -27.518  -51.531  -32.941 0.6999999881
186400  -26.856  -51.408  -32.025 0.6999999881
215483  -26.281  -51.319  -28.427 0.6000000238
23569  -25.759  -51.012  -27.327 0.6000000238
22431  -29.004  -51.423  -33.226 0.6999999881
22348  -26.854  -51.280  -29.967 0.6999999881
22366  -27.920  -51.097  -31.155 0.6999999881
23640  -29.725  -50.506  -31.910 0.6000000238
23661  -29.944  -50.778  -32.540 0.6000000238
21092  -21.565  -51.927  -28.599 0.6999999881
21101  -20.707  -52.082  -29.287 0.5000000000
21102  -21.325  -52.126  -29.189 0.6999999881
21103  -21.944  -52.129  -29.181 0.6999999881
21105  -23.806  -51.983  -29.307 0.6999999881
21106  -24.555  -51.887  -29.240 0.6999999881
21113  -20.571  -52.255  -29.982 0.6999999881
21115  -21.738  -52.300  -29.799 0.6999999881
21117  -23.643  -52.150  -30.033 0.6999999881
21134  -24.160  -52.131  -30.658 0.6999999881
21150  -24.123  -52.013  -31.776 0.8000000119
21162  -23.418  -51.964  -32.631 0.6000000238
21163  -24.040  -51.877  -32.351 0.6999999881
21214  -22.392  -52.288  -34.758 0.5000000000
22282  -21.528  -51.333  -27.791 0.5000000000
22283  -22.065  -51.357  -27.642 0.6000000238
22284  -22.709  -51.413  -27.510 0.6000000238
22285  -23.380  -51.482  -27.370 0.6000000238
22287  -25.282  -51.367  -27.574 0.6000000238
22312  -21.835  -51.683  -28.090 0.5000000000
22313  -22.518  -51.728  -28.026 0.6000000238
22314  -23.881  -51.763  -27.918 0.6999999881
22315  -25.324  -51.582  -28.260 0.6000000238
22316  -25.913  -51.507  -28.681 0.6000000238
22317  -26.538  -51.277  -28.875 0.6000000238
22331  -20.301  -51.698  -28.811 0.5000000000
22346  -25.049  -51.868  -29.831 0.6999999881
22349  -27.223  -51.190  -30.365 0.6999999881
22363  -25.902  -51.541  -30.811 0.6999999881
22365  -27.280  -51.231  -30.945 0.6999999881
22376  -24.618  -51.923  -31.300 0.6999999881
22377  -25.173  -51.658  -31.667 0.8000000119
22380  -27.376  -51.271  -31.596 0.6999999881
22403  -26.430  -51.471  -32.493 0.6999999881
22404  -27.482  -51.384  -32.235 0.6999999881
22405  -28.135  -51.368  -32.463 0.6999999881
22427  -26.047  -51.505  -33.054 0.6000000238
22430  -28.277  -51.459  -33.124 0.6999999881
22448  -23.702  -52.049  -34.088 0.6000000238
22450  -25.353  -51.571  -34.202 0.5000000000
22452  -26.936  -51.661  -34.220 0.6999999881
22470  -22.966  -52.016  -35.305 0.5000000000
22471  -23.679  -51.944  -34.832 0.6000000238
22473  -25.121  -51.590  -34.824 0.5000000000
22474  -26.083  -51.574  -34.779 0.6000000238
22475  -26.685  -51.647  -34.809 0.6000000238
22476  -27.334  -51.689  -34.743 0.6999999881
22494  -23.099  -51.743  -36.124 0.5000000000
22497  -25.230  -51.636  -35.968 0.5000000000
22499  -26.745  -51.724  -35.933 0.5000000000
22514  -24.305  -51.573  -36.704 0.5000000000
22516  -26.799  -51.748  -36.746 0.5000000000
22530  -24.029  -51.408  -37.503 0.4000000060
22531  -24.411  -51.291  -38.279 0.5000000000
22532  -25.413  -51.398  -38.160 0.5000000000
22534  -27.181  -51.952  -37.681 0.4000000060
23541  -22.726  -50.493  -26.959 0.6000000238
23542  -23.204  -50.666  -26.827 0.6000000238
23543  -24.189  -50.925  -26.739 0.6000000238
23544  -24.592  -51.164  -26.936 0.6000000238
23545  -25.513  -50.637  -26.829 0.6000000238
23546  -26.251  -50.479  -27.081 0.6000000238
23563  -21.640  -50.821  -27.477 0.5000000000
23565  -22.962  -51.028  -27.104 0.6000000238
23567  -24.743  -51.364  -27.250 0.6000000238
23568  -25.112  -51.099  -27.040 0.6000000238
23570  -26.821  -50.620  -27.604 0.5000000000
23581  -26.680  -51.079  -28.175 0.6000000238
23582  -27.271  -50.723  -28.103 0.5000000000
23593  -27.184  -51.013  -28.651 0.5000000000
23595  -28.108  -50.482  -29.386 0.6000000238
23611  -27.583  -50.995  -29.784 0.6999999881
23612  -28.244  -50.702  -30.078 0.6000000238
23625  -28.421  -50.780  -30.743 0.6000000238
23638  -28.531  -50.883  -31.409 0.6999999881
23659  -28.673  -51.111  -32.024 0.6999999881
23660  -29.316  -50.967  -32.226 0.6000000238
23662  -30.471  -50.289  -32.666 0.6000000238
23675  -29.729  -51.223  -33.180 0.6000000238
23676  -30.314  -50.757  -33.170 0.5000000000
23686  -30.079  -51.197  -33.745 0.5000000000
24621  -24.804  -49.516  -26.416 0.6000000238
24626  -23.173  -50.167  -26.718 0.6000000238
24627  -23.687  -49.792  -26.582 0.6000000238
24629  -25.137  -50.169  -26.536 0.6000000238
24630  -25.829  -50.060  -26.676 0.5000000000
24637  -21.656  -50.036  -27.483 0.5000000000
24639  -22.729  -49.907  -27.022 0.6000000238
24652  -27.644  -50.289  -28.244 0.5000000000
24653  -27.983  -49.786  -28.487 0.5000000000
24664  -27.933  -50.403  -28.730 0.6000000238
24665  -28.198  -50.033  -28.977 0.6000000238
24696  -29.465  -50.193  -31.361 0.6000000238
24709  -30.157  -50.294  -32.174 0.5000000000
25701  -24.537  -48.830  -26.389 0.6000000238
25703  -25.872  -48.938  -26.614 0.6000000238
25711  -26.367  -49.263  -26.683 0.5000000000
25720  -26.800  -49.307  -26.939 0.5000000000
25746  -28.320  -49.507  -28.990 0.4000000060
25762  -28.652  -49.321  -29.511 0.4000000060
25763  -29.040  -49.240  -30.075 0.6000000238
25776  -29.408  -49.207  -30.638 0.6000000238
25783  -30.052  -49.414  -31.648 0.5000000000
25784  -30.379  -49.168  -32.146 0.4000000060
25795  -30.654  -49.385  -32.567 0.4000000060
26892  -24.183  -48.157  -26.509 0.6000000238
26894  -25.507  -48.333  -26.503 0.6999999881
26907  -23.172  -48.749  -27.120 0.5000000000
26908  -23.632  -48.418  -26.730 0.6000000238
26909  -24.028  -48.762  -26.522 0.6000000238
26910  -26.036  -48.323  -26.634 0.6999999881
26913  -22.712  -48.789  -27.582 0.5000000000
26915  -27.498  -48.639  -27.729 0.6000000238
26921  -27.767  -48.645  -28.277 0.4000000060
26929  -28.308  -48.827  -29.130 0.5000000000
26983  -29.658  -48.451  -31.271 0.6000000238
26999  -30.285  -48.565  -32.257 0.4000000060
28169  -24.608  -47.636  -26.405 0.6999999881
28189  -26.349  -47.903  -26.717 0.6000000238
28190  -26.784  -47.981  -26.994 0.6000000238
28201  -22.251  -48.091  -27.694 0.5000000000
28210  -27.808  -47.750  -28.890 0.4000000060
28224  -28.618  -48.033  -30.297 0.6000000238
28225  -29.048  -48.073  -30.896 0.5000000000
28255  -29.813  -48.213  -31.884 0.5000000000
28263  -29.374  -47.553  -32.217 0.4000000060
29429  -21.480  -46.684  -25.639 0.5000000000
29441  -23.452  -46.916  -25.987 0.6000000238
29459  -21.916  -47.419  -26.572 0.5000000000
29478  -26.813  -46.562  -27.294 0.5000000000
29494  -27.019  -46.597  -27.890 0.5000000000
29495  -27.217  -46.811  -28.605 0.6000000238
29500  -27.314  -46.717  -29.223 0.6000000238
29528  -27.628  -46.732  -31.229 0.6000000238
29548  -28.834  -47.364  -31.945 0.5000000000
29563  -27.463  -46.761  -32.677 0.4000000060
30631  -19.906  -45.938  -25.582 0.5000000000
30632  -21.047  -46.406  -25.338 0.5000000000
30644  -19.638  -45.926  -26.003 0.5000000000
30646  -23.000  -46.372  -25.640 0.6000000238
30647  -23.541  -45.812  -25.677 0.6000000238
30650  -25.625  -46.219  -26.277 0.6000000238
30656  -26.019  -46.112  -26.592 0.6000000238
30671  -26.763  -45.914  -27.716 0.5000000000
30686  -26.968  -46.144  -28.418 0.5000000000
30687  -27.066  -46.295  -29.076 0.6000000238
30711  -27.330  -46.252  -30.151 0.6000000238
30766  -26.914  -46.087  -32.733 0.5000000000
31833  -19.989  -45.528  -25.141 0.5000000000
31836  -22.599  -45.230  -25.410 0.6000000238
31847  -18.895  -45.060  -25.950 0.5000000000
31848  -23.992  -45.219  -25.701 0.6000000238
31849  -24.781  -45.260  -26.004 0.6000000238
31862  -26.364  -45.481  -27.402 0.6000000238
31885  -26.676  -44.926  -28.612 0.6000000238
31938  -26.845  -45.170  -31.698 0.6000000238
33108  -19.931  -44.370  -24.644 0.5000000000
33110  -21.416  -44.265  -24.661 0.4000000060
33122  -20.284  -44.897  -24.934 0.5000000000
33124  -21.731  -44.689  -24.998 0.5000000000
33126  -23.541  -44.599  -25.777 0.6000000238
33138  -23.776  -44.066  -26.155 0.6000000238
33159  -25.277  -43.812  -27.821 0.6000000238
33167  -25.130  -43.601  -28.468 0.6999999881
34393  -19.520  -43.919  -24.169 0.5000000000
34413  -22.511  -43.656  -25.041 0.4000000060
34428  -23.376  -43.513  -25.984 0.6000000238
35620  -22.580  -42.722  -24.403 0.4000000060
35621  -23.137  -42.558  -24.587 0.4000000060
35632  -23.808  -42.693  -25.574 0.6000000238
36885  -24.824  -41.954  -26.806 0.6000000238
36945  -25.526  -42.338  -31.134 0.5000000000
38266  -25.883  -41.137  -32.633 0.4000000060
42970  -23.837  -37.515  -31.836 0.4000000060
42994  -23.984  -37.397  -32.703 0.5000000000
181117  -26.523  -51.367  -29.537 0.5000000000
182391  -22.032  -52.415  -31.082 0.6999999881
182515  -25.606  -51.599  -31.938 0.6999999881
182806  -24.874  -51.590  -36.689 0.5000000000
182928  -24.657  -51.761  -28.475 0.6000000238
183055  -22.206  -52.342  -30.379 0.6999999881
183056  -26.185  -51.517  -31.852 0.6999999881
183370  -25.625  -51.710  -29.759 0.6999999881
183630  -26.314  -51.625  -35.461 0.5000000000
183631  -25.584  -51.546  -35.277 0.5000000000
183746  -25.074  -51.481  -37.557 0.5000000000
184823  -29.604  -51.700  -35.028 0.6000000238
184944  -24.988  -51.604  -35.440 0.5000000000
185336  -28.384  -51.836  -35.263 0.6000000238
186529  -24.289  -51.794  -33.738 0.6999999881
186577  -20.701  -46.932  -26.292 0.5000000000
187772  -20.458  -46.132  -25.368 0.5000000000
190182  -25.360  -44.084  -27.253 0.6000000238
190436  -26.225  -51.506  -31.240 0.6999999881
192324  -24.741  -46.630  -26.039 0.6999999881
192349  -26.317  -50.929  -27.636 0.6000000238
192388  -22.277  -52.230  -29.767 0.6999999881
192828  -28.062  -51.678  -34.663 0.6000000238
192867  -26.411  -51.551  -33.723 0.6000000238
192912  -25.671  -51.575  -33.633 0.6000000238
193281  -24.997  -51.633  -33.671 0.5000000000
195787  -25.468  -51.629  -30.356 0.6999999881
196732  -29.400  -51.211  -32.732 0.6999999881
197910  -24.622  -51.642  -32.643 0.6000000238
198376  -24.473  -47.118  -26.230 0.6999999881
198780  -25.793  -44.013  -28.268 0.6000000238
199512  -26.028  -49.543  -26.601 0.5000000000
200075  -23.113  -52.226  -33.665 0.5000000000
201320  -28.339  -47.906  -29.791 0.6000000238
201853  -27.587  -49.762  -28.010 0.5000000000
202110  -25.613  -47.208  -26.415 0.6999999881
202543  -26.196  -47.276  -26.567 0.6000000238
202546  -26.577  -47.415  -26.808 0.6000000238
202842  -22.033  -47.062  -25.989 0.6000000238
204927  -28.574  -51.962  -35.780 0.6000000238
206257  -27.008  -51.496  -32.552 0.6000000238
208584  -29.263  -50.039  -30.842 0.6000000238
209485  -23.170  -52.162  -31.331 0.6999999881
211393  -27.190  -46.436  -29.584 0.6000000238
212517  -24.138  -51.659  -36.021 0.5000000000
212707  -27.202  -45.746  -30.119 0.6000000238
213299  -22.480  -44.153  -25.329 0.4000000060
215840  -25.696  -43.753  -29.527 0.6999999881
216906  -23.216  -52.170  -29.441 0.6999999881
