#!ascii label  , from subject sub-03_ses-013.long.sub-03 vox2ras=TkReg
1392
87419  -35.076  -8.069  32.135 0.0000000000
84727  -15.499  -9.208  37.764 0.0000000000
87398  -24.637  -7.666  33.159 0.0000000000
120545  -42.759  12.257  15.092 0.0000000000
123092  -48.364  13.585  10.092 0.0000000000
227578  -8.707  -9.109  43.583 0.0000000000
117072  -40.463  10.368  18.570 0.0000000000
92856  -36.980  -4.582  29.435 0.0000000000
224083  -28.950  -8.288  32.203 0.0000000000
85951  -11.342  -8.541  39.994 0.0000000000
79231  -11.645  -12.921  42.335 0.0000000000
91552  -29.955  -5.825  29.368 0.0000000000
94349  -31.677  -3.739  27.868 0.0000000000
83501  -20.235  -10.601  35.146 0.0000000000
95780  -26.132  -2.642  31.592 0.0000000000
102937  -36.930  0.909  19.182 0.0000000000
108058  -39.821  4.504  17.922 0.0000000000
112185  -43.167  6.773  15.976 0.0000000000
74893  -5.788  -14.783  47.014 0.0000000000
221468  -3.963  -15.416  50.169 0.0000000000
98541  -30.503  -1.101  26.882 0.0000000000
102838  -31.320  1.041  24.879 0.0000000000
100040  -33.384  -0.327  22.137 0.0000000000
76319  -8.372  -14.120  44.681 0.0000000000
83399  -15.401  -10.261  39.527 0.0000000000
82053  -17.946  -10.812  39.403 0.0000000000
199735  -31.653  -9.159  31.871 0.0000000000
90116  -14.188  -6.494  38.091 0.0000000000
84704  -13.332  -8.794  38.620 0.0000000000
82021  -13.271  -10.977  40.201 0.0000000000
229779  -29.929  -4.255  31.087 0.0000000000
92852  -27.841  -4.616  30.266 0.0000000000
213746  -36.418  4.009  19.266 0.0000000000
105543  -38.834  2.712  18.350 0.0000000000
110670  -38.032  6.001  18.618 0.0000000000
114597  -40.510  9.062  16.555 0.0000000000
117124  -42.169  9.967  14.929 0.0000000000
114622  -44.290  7.947  14.391 0.0000000000
118303  -43.572  10.872  13.236 0.0000000000
119446  -44.632  11.402  11.907 0.0000000000
98496  -30.206  -1.316  30.096 0.0000000000
95850  -31.209  -2.418  27.169 0.0000000000
99879  -28.646  0.073  28.688 0.0000000000
217751  -29.335  2.467  25.316 0.0000000000
105467  -30.828  3.009  23.847 0.0000000000
101413  -32.224  0.303  23.581 0.0000000000
104266  -32.373  2.413  22.291 0.0000000000
233504  -34.114  2.394  21.502 0.0000000000
84807  -22.787  -9.434  33.442 0.0000000000
79204  -7.039  -12.607  45.015 0.0000000000
222502  -8.101  -11.871  43.183 0.0000000000
69341  -4.544  -17.975  51.701 0.0000000000
69317  -3.212  -17.690  53.555 0.0000000000
114552  -38.513  8.688  19.679 0.0000000000
97189  -35.779  -1.760  29.000 0.0000000000
219711  -26.517  -7.066  32.875 0.0000000000
84661  -10.165  -8.965  41.517 0.0000000000
80607  -9.388  -11.553  41.733 0.0000000000
226134  -11.329  -11.152  40.512 0.0000000000
229305  -50.307  13.009  10.175 0.0000000000
86180  -31.731  -7.901  29.549 0.0000000000
88867  -33.361  -6.430  28.883 0.0000000000
90267  -31.436  -5.835  28.448 0.0000000000
87321  -16.063  -7.883  36.174 0.0000000000
83475  -17.399  -9.905  36.693 0.0000000000
86066  -18.339  -8.135  34.461 0.0000000000
86108  -20.706  -8.235  33.238 0.0000000000
90193  -22.752  -6.218  32.263 0.0000000000
95739  -24.056  -2.164  33.315 0.0000000000
91490  -24.523  -5.756  31.502 0.0000000000
90218  -26.308  -5.945  30.589 0.0000000000
87450  -29.204  -7.615  29.819 0.0000000000
98651  -37.653  -1.276  21.193 0.0000000000
113418  -39.540  7.818  17.950 0.0000000000
112128  -41.514  6.548  17.736 0.0000000000
119466  -45.806  12.068  10.164 0.0000000000
73533  -4.817  -15.359  48.295 0.0000000000
70787  -5.722  -17.515  50.630 0.0000000000
91593  -34.225  -4.729  27.944 0.0000000000
97225  -33.420  -2.564  26.976 0.0000000000
99928  -32.737  -0.123  27.886 0.0000000000
102803  -28.384  1.395  26.829 0.0000000000
101380  -30.161  0.478  25.911 0.0000000000
102788  -32.429  1.144  27.483 0.0000000000
101383  -33.828  0.488  26.216 0.0000000000
212108  -34.373  -1.775  24.813 0.0000000000
97277  -35.337  -2.449  22.394 0.0000000000
231749  -35.259  -0.109  20.461 0.0000000000
228201  -35.127  2.496  20.030 0.0000000000
82056  -19.901  -11.475  38.549 0.0000000000
79187  -5.858  -11.923  46.570 0.0000000000
74936  -7.014  -14.702  46.071 0.0000000000
213681  -9.991  -13.603  43.339 0.0000000000
69316  -1.667  -17.944  53.717 0.0000000000
83422  -15.602  -10.024  38.842 0.0000000000
83401  -16.545  -10.471  39.374 0.0000000000
83443  -16.406  -10.077  38.110 0.0000000000
86147  -34.017  -8.713  31.933 0.0000000000
87301  -14.534  -7.779  37.616 0.0000000000
87290  -13.505  -7.530  38.418 0.0000000000
84706  -14.477  -9.214  38.270 0.0000000000
83420  -14.261  -9.749  38.808 0.0000000000
110655  -36.731  5.548  19.718 0.0000000000
109266  -37.342  5.171  18.878 0.0000000000
112109  -37.238  6.361  19.242 0.0000000000
119407  -42.337  11.487  16.106 0.0000000000
117115  -41.755  10.302  15.389 0.0000000000
118276  -42.278  11.040  14.600 0.0000000000
117136  -42.902  10.055  14.130 0.0000000000
119435  -42.662  11.887  13.664 0.0000000000
120565  -43.083  12.311  13.191 0.0000000000
98509  -29.303  -0.954  29.241 0.0000000000
107923  -30.315  4.427  25.006 0.0000000000
230956  -31.544  2.721  23.084 0.0000000000
106698  -31.977  3.926  23.063 0.0000000000
106716  -32.853  3.647  22.375 0.0000000000
86112  -23.583  -8.474  33.177 0.0000000000
84790  -23.708  -9.734  34.409 0.0000000000
86067  -24.940  -8.624  34.283 0.0000000000
80564  -7.797  -10.912  44.047 0.0000000000
81942  -8.357  -10.624  43.096 0.0000000000
120594  -47.874  12.603  9.535 0.0000000000
70762  -4.005  -17.829  52.180 0.0000000000
92801  -37.887  -5.152  31.682 0.0000000000
202165  -36.999  -3.200  29.314 0.0000000000
87415  -27.462  -7.596  32.718 0.0000000000
87402  -28.931  -8.088  33.596 0.0000000000
87279  -12.102  -7.651  39.755 0.0000000000
232152  -11.067  -7.360  41.074 0.0000000000
87260  -10.623  -7.581  41.767 0.0000000000
85943  -10.689  -8.669  40.911 0.0000000000
83348  -10.537  -9.956  40.872 0.0000000000
83372  -11.446  -10.139  40.112 0.0000000000
82004  -14.191  -10.896  40.899 0.0000000000
82003  -13.623  -11.284  40.797 0.0000000000
199358  -30.492  -6.944  29.025 0.0000000000
88876  -31.610  -6.817  28.555 0.0000000000
90248  -30.804  -5.875  28.986 0.0000000000
88738  -16.511  -6.480  35.937 0.0000000000
87333  -16.967  -7.812  35.340 0.0000000000
88754  -17.699  -6.896  34.847 0.0000000000
88769  -20.572  -6.624  33.926 0.0000000000
88771  -21.311  -6.089  33.513 0.0000000000
87397  -22.001  -7.218  32.567 0.0000000000
91478  -21.849  -5.438  32.924 0.0000000000
97099  -26.921  -1.886  33.086 0.0000000000
95755  -25.080  -2.208  32.248 0.0000000000
94292  -24.009  -3.648  31.563 0.0000000000
92821  -24.923  -4.246  30.909 0.0000000000
91508  -25.397  -5.467  30.966 0.0000000000
92835  -26.203  -4.231  30.269 0.0000000000
91551  -28.767  -5.666  29.470 0.0000000000
90245  -28.300  -6.253  29.449 0.0000000000
88861  -29.250  -6.811  29.337 0.0000000000
86178  -30.669  -7.961  29.460 0.0000000000
101470  -37.086  -0.295  19.785 0.0000000000
100079  -38.299  -0.625  20.269 0.0000000000
101489  -37.985  0.352  19.295 0.0000000000
106807  -39.459  3.867  18.049 0.0000000000
105544  -39.802  2.360  18.213 0.0000000000
115711  -39.359  9.737  19.591 0.0000000000
230052  -38.773  8.557  18.737 0.0000000000
115730  -39.433  9.232  18.157 0.0000000000
114599  -41.533  8.248  15.838 0.0000000000
113430  -41.246  7.371  17.078 0.0000000000
225690  -42.535  6.866  16.828 0.0000000000
110687  -43.134  6.094  17.820 0.0000000000
119459  -45.245  11.982  10.613 0.0000000000
121761  -44.876  13.631  10.472 0.0000000000
121769  -45.983  13.234  9.972 0.0000000000
77697  -5.072  -13.402  47.524 0.0000000000
76276  -4.630  -14.136  48.294 0.0000000000
73558  -5.196  -15.403  47.765 0.0000000000
212711  -6.682  -16.822  49.687 0.0000000000
70764  -6.602  -17.297  52.313 0.0000000000
90281  -32.648  -5.277  27.683 0.0000000000
90271  -33.936  -5.792  28.469 0.0000000000
92891  -33.022  -4.707  27.432 0.0000000000
97221  -30.806  -1.824  26.965 0.0000000000
97223  -32.072  -2.272  26.788 0.0000000000
204771  -31.831  -1.643  26.847 0.0000000000
97215  -33.683  -1.410  27.671 0.0000000000
99953  -31.421  -0.160  26.891 0.0000000000
217030  -28.421  2.649  27.615 0.0000000000
102837  -30.079  1.559  25.089 0.0000000000
104233  -29.348  1.724  25.356 0.0000000000
102821  -30.484  0.776  25.381 0.0000000000
101364  -31.915  1.015  27.205 0.0000000000
102823  -32.180  0.748  26.230 0.0000000000
102825  -33.258  0.982  26.751 0.0000000000
102840  -32.451  0.632  25.786 0.0000000000
100023  -32.652  -0.065  23.038 0.0000000000
236347  -33.293  -0.934  24.158 0.0000000000
98609  -33.381  -0.888  22.872 0.0000000000
97246  -34.977  -2.011  23.477 0.0000000000
98630  -34.151  -1.376  22.147 0.0000000000
98647  -35.217  -1.294  21.545 0.0000000000
100056  -34.362  -0.375  21.407 0.0000000000
105495  -34.455  3.018  21.546 0.0000000000
105510  -34.459  2.429  21.121 0.0000000000
105511  -34.816  3.077  21.049 0.0000000000
83499  -18.926  -10.185  35.572 0.0000000000
82075  -18.864  -10.785  37.136 0.0000000000
82077  -20.313  -11.342  36.991 0.0000000000
77735  -7.312  -13.274  44.701 0.0000000000
77734  -6.851  -13.293  45.222 0.0000000000
74957  -7.851  -14.328  45.198 0.0000000000
211432  -10.118  -12.427  41.788 0.0000000000
77778  -9.587  -13.172  42.753 0.0000000000
77780  -11.267  -13.376  42.825 0.0000000000
83374  -15.346  -10.487  40.704 0.0000000000
203211  -16.489  -10.778  40.654 0.0000000000
82025  -17.910  -10.949  40.528 0.0000000000
233918  -18.907  -11.123  40.414 0.0000000000
199035  -29.886  -8.904  31.939 0.0000000000
86115  -30.117  -8.696  33.556 0.0000000000
90101  -13.218  -6.358  39.027 0.0000000000
217954  -13.151  -7.141  38.976 0.0000000000
84683  -12.190  -8.841  39.133 0.0000000000
83395  -12.328  -9.619  39.437 0.0000000000
83396  -13.094  -10.018  39.349 0.0000000000
83373  -14.341  -10.518  39.826 0.0000000000
91521  -29.691  -5.122  30.238 0.0000000000
91538  -30.767  -5.160  30.041 0.0000000000
95758  -27.359  -2.162  32.034 0.0000000000
94316  -27.341  -3.482  30.704 0.0000000000
92838  -29.128  -4.662  30.643 0.0000000000
105540  -36.661  2.567  18.738 0.0000000000
104333  -37.256  1.937  18.687 0.0000000000
106787  -37.235  3.790  18.681 0.0000000000
108056  -38.433  4.480  18.191 0.0000000000
213275  -38.974  5.523  18.187 0.0000000000
115741  -40.200  9.352  17.071 0.0000000000
117106  -41.138  10.165  16.328 0.0000000000
114609  -41.406  9.029  15.665 0.0000000000
114620  -42.594  8.061  15.012 0.0000000000
113467  -43.251  7.708  14.990 0.0000000000
115779  -43.364  9.067  14.167 0.0000000000
117138  -44.205  9.620  13.496 0.0000000000
117148  -44.560  10.171  13.138 0.0000000000
118317  -44.470  11.131  12.509 0.0000000000
120571  -43.560  12.574  12.361 0.0000000000
73561  -7.362  -15.741  47.512 0.0000000000
72203  -6.421  -16.197  47.708 0.0000000000
73513  -7.744  -15.919  48.795 0.0000000000
95828  -31.076  -2.789  28.555 0.0000000000
205108  -31.543  -3.008  27.234 0.0000000000
97199  -30.111  -1.813  28.562 0.0000000000
98529  -29.747  -1.541  27.893 0.0000000000
99924  -29.039  -0.538  27.706 0.0000000000
106658  -29.171  3.639  26.138 0.0000000000
107922  -29.908  4.210  25.465 0.0000000000
221175  -30.089  2.917  24.600 0.0000000000
104244  -30.916  1.778  24.488 0.0000000000
102851  -31.728  0.768  24.632 0.0000000000
102863  -31.656  1.614  23.569 0.0000000000
104258  -32.008  1.827  22.777 0.0000000000
102876  -32.876  0.951  22.286 0.0000000000
102890  -33.428  0.942  21.835 0.0000000000
104277  -33.139  2.367  22.012 0.0000000000
83521  -21.076  -10.190  34.574 0.0000000000
82088  -21.686  -11.478  36.278 0.0000000000
83504  -22.962  -10.702  35.165 0.0000000000
220500  -7.567  -12.092  44.258 0.0000000000
77749  -8.185  -13.317  43.711 0.0000000000
70785  -4.495  -17.282  50.500 0.0000000000
72172  -3.766  -16.088  51.210 0.0000000000
70772  -3.804  -17.123  51.979 0.0000000000
70761  -3.434  -17.212  52.822 0.0000000000
70750  -2.756  -16.970  53.419 0.0000000000
98498  -35.748  -0.961  29.492 0.0000000000
217632  -25.893  -7.055  32.825 0.0000000000
199854  -25.891  -7.660  34.000 0.0000000000
87251  -9.974  -7.730  42.772 0.0000000000
84648  -9.317  -9.172  42.706 0.0000000000
83323  -9.304  -10.424  42.318 0.0000000000
83324  -9.766  -10.301  41.793 0.0000000000
80622  -10.297  -11.501  41.211 0.0000000000
79242  -11.331  -12.177  41.206 0.0000000000
82020  -12.544  -10.944  40.177 0.0000000000
80625  -12.431  -12.068  40.816 0.0000000000
80609  -12.733  -12.200  42.280 0.0000000000
121773  -49.358  12.924  10.024 0.0000000000
87440  -33.394  -8.034  30.272 0.0000000000
88830  -34.469  -7.162  30.425 0.0000000000
87471  -32.870  -7.322  29.258 0.0000000000
88877  -32.240  -6.471  28.221 0.0000000000
91573  -31.745  -5.171  28.092 0.0000000000
91539  -31.336  -5.087  29.432 0.0000000000
211983  -31.879  -4.254  28.908 0.0000000000
95829  -31.842  -3.161  29.064 0.0000000000
97173  -31.192  -2.420  30.175 0.0000000000
205598  -15.656  -8.089  36.872 0.0000000000
84738  -16.368  -9.284  37.094 0.0000000000
84750  -16.636  -9.009  36.581 0.0000000000
84766  -17.898  -9.299  35.493 0.0000000000
84787  -18.774  -9.318  34.512 0.0000000000
87351  -18.735  -7.239  34.178 0.0000000000
86088  -19.456  -8.291  33.712 0.0000000000
83530  -20.036  -9.835  33.911 0.0000000000
84819  -21.701  -8.936  33.169 0.0000000000
86111  -22.769  -8.310  32.779 0.0000000000
87413  -23.492  -7.210  32.501 0.0000000000
94241  -22.430  -3.623  34.084 0.0000000000
221296  -22.764  -4.817  32.220 0.0000000000
91489  -23.735  -5.691  31.639 0.0000000000
88806  -24.906  -6.779  32.324 0.0000000000
90197  -25.644  -6.578  31.912 0.0000000000
88819  -26.437  -6.711  31.655 0.0000000000
87438  -27.577  -7.308  31.025 0.0000000000
203022  -27.310  -4.971  30.099 0.0000000000
87448  -27.747  -7.162  30.216 0.0000000000
86153  -28.783  -8.070  30.822 0.0000000000
86155  -30.056  -8.547  30.508 0.0000000000
208256  -32.188  -8.565  30.516 0.0000000000
88730  -15.200  -6.760  36.889 0.0000000000
102940  -39.238  0.846  18.860 0.0000000000
113406  -38.018  7.594  19.093 0.0000000000
112126  -38.950  6.698  18.257 0.0000000000
110684  -39.992  5.990  17.956 0.0000000000
114574  -39.881  8.224  17.468 0.0000000000
219754  -40.294  6.871  17.762 0.0000000000
218900  -40.666  5.914  17.900 0.0000000000
222442  -42.461  5.186  17.946 0.0000000000
119468  -46.924  11.613  9.527 0.0000000000
120593  -47.104  12.748  9.599 0.0000000000
123091  -47.789  13.950  10.155 0.0000000000
76275  -4.399  -14.099  48.877 0.0000000000
73511  -4.292  -15.554  49.373 0.0000000000
233614  -5.815  -16.659  48.732 0.0000000000
72191  -5.104  -16.638  48.912 0.0000000000
70796  -4.838  -17.267  49.987 0.0000000000
69352  -5.518  -17.742  51.114 0.0000000000
90232  -34.266  -6.313  29.529 0.0000000000
236260  -34.929  -5.593  29.455 0.0000000000
92862  -35.094  -4.779  28.737 0.0000000000
94381  -32.495  -3.568  26.863 0.0000000000
94362  -34.068  -3.371  27.274 0.0000000000
94350  -35.131  -3.650  28.035 0.0000000000
206367  -34.780  -2.194  27.896 0.0000000000
97202  -34.906  -1.374  28.459 0.0000000000
99903  -33.635  0.176  28.758 0.0000000000
101318  -28.369  0.652  28.212 0.0000000000
99949  -29.105  -0.115  27.123 0.0000000000
104224  -28.505  1.859  26.335 0.0000000000
225810  -29.031  0.685  26.274 0.0000000000
101361  -29.913  0.200  26.437 0.0000000000
99926  -31.599  0.601  27.204 0.0000000000
101343  -32.212  0.906  27.574 0.0000000000
101406  -32.696  -0.111  24.703 0.0000000000
99983  -34.053  -0.932  25.299 0.0000000000
98633  -36.594  -1.558  21.695 0.0000000000
100076  -36.221  -0.620  20.501 0.0000000000
101486  -35.941  0.412  19.708 0.0000000000
102912  -34.564  1.027  20.974 0.0000000000
102925  -34.866  1.111  20.225 0.0000000000
104311  -35.440  2.016  19.593 0.0000000000
106776  -35.761  3.547  19.858 0.0000000000
237756  -36.141  4.607  19.986 0.0000000000
83445  -17.719  -10.612  37.794 0.0000000000
82055  -19.083  -11.014  39.246 0.0000000000
82067  -21.642  -11.689  37.500 0.0000000000
76294  -5.886  -14.126  46.651 0.0000000000
214428  -6.239  -11.827  45.957 0.0000000000
77721  -6.302  -13.363  45.817 0.0000000000
74913  -6.767  -15.011  46.581 0.0000000000
73583  -7.734  -15.349  47.085 0.0000000000
80593  -8.882  -11.711  42.240 0.0000000000
77777  -8.914  -12.919  42.814 0.0000000000
76337  -8.892  -14.014  44.232 0.0000000000
68107  -3.029  -19.115  54.576 0.0000000000
70738  -2.446  -17.674  53.698 0.0000000000
70749  -2.024  -16.871  53.689 0.0000000000
88811  -35.529  -7.609  31.792 0.0000000000
84707  -15.223  -9.493  38.298 0.0000000000
83423  -16.198  -10.180  38.794 0.0000000000
84708  -15.808  -9.827  38.192 0.0000000000
87418  -34.557  -8.324  31.842 0.0000000000
236510  -14.707  -8.444  37.613 0.0000000000
85983  -14.372  -8.561  37.838 0.0000000000
84726  -14.842  -8.929  37.766 0.0000000000
110656  -37.013  6.068  19.845 0.0000000000
110664  -37.013  5.743  19.290 0.0000000000
112096  -37.251  6.562  20.318 0.0000000000
200430  -42.676  11.876  15.423 0.0000000000
118266  -42.269  11.413  15.363 0.0000000000
119416  -42.523  11.663  14.858 0.0000000000
119426  -42.520  11.388  14.169 0.0000000000
120557  -42.632  12.099  14.388 0.0000000000
107954  -31.790  4.449  23.445 0.0000000000
86113  -24.160  -8.020  33.276 0.0000000000
86090  -24.239  -8.579  33.720 0.0000000000
86091  -24.788  -8.092  33.712 0.0000000000
84641  -8.557  -9.181  44.077 0.0000000000
235111  -8.186  -9.983  43.910 0.0000000000
83300  -8.486  -9.798  43.574 0.0000000000
121772  -48.560  13.037  9.919 0.0000000000
120595  -48.718  12.522  9.649 0.0000000000
92842  -37.515  -4.509  30.047 0.0000000000
214503  -37.294  -3.767  29.539 0.0000000000
94332  -36.964  -3.842  28.961 0.0000000000
201125  -27.895  -7.656  32.182 0.0000000000
227080  -27.718  -7.638  33.289 0.0000000000
87417  -28.777  -8.225  32.908 0.0000000000
85957  -11.855  -8.333  39.616 0.0000000000
87274  -11.910  -7.315  40.102 0.0000000000
87273  -11.572  -7.753  40.219 0.0000000000
85944  -11.075  -8.184  40.590 0.0000000000
85950  -10.999  -8.755  40.343 0.0000000000
84668  -10.864  -9.145  40.492 0.0000000000
84669  -11.250  -9.273  40.067 0.0000000000
199763  -30.263  -6.349  29.100 0.0000000000
88739  -17.065  -6.469  35.541 0.0000000000
91463  -21.585  -5.073  34.798 0.0000000000
90172  -21.114  -5.785  34.233 0.0000000000
214047  -21.318  -5.427  34.106 0.0000000000
90180  -21.545  -5.842  33.289 0.0000000000
91477  -21.460  -5.134  33.644 0.0000000000
97112  -26.362  -1.965  32.615 0.0000000000
97111  -25.639  -1.820  32.745 0.0000000000
95756  -25.862  -2.271  32.123 0.0000000000
95779  -25.350  -2.820  31.584 0.0000000000
94295  -25.843  -3.099  31.227 0.0000000000
92834  -25.549  -4.224  30.669 0.0000000000
94314  -25.981  -3.550  30.767 0.0000000000
215266  -29.294  -5.886  29.429 0.0000000000
90246  -28.965  -6.267  29.354 0.0000000000
90247  -29.580  -6.299  29.269 0.0000000000
88862  -29.852  -6.878  29.170 0.0000000000
101487  -36.630  0.321  19.504 0.0000000000
226925  -37.871  -0.226  19.745 0.0000000000
101488  -37.327  0.285  19.380 0.0000000000
106790  -39.869  3.103  18.170 0.0000000000
108059  -40.650  4.560  18.008 0.0000000000
117071  -39.969  10.160  19.154 0.0000000000
115722  -39.354  9.572  18.837 0.0000000000
117082  -39.886  9.903  18.346 0.0000000000
113454  -42.135  7.793  15.590 0.0000000000
113443  -41.801  7.627  16.181 0.0000000000
113444  -42.444  7.108  16.197 0.0000000000
112151  -42.960  6.609  17.180 0.0000000000
123088  -45.440  13.989  10.150 0.0000000000
76286  -5.390  -14.100  47.206 0.0000000000
74892  -5.289  -14.778  47.470 0.0000000000
73559  -5.697  -15.405  47.331 0.0000000000
92875  -31.866  -4.358  27.698 0.0000000000
92890  -32.365  -4.586  27.472 0.0000000000
98542  -31.237  -1.187  26.789 0.0000000000
98543  -31.946  -0.890  26.884 0.0000000000
219131  -30.859  -0.498  26.780 0.0000000000
218704  -30.793  1.330  24.989 0.0000000000
102822  -31.357  0.548  25.549 0.0000000000
102839  -31.828  0.562  25.340 0.0000000000
101421  -32.921  0.144  22.496 0.0000000000
100025  -33.597  -0.925  22.238 0.0000000000
98610  -33.951  -1.422  22.514 0.0000000000
100041  -33.933  -0.735  21.858 0.0000000000
83500  -19.586  -10.397  35.298 0.0000000000
83478  -19.471  -10.591  35.974 0.0000000000
82086  -20.151  -10.934  36.221 0.0000000000
76335  -7.752  -13.812  44.586 0.0000000000
74938  -8.363  -14.587  45.779 0.0000000000
76306  -8.537  -14.359  45.216 0.0000000000
79230  -10.794  -12.884  42.113 0.0000000000
74835  -3.773  -14.690  50.542 0.0000000000
91510  -36.969  -5.973  30.843 0.0000000000
231084  -15.507  -10.529  40.157 0.0000000000
83375  -15.896  -10.671  40.584 0.0000000000
231748  -15.814  -10.538  39.946 0.0000000000
219743  -17.228  -10.679  39.333 0.0000000000
82039  -16.897  -10.711  39.899 0.0000000000
82040  -17.539  -10.894  39.926 0.0000000000
206849  -18.530  -11.013  40.778 0.0000000000
82041  -18.552  -10.916  39.613 0.0000000000
86131  -30.733  -9.091  32.099 0.0000000000
86132  -31.331  -9.277  32.560 0.0000000000
90103  -14.350  -5.731  38.302 0.0000000000
90102  -13.795  -6.064  38.659 0.0000000000
233222  -13.562  -8.184  38.434 0.0000000000
85966  -13.005  -7.964  38.789 0.0000000000
85958  -12.414  -8.135  39.274 0.0000000000
84703  -12.722  -8.594  38.932 0.0000000000
84684  -12.852  -9.255  39.022 0.0000000000
83419  -13.540  -9.606  38.843 0.0000000000
83398  -14.675  -10.211  39.333 0.0000000000
216432  -15.043  -10.478  40.013 0.0000000000
92839  -30.022  -4.680  30.619 0.0000000000
201181  -30.248  -5.074  30.319 0.0000000000
95783  -28.172  -2.643  31.815 0.0000000000
228139  -29.787  -3.918  31.730 0.0000000000
92822  -29.468  -4.220  31.187 0.0000000000
106786  -36.642  3.492  18.976 0.0000000000
221685  -37.128  3.181  18.740 0.0000000000
109267  -37.849  5.469  18.657 0.0000000000
108046  -37.354  4.455  18.664 0.0000000000
108047  -37.938  4.875  18.365 0.0000000000
109279  -38.665  4.980  18.145 0.0000000000
109268  -38.349  5.474  18.407 0.0000000000
117096  -41.081  10.342  17.014 0.0000000000
118256  -41.432  10.830  16.622 0.0000000000
117114  -41.387  9.861  15.742 0.0000000000
115760  -41.867  9.500  15.288 0.0000000000
114610  -41.986  8.593  15.176 0.0000000000
115769  -42.367  9.264  14.868 0.0000000000
114619  -42.586  8.687  14.786 0.0000000000
230931  -42.847  9.127  14.512 0.0000000000
118290  -43.253  10.401  13.671 0.0000000000
117137  -43.526  9.704  13.846 0.0000000000
117147  -43.842  10.198  13.311 0.0000000000
118304  -44.205  10.747  12.964 0.0000000000
118316  -43.867  11.343  12.798 0.0000000000
121745  -43.314  13.076  13.226 0.0000000000
200061  -43.351  12.611  12.756 0.0000000000
97187  -30.666  -2.261  28.935 0.0000000000
97186  -30.389  -1.783  29.470 0.0000000000
99880  -28.875  -0.477  29.074 0.0000000000
98519  -29.468  -1.334  28.582 0.0000000000
98518  -29.054  -0.946  28.635 0.0000000000
98528  -29.166  -1.095  27.980 0.0000000000
99900  -28.868  -0.524  28.324 0.0000000000
106683  -30.292  3.767  24.500 0.0000000000
105466  -30.470  3.186  24.227 0.0000000000
104251  -30.541  2.489  24.210 0.0000000000
104252  -31.086  2.173  23.836 0.0000000000
104265  -31.840  2.591  22.719 0.0000000000
104257  -31.502  2.269  23.231 0.0000000000
236295  -32.382  1.219  22.647 0.0000000000
102889  -32.548  1.733  22.167 0.0000000000
106734  -33.408  3.201  22.046 0.0000000000
84806  -22.050  -9.499  33.465 0.0000000000
83522  -22.353  -10.468  34.611 0.0000000000
83533  -22.510  -9.955  33.936 0.0000000000
84769  -24.510  -9.676  35.562 0.0000000000
83505  -23.906  -10.096  35.711 0.0000000000
80577  -7.871  -11.805  43.822 0.0000000000
80563  -7.546  -11.418  44.454 0.0000000000
79219  -7.714  -12.578  43.866 0.0000000000
77760  -8.002  -12.949  43.627 0.0000000000
70774  -4.476  -17.633  51.126 0.0000000000
72165  -4.048  -17.024  51.201 0.0000000000
70773  -4.137  -17.578  51.584 0.0000000000
69330  -3.833  -18.108  52.974 0.0000000000
72151  -2.929  -16.372  52.958 0.0000000000
95818  -36.858  -2.502  29.287 0.0000000000
97158  -37.237  -1.955  29.615 0.0000000000
98481  -36.844  -1.056  29.872 0.0000000000
98511  -35.328  -1.088  28.988 0.0000000000
88791  -26.375  -7.214  33.226 0.0000000000
85937  -10.382  -8.213  41.615 0.0000000000
204418  -10.503  -7.336  42.476 0.0000000000
85936  -10.021  -8.368  42.208 0.0000000000
84649  -9.596  -8.467  42.769 0.0000000000
84656  -9.737  -9.053  42.194 0.0000000000
84655  -9.532  -9.726  42.238 0.0000000000
200575  -9.911  -9.626  41.717 0.0000000000
82019  -10.925  -10.460  40.526 0.0000000000
207405  -10.469  -10.491  40.975 0.0000000000
82002  -10.644  -11.020  40.888 0.0000000000
79237  -10.662  -12.205  41.443 0.0000000000
82037  -12.905  -10.518  39.816 0.0000000000
227518  -12.184  -10.286  39.821 0.0000000000
81976  -13.686  -11.413  41.522 0.0000000000
80626  -13.077  -11.787  41.127 0.0000000000
80610  -13.203  -11.798  41.878 0.0000000000
213564  -12.604  -12.281  41.452 0.0000000000
87452  -32.893  -7.873  29.790 0.0000000000
87470  -32.297  -7.641  29.374 0.0000000000
238179  -31.654  -6.272  28.327 0.0000000000
90268  -31.985  -5.767  27.928 0.0000000000
205576  -31.519  -4.944  30.164 0.0000000000
95816  -32.209  -3.225  29.878 0.0000000000
94329  -32.262  -3.710  29.354 0.0000000000
94339  -31.751  -3.743  28.498 0.0000000000
97188  -31.185  -2.647  29.371 0.0000000000
86004  -16.175  -8.576  36.723 0.0000000000
86064  -17.260  -8.164  35.090 0.0000000000
86042  -17.051  -8.432  35.519 0.0000000000
86043  -17.556  -8.668  35.253 0.0000000000
84767  -18.461  -9.651  35.121 0.0000000000
230277  -18.583  -8.751  34.283 0.0000000000
216975  -20.385  -7.440  33.443 0.0000000000
218794  -19.832  -7.653  33.695 0.0000000000
86089  -20.039  -8.291  33.392 0.0000000000
84803  -19.753  -9.122  33.541 0.0000000000
212381  -20.354  -8.841  33.269 0.0000000000
84818  -20.997  -8.876  33.239 0.0000000000
88789  -22.445  -6.769  32.405 0.0000000000
210296  -22.097  -7.896  32.699 0.0000000000
202803  -22.774  -7.446  32.499 0.0000000000
88804  -23.173  -6.796  32.272 0.0000000000
97077  -24.518  -1.915  33.767 0.0000000000
97058  -24.676  -2.095  34.380 0.0000000000
95724  -24.005  -2.134  34.087 0.0000000000
207925  -23.402  -2.452  34.487 0.0000000000
94242  -22.838  -3.113  33.534 0.0000000000
94258  -22.281  -3.874  33.286 0.0000000000
94270  -22.790  -3.606  32.622 0.0000000000
92820  -24.297  -4.290  31.219 0.0000000000
92819  -23.612  -4.251  31.569 0.0000000000
91506  -24.051  -5.028  31.434 0.0000000000
90195  -24.276  -6.299  31.866 0.0000000000
90196  -25.053  -6.420  31.859 0.0000000000
90207  -25.230  -5.925  31.450 0.0000000000
90217  -25.869  -5.713  30.805 0.0000000000
90209  -26.102  -6.305  31.231 0.0000000000
88820  -26.941  -7.019  31.336 0.0000000000
88828  -26.682  -6.494  30.758 0.0000000000
92836  -27.684  -4.054  30.609 0.0000000000
232518  -27.311  -4.462  30.294 0.0000000000
88860  -28.636  -6.806  29.489 0.0000000000
88842  -27.945  -6.810  29.701 0.0000000000
87449  -28.481  -7.371  29.882 0.0000000000
87439  -28.267  -7.682  30.660 0.0000000000
86165  -28.910  -7.909  30.302 0.0000000000
86154  -29.288  -8.358  30.687 0.0000000000
86166  -29.566  -8.025  30.159 0.0000000000
86179  -31.191  -8.170  29.704 0.0000000000
226750  -31.203  -8.436  30.211 0.0000000000
86169  -31.691  -8.326  30.089 0.0000000000
228392  -32.841  -8.374  30.338 0.0000000000
88737  -15.868  -6.435  36.445 0.0000000000
90131  -15.369  -5.956  36.918 0.0000000000
87320  -15.607  -7.319  36.548 0.0000000000
87312  -15.136  -7.556  37.109 0.0000000000
98635  -38.122  -1.684  21.758 0.0000000000
101472  -39.435  -0.124  19.970 0.0000000000
100064  -39.460  -0.988  20.729 0.0000000000
104334  -38.011  2.046  18.622 0.0000000000
102958  -38.555  1.459  18.581 0.0000000000
104335  -38.694  2.125  18.513 0.0000000000
114546  -38.147  8.134  20.034 0.0000000000
113395  -37.875  7.592  19.682 0.0000000000
114551  -38.227  8.168  19.399 0.0000000000
113417  -39.027  7.991  18.491 0.0000000000
113407  -38.472  7.378  18.587 0.0000000000
206900  -39.267  7.270  18.204 0.0000000000
110683  -39.334  6.077  18.134 0.0000000000
112127  -39.729  6.643  18.024 0.0000000000
114586  -40.129  8.646  16.969 0.0000000000
112150  -41.675  6.898  17.334 0.0000000000
112149  -40.907  7.074  17.488 0.0000000000
210528  -40.859  6.464  17.716 0.0000000000
110685  -41.403  6.036  17.906 0.0000000000
224016  -41.882  5.058  17.972 0.0000000000
222230  -41.929  6.212  17.868 0.0000000000
221315  -43.446  5.733  18.001 0.0000000000
226779  -43.664  7.992  14.590 0.0000000000
199665  -45.148  11.157  11.703 0.0000000000
119460  -45.812  11.472  10.458 0.0000000000
118353  -46.280  11.054  10.246 0.0000000000
119467  -46.304  11.728  9.894 0.0000000000
123089  -46.237  13.883  10.038 0.0000000000
208572  -46.510  12.829  9.753 0.0000000000
121770  -46.711  13.308  9.827 0.0000000000
123090  -47.030  13.854  10.001 0.0000000000
74881  -4.878  -14.764  47.990 0.0000000000
74880  -4.569  -14.737  48.548 0.0000000000
74865  -4.313  -14.742  49.131 0.0000000000
73532  -4.516  -15.299  48.778 0.0000000000
72198  -6.841  -16.344  48.240 0.0000000000
72197  -6.128  -16.477  48.217 0.0000000000
72192  -6.574  -16.667  48.884 0.0000000000
72183  -6.233  -17.238  50.122 0.0000000000
72182  -5.877  -16.987  49.371 0.0000000000
70797  -5.495  -17.314  49.966 0.0000000000
70805  -4.992  -16.993  49.511 0.0000000000
200413  -5.108  -17.477  50.343 0.0000000000
70763  -6.095  -17.755  51.960 0.0000000000
88843  -33.372  -6.891  29.307 0.0000000000
88844  -33.978  -6.913  29.831 0.0000000000
228349  -33.737  -6.492  29.347 0.0000000000
91592  -33.812  -5.406  27.855 0.0000000000
90251  -34.490  -5.791  29.097 0.0000000000
91575  -34.480  -5.245  28.476 0.0000000000
237053  -34.750  -4.658  28.267 0.0000000000
94380  -31.923  -3.348  26.977 0.0000000000
95862  -31.737  -2.707  26.935 0.0000000000
97224  -32.729  -2.394  26.781 0.0000000000
95864  -32.956  -3.065  26.798 0.0000000000
95852  -33.938  -2.819  27.161 0.0000000000
94363  -34.592  -3.533  27.649 0.0000000000
95853  -34.444  -2.829  27.476 0.0000000000
95842  -35.529  -2.999  28.307 0.0000000000
97216  -33.993  -2.141  27.412 0.0000000000
98531  -33.188  -0.885  27.736 0.0000000000
98520  -33.743  -0.737  28.130 0.0000000000
98521  -34.285  -0.663  28.540 0.0000000000
225031  -33.243  -0.236  28.215 0.0000000000
215738  -28.143  1.579  27.442 0.0000000000
102772  -28.167  1.404  28.116 0.0000000000
102787  -28.344  1.025  27.430 0.0000000000
223935  -28.687  0.434  27.312 0.0000000000
101360  -28.653  0.803  26.758 0.0000000000
105457  -29.215  3.049  25.654 0.0000000000
105456  -28.876  3.063  26.158 0.0000000000
220030  -28.901  2.355  25.843 0.0000000000
102820  -29.739  0.972  25.465 0.0000000000
102819  -29.176  1.099  25.800 0.0000000000
101379  -29.535  0.602  26.008 0.0000000000
99952  -31.023  0.002  26.696 0.0000000000
101362  -30.648  0.203  26.437 0.0000000000
226302  -32.926  0.874  28.359 0.0000000000
101344  -32.669  1.089  27.996 0.0000000000
101382  -33.149  0.649  26.002 0.0000000000
216914  -32.026  0.444  24.254 0.0000000000
101394  -32.247  0.376  24.905 0.0000000000
101405  -32.368  -0.029  24.214 0.0000000000
98578  -33.757  -1.295  24.478 0.0000000000
99982  -33.269  -0.542  24.847 0.0000000000
230037  -35.360  -2.199  22.910 0.0000000000
97260  -36.172  -2.170  23.791 0.0000000000
97278  -36.007  -2.190  22.961 0.0000000000
226058  -36.647  -2.157  22.612 0.0000000000
97295  -36.956  -1.965  22.168 0.0000000000
97294  -36.148  -2.105  22.194 0.0000000000
100058  -35.372  -0.926  21.168 0.0000000000
100059  -35.970  -0.983  20.931 0.0000000000
100075  -35.596  -0.552  20.715 0.0000000000
101468  -35.795  -0.108  20.243 0.0000000000
220972  -33.666  1.471  21.638 0.0000000000
102911  -33.935  0.963  21.384 0.0000000000
104295  -34.072  1.751  21.244 0.0000000000
105521  -34.801  2.501  20.535 0.0000000000
104296  -34.555  1.795  20.663 0.0000000000
104310  -34.898  1.855  19.967 0.0000000000
102926  -35.426  1.179  19.630 0.0000000000
105530  -35.589  2.770  19.747 0.0000000000
228694  -35.760  4.138  20.446 0.0000000000
84739  -16.843  -9.646  36.876 0.0000000000
83460  -17.198  -10.186  37.293 0.0000000000
83461  -17.768  -10.475  37.083 0.0000000000
82065  -19.454  -11.125  38.190 0.0000000000
200051  -18.928  -10.845  37.869 0.0000000000
233219  -19.405  -11.150  38.747 0.0000000000
80650  -19.441  -11.306  39.669 0.0000000000
80661  -20.362  -11.676  39.004 0.0000000000
82089  -22.482  -11.149  36.412 0.0000000000
82079  -22.031  -11.543  36.925 0.0000000000
82068  -22.365  -11.646  37.542 0.0000000000
234333  -25.923  -7.871  34.490 0.0000000000
77698  -5.435  -13.401  46.910 0.0000000000
218232  -5.580  -12.679  46.604 0.0000000000
80547  -6.834  -11.742  45.397 0.0000000000
80529  -6.434  -11.069  45.900 0.0000000000
76317  -6.803  -13.850  45.437 0.0000000000
76304  -6.648  -14.148  45.883 0.0000000000
74935  -6.475  -14.470  46.339 0.0000000000
74914  -7.413  -15.083  46.494 0.0000000000
81974  -9.096  -11.097  42.034 0.0000000000
81943  -8.724  -10.889  42.495 0.0000000000
77762  -9.159  -13.370  43.246 0.0000000000
76353  -8.711  -13.578  43.686 0.0000000000
76354  -9.439  -13.789  43.823 0.0000000000
121763  -49.960  13.189  10.217 0.0000000000
69304  -2.192  -18.528  53.808 0.0000000000
69305  -2.464  -18.475  54.021 0.0000000000
231617  -2.111  -18.033  53.715 0.0000000000
70737  -1.726  -17.414  53.814 0.0000000000
83400  -15.993  -10.321  39.437 0.0000000000
83424  -16.818  -10.439  38.717 0.0000000000
199401  -32.556  -9.022  31.776 0.0000000000
88723  -14.310  -6.991  37.635 0.0000000000
87300  -13.902  -7.232  37.928 0.0000000000
85982  -13.986  -7.992  38.103 0.0000000000
85967  -13.889  -8.685  38.203 0.0000000000
84705  -13.921  -9.217  38.531 0.0000000000
83421  -14.959  -9.869  38.810 0.0000000000
92796  -30.394  -4.108  31.749 0.0000000000
219288  -36.526  4.553  19.462 0.0000000000
108045  -36.835  4.162  18.958 0.0000000000
109260  -36.817  5.137  19.371 0.0000000000
110669  -37.489  5.890  18.913 0.0000000000
118257  -41.894  11.157  16.321 0.0000000000
118265  -41.909  10.978  15.665 0.0000000000
118275  -42.051  10.692  15.036 0.0000000000
117125  -42.350  10.345  14.476 0.0000000000
214891  -42.635  9.717  14.556 0.0000000000
118289  -42.677  10.695  14.079 0.0000000000
118302  -42.901  11.090  13.594 0.0000000000
119436  -43.271  11.573  13.179 0.0000000000
98495  -29.676  -0.961  29.807 0.0000000000
99864  -29.159  -0.439  29.867 0.0000000000
101294  -28.634  0.095  29.484 0.0000000000
106684  -30.689  3.796  24.037 0.0000000000
105474  -31.292  2.837  23.426 0.0000000000
106697  -31.299  3.686  23.530 0.0000000000
105481  -31.722  3.225  22.906 0.0000000000
106715  -32.263  3.621  22.663 0.0000000000
105482  -32.300  3.082  22.469 0.0000000000
107983  -32.497  4.142  22.755 0.0000000000
84821  -23.024  -8.923  33.132 0.0000000000
84789  -23.147  -9.733  33.954 0.0000000000
84808  -23.576  -9.207  33.660 0.0000000000
84809  -24.243  -9.185  34.230 0.0000000000
84791  -24.638  -9.260  34.862 0.0000000000
81910  -8.062  -10.413  43.664 0.0000000000
80578  -7.996  -11.175  43.383 0.0000000000
120603  -48.101  11.971  9.340 0.0000000000
69331  -4.682  -18.392  52.445 0.0000000000
69318  -4.344  -18.591  53.359 0.0000000000
228359  -3.637  -18.335  53.643 0.0000000000
95806  -37.366  -2.916  29.567 0.0000000000
88810  -26.858  -7.257  32.711 0.0000000000
230924  -26.803  -7.361  33.326 0.0000000000
87400  -27.231  -7.474  33.370 0.0000000000
88775  -27.736  -7.493  33.904 0.0000000000
87379  -28.488  -7.788  34.069 0.0000000000
90087  -12.527  -6.341  39.958 0.0000000000
90074  -12.299  -6.420  40.538 0.0000000000
88694  -11.760  -6.928  40.619 0.0000000000
88680  -11.450  -6.667  41.533 0.0000000000
87267  -10.784  -7.994  41.206 0.0000000000
227990  -10.281  -9.613  41.277 0.0000000000
84662  -10.557  -9.342  40.884 0.0000000000
83371  -10.890  -9.707  40.444 0.0000000000
233417  -11.364  -10.639  40.298 0.0000000000
82022  -13.969  -10.825  40.295 0.0000000000
87469  -31.174  -7.702  29.246 0.0000000000
88864  -31.682  -7.407  29.007 0.0000000000
212936  -31.066  -7.129  28.856 0.0000000000
88863  -31.018  -6.435  28.714 0.0000000000
211853  -16.062  -7.107  36.102 0.0000000000
86041  -16.603  -8.130  35.776 0.0000000000
87332  -16.589  -7.303  35.695 0.0000000000
88743  -17.171  -7.094  35.249 0.0000000000
87350  -17.989  -7.453  34.562 0.0000000000
88758  -20.304  -6.251  34.552 0.0000000000
88759  -20.780  -6.053  34.412 0.0000000000
88770  -21.038  -6.363  33.730 0.0000000000
87375  -20.947  -7.032  33.286 0.0000000000
87396  -21.480  -7.510  32.921 0.0000000000
88787  -21.444  -6.792  33.096 0.0000000000
88788  -21.794  -6.518  32.876 0.0000000000
90181  -22.084  -6.130  32.639 0.0000000000
97098  -26.195  -1.649  33.235 0.0000000000
97097  -25.518  -1.487  33.336 0.0000000000
95754  -24.306  -2.386  32.514 0.0000000000
94271  -23.357  -3.533  31.956 0.0000000000
95778  -24.604  -2.839  31.858 0.0000000000
94293  -24.642  -3.497  31.301 0.0000000000
91507  -24.772  -5.094  31.084 0.0000000000
91518  -25.251  -4.803  30.785 0.0000000000
91519  -25.770  -4.980  30.480 0.0000000000
91520  -26.250  -5.422  30.246 0.0000000000
237146  -28.435  -5.255  29.708 0.0000000000
91535  -28.039  -5.668  29.542 0.0000000000
87466  -29.006  -7.211  29.538 0.0000000000
87451  -29.713  -7.729  29.686 0.0000000000
86177  -30.132  -7.525  29.291 0.0000000000
87468  -30.708  -7.481  29.139 0.0000000000
100061  -37.232  -1.006  20.702 0.0000000000
100062  -37.974  -1.014  20.682 0.0000000000
100078  -37.528  -0.772  20.159 0.0000000000
233472  -38.280  0.069  19.527 0.0000000000
101490  -38.622  0.389  19.284 0.0000000000
106789  -39.082  3.288  18.160 0.0000000000
221854  -39.256  2.218  18.281 0.0000000000
115710  -38.857  9.210  19.302 0.0000000000
217298  -38.564  8.687  19.107 0.0000000000
115721  -38.928  9.044  18.726 0.0000000000
114572  -39.051  8.673  18.315 0.0000000000
114573  -39.460  8.543  17.915 0.0000000000
114598  -40.944  8.653  16.148 0.0000000000
197826  -40.600  8.430  16.632 0.0000000000
203199  -41.167  7.888  16.513 0.0000000000
113431  -41.907  7.242  16.820 0.0000000000
110686  -42.470  6.121  17.845 0.0000000000
112130  -42.755  6.436  17.644 0.0000000000
112131  -43.416  6.320  17.479 0.0000000000
119452  -44.265  11.922  11.561 0.0000000000
119453  -44.825  11.606  11.268 0.0000000000
120579  -44.564  12.312  10.984 0.0000000000
205216  -45.026  12.866  10.526 0.0000000000
120591  -45.573  12.687  10.130 0.0000000000
120592  -46.151  12.512  9.890 0.0000000000
121768  -45.373  13.315  10.177 0.0000000000
76285  -4.948  -14.117  47.728 0.0000000000
235292  -5.105  -15.849  48.121 0.0000000000
70775  -5.989  -17.554  51.300 0.0000000000
90269  -32.705  -5.940  27.888 0.0000000000
227896  -33.496  -6.109  28.543 0.0000000000
90282  -33.196  -5.597  27.738 0.0000000000
91591  -33.312  -5.195  27.592 0.0000000000
205184  -33.666  -4.784  27.503 0.0000000000
97222  -31.460  -2.048  26.904 0.0000000000
98544  -32.377  -1.700  26.947 0.0000000000
97214  -33.148  -1.744  27.209 0.0000000000
98530  -32.539  -0.920  27.349 0.0000000000
99927  -32.075  0.094  27.417 0.0000000000
104223  -28.326  2.038  27.112 0.0000000000
104242  -29.759  2.276  24.951 0.0000000000
101381  -31.010  0.347  26.053 0.0000000000
102805  -31.803  0.698  26.554 0.0000000000
102806  -32.222  1.134  26.986 0.0000000000
102807  -32.658  1.236  27.275 0.0000000000
102824  -32.559  1.020  26.587 0.0000000000
100008  -32.667  -0.264  23.602 0.0000000000
100009  -32.979  -0.444  23.138 0.0000000000
98592  -33.175  -0.695  23.600 0.0000000000
98593  -33.679  -1.310  23.528 0.0000000000
98579  -34.833  -1.945  24.276 0.0000000000
98594  -34.408  -1.748  23.000 0.0000000000
97276  -34.853  -2.530  22.484 0.0000000000
98612  -34.939  -2.384  22.286 0.0000000000
97293  -35.356  -1.687  21.798 0.0000000000
98631  -34.780  -1.627  22.042 0.0000000000
100057  -34.689  -0.927  21.611 0.0000000000
101457  -34.917  -0.369  20.947 0.0000000000
106766  -35.262  3.214  20.433 0.0000000000
83476  -17.978  -10.202  36.486 0.0000000000
83462  -18.280  -10.631  36.888 0.0000000000
83477  -18.713  -10.523  36.351 0.0000000000
82076  -19.511  -11.054  37.471 0.0000000000
211850  -20.075  -11.428  37.866 0.0000000000
76318  -7.256  -13.861  45.063 0.0000000000
76305  -7.167  -14.337  45.529 0.0000000000
74937  -7.664  -14.732  45.889 0.0000000000
80608  -9.882  -11.901  41.493 0.0000000000
79236  -9.480  -12.203  41.871 0.0000000000
79229  -9.933  -12.790  42.263 0.0000000000
77779  -10.449  -13.365  42.760 0.0000000000
77764  -10.918  -13.704  43.492 0.0000000000
91511  -37.508  -5.613  31.226 0.0000000000
91542  -36.920  -5.295  29.842 0.0000000000
83325  -15.532  -10.611  41.888 0.0000000000
83350  -15.719  -10.653  41.374 0.0000000000
83351  -16.248  -10.705  41.420 0.0000000000
83352  -16.771  -10.812  41.085 0.0000000000
83376  -16.298  -10.628  40.007 0.0000000000
82024  -17.105  -10.853  40.501 0.0000000000
86143  -29.364  -8.646  31.831 0.0000000000
86114  -29.478  -8.431  33.182 0.0000000000
90088  -12.956  -6.054  39.659 0.0000000000
88714  -13.585  -6.785  38.480 0.0000000000
88705  -12.778  -6.707  39.498 0.0000000000
87280  -12.664  -7.425  39.410 0.0000000000
84682  -11.695  -9.037  39.564 0.0000000000
232896  -12.619  -10.119  39.598 0.0000000000
83397  -13.906  -10.158  39.253 0.0000000000
82038  -13.588  -10.594  39.696 0.0000000000
82023  -14.719  -10.606  40.616 0.0000000000
83349  -15.192  -10.612  41.361 0.0000000000
219725  -29.391  -5.503  29.667 0.0000000000
91537  -30.033  -5.417  29.810 0.0000000000
210372  -27.351  -1.967  32.651 0.0000000000
95781  -26.840  -2.512  31.499 0.0000000000
95803  -27.112  -2.909  30.975 0.0000000000
95782  -27.491  -2.592  31.452 0.0000000000
94296  -27.819  -3.208  31.170 0.0000000000
94317  -28.121  -3.922  31.105 0.0000000000
94318  -28.748  -4.176  31.259 0.0000000000
92853  -28.449  -4.845  30.156 0.0000000000
91536  -29.005  -5.108  29.908 0.0000000000
104322  -36.565  1.635  18.954 0.0000000000
102956  -37.203  1.320  18.803 0.0000000000
105541  -37.463  2.624  18.652 0.0000000000
217469  -37.697  3.310  18.558 0.0000000000
106788  -37.923  4.047  18.379 0.0000000000
205414  -38.395  3.325  18.338 0.0000000000
106806  -38.707  3.941  18.214 0.0000000000
108057  -39.092  4.469  18.038 0.0000000000
109280  -39.395  5.041  17.983 0.0000000000
117083  -40.491  10.146  17.961 0.0000000000
117095  -40.579  9.960  17.348 0.0000000000
115751  -40.652  9.755  16.673 0.0000000000
115752  -41.007  9.419  16.168 0.0000000000
117107  -41.469  10.617  15.947 0.0000000000
113455  -42.808  7.377  15.506 0.0000000000
113456  -43.496  7.131  15.470 0.0000000000
115770  -43.135  8.452  14.561 0.0000000000
114621  -43.764  8.531  14.201 0.0000000000
236704  -43.037  9.525  14.222 0.0000000000
114633  -44.377  8.651  13.964 0.0000000000
119444  -43.520  12.017  12.593 0.0000000000
119445  -44.076  11.679  12.212 0.0000000000
120578  -44.054  12.638  11.456 0.0000000000
73581  -6.336  -15.343  46.989 0.0000000000
218566  -6.151  -15.790  47.382 0.0000000000
73560  -6.736  -15.808  47.358 0.0000000000
95840  -31.533  -3.200  28.167 0.0000000000
95851  -31.561  -3.211  27.638 0.0000000000
95839  -31.122  -2.747  27.725 0.0000000000
97213  -30.660  -2.154  27.451 0.0000000000
98510  -29.876  -1.357  29.321 0.0000000000
97212  -30.206  -1.932  27.784 0.0000000000
97220  -30.175  -1.588  27.241 0.0000000000
225539  -29.675  -1.182  27.518 0.0000000000
98540  -29.938  -0.868  27.085 0.0000000000
106668  -29.547  3.688  25.556 0.0000000000
106669  -29.924  3.694  24.998 0.0000000000
105462  -29.622  3.015  25.131 0.0000000000
104243  -30.325  2.061  24.668 0.0000000000
102850  -31.410  1.419  24.272 0.0000000000
102864  -31.794  0.915  23.921 0.0000000000
213135  -31.982  1.024  23.180 0.0000000000
101420  -32.472  0.553  22.874 0.0000000000
101438  -33.245  0.352  22.101 0.0000000000
208044  -33.151  1.587  21.860 0.0000000000
104278  -33.693  2.038  21.714 0.0000000000
105483  -32.835  2.934  22.220 0.0000000000
105509  -33.850  2.729  21.793 0.0000000000
106735  -34.116  3.429  21.901 0.0000000000
106736  -34.788  3.624  21.855 0.0000000000
83520  -20.449  -10.218  34.579 0.0000000000
82108  -20.630  -11.037  35.636 0.0000000000
208201  -21.681  -10.995  35.285 0.0000000000
83480  -22.131  -11.230  35.767 0.0000000000
217084  -22.721  -10.851  35.915 0.0000000000
83524  -23.504  -10.182  35.129 0.0000000000
199910  -23.299  -10.464  35.893 0.0000000000
80548  -7.237  -11.187  45.087 0.0000000000
81857  -7.438  -10.492  44.677 0.0000000000
205273  -7.267  -11.964  44.764 0.0000000000
79212  -7.365  -12.654  44.394 0.0000000000
77748  -7.739  -13.222  44.082 0.0000000000
76336  -8.253  -13.728  44.116 0.0000000000
79222  -12.300  -12.329  43.475 0.0000000000
72173  -4.141  -16.564  50.542 0.0000000000
73483  -3.946  -15.929  50.550 0.0000000000
72164  -3.685  -16.494  51.750 0.0000000000
72157  -3.383  -16.448  52.351 0.0000000000
73466  -2.977  -15.744  52.490 0.0000000000
114547  -38.585  8.589  20.431 0.0000000000
115706  -39.628  9.733  20.297 0.0000000000
117064  -39.936  10.130  19.914 0.0000000000
216995  -40.595  10.551  19.169 0.0000000000
99883  -35.157  -0.406  29.529 0.0000000000
87399  -25.232  -7.434  33.053 0.0000000000
87376  -25.310  -7.708  33.577 0.0000000000
88772  -25.840  -7.417  33.285 0.0000000000
87377  -26.380  -7.453  33.899 0.0000000000
86092  -29.528  -8.269  33.745 0.0000000000
208213  -9.859  -7.380  43.292 0.0000000000
200243  -9.473  -7.886  43.270 0.0000000000
215535  -8.886  -9.408  43.089 0.0000000000
232451  -9.177  -9.760  42.644 0.0000000000
81975  -9.549  -10.941  41.737 0.0000000000
83347  -10.163  -10.148  41.301 0.0000000000
82001  -10.058  -10.829  41.291 0.0000000000
237261  -9.772  -11.351  41.429 0.0000000000
79238  -11.416  -12.565  41.689 0.0000000000
83394  -11.762  -9.700  39.752 0.0000000000
211302  -11.811  -10.775  40.189 0.0000000000
80638  -12.128  -11.435  40.459 0.0000000000
80639  -12.884  -11.538  40.533 0.0000000000
80624  -11.691  -11.901  40.782 0.0000000000
79243  -11.952  -12.402  41.215 0.0000000000
79239  -12.120  -12.604  41.895 0.0000000000
79232  -12.243  -12.513  42.699 0.0000000000
121762  -49.204  13.477  10.300 0.0000000000
87431  -34.107  -8.171  31.373 0.0000000000
87441  -34.303  -7.675  30.896 0.0000000000
87454  -33.909  -7.568  30.325 0.0000000000
87453  -33.436  -7.448  29.774 0.0000000000
88866  -32.842  -6.822  28.688 0.0000000000
88865  -32.257  -7.105  28.797 0.0000000000
88878  -32.980  -6.332  28.271 0.0000000000
91574  -32.037  -5.045  27.742 0.0000000000
91553  -30.655  -5.457  29.331 0.0000000000
90249  -31.364  -5.328  28.771 0.0000000000
92854  -32.131  -4.533  29.734 0.0000000000
92861  -31.698  -4.764  28.995 0.0000000000
92874  -31.743  -4.496  28.296 0.0000000000
97172  -30.691  -1.835  30.161 0.0000000000
97155  -31.062  -1.909  30.697 0.0000000000
84728  -16.068  -9.589  37.609 0.0000000000
86003  -15.851  -8.860  37.286 0.0000000000
84751  -17.098  -9.338  36.356 0.0000000000
84765  -17.340  -9.017  35.797 0.0000000000
84752  -17.622  -9.649  36.099 0.0000000000
83498  -18.250  -9.934  35.849 0.0000000000
83518  -19.137  -9.917  34.877 0.0000000000
88744  -18.118  -6.275  34.976 0.0000000000
88755  -18.358  -6.652  34.573 0.0000000000
87374  -19.989  -6.931  34.108 0.0000000000
87373  -19.389  -7.491  33.956 0.0000000000
86087  -18.910  -8.153  34.067 0.0000000000
84802  -19.085  -8.935  33.978 0.0000000000
84788  -19.372  -9.616  34.166 0.0000000000
83531  -20.794  -9.866  33.976 0.0000000000
84805  -21.280  -9.449  33.510 0.0000000000
86109  -21.439  -8.246  33.038 0.0000000000
86110  -22.071  -8.489  32.915 0.0000000000
84820  -22.396  -8.980  33.048 0.0000000000
205766  -23.556  -7.788  32.797 0.0000000000
87414  -24.096  -7.380  32.766 0.0000000000
209318  -21.934  -4.113  33.835 0.0000000000
92780  -21.825  -4.628  33.211 0.0000000000
91487  -22.253  -5.068  32.519 0.0000000000
92795  -22.922  -4.196  32.007 0.0000000000
91488  -22.938  -5.539  32.088 0.0000000000
90194  -23.484  -6.254  31.997 0.0000000000
88805  -24.019  -6.825  32.315 0.0000000000
88790  -24.757  -7.235  32.666 0.0000000000
211505  -25.422  -7.088  32.738 0.0000000000
88807  -25.545  -6.822  32.395 0.0000000000
88808  -26.083  -6.892  32.528 0.0000000000
90208  -25.715  -6.137  31.429 0.0000000000
90198  -26.042  -6.646  31.879 0.0000000000
88809  -26.438  -6.847  32.363 0.0000000000
224252  -26.750  -7.006  32.058 0.0000000000
87428  -27.292  -7.443  31.933 0.0000000000
87429  -28.041  -7.628  31.486 0.0000000000
94315  -26.653  -3.434  30.588 0.0000000000
92851  -26.706  -4.666  30.132 0.0000000000
90229  -26.812  -5.899  30.120 0.0000000000
90231  -27.695  -6.163  29.710 0.0000000000
90230  -27.300  -6.044  29.926 0.0000000000
88829  -27.238  -6.907  30.647 0.0000000000
86142  -28.518  -7.922  31.235 0.0000000000
212452  -28.994  -8.312  31.395 0.0000000000
207026  -29.586  -8.837  31.186 0.0000000000
86144  -30.394  -8.821  31.274 0.0000000000
86145  -31.209  -8.795  31.299 0.0000000000
86168  -30.699  -8.334  30.032 0.0000000000
86157  -31.533  -8.624  30.656 0.0000000000
200429  -31.991  -8.873  31.175 0.0000000000
86158  -32.699  -8.620  31.028 0.0000000000
86146  -33.358  -8.586  31.376 0.0000000000
90117  -14.629  -6.005  37.769 0.0000000000
90130  -14.858  -6.317  37.283 0.0000000000
206612  -14.562  -6.562  37.640 0.0000000000
87311  -14.723  -6.981  37.323 0.0000000000
85984  -15.139  -8.427  37.385 0.0000000000
100063  -38.740  -1.018  20.699 0.0000000000
102957  -37.813  1.389  18.671 0.0000000000
102939  -38.301  0.818  18.809 0.0000000000
102959  -39.233  1.656  18.516 0.0000000000
113388  -37.503  7.077  20.010 0.0000000000
112103  -37.594  6.996  19.308 0.0000000000
220156  -37.681  6.540  18.874 0.0000000000
114563  -38.469  8.111  18.929 0.0000000000
112111  -38.242  6.653  18.549 0.0000000000
110671  -38.626  6.057  18.337 0.0000000000
219874  -39.584  5.568  18.000 0.0000000000
109281  -40.178  5.261  17.911 0.0000000000
115731  -40.073  9.602  17.747 0.0000000000
114585  -39.769  8.973  17.487 0.0000000000
113429  -40.551  7.842  17.101 0.0000000000
113419  -40.126  7.475  17.558 0.0000000000
221077  -39.770  7.193  17.851 0.0000000000
218916  -40.328  6.392  17.901 0.0000000000
108061  -42.155  4.557  17.991 0.0000000000
109283  -42.778  5.737  17.967 0.0000000000
119475  -47.612  11.445  9.323 0.0000000000
200552  -46.712  12.288  9.631 0.0000000000
120602  -47.353  12.121  9.380 0.0000000000
121771  -47.615  13.307  9.794 0.0000000000
123079  -47.849  14.470  10.612 0.0000000000
76263  -4.178  -14.030  49.489 0.0000000000
74849  -4.036  -14.739  49.793 0.0000000000
73497  -4.173  -16.143  49.942 0.0000000000
73534  -5.671  -16.003  47.752 0.0000000000
72196  -5.347  -16.335  48.324 0.0000000000
73512  -4.680  -16.002  48.642 0.0000000000
72190  -4.517  -16.415  49.319 0.0000000000
70786  -5.020  -17.684  50.778 0.0000000000
69342  -5.041  -17.916  51.319 0.0000000000
69343  -5.612  -17.998  51.628 0.0000000000
225769  -5.123  -18.165  51.859 0.0000000000
224581  -34.799  -7.354  30.908 0.0000000000
90250  -33.875  -6.140  28.994 0.0000000000
90233  -34.901  -5.976  29.778 0.0000000000
91541  -36.289  -5.204  29.445 0.0000000000
92855  -36.492  -4.647  28.848 0.0000000000
94361  -32.121  -3.964  27.187 0.0000000000
92906  -32.723  -4.187  27.044 0.0000000000
92907  -33.371  -4.229  27.208 0.0000000000
95863  -32.298  -2.919  26.771 0.0000000000
94382  -33.135  -3.695  26.935 0.0000000000
202009  -34.046  -4.093  27.504 0.0000000000
92892  -34.686  -4.181  27.920 0.0000000000
92876  -35.221  -4.286  28.301 0.0000000000
94331  -36.296  -3.813  28.684 0.0000000000
217300  -35.942  -3.247  28.753 0.0000000000
95830  -35.874  -2.604  28.836 0.0000000000
97203  -35.365  -2.151  28.460 0.0000000000
97201  -34.253  -1.428  27.988 0.0000000000
234217  -35.310  -1.629  28.755 0.0000000000
222942  -34.808  -0.543  28.940 0.0000000000
101293  -28.413  0.544  29.042 0.0000000000
104209  -28.156  1.959  28.708 0.0000000000
102758  -28.195  1.205  29.057 0.0000000000
99899  -28.803  0.027  27.867 0.0000000000
99950  -29.618  -0.311  26.826 0.0000000000
105450  -28.560  2.687  26.688 0.0000000000
215459  -28.875  1.623  25.849 0.0000000000
102804  -28.680  1.205  26.222 0.0000000000
200818  -29.359  0.241  26.548 0.0000000000
99951  -30.315  -0.284  26.708 0.0000000000
101363  -31.482  0.440  26.736 0.0000000000
99901  -32.547  0.677  28.026 0.0000000000
99902  -33.037  0.436  28.374 0.0000000000
207332  -33.270  0.746  28.619 0.0000000000
99881  -34.213  0.509  29.041 0.0000000000
102808  -33.377  1.180  27.482 0.0000000000
101395  -32.940  0.257  25.294 0.0000000000
99995  -32.897  -0.463  24.204 0.0000000000
97296  -37.644  -2.021  22.196 0.0000000000
98650  -36.932  -1.245  21.197 0.0000000000
98632  -35.939  -1.695  21.638 0.0000000000
98649  -36.266  -1.304  21.186 0.0000000000
100060  -36.576  -0.979  20.803 0.0000000000
100077  -36.841  -0.756  20.258 0.0000000000
101469  -36.437  -0.177  20.029 0.0000000000
102936  -36.214  0.995  19.351 0.0000000000
101439  -33.826  0.157  21.735 0.0000000000
101456  -34.410  0.247  21.121 0.0000000000
101467  -34.867  0.338  20.570 0.0000000000
208344  -35.336  0.445  20.115 0.0000000000
234852  -35.907  1.600  19.318 0.0000000000
222294  -36.002  2.250  19.186 0.0000000000
105531  -36.126  3.052  19.300 0.0000000000
106777  -36.186  3.655  19.411 0.0000000000
108029  -36.055  4.139  19.725 0.0000000000
109259  -36.478  5.077  19.888 0.0000000000
109253  -36.705  5.500  20.295 0.0000000000
83444  -17.031  -10.375  37.993 0.0000000000
83425  -17.661  -10.718  38.633 0.0000000000
83446  -18.319  -10.706  37.503 0.0000000000
82064  -18.365  -10.746  38.236 0.0000000000
82054  -18.466  -10.824  38.962 0.0000000000
82042  -18.991  -11.087  39.904 0.0000000000
82087  -20.899  -11.453  36.217 0.0000000000
198522  -20.839  -11.560  37.647 0.0000000000
82066  -20.590  -11.591  38.350 0.0000000000
82057  -22.528  -11.600  38.185 0.0000000000
80663  -21.915  -11.686  38.671 0.0000000000
80662  -21.105  -11.749  38.814 0.0000000000
80652  -20.826  -11.978  40.112 0.0000000000
87353  -25.428  -8.002  34.148 0.0000000000
86068  -25.641  -8.286  34.677 0.0000000000
209900  -5.279  -12.661  47.358 0.0000000000
79196  -6.027  -12.561  46.071 0.0000000000
79203  -6.540  -12.576  45.544 0.0000000000
232655  -5.890  -13.012  46.160 0.0000000000
77710  -5.813  -13.434  46.335 0.0000000000
74912  -6.242  -14.774  46.690 0.0000000000
73582  -7.073  -15.447  46.976 0.0000000000
74915  -8.162  -14.944  46.521 0.0000000000
83307  -8.799  -10.133  42.853 0.0000000000
80592  -8.300  -11.439  42.755 0.0000000000
79228  -9.177  -12.543  42.403 0.0000000000
79227  -8.509  -12.307  42.801 0.0000000000
77761  -8.460  -13.019  43.264 0.0000000000
77765  -11.505  -13.403  43.390 0.0000000000
76338  -9.610  -14.029  44.485 0.0000000000
76320  -9.024  -14.231  44.872 0.0000000000
69307  -3.790  -18.734  54.109 0.0000000000
69306  -2.999  -18.349  53.974 0.0000000000
72150  -2.377  -16.299  53.333 0.0000000000
234727  -1.420  -17.747  53.477 0.0000000000
69328  -1.309  -17.542  53.003 0.0000000000
69315  -1.461  -17.357  53.632 0.0000000000
70748  -1.557  -16.800  53.767 0.0000000000
69332  -5.540  -18.313  52.361 0.0000000000
72181  -4.483  -16.793  49.940 0.0000000000
73535  -6.998  -16.057  47.784 0.0000000000
76303  -6.218  -13.906  46.208 0.0000000000
79220  -8.097  -12.466  43.380 0.0000000000
80623  -10.980  -11.664  40.981 0.0000000000
80660  -19.701  -11.395  39.156 0.0000000000
80669  -21.316  -11.660  38.186 0.0000000000
80670  -21.960  -11.701  38.011 0.0000000000
82026  -18.532  -10.972  40.194 0.0000000000
82078  -21.237  -11.584  36.891 0.0000000000
82085  -19.487  -10.883  36.698 0.0000000000
82109  -21.327  -11.292  35.662 0.0000000000
83479  -20.017  -10.702  35.653 0.0000000000
83502  -20.986  -10.779  35.100 0.0000000000
83503  -22.320  -10.987  35.165 0.0000000000
83519  -19.775  -10.144  34.643 0.0000000000
83523  -23.084  -10.187  34.466 0.0000000000
83532  -21.651  -9.969  34.134 0.0000000000
84729  -16.619  -9.903  37.458 0.0000000000
84768  -24.086  -9.791  35.039 0.0000000000
84786  -18.144  -8.897  34.814 0.0000000000
84804  -20.491  -9.400  33.474 0.0000000000
86024  -16.418  -8.472  36.199 0.0000000000
86025  -16.827  -8.741  36.009 0.0000000000
86065  -17.734  -8.184  34.822 0.0000000000
86129  -28.489  -7.888  31.962 0.0000000000
86130  -29.414  -8.602  32.488 0.0000000000
86156  -30.868  -8.617  30.654 0.0000000000
86167  -30.137  -8.086  29.812 0.0000000000
86170  -32.284  -8.128  29.932 0.0000000000
87252  -10.264  -7.106  43.052 0.0000000000
87259  -10.289  -7.822  42.199 0.0000000000
87349  -17.409  -7.641  34.934 0.0000000000
87352  -19.427  -6.854  34.250 0.0000000000
87395  -20.986  -7.697  33.144 0.0000000000
87401  -28.260  -7.828  33.452 0.0000000000
87416  -28.141  -7.849  32.760 0.0000000000
87430  -33.682  -8.027  30.887 0.0000000000
87467  -29.502  -7.354  29.375 0.0000000000
88681  -11.969  -6.312  41.189 0.0000000000
88704  -12.287  -6.949  39.970 0.0000000000
88841  -27.339  -6.503  30.108 0.0000000000
88845  -34.629  -6.549  30.124 0.0000000000
90118  -15.013  -5.704  37.380 0.0000000000
90270  -33.355  -5.887  28.068 0.0000000000
91491  -37.076  -6.113  31.541 0.0000000000
91505  -23.364  -4.934  31.860 0.0000000000
91532  -26.260  -4.920  30.118 0.0000000000
91533  -26.718  -5.276  30.050 0.0000000000
91534  -27.348  -5.613  29.798 0.0000000000
91554  -35.021  -5.314  29.091 0.0000000000
91555  -35.684  -5.034  29.056 0.0000000000
92766  -21.653  -4.581  34.103 0.0000000000
92794  -22.367  -4.334  32.586 0.0000000000
92826  -37.333  -5.409  30.480 0.0000000000
92837  -28.343  -4.364  30.702 0.0000000000
92863  -35.784  -4.453  28.615 0.0000000000
94272  -24.022  -3.101  32.071 0.0000000000
94294  -25.361  -3.562  31.044 0.0000000000
94320  -37.786  -3.465  29.906 0.0000000000
94328  -26.964  -4.002  30.324 0.0000000000
94340  -36.473  -3.066  29.026 0.0000000000
94351  -35.718  -3.768  28.387 0.0000000000
94360  -31.779  -3.595  27.378 0.0000000000
94383  -33.564  -3.213  26.974 0.0000000000
95738  -23.427  -2.501  33.706 0.0000000000
95740  -27.976  -2.125  32.621 0.0000000000
95753  -23.475  -2.833  32.779 0.0000000000
95757  -26.569  -2.252  32.060 0.0000000000
95802  -26.412  -2.949  31.048 0.0000000000
95817  -36.316  -2.297  29.079 0.0000000000
95841  -34.969  -2.973  27.886 0.0000000000
97096  -24.861  -1.836  33.087 0.0000000000
97113  -26.919  -1.999  32.478 0.0000000000
97174  -36.507  -1.548  29.324 0.0000000000
97200  -30.583  -2.328  28.130 0.0000000000
97259  -35.638  -2.115  23.487 0.0000000000
97279  -37.235  -2.190  22.714 0.0000000000
98611  -34.467  -2.160  22.295 0.0000000000
98634  -37.325  -1.586  21.724 0.0000000000
98648  -35.702  -1.328  21.316 0.0000000000
99925  -29.396  -0.724  27.370 0.0000000000
100024  -33.131  -0.413  22.618 0.0000000000
100080  -39.069  -0.683  20.247 0.0000000000
101319  -33.715  0.877  28.803 0.0000000000
101471  -38.680  -0.133  19.835 0.0000000000
102938  -37.580  0.825  18.963 0.0000000000
102960  -39.910  1.404  18.621 0.0000000000
104336  -40.240  1.880  18.364 0.0000000000
105444  -28.639  3.299  27.409 0.0000000000
105542  -38.194  2.685  18.550 0.0000000000
108038  -36.986  4.680  19.041 0.0000000000
112102  -37.296  6.618  19.714 0.0000000000
112110  -37.942  7.064  18.852 0.0000000000
112129  -42.130  6.517  17.687 0.0000000000
113468  -43.906  7.463  14.960 0.0000000000
115692  -39.081  8.946  20.866 0.0000000000
115780  -43.935  9.109  13.863 0.0000000000
118247  -41.061  10.449  17.658 0.0000000000
120572  -43.864  12.267  12.015 0.0000000000
120577  -43.645  12.939  11.963 0.0000000000
121774  -50.066  12.797  10.074 0.0000000000
199528  -18.965  -10.908  38.560 0.0000000000
200064  -34.268  -1.825  24.021 0.0000000000
203966  -18.122  -10.912  39.934 0.0000000000
204436  -21.625  -10.438  34.893 0.0000000000
207599  -42.332  6.750  17.240 0.0000000000
210245  -28.228  2.039  27.896 0.0000000000
213300  -30.797  -2.182  29.640 0.0000000000
217381  -27.900  -5.141  29.870 0.0000000000
218231  -27.525  -1.984  33.101 0.0000000000
220694  -39.686  1.896  18.360 0.0000000000
221308  -42.035  5.698  17.971 0.0000000000
222913  -46.658  11.195  9.804 0.0000000000
222923  -27.748  -3.672  30.920 0.0000000000
223033  -39.359  2.717  18.180 0.0000000000
223934  -43.767  5.412  18.113 0.0000000000
224085  -25.289  -8.797  34.886 0.0000000000
226597  -34.825  -7.770  31.442 0.0000000000
227941  -20.886  -11.895  39.444 0.0000000000
230088  -35.203  -2.567  28.081 0.0000000000
231602  -22.333  -5.696  32.436 0.0000000000
231635  -32.236  4.413  23.120 0.0000000000
232284  -14.073  -11.068  41.301 0.0000000000
232397  -35.518  -2.099  22.116 0.0000000000
233481  -24.115  -7.685  33.025 0.0000000000
233653  -23.088  -2.725  34.029 0.0000000000
234543  -24.178  -9.516  34.622 0.0000000000
235333  -28.585  -8.065  32.501 0.0000000000
235857  -16.689  -10.742  40.258 0.0000000000
236269  -33.654  -3.736  27.134 0.0000000000
236345  -24.321  -3.266  31.687 0.0000000000
236620  -39.167  0.275  19.462 0.0000000000
237485  -33.223  -8.352  30.818 0.0000000000
237806  -39.278  8.237  18.203 0.0000000000
238191  -28.981  0.382  26.758 0.0000000000
