#!ascii label  , from subject sub-06_ses-014.long.sub-06 vox2ras=TkReg
433
98221  28.784  5.126  -32.914 0.0000000000
84915  24.735  -4.038  -28.923 0.0000000000
106346  28.913  10.548  -32.302 0.0000000000
196209  27.014  20.549  -35.723 0.0000000000
82305  23.600  -5.822  -28.412 0.0000000000
110091  31.687  13.236  -34.803 0.0000000000
181637  30.943  15.945  -33.381 0.0000000000
95931  26.100  3.392  -31.832 0.0000000000
92509  26.502  0.270  -31.067 0.0000000000
93634  28.845  0.920  -32.888 0.0000000000
101787  29.711  7.195  -35.989 0.0000000000
97093  31.402  3.205  -34.655 0.0000000000
202631  29.385  8.173  -32.636 0.0000000000
106403  29.977  10.356  -35.938 0.0000000000
116973  27.833  17.970  -34.562 0.0000000000
119188  30.085  19.263  -33.127 0.0000000000
88747  26.047  -1.609  -29.524 0.0000000000
111231  29.757  14.299  -32.516 0.0000000000
187840  29.472  16.204  -32.718 0.0000000000
97045  27.555  3.861  -32.393 0.0000000000
94791  27.622  1.883  -32.735 0.0000000000
97063  28.406  3.142  -33.280 0.0000000000
83566  24.282  -4.572  -28.552 0.0000000000
104090  28.884  9.244  -32.362 0.0000000000
177957  30.124  9.351  -34.457 0.0000000000
106384  30.179  10.660  -34.111 0.0000000000
111266  32.289  14.213  -35.551 0.0000000000
110104  31.425  13.129  -36.538 0.0000000000
119226  25.637  18.993  -36.976 0.0000000000
116989  26.667  18.027  -35.180 0.0000000000
119212  27.615  19.408  -35.459 0.0000000000
124656  29.924  23.846  -33.468 0.0000000000
187827  30.327  22.638  -33.130 0.0000000000
120264  29.757  20.272  -33.758 0.0000000000
186781  31.246  20.665  -33.169 0.0000000000
175914  32.141  18.931  -33.340 0.0000000000
91279  27.037  0.213  -30.905 0.0000000000
88757  26.247  -1.101  -30.472 0.0000000000
80876  22.950  -6.616  -28.259 0.0000000000
107599  30.604  11.940  -33.478 0.0000000000
110047  30.136  13.168  -32.777 0.0000000000
111229  31.325  14.288  -33.277 0.0000000000
114625  32.528  16.020  -34.551 0.0000000000
92511  24.813  0.682  -31.114 0.0000000000
94792  26.217  1.970  -31.622 0.0000000000
93613  27.896  0.832  -32.237 0.0000000000
92506  27.996  0.988  -31.381 0.0000000000
193276  29.790  5.674  -34.681 0.0000000000
98251  29.923  3.872  -34.828 0.0000000000
189464  30.706  5.524  -35.580 0.0000000000
99420  27.410  5.570  -32.177 0.0000000000
188238  27.082  7.190  -32.032 0.0000000000
100613  29.174  6.447  -33.243 0.0000000000
101775  29.660  7.337  -34.646 0.0000000000
104125  29.538  9.061  -35.711 0.0000000000
105255  28.863  10.292  -37.225 0.0000000000
108867  31.017  12.036  -35.615 0.0000000000
107645  29.328  11.486  -37.357 0.0000000000
114613  27.624  16.658  -33.994 0.0000000000
196533  27.884  21.598  -34.741 0.0000000000
119202  28.729  19.873  -34.301 0.0000000000
118124  28.701  18.907  -33.908 0.0000000000
115745  28.963  17.169  -33.339 0.0000000000
183132  31.105  17.425  -33.017 0.0000000000
115742  32.246  17.359  -33.487 0.0000000000
86186  24.775  -3.158  -30.046 0.0000000000
91281  25.191  -0.448  -30.892 0.0000000000
95954  29.567  2.151  -34.070 0.0000000000
94789  29.185  1.636  -32.560 0.0000000000
112310  28.658  15.161  -32.673 0.0000000000
189686  28.776  15.916  -32.781 0.0000000000
98222  28.359  4.604  -32.772 0.0000000000
97044  27.917  3.034  -32.938 0.0000000000
97062  28.647  3.935  -33.492 0.0000000000
79567  21.730  -7.505  -27.323 0.0000000000
79566  22.386  -7.412  -27.406 0.0000000000
105211  28.678  9.911  -32.244 0.0000000000
104088  29.507  9.874  -32.872 0.0000000000
106345  29.433  10.418  -32.734 0.0000000000
113443  32.531  15.180  -35.959 0.0000000000
111282  31.972  14.397  -37.021 0.0000000000
120296  26.051  19.931  -36.748 0.0000000000
118157  25.593  18.795  -36.787 0.0000000000
185385  27.176  18.910  -35.807 0.0000000000
119224  27.101  19.437  -35.824 0.0000000000
190873  30.797  21.675  -33.077 0.0000000000
121347  31.879  20.853  -33.137 0.0000000000
91264  27.245  0.392  -30.196 0.0000000000
91265  26.955  0.028  -30.384 0.0000000000
83586  23.664  -4.426  -29.307 0.0000000000
197159  29.195  12.556  -32.412 0.0000000000
110049  28.747  13.164  -32.374 0.0000000000
113402  30.582  15.471  -33.253 0.0000000000
205865  30.884  14.755  -33.150 0.0000000000
112307  31.251  15.374  -33.480 0.0000000000
113418  32.259  15.446  -34.295 0.0000000000
114611  32.143  16.033  -34.013 0.0000000000
120307  25.912  20.482  -36.975 0.0000000000
94793  25.416  2.294  -31.420 0.0000000000
201709  25.779  2.838  -31.516 0.0000000000
94806  28.503  1.127  -32.977 0.0000000000
196016  27.959  1.179  -32.632 0.0000000000
93635  28.595  0.896  -32.672 0.0000000000
92529  28.031  0.881  -32.244 0.0000000000
93612  28.773  0.865  -32.723 0.0000000000
80893  23.210  -6.167  -28.579 0.0000000000
80851  23.255  -6.775  -27.557 0.0000000000
100627  29.749  6.850  -35.450 0.0000000000
99466  30.168  5.390  -35.168 0.0000000000
100634  30.036  6.709  -35.851 0.0000000000
207571  26.970  5.279  -32.239 0.0000000000
102919  27.781  8.253  -32.044 0.0000000000
101741  27.985  7.668  -32.068 0.0000000000
100582  28.055  6.603  -32.147 0.0000000000
101765  29.212  7.403  -33.091 0.0000000000
100612  29.512  6.875  -33.887 0.0000000000
101764  29.462  7.601  -33.783 0.0000000000
105238  30.006  9.495  -35.112 0.0000000000
104122  29.847  8.825  -35.055 0.0000000000
105243  29.540  9.713  -35.817 0.0000000000
104139  29.385  9.745  -36.837 0.0000000000
181204  29.026  10.710  -37.029 0.0000000000
108844  30.921  12.397  -33.944 0.0000000000
107615  30.680  11.747  -34.226 0.0000000000
108856  31.406  12.644  -35.187 0.0000000000
108885  30.869  12.736  -37.336 0.0000000000
107655  29.665  11.770  -38.058 0.0000000000
206242  27.254  18.109  -35.091 0.0000000000
115784  26.564  17.149  -35.051 0.0000000000
115783  27.208  17.528  -34.853 0.0000000000
114614  26.867  16.360  -34.137 0.0000000000
115765  27.746  17.241  -34.348 0.0000000000
195141  29.201  22.762  -33.697 0.0000000000
196328  28.917  23.399  -33.954 0.0000000000
196534  28.806  21.606  -34.469 0.0000000000
121360  29.069  20.990  -34.332 0.0000000000
120263  30.189  20.013  -33.334 0.0000000000
119189  29.709  19.704  -33.692 0.0000000000
211324  29.762  18.651  -33.437 0.0000000000
115763  29.142  17.806  -33.533 0.0000000000
116953  29.729  18.119  -33.328 0.0000000000
177436  29.692  17.345  -32.875 0.0000000000
118108  30.355  18.451  -33.123 0.0000000000
119186  32.630  19.412  -33.465 0.0000000000
118105  32.231  18.355  -33.472 0.0000000000
118122  32.925  18.266  -34.368 0.0000000000
116969  32.981  17.530  -34.266 0.0000000000
86202  24.045  -3.096  -30.528 0.0000000000
92510  25.651  0.414  -31.210 0.0000000000
207773  25.191  0.108  -31.048 0.0000000000
91280  25.815  -0.184  -30.890 0.0000000000
88758  26.087  -1.627  -30.378 0.0000000000
87470  25.918  -2.254  -30.276 0.0000000000
87471  25.652  -2.587  -30.236 0.0000000000
202716  30.615  3.650  -34.845 0.0000000000
95966  30.012  2.302  -34.411 0.0000000000
95965  30.724  2.497  -34.312 0.0000000000
111215  29.177  13.760  -32.450 0.0000000000
191563  28.934  14.460  -32.462 0.0000000000
112309  29.366  14.892  -32.571 0.0000000000
187860  30.230  16.030  -33.148 0.0000000000
202519  26.686  3.527  -32.178 0.0000000000
199477  26.848  2.690  -32.267 0.0000000000
201349  27.351  3.030  -32.553 0.0000000000
95946  28.138  1.970  -33.112 0.0000000000
95945  28.511  2.190  -33.345 0.0000000000
82324  23.828  -5.301  -28.545 0.0000000000
80874  23.929  -5.700  -27.266 0.0000000000
205374  24.086  -5.166  -27.350 0.0000000000
82288  24.282  -5.311  -26.854 0.0000000000
102974  29.712  8.267  -36.570 0.0000000000
101795  29.935  7.177  -36.001 0.0000000000
104075  28.268  8.765  -32.232 0.0000000000
180080  29.486  8.663  -32.483 0.0000000000
187883  29.788  8.729  -33.550 0.0000000000
104103  29.788  9.436  -33.223 0.0000000000
105234  30.023  9.957  -33.840 0.0000000000
203794  30.285  10.582  -34.701 0.0000000000
111267  32.087  13.665  -35.191 0.0000000000
110097  31.658  13.154  -35.622 0.0000000000
185809  32.003  13.667  -35.987 0.0000000000
111275  31.778  13.778  -36.815 0.0000000000
118141  26.844  18.508  -35.615 0.0000000000
116988  27.521  18.526  -35.126 0.0000000000
123553  30.254  23.253  -33.311 0.0000000000
122475  29.440  22.118  -33.429 0.0000000000
121351  29.545  20.905  -33.788 0.0000000000
190547  30.668  20.409  -33.195 0.0000000000
120262  30.654  19.756  -33.097 0.0000000000
119187  30.771  19.088  -32.945 0.0000000000
178066  31.647  20.216  -33.214 0.0000000000
182080  32.764  19.893  -33.138 0.0000000000
203910  27.086  0.247  -31.159 0.0000000000
90040  26.733  -0.042  -30.779 0.0000000000
187969  26.770  -0.226  -30.587 0.0000000000
88746  26.355  -1.107  -30.047 0.0000000000
80877  22.410  -6.886  -28.473 0.0000000000
80894  22.675  -6.352  -28.933 0.0000000000
82325  23.232  -5.671  -29.005 0.0000000000
83567  23.836  -4.953  -29.012 0.0000000000
83585  24.275  -4.276  -29.147 0.0000000000
84935  24.448  -3.622  -29.493 0.0000000000
107581  29.009  11.299  -32.070 0.0000000000
208613  29.802  11.360  -32.747 0.0000000000
180046  29.954  11.846  -32.712 0.0000000000
108828  30.710  12.599  -33.337 0.0000000000
110081  31.172  13.001  -33.661 0.0000000000
183379  30.284  13.815  -32.794 0.0000000000
111250  31.297  13.693  -33.407 0.0000000000
111261  31.888  13.755  -34.493 0.0000000000
111248  32.144  14.352  -34.709 0.0000000000
112341  32.530  14.867  -35.290 0.0000000000
113433  32.773  15.974  -35.239 0.0000000000
120297  25.507  19.603  -37.057 0.0000000000
121381  26.816  20.966  -36.347 0.0000000000
93615  25.838  1.469  -31.458 0.0000000000
194676  26.251  0.749  -31.349 0.0000000000
191781  27.105  1.643  -32.271 0.0000000000
93614  26.958  0.873  -31.820 0.0000000000
192750  27.079  0.418  -31.493 0.0000000000
92508  27.452  0.430  -31.518 0.0000000000
92507  27.684  0.478  -31.730 0.0000000000
92493  27.574  0.664  -30.817 0.0000000000
99460  29.274  5.178  -33.965 0.0000000000
98235  28.970  4.630  -33.759 0.0000000000
98250  29.688  4.838  -34.843 0.0000000000
189634  30.212  4.445  -35.055 0.0000000000
97103  30.920  3.924  -35.079 0.0000000000
100640  30.650  6.575  -35.990 0.0000000000
98259  31.465  4.801  -35.770 0.0000000000
97092  32.373  3.740  -35.203 0.0000000000
186782  26.561  5.016  -32.258 0.0000000000
187077  27.327  4.795  -32.343 0.0000000000
99436  28.581  5.517  -32.422 0.0000000000
203499  27.409  6.433  -31.965 0.0000000000
99419  28.087  5.926  -32.190 0.0000000000
99435  28.910  5.955  -32.689 0.0000000000
99451  29.518  5.921  -33.975 0.0000000000
100620  29.730  6.456  -34.674 0.0000000000
101781  29.542  7.493  -35.652 0.0000000000
102954  29.513  8.127  -34.098 0.0000000000
102960  29.470  8.097  -35.052 0.0000000000
102964  29.506  7.786  -36.293 0.0000000000
102982  29.782  9.043  -36.718 0.0000000000
104147  29.365  9.801  -37.477 0.0000000000
107616  30.357  11.302  -33.757 0.0000000000
106383  30.412  11.111  -34.496 0.0000000000
106402  30.184  10.977  -35.973 0.0000000000
108866  31.271  12.570  -36.003 0.0000000000
201277  30.110  11.656  -36.721 0.0000000000
106407  29.562  11.224  -36.664 0.0000000000
107646  28.886  11.156  -37.420 0.0000000000
113420  27.361  16.146  -33.479 0.0000000000
121371  27.249  21.265  -35.478 0.0000000000
121370  27.629  20.813  -35.044 0.0000000000
194379  27.387  20.065  -35.304 0.0000000000
119211  28.204  19.790  -34.924 0.0000000000
116987  28.159  18.656  -34.512 0.0000000000
120274  29.207  20.313  -34.093 0.0000000000
119201  29.004  19.595  -33.889 0.0000000000
116972  28.493  18.260  -34.031 0.0000000000
115764  28.486  17.601  -33.950 0.0000000000
114612  28.302  16.922  -33.737 0.0000000000
114596  28.164  16.315  -33.407 0.0000000000
202840  29.407  16.783  -32.732 0.0000000000
182846  29.931  16.713  -32.686 0.0000000000
114594  30.644  16.475  -33.012 0.0000000000
116950  31.462  17.852  -33.106 0.0000000000
115743  31.653  17.221  -33.216 0.0000000000
201129  32.045  16.687  -33.629 0.0000000000
114610  32.591  16.568  -34.154 0.0000000000
114624  32.906  16.570  -34.864 0.0000000000
84950  24.268  -3.350  -30.162 0.0000000000
84934  24.746  -3.289  -29.295 0.0000000000
88770  24.840  -1.465  -30.881 0.0000000000
204621  25.806  -0.790  -30.650 0.0000000000
87496  25.587  -1.878  -30.830 0.0000000000
87497  25.060  -2.179  -30.703 0.0000000000
86200  25.256  -2.841  -30.336 0.0000000000
86185  25.143  -2.812  -29.821 0.0000000000
97077  29.065  3.385  -34.291 0.0000000000
95955  29.056  2.042  -33.594 0.0000000000
94815  29.180  1.968  -33.374 0.0000000000
185378  30.091  2.464  -33.696 0.0000000000
194406  29.592  2.055  -33.596 0.0000000000
93611  28.943  1.078  -32.884 0.0000000000
93603  28.456  1.234  -31.908 0.0000000000
82304  23.917  -5.587  -27.931 0.0000000000
86201  24.731  -3.047  -30.450 0.0000000000
88769  25.966  -1.436  -30.650 0.0000000000
90028  26.694  -0.735  -30.445 0.0000000000
90041  26.482  -0.737  -30.627 0.0000000000
90042  25.350  -1.155  -30.842 0.0000000000
91278  27.357  0.345  -31.051 0.0000000000
92530  27.734  0.448  -31.796 0.0000000000
92531  25.290  1.072  -31.318 0.0000000000
94790  28.940  1.411  -32.319 0.0000000000
94804  29.139  1.605  -33.031 0.0000000000
94805  28.900  1.381  -33.160 0.0000000000
94827  30.124  2.325  -34.167 0.0000000000
95978  31.169  2.729  -34.314 0.0000000000
95979  30.623  2.817  -34.530 0.0000000000
97046  27.055  4.114  -32.170 0.0000000000
97085  29.687  3.167  -34.589 0.0000000000
97102  31.761  3.783  -35.330 0.0000000000
98258  32.252  4.331  -35.683 0.0000000000
98260  30.831  4.606  -35.430 0.0000000000
99452  29.154  5.571  -33.321 0.0000000000
99459  29.531  5.197  -34.386 0.0000000000
99473  32.106  5.081  -36.090 0.0000000000
99474  30.120  6.163  -35.598 0.0000000000
100596  28.881  6.835  -32.560 0.0000000000
100597  28.514  6.348  -32.356 0.0000000000
100633  31.184  5.680  -35.970 0.0000000000
101753  28.553  7.149  -32.037 0.0000000000
102930  28.913  8.560  -32.323 0.0000000000
102943  29.510  8.131  -33.261 0.0000000000
102944  29.754  8.716  -32.785 0.0000000000
104076  27.592  8.933  -31.920 0.0000000000
104089  29.545  9.253  -32.658 0.0000000000
104116  29.827  8.726  -34.340 0.0000000000
104132  29.418  9.450  -36.209 0.0000000000
104138  29.929  9.278  -37.334 0.0000000000
105210  29.159  9.895  -32.547 0.0000000000
105223  29.722  10.243  -33.194 0.0000000000
105249  29.255  10.140  -36.520 0.0000000000
106347  28.443  10.962  -31.864 0.0000000000
106366  29.996  10.786  -33.480 0.0000000000
106396  30.294  10.802  -35.257 0.0000000000
106397  30.153  10.144  -35.254 0.0000000000
106412  28.626  10.841  -37.711 0.0000000000
107567  27.816  11.285  -31.888 0.0000000000
107580  29.447  11.016  -32.507 0.0000000000
107600  30.163  11.481  -33.118 0.0000000000
107628  30.668  11.444  -35.189 0.0000000000
107636  30.478  11.533  -36.097 0.0000000000
107656  28.627  11.297  -38.117 0.0000000000
108810  29.936  12.498  -32.667 0.0000000000
108811  29.056  11.937  -32.096 0.0000000000
108829  30.374  12.162  -32.985 0.0000000000
108843  31.385  12.780  -34.370 0.0000000000
108857  31.042  12.175  -34.730 0.0000000000
108876  30.968  12.535  -36.681 0.0000000000
108877  30.439  11.977  -37.292 0.0000000000
110048  29.501  13.117  -32.547 0.0000000000
110063  30.719  13.287  -33.118 0.0000000000
110064  30.405  12.727  -32.956 0.0000000000
110080  31.601  13.413  -34.050 0.0000000000
111214  29.774  13.618  -32.604 0.0000000000
111230  30.837  14.054  -33.047 0.0000000000
111232  28.272  14.615  -32.587 0.0000000000
111249  31.741  14.165  -33.827 0.0000000000
111274  32.176  14.240  -36.280 0.0000000000
111283  31.604  13.868  -37.731 0.0000000000
112308  30.045  15.001  -32.920 0.0000000000
112326  31.964  14.865  -34.096 0.0000000000
112327  31.531  14.796  -33.523 0.0000000000
112351  32.375  14.666  -35.909 0.0000000000
112357  32.298  14.833  -36.493 0.0000000000
113401  31.581  16.005  -33.651 0.0000000000
113403  29.977  15.661  -32.971 0.0000000000
113404  29.363  15.494  -32.697 0.0000000000
113405  28.003  15.655  -33.103 0.0000000000
113419  31.792  15.407  -33.836 0.0000000000
113434  32.571  15.440  -34.881 0.0000000000
114593  31.346  16.522  -33.230 0.0000000000
114595  28.816  16.553  -33.081 0.0000000000
115744  31.056  16.938  -32.917 0.0000000000
115761  32.910  17.004  -34.344 0.0000000000
115762  32.601  17.167  -33.890 0.0000000000
115767  25.768  16.757  -34.344 0.0000000000
116949  32.073  17.826  -33.300 0.0000000000
116951  30.803  17.875  -33.030 0.0000000000
116952  30.212  17.832  -33.035 0.0000000000
116970  32.530  17.877  -33.760 0.0000000000
116971  29.170  18.422  -33.686 0.0000000000
118106  31.788  18.395  -33.182 0.0000000000
118107  31.138  18.437  -33.002 0.0000000000
118109  29.404  19.079  -33.621 0.0000000000
118123  32.611  18.750  -33.875 0.0000000000
118125  28.491  19.308  -34.450 0.0000000000
118140  27.893  19.092  -35.093 0.0000000000
120261  32.340  20.319  -33.179 0.0000000000
120295  26.667  19.918  -36.062 0.0000000000
121348  31.381  21.300  -33.112 0.0000000000
121349  30.757  21.045  -33.150 0.0000000000
121350  30.143  20.802  -33.334 0.0000000000
122474  30.112  22.039  -33.142 0.0000000000
123554  29.563  23.314  -33.553 0.0000000000
124657  29.377  23.898  -33.752 0.0000000000
125742  29.714  24.284  -33.690 0.0000000000
175889  30.239  10.011  -34.564 0.0000000000
176445  31.514  19.013  -33.081 0.0000000000
176722  29.313  4.326  -34.472 0.0000000000
178019  30.476  17.215  -32.850 0.0000000000
178257  29.669  7.725  -36.287 0.0000000000
179505  32.042  19.638  -33.245 0.0000000000
179696  29.489  11.588  -32.445 0.0000000000
180040  29.488  8.583  -36.289 0.0000000000
181088  27.716  7.126  -32.076 0.0000000000
181607  28.083  5.097  -32.364 0.0000000000
182124  28.581  7.996  -32.163 0.0000000000
184516  27.989  4.111  -32.545 0.0000000000
185453  29.440  8.321  -35.759 0.0000000000
186932  30.410  14.393  -32.786 0.0000000000
187946  32.342  14.986  -34.632 0.0000000000
189550  27.017  16.846  -34.707 0.0000000000
190251  25.487  3.484  -31.666 0.0000000000
191023  24.047  -4.839  -27.785 0.0000000000
191475  32.005  3.414  -34.847 0.0000000000
192040  26.554  20.465  -36.731 0.0000000000
192924  29.771  22.669  -33.313 0.0000000000
193018  29.496  10.686  -36.414 0.0000000000
193747  30.771  12.048  -36.383 0.0000000000
195671  29.843  6.168  -35.289 0.0000000000
197355  29.969  9.235  -33.868 0.0000000000
199015  29.041  2.587  -34.072 0.0000000000
199276  31.291  19.634  -33.121 0.0000000000
199520  28.780  18.046  -33.751 0.0000000000
200261  29.776  10.896  -32.952 0.0000000000
200928  28.978  11.573  -38.749 0.0000000000
202764  29.543  12.080  -32.482 0.0000000000
202955  32.703  15.441  -35.463 0.0000000000
204613  29.407  2.439  -34.457 0.0000000000
206990  29.149  8.185  -32.402 0.0000000000
207015  29.424  7.893  -35.756 0.0000000000
207792  29.888  6.662  -35.698 0.0000000000
208437  30.497  6.174  -35.855 0.0000000000
208539  26.367  2.529  -31.891 0.0000000000
208547  28.984  7.616  -32.375 0.0000000000
208926  29.485  19.987  -33.919 0.0000000000
209765  33.066  16.839  -35.280 0.0000000000
210792  31.113  20.141  -33.227 0.0000000000
