#!ascii label  , from subject sub-06_ses-003.long.sub-06 vox2ras=TkReg
382
200089  35.384  -45.800  -7.267 0.0000000000
23827  43.235  -43.492  -14.823 0.0000000000
17380  41.026  -49.538  -7.732 0.0000000000
20979  38.306  -46.399  -11.966 0.0000000000
16581  42.901  -49.431  -11.901 0.0000000000
17412  43.167  -49.508  -9.361 0.0000000000
14832  41.181  -51.232  -9.838 0.0000000000
22847  40.722  -44.785  -13.835 0.0000000000
24767  37.762  -42.381  -13.589 0.0000000000
18239  37.883  -48.594  -7.541 0.0000000000
18267  39.491  -48.268  -9.975 0.0000000000
20109  41.557  -47.360  -11.987 0.0000000000
21011  43.645  -45.989  -13.169 0.0000000000
16636  42.262  -49.683  -14.237 0.0000000000
23692  34.981  -44.082  -5.852 0.0000000000
20929  37.949  -45.942  -5.825 0.0000000000
19150  40.783  -47.714  -5.513 0.0000000000
24738  35.351  -42.878  -11.735 0.0000000000
14793  42.604  -51.315  -8.805 0.0000000000
23810  42.121  -43.983  -14.542 0.0000000000
24764  39.859  -42.880  -14.255 0.0000000000
17382  39.631  -49.294  -7.745 0.0000000000
17400  40.701  -49.128  -9.043 0.0000000000
198101  42.889  -49.400  -10.710 0.0000000000
18273  42.105  -48.344  -10.573 0.0000000000
19187  42.897  -48.258  -11.402 0.0000000000
20127  42.727  -46.999  -12.506 0.0000000000
18289  43.695  -48.031  -12.662 0.0000000000
197479  44.268  -47.224  -14.336 0.0000000000
20925  39.612  -45.969  -5.338 0.0000000000
20054  39.503  -47.014  -5.570 0.0000000000
20050  40.717  -46.522  -5.398 0.0000000000
20114  37.624  -46.421  -11.181 0.0000000000
21883  36.667  -44.911  -12.162 0.0000000000
26845  37.519  -41.027  -13.880 0.0000000000
27984  36.580  -40.664  -13.150 0.0000000000
17378  43.047  -49.978  -7.688 0.0000000000
17398  42.425  -49.317  -8.934 0.0000000000
16549  43.505  -50.111  -9.013 0.0000000000
16557  43.152  -50.329  -9.508 0.0000000000
16583  41.914  -49.985  -11.036 0.0000000000
21880  39.005  -45.441  -12.976 0.0000000000
22850  38.004  -44.437  -13.143 0.0000000000
22867  39.039  -43.970  -13.780 0.0000000000
189518  38.874  -42.120  -14.255 0.0000000000
24796  44.147  -42.947  -15.494 0.0000000000
19162  36.313  -47.323  -7.552 0.0000000000
19183  37.882  -47.800  -9.956 0.0000000000
186399  38.465  -47.027  -11.094 0.0000000000
191762  41.075  -48.554  -9.943 0.0000000000
19190  40.511  -47.814  -10.950 0.0000000000
20111  39.503  -46.972  -11.667 0.0000000000
21014  40.895  -45.936  -12.956 0.0000000000
194820  42.239  -45.231  -13.564 0.0000000000
22863  43.365  -44.530  -14.161 0.0000000000
197946  43.050  -49.502  -13.090 0.0000000000
18297  43.989  -47.784  -13.284 0.0000000000
21024  44.678  -45.524  -13.636 0.0000000000
23807  44.510  -44.420  -14.583 0.0000000000
23708  33.877  -43.791  -6.638 0.0000000000
21809  35.197  -44.969  -6.461 0.0000000000
21808  36.537  -45.340  -5.868 0.0000000000
20058  36.830  -46.231  -6.281 0.0000000000
19156  37.829  -47.779  -6.450 0.0000000000
18222  39.133  -48.418  -6.148 0.0000000000
17357  41.051  -48.935  -6.170 0.0000000000
18218  42.604  -48.622  -5.656 0.0000000000
17368  42.430  -49.479  -6.688 0.0000000000
24757  36.669  -43.092  -12.960 0.0000000000
20941  34.992  -45.535  -7.699 0.0000000000
21818  34.335  -44.627  -8.121 0.0000000000
20947  34.892  -45.708  -8.416 0.0000000000
23828  42.530  -43.397  -14.721 0.0000000000
24762  41.216  -43.125  -14.633 0.0000000000
17381  40.313  -49.372  -7.548 0.0000000000
17391  40.298  -49.341  -8.351 0.0000000000
17390  41.238  -49.389  -8.479 0.0000000000
16568  43.146  -49.266  -11.514 0.0000000000
18271  43.209  -48.637  -11.229 0.0000000000
181960  43.444  -48.614  -11.876 0.0000000000
18280  43.449  -48.245  -12.144 0.0000000000
194646  43.506  -48.980  -12.533 0.0000000000
18338  43.035  -48.268  -14.904 0.0000000000
20051  40.010  -46.400  -5.475 0.0000000000
20980  37.776  -46.185  -11.743 0.0000000000
20981  37.298  -45.990  -11.597 0.0000000000
21001  37.495  -45.685  -12.151 0.0000000000
29070  37.080  -39.662  -13.495 0.0000000000
17387  43.224  -49.996  -8.024 0.0000000000
16546  43.540  -50.146  -8.270 0.0000000000
14810  42.325  -51.152  -9.245 0.0000000000
15645  43.076  -50.848  -9.072 0.0000000000
201297  42.597  -50.601  -9.721 0.0000000000
15679  41.995  -50.313  -10.254 0.0000000000
21898  39.552  -45.058  -13.385 0.0000000000
209930  38.995  -44.903  -13.322 0.0000000000
22866  39.707  -44.078  -13.973 0.0000000000
24765  39.152  -42.798  -14.105 0.0000000000
25801  39.345  -41.581  -14.584 0.0000000000
200915  38.624  -41.337  -14.414 0.0000000000
206170  37.057  -47.805  -7.233 0.0000000000
19161  36.728  -47.732  -7.701 0.0000000000
209588  37.822  -48.582  -8.175 0.0000000000
19192  38.635  -47.460  -10.684 0.0000000000
19182  39.132  -47.919  -10.333 0.0000000000
17397  42.988  -49.442  -9.169 0.0000000000
17399  41.564  -49.086  -9.055 0.0000000000
199056  42.524  -49.025  -9.538 0.0000000000
190484  41.796  -48.104  -11.110 0.0000000000
19189  41.299  -48.148  -10.771 0.0000000000
19202  41.198  -47.683  -11.417 0.0000000000
20110  40.361  -47.304  -11.485 0.0000000000
191736  40.931  -47.137  -11.807 0.0000000000
20130  40.345  -46.752  -12.092 0.0000000000
20129  41.148  -46.843  -12.269 0.0000000000
20994  43.180  -46.511  -12.938 0.0000000000
20995  42.259  -46.437  -12.847 0.0000000000
21012  42.700  -45.882  -13.183 0.0000000000
21915  42.901  -44.869  -13.916 0.0000000000
21895  43.967  -45.556  -13.412 0.0000000000
14056  38.871  -52.758  -13.887 0.0000000000
206871  41.508  -50.412  -14.602 0.0000000000
14888  41.068  -50.944  -14.322 0.0000000000
15756  41.673  -50.548  -14.188 0.0000000000
208143  42.554  -49.877  -13.731 0.0000000000
16609  43.235  -49.235  -13.175 0.0000000000
18310  43.676  -48.362  -13.466 0.0000000000
20160  44.893  -46.131  -14.558 0.0000000000
20149  44.506  -46.550  -13.410 0.0000000000
21912  44.871  -45.188  -14.097 0.0000000000
22861  44.802  -44.873  -14.298 0.0000000000
22860  44.959  -44.793  -14.496 0.0000000000
210453  33.994  -43.608  -6.063 0.0000000000
23693  34.412  -43.951  -6.219 0.0000000000
22757  34.796  -44.474  -6.361 0.0000000000
22756  35.366  -44.582  -6.064 0.0000000000
21806  37.671  -45.624  -5.753 0.0000000000
21802  36.970  -44.881  -5.540 0.0000000000
21807  37.111  -45.492  -5.772 0.0000000000
20931  36.681  -45.843  -6.080 0.0000000000
20930  37.338  -46.025  -5.983 0.0000000000
206997  36.990  -47.041  -6.493 0.0000000000
20056  37.918  -46.491  -5.970 0.0000000000
19151  40.039  -47.659  -5.675 0.0000000000
19152  39.298  -47.794  -5.814 0.0000000000
18220  40.511  -48.375  -5.859 0.0000000000
18231  40.206  -48.999  -6.271 0.0000000000
210298  43.318  -48.949  -5.338 0.0000000000
18217  43.060  -48.836  -5.610 0.0000000000
17355  42.807  -49.271  -6.129 0.0000000000
23801  37.873  -43.697  -13.292 0.0000000000
22851  37.357  -44.115  -13.011 0.0000000000
24756  37.246  -42.741  -13.258 0.0000000000
26820  36.146  -41.045  -12.675 0.0000000000
22864  41.314  -44.257  -14.185 0.0000000000
22865  40.447  -44.158  -14.060 0.0000000000
18238  38.480  -48.910  -7.349 0.0000000000
17384  38.303  -48.875  -8.059 0.0000000000
17383  38.914  -49.136  -7.903 0.0000000000
211090  40.311  -48.814  -9.449 0.0000000000
17411  42.927  -49.318  -9.962 0.0000000000
18264  42.333  -48.632  -10.025 0.0000000000
18272  42.724  -48.589  -10.632 0.0000000000
19188  42.406  -48.208  -11.159 0.0000000000
19201  42.012  -47.768  -11.579 0.0000000000
20108  42.298  -47.428  -12.086 0.0000000000
20107  42.884  -47.520  -12.206 0.0000000000
206278  43.561  -47.557  -12.561 0.0000000000
20126  43.848  -47.130  -12.867 0.0000000000
17455  43.060  -48.786  -13.947 0.0000000000
17472  42.765  -48.729  -14.413 0.0000000000
18323  43.664  -47.768  -14.660 0.0000000000
20928  38.536  -46.099  -5.707 0.0000000000
20055  38.723  -46.719  -5.751 0.0000000000
20052  39.239  -46.337  -5.516 0.0000000000
20053  40.386  -46.979  -5.515 0.0000000000
19141  41.159  -47.151  -5.370 0.0000000000
21864  36.388  -45.308  -11.600 0.0000000000
22835  35.948  -44.130  -12.061 0.0000000000
25787  37.617  -41.713  -13.751 0.0000000000
200016  36.722  -41.804  -13.178 0.0000000000
183025  37.027  -40.771  -13.565 0.0000000000
189267  36.606  -39.943  -13.068 0.0000000000
17379  42.653  -49.849  -7.525 0.0000000000
179320  41.884  -49.705  -7.955 0.0000000000
17389  42.597  -49.728  -8.274 0.0000000000
17388  43.134  -49.739  -8.544 0.0000000000
16550  43.465  -50.428  -9.147 0.0000000000
179586  43.367  -49.909  -9.297 0.0000000000
16556  42.929  -49.789  -10.073 0.0000000000
16569  42.777  -49.598  -10.868 0.0000000000
20999  38.663  -45.949  -12.435 0.0000000000
21881  37.824  -45.214  -12.705 0.0000000000
21899  38.464  -45.015  -13.090 0.0000000000
23800  38.453  -43.856  -13.455 0.0000000000
207964  38.247  -43.352  -13.593 0.0000000000
23813  39.441  -43.435  -14.014 0.0000000000
194498  38.390  -42.732  -13.853 0.0000000000
26844  38.013  -41.345  -14.083 0.0000000000
27990  38.127  -40.648  -14.273 0.0000000000
24778  43.699  -43.232  -15.164 0.0000000000
20061  36.120  -46.795  -7.164 0.0000000000
20940  35.334  -46.129  -7.879 0.0000000000
20065  35.975  -47.083  -7.934 0.0000000000
20098  37.987  -46.948  -10.831 0.0000000000
20112  38.695  -46.825  -11.549 0.0000000000
18266  40.270  -48.478  -9.897 0.0000000000
18265  41.606  -48.437  -10.205 0.0000000000
19180  40.615  -48.272  -10.426 0.0000000000
19181  39.789  -48.096  -10.333 0.0000000000
19191  39.357  -47.730  -10.702 0.0000000000
20097  39.009  -47.335  -11.164 0.0000000000
20978  38.976  -46.488  -12.109 0.0000000000
20998  39.348  -46.006  -12.590 0.0000000000
21879  39.752  -45.597  -13.100 0.0000000000
21878  40.375  -45.639  -13.153 0.0000000000
20996  41.436  -46.392  -12.709 0.0000000000
21013  41.715  -45.804  -13.193 0.0000000000
22846  41.488  -44.930  -13.776 0.0000000000
21916  42.125  -44.589  -14.042 0.0000000000
192705  42.692  -44.376  -14.242 0.0000000000
23809  42.932  -44.005  -14.539 0.0000000000
15701  41.375  -50.222  -11.663 0.0000000000
14054  39.987  -51.798  -14.013 0.0000000000
15715  42.311  -50.169  -12.901 0.0000000000
16593  43.118  -49.501  -12.653 0.0000000000
17434  43.626  -48.657  -12.942 0.0000000000
189247  43.992  -47.505  -13.051 0.0000000000
20125  44.154  -47.067  -13.048 0.0000000000
19230  44.389  -47.213  -13.499 0.0000000000
20138  44.368  -46.494  -13.189 0.0000000000
21010  44.354  -46.124  -13.207 0.0000000000
197780  43.997  -45.159  -13.749 0.0000000000
22862  44.190  -44.798  -14.058 0.0000000000
23826  44.080  -43.834  -14.880 0.0000000000
24777  44.532  -43.540  -15.189 0.0000000000
181858  32.991  -42.962  -6.687 0.0000000000
23694  33.477  -43.393  -6.312 0.0000000000
23709  33.358  -43.522  -7.001 0.0000000000
22763  34.255  -44.256  -6.821 0.0000000000
22762  34.660  -44.800  -6.912 0.0000000000
20937  35.148  -45.352  -6.979 0.0000000000
22747  37.205  -44.209  -5.114 0.0000000000
22755  35.904  -44.644  -5.895 0.0000000000
190619  36.051  -45.161  -6.025 0.0000000000
20932  36.118  -45.658  -6.204 0.0000000000
20062  35.729  -46.226  -7.156 0.0000000000
20060  36.655  -46.646  -6.587 0.0000000000
19157  37.214  -47.555  -6.701 0.0000000000
18234  38.126  -48.420  -6.823 0.0000000000
195451  38.857  -47.331  -5.801 0.0000000000
18223  38.551  -48.014  -6.128 0.0000000000
18233  38.761  -48.707  -6.638 0.0000000000
18232  39.428  -48.962  -6.420 0.0000000000
17371  39.898  -49.208  -6.961 0.0000000000
17370  40.820  -49.301  -6.871 0.0000000000
17356  41.996  -48.924  -6.026 0.0000000000
17369  41.592  -49.356  -6.520 0.0000000000
182263  41.736  -49.661  -7.175 0.0000000000
22832  37.429  -44.712  -12.867 0.0000000000
23792  36.679  -43.822  -12.784 0.0000000000
206479  36.250  -43.324  -12.561 0.0000000000
25768  36.233  -41.836  -12.728 0.0000000000
25769  35.773  -42.091  -12.269 0.0000000000
14070  39.554  -51.973  -14.017 0.0000000000
14906  40.466  -51.364  -14.373 0.0000000000
14907  40.056  -51.583  -14.225 0.0000000000
15643  43.680  -50.398  -8.446 0.0000000000
15659  41.900  -50.918  -9.736 0.0000000000
15732  42.847  -49.621  -13.458 0.0000000000
15755  42.094  -50.041  -14.187 0.0000000000
16570  42.275  -49.993  -10.565 0.0000000000
16580  43.317  -49.232  -12.301 0.0000000000
16592  43.383  -49.237  -12.769 0.0000000000
16610  42.711  -49.880  -13.134 0.0000000000
16622  42.535  -49.736  -13.880 0.0000000000
17372  39.119  -49.175  -7.117 0.0000000000
17392  39.434  -49.148  -8.514 0.0000000000
17396  43.404  -49.826  -8.728 0.0000000000
17418  43.165  -48.976  -11.096 0.0000000000
17425  43.419  -48.985  -11.950 0.0000000000
17444  43.490  -48.746  -13.304 0.0000000000
17456  42.836  -49.364  -13.750 0.0000000000
18221  39.760  -48.394  -5.979 0.0000000000
18235  37.507  -48.136  -7.053 0.0000000000
18240  37.307  -48.244  -7.836 0.0000000000
18248  41.859  -48.759  -9.608 0.0000000000
18250  39.712  -48.623  -9.553 0.0000000000
18262  42.882  -48.974  -10.545 0.0000000000
18263  42.784  -49.084  -9.866 0.0000000000
18290  43.592  -48.511  -12.501 0.0000000000
18298  43.766  -48.192  -13.235 0.0000000000
18309  43.974  -47.850  -13.787 0.0000000000
18324  43.366  -48.372  -14.166 0.0000000000
19153  38.236  -47.209  -6.043 0.0000000000
19154  37.515  -47.108  -6.239 0.0000000000
19158  36.622  -47.331  -6.976 0.0000000000
19166  36.978  -47.938  -8.537 0.0000000000
19167  36.394  -47.526  -8.256 0.0000000000
19186  43.331  -48.300  -11.883 0.0000000000
19200  42.702  -47.856  -11.714 0.0000000000
19212  43.961  -47.572  -13.019 0.0000000000
19213  43.577  -47.870  -12.451 0.0000000000
19222  44.290  -47.014  -13.166 0.0000000000
20057  37.205  -46.533  -6.247 0.0000000000
20066  35.702  -46.629  -7.681 0.0000000000
20096  39.754  -47.537  -11.092 0.0000000000
20113  38.118  -46.635  -11.363 0.0000000000
20128  41.884  -46.935  -12.400 0.0000000000
20131  39.625  -46.489  -12.247 0.0000000000
20139  44.174  -46.764  -13.036 0.0000000000
20148  44.578  -46.070  -13.432 0.0000000000
20161  44.613  -46.584  -14.044 0.0000000000
20926  39.011  -45.770  -5.381 0.0000000000
20927  38.305  -45.507  -5.585 0.0000000000
20935  36.242  -46.185  -6.554 0.0000000000
20936  35.712  -45.779  -6.723 0.0000000000
20997  40.131  -46.122  -12.698 0.0000000000
21000  38.034  -45.854  -12.296 0.0000000000
21009  44.557  -45.899  -13.402 0.0000000000
21023  44.880  -45.783  -13.810 0.0000000000
21036  45.033  -45.314  -14.263 0.0000000000
21812  35.652  -45.364  -6.390 0.0000000000
21817  34.634  -45.018  -7.534 0.0000000000
21831  34.634  -45.139  -8.222 0.0000000000
21863  37.017  -45.459  -11.880 0.0000000000
21882  37.227  -45.101  -12.411 0.0000000000
21894  44.436  -45.587  -13.437 0.0000000000
21896  43.222  -45.424  -13.510 0.0000000000
21897  40.998  -45.342  -13.382 0.0000000000
21913  44.521  -45.190  -13.830 0.0000000000
21914  43.723  -45.068  -13.802 0.0000000000
21933  45.177  -44.836  -14.555 0.0000000000
22750  35.632  -44.148  -5.680 0.0000000000
22819  36.121  -44.627  -11.884 0.0000000000
22833  36.946  -44.517  -12.632 0.0000000000
22834  36.400  -44.309  -12.341 0.0000000000
22848  39.980  -44.669  -13.789 0.0000000000
22849  38.710  -44.436  -13.394 0.0000000000
22884  45.022  -44.422  -14.760 0.0000000000
23725  33.774  -43.960  -7.255 0.0000000000
23793  36.106  -43.760  -12.327 0.0000000000
23794  35.737  -43.720  -11.924 0.0000000000
23802  37.263  -43.435  -13.150 0.0000000000
23808  43.717  -44.205  -14.532 0.0000000000
23811  41.471  -43.672  -14.535 0.0000000000
23812  40.138  -43.524  -14.174 0.0000000000
23814  38.774  -43.364  -13.812 0.0000000000
23825  44.772  -44.066  -14.904 0.0000000000
23829  41.881  -43.263  -14.692 0.0000000000
24654  33.763  -43.217  -5.672 0.0000000000
24748  36.113  -42.665  -12.536 0.0000000000
24749  35.778  -43.200  -12.101 0.0000000000
24766  37.807  -43.058  -13.448 0.0000000000
25778  37.202  -42.078  -13.365 0.0000000000
25786  38.203  -41.952  -14.018 0.0000000000
26831  37.059  -41.393  -13.465 0.0000000000
26832  36.561  -41.299  -13.124 0.0000000000
27983  36.966  -40.250  -13.408 0.0000000000
27991  37.453  -40.243  -13.868 0.0000000000
181047  44.830  -46.029  -14.063 0.0000000000
181211  42.814  -49.899  -8.015 0.0000000000
181579  43.790  -48.015  -12.870 0.0000000000
182012  38.382  -45.483  -12.683 0.0000000000
182278  43.629  -47.058  -12.734 0.0000000000
185353  43.247  -47.928  -12.068 0.0000000000
189687  41.976  -49.423  -8.562 0.0000000000
190193  40.789  -46.409  -12.546 0.0000000000
190487  39.981  -47.886  -10.670 0.0000000000
191160  42.479  -48.752  -14.815 0.0000000000
191378  36.682  -42.386  -13.040 0.0000000000
192240  42.747  -48.259  -15.191 0.0000000000
194438  42.746  -42.948  -14.877 0.0000000000
196345  40.224  -45.186  -13.457 0.0000000000
196466  39.318  -44.531  -13.638 0.0000000000
199513  42.751  -50.025  -10.043 0.0000000000
199860  36.787  -41.032  -13.350 0.0000000000
206551  41.596  -45.309  -13.477 0.0000000000
207694  43.948  -46.511  -12.998 0.0000000000
208628  37.428  -44.639  -5.312 0.0000000000
209170  43.870  -47.865  -13.127 0.0000000000
210509  35.674  -44.985  -6.168 0.0000000000
