#!ascii label  , from subject sub-01_ses-012.long.sub-01 vox2ras=TkReg
874
9455  -34.039  -67.574  -18.368 0.0000000000
15283  -40.114  -61.955  -20.997 0.0000000000
17202  -34.124  -60.745  -17.148 0.0000000000
13306  -39.942  -63.820  -18.610 0.0000000000
199431  -39.992  -58.035  -15.385 0.0000000000
208950  -35.533  -65.144  -13.987 0.0000000000
205361  -34.099  -57.842  -11.765 0.0000000000
23534  -40.278  -55.049  -7.536 0.0000000000
20668  -33.724  -57.413  -15.668 0.0000000000
18093  -37.045  -59.316  -16.315 0.0000000000
21630  -36.421  -56.330  -15.086 0.0000000000
205064  -34.440  -61.403  -13.188 0.0000000000
17990  -36.669  -59.326  -11.126 0.0000000000
26732  -41.071  -52.323  -7.185 0.0000000000
216995  -37.559  -53.341  -9.043 0.0000000000
9505  -35.289  -67.600  -20.365 0.0000000000
14246  -42.820  -61.645  -20.308 0.0000000000
12362  -39.512  -64.262  -22.767 0.0000000000
13389  -40.574  -63.114  -24.683 0.0000000000
13289  -33.868  -63.743  -17.930 0.0000000000
231532  -37.293  -65.740  -18.682 0.0000000000
16238  -40.393  -61.438  -16.701 0.0000000000
16251  -41.938  -60.778  -18.144 0.0000000000
13243  -32.732  -63.460  -15.161 0.0000000000
18058  -32.111  -59.791  -14.247 0.0000000000
22614  -32.130  -55.850  -13.413 0.0000000000
20579  -40.116  -57.692  -8.941 0.0000000000
21569  -36.510  -56.460  -9.536 0.0000000000
224785  -34.639  -54.132  -10.675 0.0000000000
27945  -33.826  -51.211  -12.044 0.0000000000
11349  -37.830  -65.357  -21.319 0.0000000000
18147  -34.397  -59.404  -19.066 0.0000000000
15329  -36.800  -62.245  -21.708 0.0000000000
198747  -35.359  -62.971  -24.774 0.0000000000
23627  -33.993  -54.986  -14.553 0.0000000000
21638  -35.507  -56.526  -15.331 0.0000000000
8568  -35.437  -67.576  -19.236 0.0000000000
15285  -42.185  -61.294  -20.800 0.0000000000
14306  -42.087  -61.578  -22.261 0.0000000000
15348  -41.230  -61.728  -23.097 0.0000000000
215199  -39.891  -62.544  -24.778 0.0000000000
14304  -39.141  -62.216  -23.196 0.0000000000
14174  -33.927  -62.467  -17.742 0.0000000000
16233  -35.363  -61.179  -17.408 0.0000000000
18929  -38.529  -59.044  -16.051 0.0000000000
16217  -38.431  -60.820  -16.734 0.0000000000
17191  -40.622  -60.127  -16.091 0.0000000000
16241  -42.529  -60.869  -16.949 0.0000000000
18930  -42.342  -59.271  -16.030 0.0000000000
12232  -32.962  -64.876  -15.129 0.0000000000
13225  -33.811  -63.803  -14.212 0.0000000000
18031  -34.200  -59.485  -12.299 0.0000000000
17155  -32.937  -60.432  -13.480 0.0000000000
18891  -32.752  -59.082  -13.093 0.0000000000
19744  -31.802  -57.809  -14.029 0.0000000000
20626  -32.631  -57.115  -12.545 0.0000000000
212789  -40.181  -56.722  -8.141 0.0000000000
19682  -38.480  -57.393  -9.073 0.0000000000
22556  -38.225  -55.552  -8.426 0.0000000000
26795  -36.918  -52.411  -9.591 0.0000000000
24625  -35.938  -54.119  -9.915 0.0000000000
26793  -35.237  -52.372  -10.457 0.0000000000
26803  -33.345  -52.455  -11.195 0.0000000000
11298  -38.487  -65.102  -18.615 0.0000000000
10399  -37.869  -66.055  -19.651 0.0000000000
11316  -39.060  -64.860  -19.719 0.0000000000
11415  -38.378  -65.068  -23.775 0.0000000000
19834  -32.990  -58.149  -18.584 0.0000000000
16316  -35.669  -61.307  -20.112 0.0000000000
15344  -34.044  -62.104  -22.793 0.0000000000
18924  -34.178  -58.929  -16.430 0.0000000000
210156  -35.267  -60.180  -17.080 0.0000000000
19788  -35.362  -58.313  -16.119 0.0000000000
18912  -36.941  -58.051  -15.816 0.0000000000
19774  -38.394  -57.665  -15.327 0.0000000000
221763  -35.184  -63.184  -13.620 0.0000000000
17127  -35.602  -60.351  -12.124 0.0000000000
18868  -35.542  -58.504  -11.257 0.0000000000
202254  -40.519  -53.559  -7.333 0.0000000000
216230  -38.719  -54.464  -8.190 0.0000000000
25670  -39.285  -53.128  -7.893 0.0000000000
26784  -38.537  -52.086  -9.288 0.0000000000
197310  -38.387  -51.501  -9.896 0.0000000000
200982  -41.163  -63.115  -19.341 0.0000000000
12301  -39.979  -63.992  -20.504 0.0000000000
13351  -41.257  -62.967  -21.423 0.0000000000
13381  -40.799  -63.118  -23.742 0.0000000000
11455  -39.529  -64.628  -25.729 0.0000000000
12459  -39.833  -64.146  -26.660 0.0000000000
13437  -39.445  -63.734  -26.942 0.0000000000
13435  -37.810  -63.633  -27.046 0.0000000000
201390  -34.003  -65.929  -18.216 0.0000000000
11304  -35.635  -66.031  -18.732 0.0000000000
13293  -37.033  -63.757  -18.284 0.0000000000
14194  -39.120  -63.449  -17.957 0.0000000000
223052  -36.684  -60.988  -17.224 0.0000000000
217162  -38.869  -61.785  -17.165 0.0000000000
14195  -40.441  -62.982  -17.856 0.0000000000
15217  -42.142  -61.939  -17.973 0.0000000000
16269  -42.740  -61.228  -18.978 0.0000000000
15229  -41.246  -61.321  -19.131 0.0000000000
11280  -32.846  -64.950  -16.969 0.0000000000
13280  -33.003  -63.655  -17.055 0.0000000000
15183  -32.663  -61.968  -16.482 0.0000000000
14122  -33.524  -62.699  -14.173 0.0000000000
16196  -32.493  -61.559  -15.007 0.0000000000
17182  -32.735  -60.158  -16.320 0.0000000000
18910  -32.286  -58.680  -15.635 0.0000000000
21625  -32.404  -56.499  -14.796 0.0000000000
24665  -32.927  -54.043  -13.846 0.0000000000
18840  -38.198  -58.507  -10.020 0.0000000000
19693  -36.736  -57.668  -10.103 0.0000000000
20602  -34.932  -57.224  -10.942 0.0000000000
23560  -36.721  -54.982  -9.246 0.0000000000
22578  -35.651  -55.467  -10.008 0.0000000000
21578  -34.298  -56.291  -11.178 0.0000000000
23595  -32.997  -55.026  -11.665 0.0000000000
25731  -32.580  -53.253  -12.596 0.0000000000
9492  -36.844  -66.852  -19.314 0.0000000000
10424  -36.841  -66.103  -20.580 0.0000000000
11378  -38.916  -64.794  -21.645 0.0000000000
12377  -37.149  -64.716  -23.307 0.0000000000
18962  -40.955  -59.026  -17.517 0.0000000000
17249  -40.040  -60.446  -18.279 0.0000000000
15227  -38.780  -61.676  -19.188 0.0000000000
15251  -36.942  -61.746  -19.920 0.0000000000
202739  -38.382  -62.366  -21.452 0.0000000000
200462  -37.560  -62.633  -23.173 0.0000000000
14359  -36.757  -63.052  -24.972 0.0000000000
23613  -34.294  -54.456  -14.298 0.0000000000
23628  -34.783  -55.009  -14.495 0.0000000000
8566  -34.342  -68.595  -18.863 0.0000000000
8549  -34.621  -67.934  -18.770 0.0000000000
15311  -41.388  -61.387  -21.360 0.0000000000
208016  -41.062  -61.455  -22.138 0.0000000000
229339  -40.400  -61.694  -22.218 0.0000000000
15330  -39.851  -61.975  -23.041 0.0000000000
220143  -39.605  -62.030  -22.340 0.0000000000
16231  -34.016  -61.382  -17.389 0.0000000000
15195  -35.028  -61.776  -17.698 0.0000000000
16232  -34.612  -61.249  -17.461 0.0000000000
18915  -39.279  -58.372  -15.535 0.0000000000
18079  -39.392  -59.228  -15.945 0.0000000000
18095  -40.340  -59.378  -15.840 0.0000000000
18097  -42.067  -59.627  -15.894 0.0000000000
18917  -41.338  -58.665  -15.762 0.0000000000
11216  -35.227  -65.855  -13.994 0.0000000000
214484  -34.695  -65.098  -14.014 0.0000000000
222379  -33.959  -65.034  -14.229 0.0000000000
12191  -34.211  -64.402  -14.060 0.0000000000
18878  -33.847  -58.819  -12.229 0.0000000000
18030  -33.466  -59.467  -12.595 0.0000000000
19729  -33.263  -58.222  -12.418 0.0000000000
223796  -32.811  -57.992  -12.671 0.0000000000
19717  -33.507  -57.733  -12.027 0.0000000000
23515  -41.025  -54.990  -7.364 0.0000000000
22526  -42.223  -55.571  -7.341 0.0000000000
22544  -41.546  -55.724  -7.522 0.0000000000
21531  -41.621  -56.335  -7.922 0.0000000000
21530  -40.166  -56.153  -7.878 0.0000000000
206131  -39.010  -56.386  -8.330 0.0000000000
22558  -39.492  -55.637  -7.884 0.0000000000
27922  -36.743  -51.459  -9.965 0.0000000000
26794  -36.270  -52.584  -9.956 0.0000000000
27920  -35.213  -51.648  -10.518 0.0000000000
29052  -35.737  -50.647  -10.602 0.0000000000
12279  -38.966  -64.827  -18.761 0.0000000000
11309  -39.040  -64.938  -19.146 0.0000000000
12288  -39.467  -64.483  -19.491 0.0000000000
16315  -34.034  -61.236  -20.653 0.0000000000
15326  -34.180  -61.934  -22.160 0.0000000000
15325  -33.467  -61.812  -22.353 0.0000000000
19786  -33.924  -58.407  -16.167 0.0000000000
19787  -34.602  -58.385  -16.163 0.0000000000
19769  -34.169  -57.911  -15.873 0.0000000000
208484  -35.987  -57.061  -15.470 0.0000000000
20671  -36.802  -56.882  -15.429 0.0000000000
19773  -37.704  -57.505  -15.475 0.0000000000
20672  -37.595  -56.867  -15.233 0.0000000000
18011  -35.706  -59.491  -11.583 0.0000000000
18869  -36.013  -59.049  -11.255 0.0000000000
25655  -41.821  -53.484  -6.819 0.0000000000
25654  -41.229  -52.958  -7.041 0.0000000000
25671  -39.973  -53.307  -7.565 0.0000000000
26753  -39.830  -52.618  -7.744 0.0000000000
27906  -38.538  -51.697  -9.629 0.0000000000
10422  -35.189  -66.387  -20.689 0.0000000000
13318  -41.842  -62.733  -19.929 0.0000000000
13331  -41.514  -62.860  -20.696 0.0000000000
14266  -42.210  -62.157  -21.349 0.0000000000
224354  -41.181  -62.473  -23.753 0.0000000000
217939  -41.191  -62.732  -23.300 0.0000000000
217836  -40.813  -63.027  -23.890 0.0000000000
12396  -40.236  -63.837  -24.921 0.0000000000
12438  -39.794  -64.387  -26.222 0.0000000000
14339  -39.247  -62.619  -24.767 0.0000000000
14380  -39.484  -63.137  -25.907 0.0000000000
14379  -38.643  -63.277  -25.872 0.0000000000
13436  -38.732  -63.676  -27.217 0.0000000000
12267  -34.039  -64.454  -18.089 0.0000000000
11292  -34.357  -65.188  -18.322 0.0000000000
13294  -37.822  -63.914  -18.267 0.0000000000
15216  -37.802  -62.606  -17.808 0.0000000000
17186  -35.859  -59.938  -16.859 0.0000000000
17205  -36.340  -60.498  -17.059 0.0000000000
17206  -37.101  -60.513  -16.929 0.0000000000
231557  -38.632  -61.298  -16.982 0.0000000000
15200  -39.825  -61.972  -17.112 0.0000000000
14176  -40.242  -62.584  -17.426 0.0000000000
14177  -41.024  -62.421  -17.439 0.0000000000
228286  -41.684  -62.384  -17.996 0.0000000000
17224  -42.570  -60.691  -17.229 0.0000000000
16253  -42.584  -61.021  -17.796 0.0000000000
16252  -42.515  -60.933  -18.056 0.0000000000
15230  -42.442  -61.181  -19.158 0.0000000000
16268  -41.884  -61.066  -18.556 0.0000000000
12211  -32.941  -64.263  -15.097 0.0000000000
12244  -32.794  -64.320  -16.136 0.0000000000
13261  -32.616  -63.312  -15.923 0.0000000000
14162  -32.771  -63.147  -16.668 0.0000000000
194288  -32.592  -62.620  -16.212 0.0000000000
15141  -35.069  -62.052  -13.185 0.0000000000
14107  -34.218  -62.676  -13.843 0.0000000000
15140  -34.383  -62.124  -13.571 0.0000000000
17154  -32.430  -60.404  -14.143 0.0000000000
15154  -32.801  -61.499  -14.325 0.0000000000
212962  -32.286  -60.869  -15.166 0.0000000000
16207  -32.365  -61.206  -15.659 0.0000000000
18078  -32.084  -59.699  -15.438 0.0000000000
18087  -32.463  -59.652  -15.980 0.0000000000
206941  -32.030  -59.170  -15.307 0.0000000000
21604  -31.901  -56.605  -13.580 0.0000000000
20639  -31.834  -56.825  -14.225 0.0000000000
21613  -32.131  -56.227  -14.204 0.0000000000
22625  -32.869  -55.209  -14.300 0.0000000000
205281  -32.267  -55.157  -13.531 0.0000000000
19683  -39.319  -57.893  -9.167 0.0000000000
21570  -36.952  -57.070  -9.580 0.0000000000
20590  -37.407  -57.555  -9.813 0.0000000000
201785  -36.357  -57.030  -9.949 0.0000000000
20604  -36.084  -57.507  -10.409 0.0000000000
20589  -35.787  -56.902  -10.224 0.0000000000
24597  -38.323  -54.084  -8.534 0.0000000000
23562  -37.828  -54.421  -8.678 0.0000000000
24611  -37.401  -53.969  -8.980 0.0000000000
24624  -35.319  -54.278  -10.402 0.0000000000
23572  -35.784  -54.779  -9.979 0.0000000000
203173  -34.849  -55.287  -10.690 0.0000000000
22590  -34.645  -55.843  -10.848 0.0000000000
202971  -34.242  -55.178  -10.991 0.0000000000
22589  -33.548  -55.445  -11.294 0.0000000000
23583  -33.515  -54.758  -11.209 0.0000000000
26812  -33.449  -51.778  -11.602 0.0000000000
25728  -32.876  -52.917  -11.598 0.0000000000
26819  -32.990  -52.271  -12.494 0.0000000000
26834  -33.145  -52.453  -13.023 0.0000000000
11305  -36.352  -66.117  -18.740 0.0000000000
10366  -36.077  -66.702  -18.864 0.0000000000
9477  -37.082  -66.433  -18.953 0.0000000000
10426  -38.072  -65.812  -20.300 0.0000000000
10398  -37.454  -66.286  -20.018 0.0000000000
10425  -37.572  -65.891  -20.605 0.0000000000
11347  -36.502  -65.574  -20.963 0.0000000000
11375  -37.089  -65.102  -21.603 0.0000000000
12345  -39.936  -63.912  -21.754 0.0000000000
12323  -39.550  -64.335  -21.270 0.0000000000
11398  -39.212  -64.572  -22.178 0.0000000000
202683  -37.450  -65.323  -24.456 0.0000000000
11414  -37.694  -65.101  -23.854 0.0000000000
18940  -41.509  -58.752  -16.935 0.0000000000
19825  -40.779  -58.395  -17.433 0.0000000000
17248  -39.245  -60.516  -18.422 0.0000000000
16266  -39.002  -61.095  -18.767 0.0000000000
16265  -38.155  -61.235  -18.974 0.0000000000
15279  -35.799  -61.806  -20.589 0.0000000000
16295  -36.234  -61.508  -20.024 0.0000000000
15280  -36.584  -61.954  -20.531 0.0000000000
15281  -37.325  -62.103  -20.544 0.0000000000
232304  -37.324  -62.267  -21.622 0.0000000000
14286  -38.052  -62.369  -22.412 0.0000000000
14285  -37.356  -62.372  -22.115 0.0000000000
14335  -35.726  -62.827  -24.253 0.0000000000
14336  -36.445  -62.767  -23.920 0.0000000000
14358  -35.964  -62.993  -24.876 0.0000000000
222323  -33.595  -56.439  -15.337 0.0000000000
20669  -34.456  -57.329  -15.640 0.0000000000
21627  -34.180  -56.281  -15.169 0.0000000000
21628  -34.951  -56.084  -15.078 0.0000000000
21629  -35.755  -55.901  -14.966 0.0000000000
27859  -41.055  -51.738  -7.434 0.0000000000
28958  -41.435  -51.177  -7.507 0.0000000000
8583  -35.532  -67.641  -19.638 0.0000000000
15286  -42.737  -61.501  -20.485 0.0000000000
234336  -42.536  -61.784  -21.805 0.0000000000
15312  -42.503  -61.380  -21.755 0.0000000000
15349  -41.672  -61.691  -22.643 0.0000000000
15360  -40.971  -61.980  -23.624 0.0000000000
234099  -40.295  -62.716  -24.797 0.0000000000
15359  -40.426  -62.051  -23.902 0.0000000000
14320  -39.662  -62.363  -24.196 0.0000000000
14319  -38.936  -62.376  -23.622 0.0000000000
14187  -33.686  -63.107  -17.741 0.0000000000
15194  -34.685  -62.423  -17.900 0.0000000000
15213  -35.459  -62.353  -17.904 0.0000000000
15214  -36.237  -62.317  -17.900 0.0000000000
18094  -37.808  -59.600  -16.303 0.0000000000
17189  -37.797  -60.310  -16.589 0.0000000000
17190  -38.641  -59.951  -16.362 0.0000000000
216670  -39.631  -60.021  -16.190 0.0000000000
16219  -40.983  -60.844  -16.319 0.0000000000
16239  -41.429  -61.470  -16.649 0.0000000000
17192  -41.632  -60.213  -15.976 0.0000000000
17209  -42.506  -60.316  -16.649 0.0000000000
17208  -42.469  -60.154  -17.018 0.0000000000
12212  -33.339  -64.802  -14.687 0.0000000000
13244  -33.270  -63.854  -14.681 0.0000000000
17126  -34.386  -60.162  -12.493 0.0000000000
17141  -34.178  -60.734  -12.920 0.0000000000
18048  -33.565  -60.261  -12.805 0.0000000000
18047  -32.936  -59.769  -13.217 0.0000000000
18046  -32.296  -59.437  -13.661 0.0000000000
202621  -31.856  -59.119  -14.173 0.0000000000
18890  -31.991  -58.765  -13.522 0.0000000000
19738  -32.123  -57.653  -13.214 0.0000000000
21601  -32.310  -56.529  -12.629 0.0000000000
21543  -40.982  -56.697  -8.134 0.0000000000
20567  -40.604  -57.262  -8.523 0.0000000000
20578  -39.244  -57.402  -8.769 0.0000000000
21557  -38.768  -56.839  -8.597 0.0000000000
21556  -37.990  -56.666  -8.764 0.0000000000
21555  -37.201  -56.372  -9.081 0.0000000000
25715  -37.171  -52.758  -9.367 0.0000000000
25702  -37.074  -53.402  -9.246 0.0000000000
25714  -36.583  -53.083  -9.614 0.0000000000
25713  -35.956  -53.108  -10.034 0.0000000000
226633  -34.807  -53.514  -10.528 0.0000000000
24639  -34.006  -53.745  -10.789 0.0000000000
25724  -34.680  -52.723  -10.656 0.0000000000
26804  -33.813  -51.941  -11.128 0.0000000000
29063  -34.159  -50.612  -11.737 0.0000000000
11297  -37.909  -65.255  -18.564 0.0000000000
10369  -37.515  -66.023  -18.925 0.0000000000
10370  -38.313  -65.621  -19.021 0.0000000000
10382  -38.406  -65.692  -19.429 0.0000000000
205819  -38.552  -65.288  -20.630 0.0000000000
11397  -39.071  -64.500  -23.026 0.0000000000
18165  -33.156  -59.699  -19.586 0.0000000000
18166  -33.913  -59.857  -19.431 0.0000000000
17273  -35.028  -60.414  -19.652 0.0000000000
17283  -34.695  -60.858  -20.026 0.0000000000
15305  -35.102  -61.768  -21.021 0.0000000000
234098  -35.676  -62.000  -21.213 0.0000000000
14284  -36.653  -62.525  -22.349 0.0000000000
14300  -35.432  -62.600  -23.041 0.0000000000
14334  -34.922  -62.854  -24.360 0.0000000000
17184  -33.948  -60.083  -16.779 0.0000000000
17185  -34.655  -60.122  -17.029 0.0000000000
18090  -34.461  -59.535  -16.703 0.0000000000
217473  -35.635  -59.361  -16.601 0.0000000000
18926  -35.828  -58.826  -16.322 0.0000000000
19770  -34.909  -57.827  -15.830 0.0000000000
19789  -36.115  -58.225  -15.961 0.0000000000
18927  -36.551  -58.736  -16.169 0.0000000000
18913  -37.727  -58.158  -15.792 0.0000000000
18914  -38.433  -58.299  -15.716 0.0000000000
228581  -38.935  -57.825  -15.378 0.0000000000
13206  -35.175  -63.727  -13.762 0.0000000000
16176  -35.115  -61.341  -12.868 0.0000000000
17128  -36.079  -60.632  -12.169 0.0000000000
16159  -35.499  -60.881  -12.453 0.0000000000
16158  -35.085  -60.297  -12.268 0.0000000000
18010  -35.148  -59.271  -11.744 0.0000000000
18867  -34.958  -58.599  -11.569 0.0000000000
24563  -41.442  -54.163  -6.938 0.0000000000
214983  -40.424  -54.513  -7.420 0.0000000000
23550  -38.977  -55.040  -7.990 0.0000000000
24579  -39.516  -53.819  -7.684 0.0000000000
24578  -38.800  -53.714  -8.090 0.0000000000
25694  -38.352  -53.189  -8.720 0.0000000000
27881  -39.787  -52.098  -8.143 0.0000000000
26775  -38.691  -52.550  -8.762 0.0000000000
26774  -38.224  -52.530  -9.132 0.0000000000
218756  -38.116  -52.108  -9.408 0.0000000000
204991  -37.914  -51.578  -9.786 0.0000000000
29031  -37.903  -50.984  -10.014 0.0000000000
12281  -40.123  -63.837  -19.267 0.0000000000
12289  -39.896  -64.082  -19.899 0.0000000000
13317  -40.698  -63.490  -20.070 0.0000000000
13330  -40.626  -63.553  -20.910 0.0000000000
13364  -40.532  -63.450  -22.219 0.0000000000
12379  -40.055  -63.816  -23.508 0.0000000000
11437  -39.151  -64.766  -25.129 0.0000000000
13419  -40.239  -63.421  -26.023 0.0000000000
13438  -39.812  -63.841  -26.699 0.0000000000
12484  -38.945  -64.372  -27.662 0.0000000000
13468  -38.730  -64.076  -27.953 0.0000000000
216936  -38.155  -63.747  -27.679 0.0000000000
9456  -34.709  -67.177  -18.610 0.0000000000
10352  -34.811  -65.910  -18.572 0.0000000000
11294  -36.024  -65.319  -18.719 0.0000000000
12270  -36.709  -64.272  -18.436 0.0000000000
12271  -37.439  -64.675  -18.421 0.0000000000
207622  -38.238  -64.675  -18.366 0.0000000000
12272  -38.901  -64.631  -18.431 0.0000000000
12273  -39.387  -64.294  -18.531 0.0000000000
17204  -35.653  -60.595  -17.176 0.0000000000
16234  -36.079  -61.099  -17.336 0.0000000000
17207  -37.715  -60.854  -16.922 0.0000000000
16236  -38.072  -61.432  -17.135 0.0000000000
14175  -39.265  -62.600  -17.512 0.0000000000
227242  -39.835  -63.106  -17.833 0.0000000000
13297  -40.515  -63.250  -18.230 0.0000000000
13298  -41.272  -62.802  -18.302 0.0000000000
13308  -41.638  -62.707  -18.830 0.0000000000
14207  -42.512  -62.082  -19.028 0.0000000000
15203  -42.316  -61.554  -17.499 0.0000000000
15231  -42.835  -61.358  -18.824 0.0000000000
15257  -42.852  -61.445  -19.527 0.0000000000
15256  -42.551  -61.277  -20.236 0.0000000000
15255  -41.699  -61.309  -19.916 0.0000000000
15284  -40.940  -61.693  -20.463 0.0000000000
10340  -33.160  -66.229  -17.503 0.0000000000
11291  -33.532  -65.080  -17.988 0.0000000000
12258  -33.126  -64.679  -17.467 0.0000000000
11269  -32.750  -64.911  -16.225 0.0000000000
12257  -32.855  -64.328  -16.850 0.0000000000
13288  -33.367  -63.637  -17.585 0.0000000000
14173  -33.208  -63.006  -17.268 0.0000000000
207583  -33.361  -62.378  -17.359 0.0000000000
16230  -33.481  -61.284  -17.091 0.0000000000
13226  -34.447  -63.764  -13.923 0.0000000000
200530  -33.537  -63.299  -14.401 0.0000000000
14135  -33.021  -62.999  -14.720 0.0000000000
16186  -33.292  -61.442  -13.890 0.0000000000
15167  -32.769  -61.988  -14.561 0.0000000000
14134  -32.641  -62.390  -14.985 0.0000000000
226501  -32.459  -62.008  -15.715 0.0000000000
16215  -32.602  -60.871  -16.235 0.0000000000
17183  -33.300  -60.642  -16.675 0.0000000000
18088  -33.001  -59.507  -16.331 0.0000000000
18911  -32.824  -58.513  -16.012 0.0000000000
20667  -33.030  -57.478  -15.547 0.0000000000
19755  -31.899  -57.853  -14.669 0.0000000000
20666  -32.408  -57.559  -15.260 0.0000000000
21635  -33.324  -56.889  -15.457 0.0000000000
22639  -32.762  -55.845  -14.658 0.0000000000
23612  -33.310  -54.620  -14.280 0.0000000000
231423  -37.957  -57.625  -9.548 0.0000000000
206442  -37.272  -57.991  -10.144 0.0000000000
200386  -36.540  -58.504  -10.814 0.0000000000
18852  -36.089  -58.488  -11.006 0.0000000000
19719  -35.033  -57.942  -11.219 0.0000000000
20615  -34.450  -57.394  -11.472 0.0000000000
23549  -38.390  -54.931  -8.411 0.0000000000
22568  -37.182  -55.472  -8.901 0.0000000000
21554  -36.603  -55.746  -9.287 0.0000000000
23573  -36.322  -54.536  -9.596 0.0000000000
22579  -36.151  -55.237  -9.576 0.0000000000
200828  -36.007  -55.952  -9.620 0.0000000000
21567  -35.074  -56.192  -10.549 0.0000000000
20601  -34.503  -56.829  -11.223 0.0000000000
20614  -33.840  -57.189  -11.788 0.0000000000
21591  -33.333  -56.527  -11.907 0.0000000000
21590  -32.606  -56.123  -12.229 0.0000000000
22603  -32.508  -55.298  -12.301 0.0000000000
24645  -33.019  -53.662  -11.588 0.0000000000
234565  -32.692  -53.968  -11.946 0.0000000000
23598  -32.300  -54.605  -12.666 0.0000000000
24664  -32.488  -54.126  -13.435 0.0000000000
25754  -33.246  -53.441  -13.701 0.0000000000
198223  -35.346  -67.351  -18.944 0.0000000000
8569  -36.144  -67.174  -19.303 0.0000000000
8584  -36.129  -67.196  -19.679 0.0000000000
9478  -37.420  -66.338  -19.239 0.0000000000
9507  -36.799  -66.814  -19.870 0.0000000000
9530  -35.684  -66.938  -20.418 0.0000000000
11346  -35.605  -65.589  -20.920 0.0000000000
12300  -39.498  -64.449  -20.163 0.0000000000
11351  -38.888  -64.900  -20.977 0.0000000000
11377  -38.498  -65.027  -21.750 0.0000000000
11396  -38.740  -64.720  -23.340 0.0000000000
224314  -38.470  -64.916  -22.751 0.0000000000
11376  -37.927  -65.004  -22.131 0.0000000000
22626  -36.443  -55.043  -14.518 0.0000000000
216213  -38.451  -56.493  -15.024 0.0000000000
210194  -39.021  -57.296  -15.156 0.0000000000
19776  -40.132  -57.735  -15.445 0.0000000000
19777  -40.856  -58.076  -15.686 0.0000000000
19778  -41.582  -58.653  -15.925 0.0000000000
18107  -41.826  -59.338  -17.104 0.0000000000
18126  -41.260  -59.673  -17.620 0.0000000000
18125  -40.289  -59.438  -17.871 0.0000000000
17221  -40.626  -60.085  -18.010 0.0000000000
16250  -41.002  -60.678  -18.186 0.0000000000
231940  -40.793  -61.113  -18.641 0.0000000000
15254  -40.480  -61.704  -19.695 0.0000000000
207479  -39.178  -62.143  -20.404 0.0000000000
17274  -35.649  -60.511  -19.452 0.0000000000
204372  -36.582  -61.210  -19.426 0.0000000000
16296  -37.399  -61.351  -19.298 0.0000000000
202163  -37.706  -61.936  -19.895 0.0000000000
15282  -38.227  -62.339  -20.600 0.0000000000
195140  -39.082  -62.221  -21.149 0.0000000000
15308  -38.606  -62.266  -22.090 0.0000000000
14303  -38.267  -62.379  -23.051 0.0000000000
14318  -38.050  -62.580  -23.617 0.0000000000
14317  -37.171  -62.746  -23.630 0.0000000000
198290  -37.536  -62.955  -24.805 0.0000000000
14378  -37.786  -63.297  -25.817 0.0000000000
7698  -34.326  -68.937  -19.092 0.0000000000
8567  -34.858  -68.129  -19.090 0.0000000000
9475  -35.973  -67.081  -19.058 0.0000000000
9476  -36.566  -66.812  -19.003 0.0000000000
9506  -35.989  -67.177  -20.103 0.0000000000
9508  -37.274  -66.474  -19.573 0.0000000000
10351  -33.524  -66.421  -17.936 0.0000000000
10365  -35.240  -66.648  -18.730 0.0000000000
10367  -36.782  -66.401  -18.770 0.0000000000
10368  -37.221  -66.036  -18.802 0.0000000000
10381  -37.926  -65.929  -19.124 0.0000000000
10396  -36.457  -66.695  -20.273 0.0000000000
10397  -37.037  -66.391  -20.213 0.0000000000
10400  -38.470  -65.640  -20.028 0.0000000000
10423  -36.064  -66.219  -20.594 0.0000000000
11214  -33.660  -64.375  -14.345 0.0000000000
11215  -34.462  -65.776  -14.124 0.0000000000
11252  -32.851  -65.237  -15.535 0.0000000000
11281  -33.033  -65.454  -17.412 0.0000000000
11293  -35.140  -65.266  -18.676 0.0000000000
11295  -36.792  -65.009  -18.565 0.0000000000
11296  -37.364  -65.449  -18.579 0.0000000000
11306  -36.890  -65.788  -18.656 0.0000000000
11307  -38.156  -65.517  -18.784 0.0000000000
11308  -38.608  -65.269  -18.930 0.0000000000
11315  -38.721  -65.326  -19.291 0.0000000000
11324  -38.754  -65.222  -19.851 0.0000000000
11325  -39.137  -64.704  -20.568 0.0000000000
11348  -37.231  -65.656  -21.010 0.0000000000
11350  -38.247  -65.360  -20.941 0.0000000000
11352  -39.213  -64.609  -21.428 0.0000000000
11395  -37.896  -64.942  -23.047 0.0000000000
11416  -38.936  -64.692  -23.895 0.0000000000
11433  -36.864  -65.490  -24.673 0.0000000000
11434  -37.989  -65.323  -24.535 0.0000000000
12192  -34.983  -64.404  -13.917 0.0000000000
12231  -32.819  -64.602  -15.593 0.0000000000
12266  -33.458  -64.271  -17.816 0.0000000000
12280  -39.446  -64.421  -18.930 0.0000000000
12324  -39.960  -63.956  -21.137 0.0000000000
12344  -39.549  -64.297  -21.956 0.0000000000
12363  -39.986  -63.867  -22.499 0.0000000000
12439  -40.138  -63.852  -26.139 0.0000000000
12460  -40.054  -63.754  -26.414 0.0000000000
12485  -39.495  -64.067  -27.112 0.0000000000
13271  -32.786  -63.785  -16.386 0.0000000000
13295  -38.646  -64.071  -18.220 0.0000000000
13296  -39.821  -63.638  -18.199 0.0000000000
13307  -40.757  -63.342  -18.705 0.0000000000
13350  -40.509  -63.546  -21.566 0.0000000000
13365  -41.056  -63.061  -21.978 0.0000000000
13390  -40.856  -62.659  -24.159 0.0000000000
13399  -35.491  -63.218  -25.270 0.0000000000
13401  -36.979  -63.274  -25.670 0.0000000000
13415  -37.357  -63.534  -26.309 0.0000000000
13416  -38.269  -63.519  -26.443 0.0000000000
13417  -39.176  -63.452  -26.518 0.0000000000
13418  -39.861  -63.465  -26.391 0.0000000000
13454  -38.036  -63.924  -28.243 0.0000000000
13455  -38.599  -63.896  -27.933 0.0000000000
13456  -39.078  -63.948  -27.514 0.0000000000
13467  -38.344  -64.020  -28.293 0.0000000000
14108  -34.809  -62.674  -13.558 0.0000000000
14123  -34.019  -63.219  -14.051 0.0000000000
14124  -34.640  -63.181  -13.780 0.0000000000
14149  -32.559  -62.788  -15.470 0.0000000000
14163  -32.888  -62.493  -16.879 0.0000000000
14178  -41.686  -62.114  -17.618 0.0000000000
14193  -38.525  -62.818  -17.783 0.0000000000
14196  -41.100  -62.704  -17.851 0.0000000000
14197  -42.714  -61.868  -18.865 0.0000000000
14208  -42.940  -61.579  -19.259 0.0000000000
14224  -42.560  -62.100  -19.882 0.0000000000
14225  -42.903  -61.553  -19.861 0.0000000000
14245  -42.433  -62.092  -20.510 0.0000000000
14265  -37.871  -62.330  -21.836 0.0000000000
14267  -42.740  -61.619  -21.075 0.0000000000
14287  -38.893  -62.204  -22.694 0.0000000000
14289  -42.278  -61.922  -21.914 0.0000000000
14299  -34.618  -62.466  -23.219 0.0000000000
14302  -37.458  -62.517  -22.676 0.0000000000
14305  -41.545  -62.054  -22.960 0.0000000000
14313  -34.393  -62.610  -23.873 0.0000000000
14314  -35.195  -62.761  -23.686 0.0000000000
14321  -41.027  -62.282  -23.899 0.0000000000
14337  -36.991  -62.858  -24.314 0.0000000000
14340  -39.997  -62.412  -24.434 0.0000000000
14341  -40.661  -62.645  -24.385 0.0000000000
14360  -38.088  -63.042  -25.313 0.0000000000
14361  -38.930  -62.933  -25.320 0.0000000000
14362  -39.713  -62.756  -25.323 0.0000000000
14363  -40.231  -62.797  -25.096 0.0000000000
14364  -40.497  -63.016  -24.984 0.0000000000
14381  -39.993  -63.011  -25.872 0.0000000000
15142  -35.709  -61.664  -12.718 0.0000000000
15155  -33.286  -62.003  -14.114 0.0000000000
15156  -33.852  -62.242  -13.864 0.0000000000
15168  -32.979  -62.428  -14.467 0.0000000000
15184  -33.122  -61.870  -17.024 0.0000000000
15193  -33.673  -61.841  -17.442 0.0000000000
15196  -35.806  -61.704  -17.651 0.0000000000
15201  -40.830  -62.058  -17.005 0.0000000000
15204  -42.557  -61.149  -17.529 0.0000000000
15218  -42.688  -61.424  -18.077 0.0000000000
15228  -39.890  -61.479  -19.016 0.0000000000
15252  -38.512  -62.038  -19.807 0.0000000000
15253  -39.406  -61.885  -19.695 0.0000000000
15278  -35.085  -61.316  -20.418 0.0000000000
15306  -36.317  -62.092  -21.136 0.0000000000
15307  -36.987  -62.162  -21.124 0.0000000000
15309  -39.777  -62.015  -21.700 0.0000000000
15310  -40.582  -61.668  -21.729 0.0000000000
15313  -42.700  -61.516  -21.640 0.0000000000
15328  -36.077  -62.230  -21.739 0.0000000000
15331  -40.694  -61.576  -22.789 0.0000000000
15332  -41.486  -61.434  -22.493 0.0000000000
15333  -42.176  -61.456  -22.152 0.0000000000
15334  -42.441  -61.450  -21.909 0.0000000000
15345  -34.799  -62.231  -22.610 0.0000000000
15346  -39.801  -62.101  -23.585 0.0000000000
15347  -40.596  -61.829  -23.389 0.0000000000
15361  -41.267  -62.010  -23.318 0.0000000000
15377  -40.725  -62.075  -23.948 0.0000000000
16175  -33.841  -61.707  -13.676 0.0000000000
16216  -32.906  -61.356  -16.627 0.0000000000
16220  -41.888  -60.830  -16.402 0.0000000000
16221  -42.411  -60.677  -16.670 0.0000000000
16235  -37.268  -61.229  -17.190 0.0000000000
16240  -42.251  -61.199  -16.983 0.0000000000
16263  -36.250  -60.692  -19.136 0.0000000000
16264  -36.925  -60.859  -18.878 0.0000000000
16267  -39.934  -60.905  -18.541 0.0000000000
16294  -35.334  -60.910  -19.873 0.0000000000
16317  -42.649  -61.477  -21.262 0.0000000000
16331  -34.472  -61.545  -20.807 0.0000000000
17104  -35.948  -60.094  -11.815 0.0000000000
17140  -33.580  -61.024  -13.367 0.0000000000
17142  -34.790  -60.818  -12.656 0.0000000000
17162  -32.116  -60.242  -14.873 0.0000000000
17172  -32.285  -60.375  -15.718 0.0000000000
17187  -36.645  -59.928  -16.704 0.0000000000
17188  -37.266  -59.952  -16.534 0.0000000000
17193  -42.242  -60.185  -16.239 0.0000000000
17203  -34.952  -60.676  -17.228 0.0000000000
17222  -41.650  -60.248  -17.800 0.0000000000
17223  -42.457  -60.568  -17.567 0.0000000000
17272  -34.270  -60.399  -19.713 0.0000000000
18032  -34.805  -59.684  -12.096 0.0000000000
18033  -35.364  -59.877  -11.894 0.0000000000
18059  -32.515  -59.973  -13.755 0.0000000000
18067  -31.906  -59.477  -14.812 0.0000000000
18080  -40.152  -58.604  -15.514 0.0000000000
18081  -41.004  -58.831  -15.648 0.0000000000
18082  -41.761  -59.128  -15.800 0.0000000000
18083  -42.216  -59.316  -15.922 0.0000000000
18089  -33.708  -59.470  -16.547 0.0000000000
18091  -35.162  -59.658  -16.861 0.0000000000
18092  -36.257  -59.364  -16.482 0.0000000000
18096  -41.318  -59.514  -15.814 0.0000000000
18098  -42.395  -59.679  -16.107 0.0000000000
18108  -42.383  -59.619  -16.865 0.0000000000
18109  -42.438  -59.684  -16.445 0.0000000000
18127  -42.127  -59.945  -17.291 0.0000000000
18146  -33.637  -59.221  -19.251 0.0000000000
18167  -34.691  -59.945  -19.340 0.0000000000
18853  -36.981  -58.857  -10.802 0.0000000000
18877  -33.187  -58.779  -12.644 0.0000000000
18879  -34.559  -59.052  -11.944 0.0000000000
18895  -31.758  -58.412  -14.072 0.0000000000
18902  -31.843  -58.700  -14.865 0.0000000000
18916  -40.638  -58.224  -15.498 0.0000000000
18918  -41.969  -59.039  -15.911 0.0000000000
18922  -32.668  -59.046  -16.070 0.0000000000
18923  -33.336  -58.834  -16.270 0.0000000000
18925  -35.043  -58.987  -16.486 0.0000000000
18928  -37.767  -58.838  -16.094 0.0000000000
18941  -42.171  -59.155  -16.449 0.0000000000
18977  -33.287  -58.718  -18.866 0.0000000000
19694  -36.904  -58.252  -10.506 0.0000000000
19695  -37.803  -58.014  -9.925 0.0000000000
19696  -38.580  -58.084  -9.594 0.0000000000
19697  -39.519  -58.447  -9.604 0.0000000000
19704  -35.685  -57.953  -10.862 0.0000000000
19705  -36.343  -58.068  -10.635 0.0000000000
19718  -34.306  -58.451  -11.797 0.0000000000
19728  -32.506  -57.622  -12.775 0.0000000000
19739  -32.540  -58.290  -12.970 0.0000000000
19745  -31.847  -58.065  -13.543 0.0000000000
19756  -32.110  -58.135  -15.308 0.0000000000
19767  -32.647  -58.058  -15.672 0.0000000000
19768  -33.374  -58.083  -15.894 0.0000000000
19771  -35.662  -57.724  -15.767 0.0000000000
19772  -36.409  -57.582  -15.672 0.0000000000
19775  -39.517  -57.672  -15.329 0.0000000000
19804  -41.255  -58.181  -16.849 0.0000000000
19805  -41.688  -58.679  -16.303 0.0000000000
20566  -39.633  -56.979  -8.433 0.0000000000
20577  -37.644  -57.124  -9.296 0.0000000000
20603  -35.491  -57.352  -10.622 0.0000000000
20627  -33.201  -57.146  -12.164 0.0000000000
20633  -32.028  -57.019  -13.004 0.0000000000
20640  -31.844  -57.308  -13.719 0.0000000000
20653  -31.825  -57.362  -14.286 0.0000000000
20654  -32.075  -57.060  -14.761 0.0000000000
20655  -32.661  -56.929  -15.263 0.0000000000
20657  -37.999  -56.388  -14.961 0.0000000000
20670  -35.202  -57.203  -15.593 0.0000000000
20673  -38.336  -57.046  -15.078 0.0000000000
20674  -39.019  -56.814  -15.038 0.0000000000
20675  -39.525  -57.269  -15.390 0.0000000000
21540  -37.740  -55.905  -8.585 0.0000000000
21541  -38.403  -56.171  -8.438 0.0000000000
21542  -39.526  -56.276  -8.104 0.0000000000
21568  -35.560  -56.208  -10.147 0.0000000000
21579  -34.768  -56.512  -10.842 0.0000000000
21580  -35.232  -56.745  -10.512 0.0000000000
21592  -34.050  -56.722  -11.536 0.0000000000
21602  -32.815  -56.685  -12.312 0.0000000000
21605  -32.065  -56.378  -13.043 0.0000000000
21626  -33.036  -56.432  -15.092 0.0000000000
21636  -33.995  -56.824  -15.500 0.0000000000
21637  -34.715  -56.701  -15.421 0.0000000000
22542  -40.052  -55.535  -7.699 0.0000000000
22543  -40.799  -55.790  -7.700 0.0000000000
22557  -38.820  -55.712  -8.188 0.0000000000
22569  -37.756  -55.158  -8.608 0.0000000000
22577  -35.183  -55.667  -10.440 0.0000000000
22604  -33.063  -55.763  -11.761 0.0000000000
22605  -33.729  -56.099  -11.468 0.0000000000
22612  -32.213  -55.898  -12.728 0.0000000000
22624  -32.420  -55.490  -14.024 0.0000000000
22640  -33.392  -55.332  -14.679 0.0000000000
22641  -34.299  -55.619  -14.765 0.0000000000
22642  -35.222  -55.501  -14.738 0.0000000000
23516  -41.708  -54.896  -6.972 0.0000000000
23517  -42.582  -55.054  -6.893 0.0000000000
23532  -39.192  -54.431  -7.817 0.0000000000
23533  -39.608  -55.027  -7.701 0.0000000000
23561  -37.271  -54.708  -8.918 0.0000000000
23571  -35.298  -55.029  -10.395 0.0000000000
23584  -34.773  -54.732  -10.703 0.0000000000
23594  -32.566  -54.521  -12.082 0.0000000000
23601  -32.316  -54.641  -13.242 0.0000000000
23611  -32.575  -54.709  -13.860 0.0000000000
23616  -36.493  -54.583  -14.444 0.0000000000
24562  -40.823  -54.167  -7.243 0.0000000000
24580  -40.189  -53.962  -7.467 0.0000000000
24610  -36.870  -54.246  -9.272 0.0000000000
24612  -37.895  -53.636  -8.814 0.0000000000
24626  -36.474  -53.838  -9.566 0.0000000000
24638  -33.484  -54.049  -11.167 0.0000000000
24644  -33.020  -54.339  -11.581 0.0000000000
24647  -32.446  -53.933  -12.477 0.0000000000
24651  -32.459  -53.689  -13.030 0.0000000000
24652  -32.739  -53.676  -13.455 0.0000000000
25669  -38.827  -52.999  -8.354 0.0000000000
25703  -37.520  -52.832  -9.212 0.0000000000
25704  -37.909  -52.994  -9.035 0.0000000000
25712  -35.366  -53.020  -10.366 0.0000000000
25722  -33.383  -53.289  -11.132 0.0000000000
25723  -33.990  -53.015  -10.817 0.0000000000
25727  -32.680  -53.385  -12.064 0.0000000000
25737  -32.867  -53.125  -13.177 0.0000000000
25738  -33.480  -52.792  -13.542 0.0000000000
26731  -40.410  -52.036  -7.660 0.0000000000
26752  -39.231  -52.451  -8.348 0.0000000000
26776  -39.027  -52.010  -8.949 0.0000000000
26783  -37.568  -52.322  -9.400 0.0000000000
26796  -37.788  -51.910  -9.555 0.0000000000
26805  -34.504  -51.936  -10.778 0.0000000000
26810  -32.694  -52.762  -12.175 0.0000000000
26811  -32.986  -52.267  -11.857 0.0000000000
26818  -32.786  -52.739  -12.705 0.0000000000
27923  -37.296  -51.828  -9.694 0.0000000000
27924  -38.204  -51.775  -9.640 0.0000000000
27935  -34.098  -51.317  -11.291 0.0000000000
27936  -34.670  -51.279  -10.834 0.0000000000
27944  -33.322  -51.751  -12.288 0.0000000000
29030  -37.337  -51.157  -9.977 0.0000000000
29032  -38.604  -51.118  -10.058 0.0000000000
29053  -36.261  -50.447  -10.428 0.0000000000
29064  -34.547  -50.295  -11.519 0.0000000000
29076  -34.094  -50.514  -12.462 0.0000000000
194562  -35.269  -62.059  -21.629 0.0000000000
195774  -37.810  -52.564  -9.233 0.0000000000
196774  -38.857  -64.742  -22.424 0.0000000000
196942  -35.536  -67.688  -20.035 0.0000000000
199302  -37.779  -62.766  -24.199 0.0000000000
200501  -35.606  -53.615  -10.191 0.0000000000
200532  -36.513  -51.973  -9.934 0.0000000000
200578  -42.105  -62.287  -18.440 0.0000000000
201389  -34.572  -58.053  -11.561 0.0000000000
201670  -38.684  -62.594  -24.170 0.0000000000
201726  -32.317  -54.185  -12.963 0.0000000000
201927  -39.850  -54.466  -7.561 0.0000000000
202410  -34.293  -61.828  -17.717 0.0000000000
203071  -35.935  -61.033  -19.648 0.0000000000
204176  -37.642  -65.741  -18.719 0.0000000000
204751  -38.699  -64.960  -24.105 0.0000000000
205182  -33.394  -65.784  -17.875 0.0000000000
205316  -40.449  -63.112  -25.564 0.0000000000
205917  -36.118  -53.571  -9.861 0.0000000000
205922  -39.250  -64.118  -18.251 0.0000000000
205988  -34.460  -61.174  -20.407 0.0000000000
206046  -32.989  -57.649  -12.411 0.0000000000
206081  -41.905  -61.305  -20.687 0.0000000000
206162  -32.248  -55.223  -12.985 0.0000000000
206674  -39.602  -64.325  -20.753 0.0000000000
207614  -32.708  -65.505  -16.629 0.0000000000
207693  -32.449  -60.924  -14.585 0.0000000000
208046  -35.979  -64.336  -18.592 0.0000000000
208125  -33.516  -55.967  -14.997 0.0000000000
208460  -34.050  -66.790  -18.264 0.0000000000
210192  -38.667  -65.054  -21.188 0.0000000000
210278  -40.435  -63.445  -24.358 0.0000000000
210790  -39.966  -61.907  -20.253 0.0000000000
210801  -33.351  -59.982  -16.512 0.0000000000
211885  -38.207  -63.322  -18.038 0.0000000000
212422  -32.313  -59.247  -15.692 0.0000000000
213745  -32.839  -60.988  -13.917 0.0000000000
215220  -37.610  -60.880  -18.876 0.0000000000
215849  -42.678  -61.214  -18.419 0.0000000000
216392  -41.911  -61.294  -21.918 0.0000000000
216553  -40.109  -64.066  -25.720 0.0000000000
217315  -41.067  -53.523  -7.130 0.0000000000
218162  -34.036  -52.400  -10.903 0.0000000000
218405  -37.181  -58.622  -16.064 0.0000000000
218406  -32.782  -63.971  -15.686 0.0000000000
219014  -36.051  -56.507  -9.894 0.0000000000
219249  -42.085  -62.561  -19.351 0.0000000000
219267  -40.567  -52.878  -7.346 0.0000000000
219349  -32.596  -65.540  -15.966 0.0000000000
219357  -34.132  -54.434  -10.946 0.0000000000
220598  -32.502  -61.484  -16.184 0.0000000000
221216  -36.072  -61.169  -12.388 0.0000000000
222441  -33.159  -64.100  -17.396 0.0000000000
223126  -35.750  -52.666  -10.225 0.0000000000
223259  -38.709  -51.364  -9.884 0.0000000000
224372  -42.065  -58.966  -16.035 0.0000000000
224404  -39.347  -64.985  -26.164 0.0000000000
224932  -35.270  -57.649  -10.888 0.0000000000
225660  -41.580  -55.337  -7.214 0.0000000000
225722  -33.811  -58.235  -12.012 0.0000000000
225853  -38.998  -65.159  -25.737 0.0000000000
226009  -37.660  -62.300  -21.212 0.0000000000
226284  -39.140  -60.579  -16.480 0.0000000000
226438  -37.084  -57.386  -15.542 0.0000000000
226985  -36.337  -62.889  -24.475 0.0000000000
227043  -34.581  -66.505  -18.479 0.0000000000
227125  -36.437  -58.852  -11.004 0.0000000000
227402  -34.090  -55.776  -11.148 0.0000000000
227800  -37.903  -65.763  -18.888 0.0000000000
228764  -32.027  -56.621  -14.535 0.0000000000
229045  -41.214  -54.550  -7.085 0.0000000000
229349  -32.696  -62.913  -15.071 0.0000000000
230154  -33.494  -62.715  -17.584 0.0000000000
230573  -35.124  -68.109  -19.969 0.0000000000
231128  -39.039  -62.174  -21.753 0.0000000000
231342  -38.755  -65.113  -20.391 0.0000000000
231572  -35.926  -55.382  -14.720 0.0000000000
231744  -35.479  -58.950  -11.476 0.0000000000
231806  -33.917  -59.851  -12.498 0.0000000000
231925  -38.073  -61.708  -19.374 0.0000000000
232357  -37.398  -63.098  -25.321 0.0000000000
232617  -36.109  -50.832  -10.336 0.0000000000
