#!ascii label  , from subject sub-05_ses-006 vox2ras=TkReg
1768
51951  24.960  -47.051  0.126 0.8999999762
51961  25.202  -47.392  -0.307 0.8000000119
51960  25.669  -47.228  -0.608 0.8000000119
222823  25.356  -48.479  -1.551 0.6999999881
51978  26.027  -47.640  -1.938 0.8000000119
53291  24.520  -47.033  0.382 0.8999999762
53303  25.430  -46.865  -0.024 1.0000000000
53302  26.007  -46.628  -0.411 1.0000000000
192347  25.982  -46.993  -0.997 0.8999999762
53316  26.163  -47.105  -1.523 0.8000000119
51995  25.983  -47.520  -2.614 0.8000000119
53330  26.265  -47.031  -2.200 0.8999999762
51996  25.550  -47.953  -2.966 0.8000000119
52023  25.816  -47.396  -3.332 0.6999999881
52044  25.554  -47.303  -3.971 0.6999999881
54671  23.653  -46.333  0.575 0.8000000119
54670  24.376  -46.546  0.841 0.8999999762
56060  24.419  -45.235  1.395 0.8999999762
54659  24.031  -45.769  0.930 0.8999999762
196851  22.735  -45.636  0.202 0.8999999762
54669  26.048  -45.833  0.614 0.8999999762
225822  26.456  -45.620  0.263 1.0000000000
54714  26.745  -46.145  -1.264 0.8999999762
56117  26.969  -45.557  -1.481 1.0000000000
54738  26.779  -46.009  -1.926 0.8999999762
53349  26.577  -46.433  -2.390 0.8999999762
53350  26.135  -46.760  -2.966 0.8000000119
53391  25.360  -47.378  -4.580 0.6999999881
57336  24.964  -44.700  1.641 0.8999999762
56061  23.695  -45.056  1.208 0.8999999762
56062  23.253  -44.865  0.793 0.8999999762
56078  22.781  -44.984  0.260 0.8999999762
56059  25.202  -45.417  1.453 0.8999999762
56058  25.809  -45.386  1.111 0.8999999762
54668  26.725  -45.659  -0.211 1.0000000000
54754  26.588  -46.089  -2.966 0.8000000119
54773  26.355  -46.341  -3.549 0.8000000119
219301  26.290  -46.563  -4.102 0.8000000119
53389  26.576  -46.535  -4.738 0.8000000119
53408  26.075  -46.894  -5.189 0.8000000119
53407  26.648  -46.626  -5.561 0.8000000119
57337  23.423  -44.393  1.254 0.8999999762
57359  22.462  -44.338  0.128 0.8999999762
57360  22.024  -44.306  -0.395 0.8999999762
57317  24.865  -44.067  1.660 0.8999999762
58508  22.470  -43.260  0.962 0.8999999762
225940  22.286  -43.545  0.543 0.8000000119
58542  21.627  -43.763  -0.571 0.8000000119
57335  25.654  -44.863  1.521 0.8999999762
59795  22.003  -42.642  1.026 0.6999999881
201343  21.846  -43.048  -0.343 0.6999999881
193735  21.201  -43.230  -1.015 0.6999999881
57333  26.396  -44.227  0.958 0.8999999762
59824  21.200  -42.608  -0.582 0.6999999881
59841  20.836  -42.666  -1.312 0.6999999881
58523  26.812  -44.029  0.459 1.0000000000
61043  20.360  -42.153  -1.625 0.6000000238
56076  26.697  -45.150  0.138 1.0000000000
57384  27.137  -44.345  -0.688 1.0000000000
56099  27.086  -44.961  -1.107 1.0000000000
56130  27.169  -44.912  -1.737 1.0000000000
208500  26.767  -45.888  -2.452 0.8999999762
57402  27.279  -44.389  -1.371 1.0000000000
193867  27.197  -44.831  -2.348 0.8999999762
56146  27.000  -45.405  -2.873 0.8000000119
54772  26.849  -45.778  -3.525 0.8000000119
194373  27.048  -45.556  -4.105 0.8000000119
56181  27.289  -45.444  -4.762 0.8000000119
54807  26.965  -46.037  -5.225 0.8000000119
54806  27.561  -45.674  -5.543 0.8000000119
56180  27.445  -44.986  -5.212 0.8000000119
56192  27.552  -45.079  -5.939 0.8000000119
57318  24.191  -44.392  1.521 0.8999999762
57338  22.924  -44.384  0.703 0.8999999762
215768  24.479  -43.562  1.794 0.8999999762
58486  24.014  -43.174  1.571 0.8999999762
58507  23.044  -43.737  1.174 0.8999999762
59794  22.573  -42.644  1.338 0.8999999762
57316  25.536  -44.173  1.649 0.8999999762
59811  21.490  -42.368  0.320 0.6999999881
58505  26.179  -43.923  1.456 0.8999999762
223460  21.193  -41.698  0.173 0.6000000238
59812  21.056  -41.969  -0.308 0.6000000238
58504  26.765  -43.686  1.096 1.0000000000
62169  20.131  -40.944  -1.690 0.5000000000
58541  27.139  -43.895  -0.114 1.0000000000
63153  19.929  -40.213  -2.006 0.5000000000
58522  27.421  -43.414  -0.275 1.0000000000
199218  27.430  -43.905  -1.111 1.0000000000
214562  27.451  -44.363  -1.889 1.0000000000
200321  27.741  -44.262  -2.424 0.8999999762
56157  27.285  -45.193  -3.546 0.8000000119
57419  28.013  -44.071  -3.112 0.8999999762
56156  27.688  -44.643  -3.626 0.8000000119
56169  27.482  -45.063  -4.130 0.8000000119
58589  27.872  -43.556  -3.690 0.8999999762
57429  27.764  -44.147  -3.797 0.8000000119
59887  27.716  -43.095  -4.276 0.8999999762
57439  27.433  -44.398  -4.872 0.8000000119
57451  27.454  -44.411  -5.566 0.8000000119
58619  27.350  -43.839  -5.910 0.8000000119
57460  27.551  -44.463  -6.294 0.8000000119
59772  23.254  -42.600  1.454 0.8999999762
59770  25.028  -43.023  2.168 0.8999999762
60998  22.297  -42.051  1.265 0.6999999881
60999  21.840  -41.995  0.857 0.8000000119
59792  26.471  -43.409  1.753 0.8999999762
216346  25.428  -42.594  2.477 0.8999999762
62130  21.162  -41.143  0.326 0.6999999881
62150  20.864  -41.380  -0.169 0.6000000238
62151  20.366  -41.057  -0.668 0.6000000238
63125  21.180  -40.530  0.489 0.6999999881
63142  20.720  -40.762  0.014 0.6000000238
63152  20.137  -40.480  -1.154 0.5000000000
59810  27.294  -43.430  0.530 1.0000000000
64147  19.938  -39.856  -1.180 0.5000000000
59809  27.494  -43.033  0.093 1.0000000000
58540  27.469  -43.404  -0.938 1.0000000000
59840  27.521  -42.948  -1.347 1.0000000000
214677  27.491  -43.530  -1.465 1.0000000000
58570  27.894  -43.615  -2.421 0.8999999762
210315  27.707  -42.509  -1.016 1.0000000000
59852  27.518  -42.701  -1.891 0.8999999762
58560  27.586  -43.243  -1.884 0.8999999762
58581  28.002  -43.310  -3.002 0.8999999762
59861  27.634  -42.908  -2.406 0.8999999762
59876  27.724  -42.893  -3.566 0.8999999762
218272  27.523  -42.718  -4.739 0.8999999762
210060  27.603  -43.223  -4.981 0.8999999762
222576  27.633  -42.716  -2.981 0.8999999762
61093  27.462  -42.475  -4.144 0.8999999762
59888  27.154  -42.768  -5.322 0.8999999762
213807  26.914  -41.569  -4.598 0.8999999762
207064  24.372  -42.832  1.939 0.8999999762
59771  23.795  -42.680  1.705 0.8999999762
60977  22.961  -42.035  1.481 0.8999999762
60976  23.537  -42.087  1.776 0.8999999762
62106  22.701  -41.429  1.445 1.0000000000
62107  22.011  -41.336  1.078 0.8000000119
60974  24.807  -42.384  2.436 0.8999999762
62129  21.530  -41.569  0.583 0.6999999881
59791  27.082  -43.087  1.297 0.8999999762
60973  26.047  -42.316  2.405 0.8999999762
62108  21.484  -40.938  0.813 0.6999999881
63126  20.801  -40.096  0.195 0.6999999881
63143  20.430  -40.286  -0.473 0.5000000000
65308  19.902  -39.286  -0.597 0.5000000000
64137  19.647  -39.263  -1.610 0.5000000000
59790  27.394  -42.647  0.662 1.0000000000
61013  27.467  -42.066  0.159 1.0000000000
196497  27.513  -40.925  -0.162 1.0000000000
61025  27.626  -42.289  -0.507 1.0000000000
61041  27.556  -42.331  -1.507 1.0000000000
192415  27.625  -41.962  -1.009 1.0000000000
198269  27.463  -41.576  -1.649 0.8999999762
61068  27.395  -42.259  -2.627 0.8999999762
62201  27.230  -41.589  -3.038 0.8999999762
59930  27.912  -42.372  -8.421 0.6999999881
61127  27.727  -41.768  -7.999 0.8000000119
196926  27.306  -41.446  -7.426 0.8000000119
62249  26.790  -41.216  -7.178 0.8000000119
196404  25.436  -41.854  2.323 0.8999999762
62080  24.648  -41.555  2.345 1.0000000000
201912  23.811  -41.576  2.256 1.0000000000
63084  23.319  -40.384  1.997 1.0000000000
62083  22.466  -40.809  1.433 0.6999999881
63106  21.859  -40.613  1.178 0.6999999881
59768  26.543  -42.677  1.872 0.8999999762
62078  26.187  -41.490  2.465 0.8999999762
220523  21.445  -40.396  0.952 0.6999999881
64125  20.417  -39.696  -0.208 0.6000000238
60996  27.474  -41.843  0.895 1.0000000000
60997  27.141  -42.304  1.397 0.8999999762
62077  26.736  -41.237  2.142 0.8999999762
65309  19.693  -38.670  -0.854 0.4000000060
62128  27.563  -41.350  0.390 1.0000000000
62168  27.458  -41.227  -0.898 1.0000000000
62187  27.231  -40.888  -2.085 1.0000000000
63168  27.395  -40.742  -1.410 1.0000000000
61111  26.189  -41.845  -6.541 0.8999999762
62286  28.891  -41.375  -9.360 0.6000000238
61133  28.151  -41.643  -8.710 0.6000000238
62261  27.882  -41.208  -7.799 0.8000000119
216472  27.453  -42.014  -7.294 0.8999999762
61119  25.901  -41.570  -6.795 0.8999999762
63083  26.103  -40.716  2.652 0.8999999762
62079  25.410  -41.168  2.573 0.8999999762
63086  22.283  -40.285  1.466 0.8000000119
64100  21.739  -39.927  1.295 0.6999999881
64101  21.388  -39.194  1.069 0.6999999881
207222  20.925  -38.857  0.700 0.6000000238
222228  19.704  -38.013  -0.562 0.4000000060
62104  27.484  -41.074  1.043 1.0000000000
62105  27.071  -41.506  1.501 0.8999999762
63124  27.562  -40.667  0.510 1.0000000000
63141  27.528  -40.358  -0.011 1.0000000000
63150  27.407  -40.404  -0.682 1.0000000000
64145  27.366  -39.721  -0.907 1.0000000000
64146  26.856  -39.573  -1.439 1.0000000000
62235  25.044  -41.123  -6.509 0.8999999762
225338  24.683  -40.757  -6.305 0.8999999762
62243  25.555  -41.607  -6.688 0.8999999762
63228  25.765  -41.037  -7.271 0.8999999762
62251  25.361  -41.320  -7.128 0.8999999762
221084  30.144  -41.396  -8.880 0.6000000238
62285  29.550  -41.388  -9.128 0.6000000238
62272  28.553  -41.270  -8.853 0.6000000238
63239  28.205  -40.708  -7.489 0.8000000119
63240  27.376  -40.836  -7.364 0.8000000119
62250  26.106  -41.167  -7.058 0.8999999762
63063  24.504  -40.378  2.654 0.8999999762
63064  23.831  -40.389  2.407 0.8999999762
211814  23.003  -39.967  1.975 0.6999999881
195547  22.044  -39.218  1.571 0.6000000238
63082  26.718  -40.666  2.323 1.0000000000
198451  26.531  -40.091  2.602 1.0000000000
65273  21.713  -38.614  1.590 0.6000000238
65274  21.203  -38.465  1.150 0.6000000238
209425  20.623  -38.229  0.683 0.5000000000
63105  27.103  -40.799  1.690 1.0000000000
63081  27.172  -40.090  2.017 1.0000000000
63104  27.498  -40.295  1.180 1.0000000000
212162  27.624  -40.046  0.466 1.0000000000
64136  27.603  -39.768  -0.221 1.0000000000
192476  27.667  -39.178  -0.677 1.0000000000
65320  27.122  -39.160  -1.225 1.0000000000
65331  26.608  -39.071  -1.690 1.0000000000
64156  26.622  -39.572  -2.113 1.0000000000
65347  26.523  -39.350  -2.800 1.0000000000
64184  26.523  -39.736  -3.371 1.0000000000
64185  26.293  -39.628  -4.098 1.0000000000
63202  25.958  -40.083  -4.412 0.8999999762
63195  26.435  -40.067  -3.815 0.8999999762
63209  25.119  -40.636  -5.710 0.8999999762
62244  24.937  -41.312  -7.172 0.8999999762
62283  31.377  -41.505  -8.957 0.6000000238
62284  30.691  -41.474  -8.951 0.6000000238
62270  29.808  -41.198  -8.471 0.6000000238
62271  29.099  -41.184  -8.685 0.6000000238
63226  27.859  -40.360  -6.975 0.8000000119
64216  26.523  -40.411  -6.815 0.8000000119
204075  24.973  -39.741  2.924 0.8999999762
65248  23.460  -39.148  2.676 0.6999999881
203860  22.541  -39.215  1.928 0.6000000238
65250  22.385  -38.696  1.831 0.6000000238
64077  26.236  -39.476  2.791 0.8999999762
66449  21.485  -38.057  1.630 0.6000000238
66450  21.080  -37.840  1.187 0.5000000000
215169  27.529  -39.737  1.508 1.0000000000
64075  27.394  -39.399  1.930 0.8999999762
220207  27.740  -39.647  0.971 1.0000000000
64123  27.779  -39.523  0.383 1.0000000000
65307  27.872  -39.092  -0.042 1.0000000000
65306  27.911  -38.555  -0.521 1.0000000000
65319  27.656  -38.627  -1.071 1.0000000000
66495  27.623  -38.135  -1.439 1.0000000000
65330  27.155  -38.609  -1.589 1.0000000000
203588  26.541  -39.076  -2.269 1.0000000000
65361  26.472  -39.196  -3.642 1.0000000000
218927  25.345  -39.174  -4.697 1.0000000000
193461  24.579  -39.397  -5.525 0.8999999762
64198  24.504  -40.160  -5.932 0.8999999762
63216  24.469  -40.897  -7.023 0.8999999762
64218  24.213  -40.011  -7.493 0.8999999762
63245  31.378  -40.506  -8.221 0.6000000238
208595  30.439  -41.189  -8.395 0.6000000238
63237  29.759  -40.506  -7.439 0.6000000238
64213  29.025  -39.811  -6.408 0.6999999881
64204  27.803  -39.395  -6.152 0.6999999881
64215  27.444  -39.985  -6.638 0.6999999881
204311  25.511  -40.591  -7.436 0.8000000119
62282  32.108  -41.557  -8.829 0.6000000238
206032  26.964  -39.608  -6.325 0.6999999881
221684  26.212  -39.906  -6.737 0.8000000119
65403  25.627  -39.619  -7.080 0.8999999762
65249  22.889  -38.884  2.217 0.6999999881
66427  22.110  -38.076  1.850 0.6000000238
64052  25.664  -39.447  3.149 0.8999999762
65227  25.178  -38.888  3.029 0.8000000119
222861  23.734  -38.371  3.136 0.6999999881
64076  26.869  -39.489  2.408 0.8999999762
65226  25.975  -38.908  2.971 0.8000000119
199277  27.875  -39.231  1.476 1.0000000000
200542  27.165  -38.928  2.304 0.8000000119
65272  27.897  -38.498  1.465 0.8999999762
65246  27.665  -38.898  1.920 0.8000000119
65294  27.964  -38.987  0.781 1.0000000000
65293  27.927  -38.429  0.208 1.0000000000
66481  28.200  -37.959  -0.263 1.0000000000
66494  28.096  -37.982  -0.987 1.0000000000
66509  27.327  -37.963  -2.044 1.0000000000
66523  26.879  -38.065  -2.686 1.0000000000
195396  26.511  -38.727  -2.929 1.0000000000
66536  26.092  -38.600  -3.731 1.0000000000
65369  24.895  -39.069  -5.070 0.8999999762
65376  24.061  -39.609  -6.199 0.8999999762
64205  23.958  -40.077  -6.844 0.8999999762
65406  23.606  -39.413  -7.681 0.8999999762
63236  30.464  -40.485  -7.396 0.6000000238
64203  28.609  -39.292  -6.133 0.6999999881
65405  24.197  -39.442  -7.909 0.8999999762
219191  32.588  -40.323  -8.438 0.6000000238
63244  32.021  -40.396  -8.323 0.6000000238
65386  27.319  -38.915  -6.072 0.6999999881
66579  25.878  -38.715  -6.850 0.6999999881
66425  23.152  -38.497  2.751 0.6999999881
66426  22.785  -38.242  2.112 0.6000000238
66398  25.699  -38.405  3.020 0.8000000119
65228  24.502  -38.454  3.124 0.8000000119
198928  23.945  -37.665  2.938 0.6999999881
200018  23.287  -37.784  2.571 0.6999999881
66423  27.072  -37.934  2.700 0.6999999881
66424  26.436  -38.292  2.955 0.8000000119
66422  27.526  -38.342  2.276 0.6999999881
66448  27.794  -37.818  1.813 0.6999999881
67595  28.367  -37.328  0.843 0.8000000119
67607  28.424  -37.341  0.089 0.8000000119
206107  28.424  -37.440  -0.621 0.8999999762
226760  28.538  -37.096  -0.827 0.8999999762
67617  27.755  -37.424  -1.481 1.0000000000
66522  27.279  -37.449  -2.599 1.0000000000
66537  26.011  -38.106  -4.077 1.0000000000
67640  27.126  -36.962  -2.976 1.0000000000
191862  26.428  -38.003  -3.337 1.0000000000
210487  25.572  -38.674  -4.557 1.0000000000
66547  25.055  -38.424  -5.186 1.0000000000
65375  24.502  -39.074  -5.625 0.8999999762
224737  23.866  -38.349  -6.351 0.8999999762
66556  23.844  -38.926  -6.475 0.8999999762
199097  23.382  -38.911  -7.289 0.8999999762
64227  31.474  -39.548  -7.638 0.6000000238
63235  31.089  -40.085  -7.639 0.6000000238
64212  29.771  -39.522  -6.606 0.6000000238
65384  28.980  -38.536  -6.168 0.6999999881
65420  23.806  -38.979  -8.076 0.8999999762
65404  24.971  -39.160  -7.709 0.8999999762
67681  27.139  -37.587  -6.408 0.6999999881
66567  26.791  -38.380  -6.396 0.6999999881
66580  25.237  -38.256  -7.396 0.8999999762
66581  24.307  -38.540  -8.060 0.8999999762
66399  25.068  -38.149  3.115 0.6999999881
66400  24.450  -37.890  3.156 0.6000000238
67541  23.748  -37.133  2.747 0.6000000238
67566  22.659  -37.609  2.104 0.6000000238
67538  26.475  -37.478  2.743 0.6999999881
67539  25.255  -37.045  3.216 0.6000000238
196757  27.234  -37.192  2.715 0.6999999881
67564  27.726  -37.222  2.160 0.6999999881
67578  28.049  -37.286  1.482 0.6999999881
68750  28.977  -36.168  -0.028 0.8000000119
68751  28.644  -36.811  -0.399 0.8000000119
68762  28.635  -36.723  -1.077 0.8000000119
67628  28.250  -36.948  -1.434 0.8000000119
196040  27.585  -37.290  -2.126 1.0000000000
68773  28.344  -36.412  -1.589 0.8000000119
67652  26.724  -37.199  -3.439 1.0000000000
67653  26.330  -37.484  -3.819 1.0000000000
66546  25.637  -38.055  -4.648 1.0000000000
223188  26.563  -36.208  -3.772 1.0000000000
67664  26.004  -37.424  -4.370 1.0000000000
67665  25.435  -37.557  -5.033 1.0000000000
67673  25.150  -36.927  -5.550 1.0000000000
215793  24.071  -37.831  -6.333 1.0000000000
66569  23.353  -38.084  -6.955 0.8999999762
64211  30.498  -39.482  -6.807 0.6000000238
66583  23.648  -38.380  -8.033 0.8999999762
64226  31.883  -39.335  -7.954 0.6000000238
65419  31.165  -38.789  -7.192 0.6000000238
65402  29.660  -38.780  -6.529 0.6999999881
66594  23.744  -38.192  -8.181 0.8999999762
66564  29.049  -37.729  -6.186 0.6999999881
219596  26.663  -37.209  -6.790 0.6999999881
67695  24.939  -37.480  -7.620 0.8999999762
68684  23.465  -36.517  2.680 0.5000000000
208115  25.933  -36.943  2.971 0.6000000238
68682  24.884  -36.423  3.208 0.5000000000
68705  27.142  -36.428  2.737 0.6999999881
67537  26.559  -36.716  2.785 0.6999999881
68704  27.559  -36.644  2.424 0.6999999881
68703  28.045  -36.602  1.844 0.6999999881
68737  28.967  -35.923  0.752 0.6999999881
68761  28.908  -36.299  -0.699 0.8000000119
69913  28.829  -35.957  -1.275 0.8000000119
69923  28.953  -35.229  -1.739 0.8000000119
69924  28.401  -35.757  -1.938 0.8000000119
69935  27.513  -35.715  -2.726 0.8999999762
68784  27.300  -36.341  -2.855 1.0000000000
69934  28.118  -35.419  -2.486 0.8000000119
69948  27.185  -35.266  -3.233 0.8999999762
68797  26.866  -36.440  -3.397 1.0000000000
68807  26.245  -36.015  -4.197 1.0000000000
207155  25.713  -36.659  -4.645 1.0000000000
211098  24.620  -36.235  -6.017 1.0000000000
67683  23.335  -37.249  -6.842 0.8999999762
67696  22.995  -37.493  -7.460 0.8999999762
68834  23.468  -37.227  -7.857 0.8999999762
68833  23.369  -36.771  -7.391 0.8999999762
68851  23.879  -36.401  -7.815 0.8999999762
65418  31.498  -39.013  -7.545 0.6000000238
65401  30.374  -38.333  -6.731 0.6000000238
67680  27.976  -37.376  -6.182 0.6999999881
67707  25.603  -36.785  -7.992 0.8000000119
67708  24.691  -36.939  -8.180 0.8999999762
65434  31.788  -38.705  -8.014 0.6000000238
200672  28.844  -36.775  -6.775 0.6999999881
67693  27.360  -36.926  -6.624 0.6999999881
68849  25.263  -36.552  -8.114 0.8000000119
68850  24.485  -36.404  -8.094 0.8999999762
68832  26.625  -36.649  -7.393 0.6999999881
69988  24.682  -35.693  -7.818 0.8999999762
226640  25.469  -36.479  3.040 0.5000000000
69840  24.443  -35.701  2.936 0.5000000000
68680  26.612  -35.960  2.843 0.6999999881
69839  25.312  -35.785  2.816 0.5000000000
69859  27.276  -35.776  2.604 0.6999999881
196437  28.215  -35.827  1.867 0.6999999881
200368  27.763  -36.080  2.332 0.6999999881
69879  28.658  -35.537  1.356 0.6999999881
71049  29.267  -34.709  0.386 0.6999999881
69894  29.187  -35.456  0.193 0.6999999881
71075  29.156  -34.732  -1.259 0.8000000119
204382  29.113  -34.497  -1.809 0.8000000119
71084  28.752  -34.779  -2.146 0.8000000119
194584  27.749  -35.163  -2.865 0.8000000119
210144  26.796  -35.131  -3.736 0.8999999762
69949  26.706  -35.728  -3.640 1.0000000000
68813  25.778  -35.884  -4.804 1.0000000000
68814  25.324  -36.240  -5.309 1.0000000000
71097  28.355  -34.746  -2.723 0.8000000119
71098  27.748  -34.725  -3.274 0.8000000119
69956  26.355  -35.293  -4.181 0.8999999762
69961  25.176  -35.535  -5.468 1.0000000000
223209  25.920  -34.774  -4.972 0.8999999762
69969  24.391  -35.471  -6.262 1.0000000000
211346  23.876  -35.893  -6.568 1.0000000000
69970  23.876  -35.500  -6.953 1.0000000000
213871  24.067  -35.771  -7.876 0.8999999762
67691  29.446  -37.247  -6.624 0.6999999881
69977  24.009  -35.443  -7.555 0.8999999762
66576  30.770  -37.740  -7.188 0.6000000238
67690  30.130  -37.108  -7.132 0.6000000238
216279  24.332  -35.130  -7.513 0.8999999762
68829  29.505  -36.623  -7.123 0.6999999881
68831  27.502  -36.385  -7.129 0.6999999881
219350  27.025  -36.184  -7.804 0.6999999881
68848  26.192  -36.177  -7.904 0.6999999881
69987  25.431  -36.006  -8.032 0.8000000119
69986  26.269  -35.668  -8.081 0.6999999881
71153  24.936  -34.550  -7.469 0.8000000119
71151  26.333  -34.982  -8.171 0.6999999881
69838  26.013  -35.509  2.742 0.5000000000
69858  27.880  -35.394  2.355 0.6999999881
195867  27.219  -34.997  2.373 0.5000000000
71032  28.876  -34.923  1.536 0.6999999881
69857  28.399  -35.118  1.914 0.6999999881
71031  29.100  -34.379  1.189 0.6999999881
71006  28.707  -34.449  1.933 0.6999999881
72203  29.225  -33.993  0.394 0.6999999881
73475  29.349  -33.681  -0.275 0.6999999881
71063  29.168  -34.925  -0.464 0.6999999881
72218  29.495  -33.619  -1.004 0.6999999881
72219  29.342  -34.243  -0.784 0.6999999881
72232  29.453  -34.109  -1.453 0.8000000119
72242  29.319  -33.848  -1.896 0.8000000119
71096  28.830  -34.197  -2.294 0.8000000119
72255  28.161  -34.297  -3.275 0.8000000119
72253  28.939  -33.410  -2.411 0.8000000119
73524  28.238  -33.207  -3.546 0.8000000119
71107  27.181  -34.695  -3.653 0.8000000119
72276  26.591  -34.212  -4.278 0.8999999762
210924  25.477  -34.841  -5.312 0.8999999762
71125  24.743  -34.855  -5.923 1.0000000000
74806  27.937  -32.825  -3.824 0.8000000119
73526  27.175  -33.671  -3.863 0.8000000119
71132  24.201  -34.892  -6.819 1.0000000000
67706  30.645  -37.094  -7.785 0.6000000238
212556  24.323  -34.286  -6.972 1.0000000000
68863  28.441  -35.917  -7.936 0.6999999881
69985  27.769  -35.765  -8.414 0.6999999881
71154  24.457  -34.421  -7.239 0.8999999762
72310  24.314  -34.071  -7.161 1.0000000000
70000  26.936  -35.318  -8.644 0.6999999881
71152  25.670  -34.435  -7.774 0.8000000119
72183  28.991  -33.572  0.892 0.6999999881
209793  29.269  -33.362  0.303 0.6999999881
226309  29.520  -33.250  -0.048 0.6999999881
73474  29.691  -33.068  -0.525 0.6999999881
73490  29.742  -33.538  -1.600 0.6999999881
73489  29.772  -33.142  -1.215 0.6999999881
74777  29.689  -32.608  -2.082 0.8000000119
74793  29.005  -32.770  -2.853 0.8000000119
76187  29.398  -31.557  -3.037 0.8000000119
209152  28.787  -32.103  -3.737 0.8000000119
208234  26.630  -32.912  -4.486 0.8999999762
72277  26.291  -33.961  -4.764 0.8999999762
74824  27.014  -32.421  -4.447 0.8000000119
218318  26.161  -32.685  -4.753 0.8999999762
71124  25.229  -34.240  -5.692 0.8999999762
68845  30.013  -36.601  -7.720 0.6000000238
73548  25.674  -32.775  -5.082 0.8999999762
73549  25.141  -32.877  -5.650 0.8999999762
72298  24.419  -34.154  -6.365 1.0000000000
68861  30.487  -36.597  -8.375 0.6000000238
72299  24.305  -33.754  -6.919 0.8999999762
71161  27.428  -35.021  -9.004 0.6999999881
73578  24.304  -33.403  -7.170 0.8999999762
72320  26.407  -34.333  -8.025 0.8000000119
72322  25.068  -33.934  -7.616 0.8999999762
74894  24.780  -32.560  -7.455 0.8000000119
73435  29.064  -32.882  0.728 0.6999999881
73456  29.614  -32.802  0.194 0.6999999881
74747  29.884  -32.359  -0.311 0.6999999881
74776  29.943  -32.419  -1.704 0.6999999881
190265  30.142  -31.949  -1.496 0.6999999881
74791  29.931  -32.048  -2.082 0.6999999881
74823  27.672  -32.371  -4.215 0.8000000119
74825  26.383  -32.291  -4.585 0.8000000119
76221  27.308  -31.810  -4.530 0.8000000119
76222  26.693  -31.464  -4.819 0.8000000119
72286  24.951  -33.568  -6.010 0.8999999762
69997  29.005  -35.660  -8.494 0.6000000238
76223  26.188  -31.739  -4.898 0.8000000119
76243  25.538  -31.433  -5.256 0.8999999762
208074  24.844  -32.320  -6.046 0.8999999762
74856  24.436  -32.237  -6.521 0.8999999762
70008  29.290  -35.356  -9.018 0.6000000238
69998  28.185  -35.636  -8.720 0.6999999881
198984  24.183  -31.784  -6.925 0.8999999762
72319  27.268  -34.162  -7.919 0.6999999881
73593  24.644  -32.961  -7.252 0.8000000119
73577  26.258  -33.038  -7.221 0.6999999881
73591  25.243  -33.024  -7.482 0.8000000119
74729  29.721  -32.180  0.209 0.6999999881
76154  30.110  -31.820  -0.758 0.6999999881
196457  30.233  -31.181  -1.293 0.6999999881
74822  28.338  -32.271  -3.984 0.8000000119
211710  27.722  -31.242  -4.390 0.8000000119
77706  27.512  -30.769  -4.732 0.8000000119
76242  26.053  -31.125  -5.166 0.8000000119
76244  24.838  -31.136  -5.532 0.8999999762
77739  24.575  -30.511  -5.727 0.8999999762
70009  28.370  -35.343  -9.099 0.6000000238
210889  24.246  -31.514  -6.366 0.8999999762
72347  27.889  -34.673  -9.145 0.6999999881
72318  27.860  -33.838  -8.061 0.6999999881
76258  24.060  -31.072  -6.575 0.8999999762
74870  27.245  -32.026  -7.307 0.6999999881
76271  25.935  -31.671  -7.327 0.8000000119
76289  24.484  -31.332  -7.771 0.8000000119
76270  26.629  -31.430  -7.071 0.6999999881
76287  25.174  -31.470  -7.693 0.8000000119
76288  24.636  -31.764  -7.687 0.8000000119
77757  25.884  -31.028  -7.571 0.8000000119
76140  29.950  -31.716  -0.035 0.6999999881
77634  30.102  -31.107  -0.405 0.6000000238
71171  28.994  -35.007  -9.166 0.6000000238
79134  25.889  -30.431  -5.358 0.8000000119
80593  24.711  -29.623  -6.450 0.8999999762
77740  24.091  -30.441  -6.242 0.8999999762
72346  28.478  -34.330  -9.160 0.6000000238
79151  24.278  -30.033  -6.778 0.8999999762
221580  27.475  -33.411  -7.603 0.8000000119
77779  24.407  -30.717  -7.479 0.8999999762
77777  25.056  -30.830  -7.926 0.8000000119
76269  27.457  -31.294  -7.001 0.6999999881
209907  25.447  -30.477  -8.051 0.8000000119
79183  25.453  -29.901  -8.433 0.8000000119
73608  28.415  -33.427  -8.417 0.6999999881
80592  25.274  -29.509  -6.401 0.8000000119
74890  28.996  -32.273  -7.753 0.5000000000
74891  28.392  -32.459  -7.592 0.6000000238
205527  28.639  -31.947  -7.299 0.6000000238
76286  28.021  -31.956  -7.141 0.6999999881
79164  24.449  -29.937  -7.498 0.8000000119
215017  28.422  -30.588  -7.206 0.6000000238
79180  28.083  -30.040  -7.405 0.6000000238
79182  26.423  -29.925  -8.187 0.6999999881
79199  25.975  -29.336  -8.558 0.8000000119
77778  24.696  -30.696  -7.783 0.8000000119
79181  27.303  -29.938  -7.661 0.6000000238
80610  25.380  -28.946  -7.022 0.8000000119
82042  25.122  -28.718  -7.622 0.8000000119
80633  24.802  -29.129  -7.623 0.8999999762
77773  29.755  -31.174  -7.590 0.6000000238
208047  25.794  -28.964  -8.786 0.8000000119
79184  24.836  -29.438  -8.118 0.8000000119
82082  25.309  -28.369  -8.162 0.8000000119
80632  26.992  -29.370  -8.245 0.6000000238
207872  25.676  -28.415  -7.599 0.8000000119
83405  25.520  -28.027  -7.977 0.8000000119
77774  29.078  -30.941  -7.299 0.6000000238
80630  28.525  -29.559  -7.623 0.6000000238
80656  25.346  -28.568  -8.496 0.8000000119
80631  27.815  -29.057  -7.972 0.6000000238
80676  25.700  -28.358  -8.961 0.6999999881
82081  25.520  -28.057  -8.418 0.8000000119
82096  28.169  -27.773  -9.199 0.6000000238
210612  26.852  -27.546  -9.316 0.6000000238
83433  26.191  -27.427  -9.242 0.6999999881
82058  28.633  -28.845  -7.907 0.6000000238
225106  28.466  -28.452  -8.389 0.6000000238
83403  27.380  -27.402  -7.587 0.8000000119
83404  25.808  -27.662  -8.156 0.8000000119
79178  29.847  -29.997  -7.634 0.6000000238
196100  26.438  -27.470  -7.901 0.8000000119
79177  30.488  -30.083  -7.873 0.5000000000
84821  26.149  -26.427  -9.112 0.8000000119
83414  25.770  -27.610  -8.497 0.8000000119
80651  30.078  -29.334  -7.817 0.6000000238
211953  29.302  -29.426  -7.718 0.6000000238
84820  26.361  -26.259  -9.411 0.6000000238
80650  31.141  -28.932  -8.313 0.5000000000
82078  29.649  -27.922  -8.510 0.6000000238
82095  28.746  -28.160  -8.799 0.6000000238
83432  27.620  -27.438  -9.504 0.6000000238
218268  30.263  -27.121  -9.028 0.6000000238
84817  29.069  -27.029  -9.618 0.6000000238
84818  28.630  -26.773  -9.859 0.6000000238
84834  28.187  -26.512  -9.939 0.6000000238
84786  26.762  -26.993  -8.117 0.8000000119
84787  26.051  -27.193  -8.400 0.8000000119
84785  27.618  -26.806  -7.781 0.8000000119
86238  27.239  -25.775  -8.481 0.6999999881
86239  26.264  -25.842  -8.747 0.6999999881
83413  30.425  -27.548  -8.590 0.6000000238
86271  25.907  -25.675  -9.721 0.6000000238
86251  25.693  -25.655  -9.514 0.6999999881
83428  30.967  -27.294  -8.908 0.5000000000
84835  27.134  -26.302  -9.849 0.6000000238
86249  30.535  -26.026  -9.422 0.5000000000
84832  29.153  -26.598  -9.855 0.6000000238
86268  28.800  -25.892  -10.255 0.6000000238
86248  31.256  -25.900  -9.350 0.5000000000
86237  28.300  -25.750  -8.316 0.6999999881
87575  26.638  -25.259  -8.827 0.6000000238
87590  25.622  -25.402  -9.586 0.6000000238
87576  25.674  -25.503  -9.367 0.6000000238
89010  26.718  -24.380  -10.036 0.6000000238
87589  26.000  -25.080  -9.454 0.6000000238
87587  30.779  -25.457  -9.681 0.5000000000
87607  29.234  -25.457  -10.269 0.6000000238
89007  29.138  -24.862  -10.649 0.6000000238
87608  28.470  -25.234  -10.298 0.6000000238
86270  27.034  -25.699  -9.933 0.6000000238
199585  26.091  -23.734  -9.678 0.6000000238
87606  30.406  -25.113  -10.090 0.6000000238
216922  29.685  -24.575  -10.649 0.6000000238
87586  31.485  -25.336  -9.503 0.5000000000
217394  31.155  -24.415  -10.486 0.5000000000
89005  31.677  -24.320  -9.973 0.4000000060
207621  31.459  -23.818  -10.386 0.5000000000
87574  27.197  -24.680  -8.670 0.6000000238
88990  26.955  -23.965  -8.992 0.6000000238
89008  28.365  -24.459  -10.445 0.6000000238
208671  27.087  -23.942  -10.351 0.6000000238
220016  26.183  -23.360  -9.347 0.6000000238
195980  29.091  -24.232  -10.718 0.6000000238
90316  28.072  -23.720  -10.538 0.6000000238
89006  30.467  -24.628  -10.529 0.5000000000
90315  29.923  -24.018  -10.628 0.6000000238
90330  31.061  -23.300  -10.720 0.5000000000
91542  31.800  -23.126  -10.353 0.4000000060
91551  31.439  -22.716  -10.934 0.4000000060
90317  26.843  -23.320  -10.603 0.6000000238
198089  25.846  -22.749  -9.622 0.5000000000
90299  27.035  -23.349  -8.963 0.5000000000
88979  27.739  -24.132  -8.592 0.5000000000
91544  26.303  -22.633  -10.450 0.5000000000
90332  29.087  -23.361  -10.620 0.6000000238
90331  30.242  -23.378  -10.775 0.5000000000
91552  30.661  -22.734  -10.933 0.4000000060
90298  28.145  -23.057  -9.075 0.4000000060
91543  27.644  -22.952  -10.636 0.6000000238
91555  27.071  -22.097  -10.555 0.5000000000
91553  29.696  -22.688  -10.843 0.4000000060
91554  28.449  -22.463  -10.810 0.6000000238
92682  27.863  -21.618  -10.562 0.6000000238
199951  26.086  -21.838  -10.087 0.4000000060
92692  30.220  -22.114  -11.030 0.4000000060
93830  29.799  -21.374  -11.027 0.4000000060
93814  26.463  -21.186  -10.028 0.4000000060
92693  29.167  -21.938  -10.812 0.4000000060
215310  27.222  -20.853  -10.578 0.4000000060
92691  31.123  -22.144  -11.221 0.4000000060
93831  28.564  -21.173  -10.519 0.4000000060
91527  28.772  -22.489  -9.110 0.4000000060
202184  26.583  -21.414  -9.420 0.4000000060
93820  26.700  -20.563  -10.406 0.4000000060
204984  29.989  -20.768  -11.125 0.4000000060
196793  29.132  -20.680  -10.719 0.4000000060
95026  28.744  -20.020  -10.617 0.4000000060
93819  27.670  -20.388  -10.548 0.4000000060
92674  28.058  -21.678  -9.200 0.4000000060
93812  27.522  -20.877  -9.372 0.4000000060
93813  26.843  -20.759  -9.782 0.4000000060
95025  29.721  -20.206  -11.016 0.3000000119
95019  27.128  -20.182  -10.427 0.4000000060
223559  26.671  -20.676  -10.173 0.4000000060
95011  28.455  -20.482  -9.183 0.4000000060
208627  27.509  -20.314  -9.435 0.4000000060
61118  26.731  -41.879  -6.821 0.8999999762
215410  27.394  -43.109  -6.646 0.8999999762
59916  26.872  -42.713  -6.481 0.8999999762
194762  27.163  -41.603  -2.359 0.8999999762
63187  26.833  -40.286  -2.430 1.0000000000
63169  27.007  -40.166  -1.741 1.0000000000
209600  27.200  -42.118  -4.858 0.8999999762
61083  27.190  -41.562  -3.618 0.8999999762
62213  26.921  -41.029  -3.437 0.8999999762
64172  26.620  -39.834  -2.756 1.0000000000
61102  26.729  -42.253  -5.623 0.8999999762
196403  26.902  -41.260  -4.087 0.8999999762
62223  26.420  -41.117  -4.726 0.8999999762
63194  26.653  -40.346  -3.198 1.0000000000
61103  26.378  -41.814  -5.884 0.8999999762
62224  25.823  -40.557  -4.920 0.8999999762
90300  26.044  -22.595  -9.166 0.4000000060
91545  25.758  -22.361  -9.815 0.4000000060
203848  26.726  -22.598  -8.984 0.4000000060
90297  29.248  -23.115  -9.077 0.4000000060
54657  25.525  -46.056  1.035 0.8999999762
54690  26.585  -46.174  -0.610 1.0000000000
53370  25.978  -46.866  -3.731 0.8000000119
56077  23.251  -45.567  0.688 0.8999999762
218004  26.276  -45.231  0.590 1.0000000000
59769  25.821  -43.091  2.227 0.8999999762
57409  27.734  -43.845  -1.893 0.8999999762
56145  27.503  -44.736  -2.993 0.8000000119
221238  27.447  -44.900  -4.617 0.8000000119
59823  27.586  -42.889  -0.591 1.0000000000
58599  27.609  -43.819  -4.432 0.8999999762
58607  27.445  -43.813  -5.241 0.8000000119
59908  26.877  -42.788  -5.946 0.8999999762
59907  27.164  -43.255  -6.185 0.8000000119
222844  27.481  -42.527  -2.234 0.8999999762
62233  26.615  -41.629  -5.254 0.8999999762
60975  24.142  -42.184  2.056 0.8999999762
208496  23.264  -41.489  1.817 1.0000000000
64124  20.892  -39.445  0.442 0.6000000238
226130  19.918  -38.839  -0.240 0.4000000060
65295  20.376  -38.973  0.169 0.4000000060
62202  27.006  -40.956  -2.757 0.8999999762
202339  27.953  -43.081  -7.751 0.6999999881
63227  26.630  -40.849  -7.022 0.8000000119
63062  25.262  -40.502  2.762 0.8999999762
61145  28.547  -41.560  -9.330 0.6000000238
64079  22.966  -39.479  2.151 0.6999999881
66482  19.907  -38.298  0.069 0.4000000060
62234  25.857  -41.176  -5.684 0.8999999762
63229  24.811  -40.896  -7.540 0.8999999762
64217  24.898  -39.982  -7.487 0.8999999762
63238  28.996  -40.586  -7.493 0.6999999881
63225  28.651  -40.274  -6.871 0.6999999881
64053  24.312  -39.097  2.951 0.8000000119
63061  25.817  -40.008  2.900 0.8999999762
66510  26.839  -38.622  -2.205 1.0000000000
63201  26.523  -40.573  -4.085 0.8999999762
64193  24.937  -39.458  -5.141 0.8999999762
63203  25.299  -40.039  -5.111 0.8999999762
63230  24.274  -40.319  -7.350 0.8999999762
65247  26.598  -38.931  2.691 0.8000000119
67567  21.964  -37.409  1.933 0.5000000000
65388  23.566  -39.628  -7.109 0.8999999762
224650  26.992  -38.490  2.678 0.6999999881
66447  28.089  -37.861  1.141 0.8000000119
66466  28.225  -37.882  0.486 0.8999999762
65385  28.164  -38.690  -6.036 0.6999999881
222629  25.611  -37.658  -7.237 0.8000000119
67565  23.040  -37.083  2.509 0.6000000238
189275  25.705  -37.710  2.994 0.8000000119
67540  24.526  -37.170  3.161 0.6000000238
191670  27.500  -37.712  2.431 0.6999999881
226429  28.322  -36.823  1.198 0.6999999881
68738  28.553  -36.638  0.518 0.6999999881
67639  27.657  -36.816  -2.529 1.0000000000
206873  24.880  -37.738  -5.767 1.0000000000
67709  24.101  -37.625  -8.228 0.8999999762
68683  24.170  -36.503  2.864 0.6000000238
68706  22.889  -36.450  2.389 0.5000000000
68722  28.442  -36.223  1.242 0.6999999881
68774  27.913  -36.269  -2.057 0.8999999762
69841  23.802  -36.000  2.808 0.5000000000
69878  29.126  -35.164  0.956 0.6999999881
69837  26.632  -35.277  2.602 0.6000000238
214545  26.088  -34.912  2.621 0.5000000000
71108  26.638  -34.673  -3.994 0.8999999762
72254  28.495  -33.933  -2.851 0.8000000119
73525  27.826  -33.493  -3.882 0.8000000119
72323  24.467  -33.767  -7.424 0.8999999762
71008  26.513  -34.503  2.580 0.5000000000
71007  27.908  -34.610  2.181 0.6999999881
189557  29.343  -32.845  -2.396 0.8000000119
73535  26.732  -33.616  -4.292 0.8999999762
72285  25.651  -33.597  -5.284 0.8999999762
208020  26.750  -33.710  -7.519 0.8000000119
72321  25.719  -33.714  -7.625 0.8000000119
74762  29.955  -32.533  -1.098 0.6999999881
76199  29.031  -31.589  -3.605 0.8000000119
76272  24.220  -31.257  -7.253 0.8999999762
77726  25.185  -30.723  -5.365 0.8999999762
76127  29.582  -31.690  0.501 0.6000000238
77756  26.756  -30.791  -7.231 0.6999999881
80611  24.793  -29.191  -7.006 0.8999999762
80655  26.350  -28.763  -8.900 0.6999999881
80654  27.216  -28.871  -8.537 0.6000000238
82097  27.321  -27.857  -9.122 0.6000000238
82098  25.722  -27.742  -8.922 0.8000000119
84819  26.912  -26.996  -9.497 0.6000000238
86240  26.166  -26.035  -8.976 0.6999999881
84816  29.696  -26.829  -9.436 0.6000000238
89009  27.645  -24.655  -10.203 0.6000000238
86266  29.974  -25.641  -9.923 0.6000000238
223848  26.453  -23.772  -9.989 0.6000000238
91528  27.389  -22.185  -9.168 0.4000000060
91529  26.073  -22.133  -9.195 0.4000000060
92673  29.380  -21.899  -9.016 0.4000000060
96252  27.751  -19.833  -10.465 0.4000000060
61110  26.534  -42.258  -6.258 0.8999999762
43189  21.411  -53.555  -2.926 0.4000000060
44324  21.423  -52.726  -2.110 0.4000000060
44325  20.850  -52.649  -1.922 0.4000000060
44344  22.537  -52.198  -2.978 0.4000000060
45479  21.385  -52.064  -1.857 0.4000000060
45480  20.635  -52.033  -1.669 0.4000000060
45520  23.266  -51.109  -3.002 0.3000000119
45478  22.079  -51.767  -1.921 0.4000000060
46756  23.678  -50.646  -3.390 0.4000000060
46777  23.459  -50.554  -4.040 0.4000000060
48108  23.606  -49.953  -4.315 0.4000000060
49396  23.954  -48.758  -4.845 0.4000000060
45462  21.687  -51.371  -1.497 0.5000000000
45463  21.020  -51.471  -1.470 0.4000000060
45477  22.623  -51.416  -2.098 0.4000000060
45461  22.284  -51.112  -1.648 0.4000000060
48069  24.215  -50.059  -3.248 0.4000000060
48107  24.125  -49.694  -3.967 0.4000000060
210454  24.316  -49.059  -4.206 0.5000000000
52060  24.633  -47.843  -5.440 0.6000000238
50705  24.065  -48.118  -5.837 0.5000000000
52080  24.491  -47.929  -6.140 0.6000000238
222216  24.310  -47.743  -6.663 0.4000000060
46692  21.966  -50.762  -1.252 0.5000000000
46694  20.662  -50.924  -1.251 0.5000000000
48024  20.263  -50.331  -1.197 0.5000000000
48047  19.559  -50.325  -1.445 0.5000000000
46703  22.953  -50.907  -1.726 0.6000000238
46691  22.612  -50.612  -1.311 0.6000000238
46702  23.474  -50.648  -1.896 0.5000000000
48046  23.977  -50.112  -1.794 0.6000000238
209616  24.388  -49.964  -2.483 0.5000000000
49342  24.538  -49.552  -2.909 0.5000000000
49358  24.535  -49.282  -3.504 0.4000000060
50654  24.765  -48.735  -3.844 0.6000000238
52045  25.165  -47.669  -4.154 0.6000000238
52046  24.864  -47.881  -4.700 0.6000000238
52059  25.187  -47.511  -5.183 0.6000000238
53423  25.582  -47.238  -5.548 0.6000000238
53422  26.150  -47.053  -5.934 0.6000000238
52079  25.059  -47.630  -5.845 0.6000000238
52078  25.527  -47.393  -6.262 0.6000000238
52095  25.277  -47.383  -6.890 0.6000000238
196340  26.005  -47.112  -6.822 0.6000000238
48022  21.593  -50.246  -1.059 0.5000000000
48023  20.940  -50.299  -1.118 0.5000000000
208176  20.534  -49.693  -1.092 0.5000000000
209309  19.885  -49.671  -1.402 0.5000000000
46690  23.285  -50.324  -1.375 0.6000000238
224306  22.793  -50.132  -1.132 0.6000000238
49323  24.594  -49.548  -1.979 0.6000000238
49305  24.226  -49.156  -0.932 0.6000000238
226974  24.736  -49.446  -2.515 0.5000000000
49322  24.973  -48.992  -1.436 0.6000000238
49357  24.974  -49.079  -2.968 0.6000000238
50653  25.153  -48.473  -3.371 0.6000000238
227302  25.575  -47.122  -4.988 0.6000000238
53421  26.744  -46.776  -6.361 0.6000000238
53437  26.650  -46.694  -7.188 0.6999999881
204223  21.170  -49.632  -0.866 0.6000000238
49308  20.737  -49.050  -0.855 0.5000000000
49309  20.160  -49.077  -1.303 0.5000000000
48020  23.195  -49.773  -0.924 0.6000000238
49306  22.545  -49.641  -0.943 0.6000000238
49307  21.852  -49.625  -0.796 0.6000000238
50608  19.954  -48.446  -1.543 0.5000000000
50615  19.568  -48.291  -2.183 0.5000000000
50598  23.958  -48.662  -0.314 0.6000000238
50629  25.379  -48.568  -2.657 0.6000000238
54819  27.472  -45.718  -6.350 0.6999999881
49296  22.237  -49.020  -0.691 0.6000000238
49297  21.444  -48.886  -0.595 0.6000000238
50606  20.919  -48.347  -0.919 0.6000000238
202812  23.299  -48.752  -0.512 0.6000000238
50601  21.496  -48.051  -0.594 0.6000000238
51972  21.036  -47.497  -1.159 0.6000000238
51974  19.904  -47.825  -1.779 0.6000000238
220312  19.578  -47.756  -2.314 0.6000000238
211427  23.266  -48.121  -0.192 0.6000000238
51997  19.215  -47.179  -2.510 0.5000000000
50597  24.672  -48.572  -0.654 0.6000000238
53332  19.651  -46.619  -2.267 0.6000000238
56203  27.576  -45.111  -6.717 0.6999999881
198083  22.522  -47.899  -0.325 0.6000000238
51964  22.905  -47.423  0.001 0.6000000238
51965  22.288  -47.288  -0.326 0.6000000238
51966  21.756  -47.326  -0.794 0.6000000238
51979  20.282  -47.309  -1.547 0.6000000238
53331  20.101  -46.651  -1.727 0.6000000238
51963  23.890  -48.039  0.003 0.6000000238
54715  20.462  -46.026  -1.522 0.6000000238
51962  24.416  -48.102  -0.159 0.6000000238
51970  25.836  -47.642  -1.189 0.6000000238
57468  27.613  -44.454  -7.064 0.6999999881
51954  23.570  -47.520  0.157 0.6000000238
53305  21.993  -46.569  -0.529 0.6999999881
53306  21.394  -46.725  -1.070 0.6999999881
51953  24.161  -47.551  0.153 0.6000000238
58631  27.451  -43.753  -6.626 0.6999999881
53304  22.666  -46.723  -0.101 0.6999999881
53292  23.931  -46.981  0.409 0.6999999881
53293  23.292  -46.876  0.240 0.6999999881
54693  21.940  -45.789  -0.544 0.6999999881
56102  21.450  -45.585  -0.964 0.6999999881
197874  21.076  -46.099  -1.210 0.6000000238
56118  20.915  -45.469  -1.376 0.6999999881
212330  21.304  -44.951  -1.134 0.6000000238
56119  20.437  -45.287  -2.040 0.5000000000
59915  27.965  -43.134  -7.067 0.8000000119
54672  23.016  -46.192  0.225 0.6999999881
54692  22.459  -46.036  -0.179 0.6999999881
56100  22.354  -45.374  -0.193 0.6999999881
56101  21.893  -45.026  -0.660 0.6999999881
56147  20.012  -44.661  -2.549 0.5000000000
57403  21.033  -44.303  -1.319 0.6000000238
224651  20.656  -44.204  -1.789 0.6000000238
77724  27.247  -30.311  -5.160 0.6999999881
74792  29.494  -32.213  -2.604 0.6999999881
74804  29.029  -32.144  -3.186 0.6999999881
207774  28.238  -31.252  -4.153 0.6999999881
76169  30.152  -31.548  -1.929 0.6000000238
76186  29.893  -31.459  -2.510 0.6000000238
77705  28.105  -30.748  -4.303 0.6999999881
79112  27.903  -30.143  -4.680 0.6999999881
79133  26.951  -29.862  -5.522 0.6999999881
80591  26.139  -29.290  -6.408 0.6999999881
77657  30.194  -30.957  -2.097 0.6000000238
77674  29.707  -31.040  -2.980 0.6000000238
77688  29.349  -30.982  -3.456 0.6999999881
194543  28.581  -30.254  -4.285 0.6999999881
77642  30.263  -30.406  -1.619 0.6000000238
80572  27.533  -29.395  -5.581 0.6999999881
80590  27.138  -29.054  -6.349 0.6999999881
211822  26.957  -27.744  -7.135 0.6999999881
79082  30.237  -29.991  -2.900 0.6000000238
79091  29.890  -29.831  -3.514 0.6000000238
79110  29.541  -29.490  -4.037 0.6999999881
202966  28.488  -29.812  -4.729 0.6999999881
80589  27.864  -28.808  -5.755 0.6999999881
82039  27.686  -28.061  -6.480 0.6999999881
83397  27.964  -27.704  -6.957 0.6999999881
79069  30.507  -29.822  -1.909 0.6000000238
79081  30.611  -29.788  -2.452 0.6000000238
80531  30.574  -29.052  -3.464 0.5000000000
80551  29.912  -28.941  -4.286 0.6000000238
81997  29.632  -28.571  -4.795 0.5000000000
192579  28.848  -28.363  -5.969 0.6999999881
83396  28.835  -27.620  -6.817 0.6999999881
84776  28.279  -27.234  -7.311 0.6999999881
95033  33.025  -19.919  -12.099 0.3000000119
95034  32.023  -20.100  -11.849 0.3000000119
93829  30.546  -21.075  -11.326 0.3000000119
43175  21.038  -53.241  -2.312 0.4000000060
43176  20.378  -53.183  -2.006 0.3000000119
43177  19.642  -53.084  -1.902 0.4000000060
44358  22.258  -52.650  -3.487 0.3000000119
200316  20.198  -52.574  -1.758 0.4000000060
216161  22.724  -51.434  -4.054 0.4000000060
45481  19.975  -51.990  -1.561 0.4000000060
46778  22.928  -50.834  -4.350 0.4000000060
48109  23.065  -50.193  -4.636 0.4000000060
49398  22.833  -49.357  -5.523 0.4000000060
49409  23.655  -48.611  -5.675 0.5000000000
52096  23.104  -47.863  -6.798 0.4000000060
46704  19.305  -51.008  -1.529 0.4000000060
52107  24.513  -47.391  -7.174 0.5000000000
48048  18.832  -50.400  -1.790 0.5000000000
53448  26.018  -46.857  -7.582 0.6000000238
208397  19.097  -49.642  -1.564 0.5000000000
49324  19.538  -48.962  -1.784 0.5000000000
50616  19.024  -48.585  -2.271 0.5000000000
54845  27.093  -46.291  -7.628 0.6000000238
51981  19.254  -48.004  -2.759 0.5000000000
51998  18.494  -47.441  -2.775 0.4000000060
54834  27.409  -45.760  -7.182 0.6999999881
54740  19.562  -46.006  -2.650 0.5000000000
54755  19.903  -45.409  -2.608 0.5000000000
58639  27.799  -43.756  -7.382 0.8000000119
57421  19.884  -44.217  -3.114 0.5000000000
57420  20.219  -44.137  -2.654 0.6000000238
72184  28.584  -33.801  1.462 0.6000000238
80514  30.810  -29.298  -2.167 0.5000000000
219626  30.828  -28.786  -3.071 0.5000000000
81995  30.850  -28.190  -4.037 0.5000000000
82012  30.016  -28.037  -5.035 0.5000000000
83388  29.888  -27.637  -5.769 0.5000000000
84765  29.429  -27.201  -6.389 0.5000000000
86224  28.870  -26.159  -7.791 0.5000000000
96271  33.449  -19.424  -12.023 0.3000000119
96272  32.396  -19.548  -11.754 0.3000000119
95024  30.558  -20.383  -11.294 0.3000000119
50596  24.961  -48.045  -0.403 0.6000000238
50605  25.313  -48.245  -1.070 0.6000000238
50614  25.391  -48.556  -2.000 0.6000000238
56079  22.332  -44.792  -0.224 0.8000000119
54820  27.097  -46.192  -5.980 0.6999999881
80609  26.349  -28.769  -6.979 0.6999999881
84784  28.547  -26.690  -7.563 0.6000000238
220506  31.079  -20.769  -11.356 0.3000000119
61117  27.430  -42.578  -6.932 0.8000000119
58646  27.838  -43.694  -8.233 0.6999999881
219614  29.236  -30.214  -3.801 0.6999999881
44323  21.991  -52.465  -2.213 0.4000000060
44322  22.467  -52.069  -2.309 0.4000000060
45521  22.854  -51.588  -3.381 0.3000000119
45476  23.187  -51.079  -2.290 0.5000000000
215621  19.774  -51.450  -1.519 0.5000000000
190147  23.123  -48.990  -5.851 0.3000000119
199427  23.674  -47.514  -7.022 0.4000000060
225213  18.440  -50.705  -1.921 0.5000000000
56132  20.842  -44.805  -1.672 0.6000000238
80571  28.151  -29.108  -5.337 0.6999999881
82040  27.058  -28.339  -6.732 0.6999999881
77687  29.732  -30.448  -3.193 0.6999999881
80524  30.294  -29.493  -3.309 0.6000000238
80552  29.320  -29.127  -4.615 0.6999999881
80523  30.633  -29.314  -2.849 0.6000000238
81981  30.526  -28.789  -3.999 0.5000000000
82013  29.108  -28.758  -5.036 0.6999999881
83390  28.526  -28.077  -6.450 0.6999999881
81980  30.868  -28.517  -3.521 0.5000000000
81996  30.213  -28.346  -4.420 0.5000000000
82023  29.399  -28.370  -5.545 0.5000000000
83389  29.191  -27.925  -6.184 0.5000000000
84783  29.260  -26.534  -7.370 0.5000000000
81967  30.961  -28.620  -1.713 0.5000000000
83365  30.586  -27.770  -4.552 0.5000000000
83379  30.404  -27.419  -5.129 0.5000000000
86213  30.150  -25.917  -6.963 0.5000000000
57476  27.683  -44.393  -7.875 0.6000000238
203162  27.835  -43.012  -9.650 0.5000000000
57482  27.467  -44.198  -8.794 0.6000000238
197686  27.859  -43.034  -8.712 0.6000000238
59962  28.433  -42.897  -10.648 0.5000000000
215615  28.177  -42.657  -9.815 0.5000000000
199988  28.870  -42.564  -10.330 0.5000000000
59950  28.465  -42.540  -10.125 0.5000000000
59949  29.540  -42.706  -10.415 0.5000000000
216650  20.058  -41.577  -1.884 0.4000000060
62188  19.946  -41.048  -2.639 0.4000000060
62170  20.012  -40.470  -2.619 0.4000000060
61159  28.801  -41.872  -9.820 0.5000000000
59948  30.288  -42.648  -10.580 0.5000000000
218748  29.245  -42.275  -10.002 0.5000000000
61157  30.600  -42.306  -10.061 0.5000000000
61158  29.858  -42.291  -9.998 0.5000000000
64148  19.875  -39.564  -2.478 0.4000000060
67579  21.411  -37.389  1.594 0.4000000060
67580  21.050  -37.292  1.077 0.4000000060
66467  20.253  -37.613  0.473 0.4000000060
66468  19.944  -37.532  -0.120 0.3000000119
70993  24.916  -35.129  2.778 0.4000000060
69860  23.785  -35.388  2.751 0.4000000060
220444  22.458  -36.927  2.127 0.4000000060
68708  21.780  -36.643  1.828 0.4000000060
71010  24.307  -34.869  2.771 0.4000000060
68707  22.405  -36.323  2.046 0.4000000060
68723  21.182  -36.618  1.156 0.4000000060
69863  22.176  -35.765  1.755 0.4000000060
69880  21.584  -35.999  1.429 0.4000000060
67581  20.715  -37.026  0.660 0.4000000060
67596  20.090  -36.922  0.295 0.4000000060
69861  23.311  -35.927  2.553 0.4000000060
69862  23.252  -35.343  2.234 0.4000000060
209180  22.792  -35.859  2.137 0.4000000060
217604  24.985  -34.421  2.506 0.4000000060
71011  23.689  -34.733  2.493 0.4000000060
71012  23.014  -34.701  2.001 0.4000000060
215894  22.714  -35.328  1.930 0.4000000060
194814  22.380  -34.981  1.588 0.4000000060
71033  21.866  -34.374  1.533 0.4000000060
72185  22.055  -33.904  1.593 0.4000000060
71034  21.359  -34.431  1.102 0.4000000060
69881  21.071  -35.774  1.063 0.4000000060
190774  27.094  -34.331  2.233 0.4000000060
72163  24.682  -33.717  2.177 0.4000000060
202166  24.193  -34.195  2.503 0.4000000060
203303  23.572  -34.132  2.136 0.4000000060
224465  26.617  -34.101  2.354 0.4000000060
200320  26.175  -33.873  2.367 0.4000000060
72162  25.417  -33.689  2.455 0.4000000060
73415  24.361  -33.206  1.933 0.4000000060
73416  23.690  -33.205  1.896 0.4000000060
72165  23.043  -33.986  1.853 0.4000000060
71013  22.402  -34.263  1.847 0.4000000060
72166  22.555  -33.640  1.699 0.4000000060
72186  21.561  -33.785  1.364 0.4000000060
72159  28.111  -33.927  1.947 0.5000000000
72160  27.495  -34.003  2.101 0.5000000000
194178  26.844  -33.745  2.142 0.5000000000
219440  26.315  -33.405  2.224 0.4000000060
190894  25.524  -33.110  2.309 0.4000000060
190936  24.975  -33.174  2.076 0.4000000060
73417  23.113  -33.367  1.801 0.4000000060
73412  27.537  -33.356  2.013 0.5000000000
74695  25.319  -32.535  2.028 0.4000000060
74696  24.621  -32.645  1.891 0.4000000060
74692  27.330  -32.552  2.060 0.4000000060
74693  26.630  -32.291  2.039 0.4000000060
73414  26.031  -32.805  2.276 0.4000000060
192532  24.807  -31.968  1.814 0.4000000060
77589  27.098  -31.060  1.885 0.4000000060
77604  26.811  -30.517  1.424 0.4000000060
77590  26.536  -30.924  1.742 0.4000000060
76096  25.971  -31.190  1.749 0.4000000060
79020  25.550  -30.078  1.305 0.4000000060
73436  28.662  -33.034  1.394 0.5000000000
76109  28.884  -31.805  1.575 0.5000000000
76111  27.745  -31.376  1.660 0.4000000060
79019  26.441  -29.945  1.183 0.4000000060
77605  26.089  -30.437  1.483 0.4000000060
80468  25.455  -29.511  1.053 0.3000000119
74730  29.339  -32.271  0.631 0.5000000000
76093  27.814  -32.086  1.766 0.5000000000
76094  27.208  -31.768  1.948 0.4000000060
76095  26.561  -31.539  1.895 0.4000000060
74694  25.888  -31.994  1.955 0.4000000060
213971  24.669  -31.218  1.725 0.4000000060
215008  25.337  -31.515  1.808 0.4000000060
211924  28.941  -31.289  1.156 0.5000000000
77602  28.353  -30.718  1.318 0.5000000000
77603  27.562  -30.710  1.402 0.4000000060
79018  27.130  -29.994  1.083 0.4000000060
212953  25.899  -29.821  1.261 0.3000000119
77624  29.822  -31.086  0.299 0.5000000000
222565  28.694  -30.994  1.263 0.5000000000
79017  27.984  -30.118  1.178 0.4000000060
80465  27.613  -29.538  0.946 0.4000000060
80466  26.582  -29.522  0.849 0.4000000060
80488  25.744  -29.084  0.642 0.3000000119
80489  25.165  -29.074  0.548 0.3000000119
77625  29.566  -30.478  0.634 0.5000000000
209159  29.968  -30.436  -0.010 0.4000000060
80464  28.430  -29.571  0.844 0.3000000119
212972  27.043  -29.383  0.939 0.4000000060
80487  26.690  -28.924  0.676 0.3000000119
212628  26.222  -29.169  0.658 0.3000000119
81934  25.479  -28.641  0.272 0.3000000119
81935  24.848  -28.557  0.329 0.3000000119
79041  29.183  -29.965  0.849 0.3000000119
79040  29.677  -29.712  0.269 0.4000000060
79053  29.966  -29.872  -0.360 0.4000000060
79052  30.177  -29.695  -0.745 0.4000000060
79059  30.348  -29.802  -1.262 0.4000000060
80485  28.532  -28.813  0.691 0.3000000119
212748  27.955  -29.016  0.926 0.3000000119
81932  27.117  -28.317  0.726 0.3000000119
206603  26.109  -28.637  0.380 0.3000000119
81949  25.758  -28.148  -0.052 0.3000000119
81951  24.543  -28.142  0.006 0.3000000119
226475  23.619  -28.284  0.147 0.3000000119
80484  29.166  -29.253  0.537 0.3000000119
83320  25.353  -27.711  -0.438 0.3000000119
83321  24.664  -27.725  -0.404 0.3000000119
84683  23.410  -27.166  -0.531 0.3000000119
80499  30.032  -29.194  -0.327 0.3000000119
207480  30.457  -28.662  -0.651 0.3000000119
80505  30.691  -29.286  -1.497 0.4000000060
81972  30.948  -28.738  -2.507 0.4000000060
83343  31.181  -28.332  -2.958 0.4000000060
83364  31.138  -27.527  -4.020 0.4000000060
81930  29.105  -28.548  0.406 0.3000000119
80483  29.711  -28.886  0.247 0.3000000119
81946  30.467  -28.087  -0.599 0.3000000119
81966  31.312  -28.119  -2.246 0.4000000060
83336  31.425  -27.463  -2.194 0.3000000119
83342  31.415  -27.741  -2.837 0.4000000060
83350  31.471  -27.215  -3.331 0.4000000060
83378  30.860  -27.103  -4.571 0.4000000060
84745  30.773  -26.845  -5.216 0.4000000060
84746  30.319  -27.053  -5.586 0.4000000060
84764  30.075  -26.887  -6.124 0.4000000060
81947  30.018  -28.355  -0.228 0.3000000119
200035  31.482  -27.201  -2.690 0.3000000119
84722  31.768  -26.493  -3.431 0.3000000119
84744  31.338  -26.495  -4.753 0.4000000060
86185  31.129  -26.319  -5.452 0.4000000060
86200  30.919  -26.046  -6.049 0.4000000060
87546  30.882  -25.185  -6.843 0.4000000060
87547  30.464  -25.462  -7.075 0.4000000060
87572  29.498  -24.938  -8.077 0.4000000060
87573  28.427  -24.993  -8.463 0.5000000000
84714  31.590  -26.687  -2.799 0.3000000119
209939  31.765  -25.514  -4.131 0.3000000119
86176  31.675  -25.913  -4.684 0.3000000119
200705  31.610  -25.641  -5.099 0.4000000060
86199  31.386  -25.693  -5.619 0.4000000060
87528  31.459  -24.985  -5.858 0.4000000060
87529  31.147  -25.447  -6.280 0.4000000060
87545  31.303  -24.809  -6.495 0.3000000119
88964  30.673  -24.403  -7.792 0.4000000060
88977  29.981  -24.436  -8.207 0.3000000119
88978  28.998  -24.288  -8.447 0.3000000119
90288  29.055  -23.617  -8.697 0.3000000119
90289  28.167  -23.705  -8.611 0.3000000119
86162  31.616  -26.024  -2.862 0.3000000119
87508  32.125  -24.891  -4.270 0.3000000119
87513  31.820  -25.315  -4.722 0.3000000119
87521  31.714  -25.161  -5.299 0.3000000119
88930  31.758  -24.426  -6.112 0.3000000119
203667  31.712  -23.700  -6.854 0.3000000119
204821  30.821  -23.777  -7.848 0.3000000119
88976  30.347  -23.908  -8.241 0.3000000119
90287  29.946  -23.382  -8.659 0.3000000119
90286  30.656  -23.353  -8.192 0.3000000119
206020  31.782  -24.937  -3.539 0.3000000119
87520  32.071  -24.762  -4.905 0.3000000119
88929  32.280  -24.103  -5.751 0.3000000119
90245  32.166  -23.829  -6.374 0.3000000119
90255  32.007  -23.241  -6.708 0.3000000119
90271  31.660  -23.298  -7.234 0.3000000119
91497  31.005  -22.815  -8.018 0.3000000119
91512  30.405  -22.788  -8.442 0.3000000119
91513  29.737  -22.709  -8.971 0.3000000119
92664  30.857  -22.209  -8.352 0.3000000119
92665  30.156  -22.259  -8.660 0.3000000119
93807  29.556  -21.073  -8.869 0.3000000119
73411  28.235  -33.305  1.843 0.5000000000
226065  28.339  -32.895  1.789 0.5000000000
56209  27.500  -45.088  -7.541 0.6000000238
56217  27.339  -44.908  -8.374 0.5000000000
57493  27.134  -43.951  -9.825 0.5000000000
56227  26.870  -44.474  -9.332 0.5000000000
58670  28.752  -43.253  -10.939 0.5000000000
57510  27.171  -43.929  -10.663 0.5000000000
205021  27.462  -43.474  -10.155 0.5000000000
58543  21.186  -43.859  -1.023 0.6000000238
58561  20.750  -43.677  -1.569 0.6000000238
58562  20.721  -43.103  -1.600 0.6000000238
58571  20.551  -43.195  -2.248 0.5000000000
59853  20.137  -42.610  -2.781 0.5000000000
61056  19.904  -41.904  -2.550 0.5000000000
61069  19.826  -41.825  -3.450 0.5000000000
61057  19.993  -41.058  -3.497 0.4000000060
62189  20.123  -40.341  -3.513 0.4000000060
63170  20.173  -39.805  -3.256 0.4000000060
64157  20.198  -39.179  -3.693 0.4000000060
66483  19.395  -38.177  -1.253 0.3000000119
71050  20.822  -34.466  0.568 0.4000000060
68724  20.520  -36.133  0.575 0.4000000060
72204  21.153  -33.758  0.904 0.4000000060
74697  23.959  -32.657  1.872 0.4000000060
73438  22.075  -33.354  1.368 0.4000000060
74716  21.680  -32.895  0.435 0.4000000060
74698  23.203  -32.617  1.823 0.4000000060
73437  22.636  -33.006  1.515 0.4000000060
74712  24.245  -32.205  1.800 0.4000000060
224565  22.750  -31.993  1.071 0.4000000060
77606  25.327  -30.760  1.440 0.4000000060
79021  25.006  -30.111  1.075 0.4000000060
77607  24.560  -30.643  1.227 0.4000000060
80490  24.542  -28.981  0.555 0.3000000119
81936  24.224  -28.454  0.318 0.3000000119
58669  29.614  -43.295  -11.155 0.5000000000
65321  19.652  -38.740  -2.206 0.4000000060
73457  21.183  -33.228  0.405 0.4000000060
74713  23.681  -32.090  1.716 0.4000000060
196165  23.095  -31.940  1.450 0.4000000060
199090  19.866  -39.129  -2.757 0.4000000060
59938  28.090  -42.566  -9.166 0.5000000000
70992  25.524  -35.005  2.656 0.4000000060
79060  30.388  -30.396  -0.739 0.5000000000
71009  25.774  -34.394  2.450 0.4000000060
83351  31.325  -27.986  -3.501 0.4000000060
87563  29.992  -25.419  -7.549 0.4000000060
86212  30.700  -25.763  -6.632 0.4000000060
58655  27.612  -43.575  -9.235 0.6000000238
58660  27.858  -42.936  -10.409 0.5000000000
217218  27.722  -43.711  -10.752 0.5000000000
205210  21.769  -35.226  1.147 0.4000000060
222064  20.739  -35.555  0.756 0.4000000060
72161  25.877  -33.376  2.368 0.4000000060
214313  22.712  -32.391  1.282 0.4000000060
73439  21.475  -33.241  1.087 0.4000000060
73413  26.772  -33.018  2.202 0.4000000060
74691  27.995  -32.789  1.930 0.5000000000
226147  25.353  -32.011  1.927 0.4000000060
76128  29.197  -31.745  1.040 0.5000000000
76110  28.237  -31.778  1.609 0.5000000000
74711  28.463  -32.369  1.701 0.5000000000
77601  29.037  -30.648  1.124 0.5000000000
211149  29.381  -31.151  0.813 0.5000000000
79016  28.697  -30.189  1.194 0.4000000060
80498  30.419  -29.251  -0.914 0.4000000060
211985  30.715  -28.828  -1.124 0.3000000119
83363  31.414  -26.843  -4.020 0.4000000060
83315  30.149  -27.583  -0.467 0.3000000119
190799  31.719  -26.212  -4.099 0.3000000119
88963  31.295  -23.928  -7.367 0.3000000119
88965  30.230  -24.900  -7.911 0.4000000060
86169  31.729  -25.754  -3.490 0.3000000119
88898  31.936  -24.285  -3.936 0.3000000119
88917  32.255  -24.235  -5.151 0.3000000119
197109  32.441  -23.796  -5.318 0.3000000119
211894  30.268  -21.698  -8.683 0.3000000119
74715  22.161  -32.759  0.875 0.4000000060
53352  18.620  -46.693  -2.945 0.4000000060
54756  18.940  -45.929  -3.164 0.4000000060
54775  18.762  -45.706  -4.003 0.4000000060
54774  19.251  -45.145  -3.762 0.3000000119
207571  19.472  -45.466  -3.068 0.4000000060
56170  19.177  -44.418  -4.384 0.3000000119
190857  24.338  -46.894  -7.807 0.5000000000
57430  20.104  -43.728  -3.050 0.5000000000
57440  19.422  -43.863  -4.242 0.3000000119
53447  26.408  -46.511  -7.987 0.5000000000
54853  26.679  -45.968  -8.335 0.5000000000
53460  25.609  -46.645  -8.257 0.5000000000
57410  20.460  -43.800  -2.361 0.5000000000
58582  20.283  -43.243  -2.955 0.4000000060
54854  25.962  -46.137  -8.702 0.5000000000
54868  26.165  -45.449  -9.070 0.3000000119
54844  27.237  -45.655  -8.001 0.5000000000
54852  26.780  -45.238  -8.738 0.4000000060
54870  24.873  -45.654  -9.658 0.3000000119
54869  25.485  -45.540  -9.417 0.3000000119
56230  25.331  -45.314  -10.126 0.3000000119
56229  25.785  -45.045  -9.952 0.3000000119
56245  25.819  -44.968  -10.736 0.3000000119
56237  25.759  -44.937  -10.634 0.3000000119
220536  25.954  -44.544  -10.562 0.4000000060
62203  19.883  -40.490  -3.840 0.3000000119
56244  27.093  -44.527  -10.784 0.4000000060
216720  26.289  -44.783  -10.879 0.4000000060
56236  26.034  -44.527  -10.722 0.4000000060
65332  20.006  -39.119  -3.293 0.3000000119
68739  19.935  -36.303  -0.011 0.3000000119
69895  20.440  -35.207  0.438 0.3000000119
68752  20.118  -35.704  0.092 0.3000000119
71064  20.216  -34.494  0.134 0.3000000119
72205  20.712  -33.777  0.123 0.3000000119
74732  21.264  -32.722  0.142 0.3000000119
74714  22.363  -32.014  0.749 0.3000000119
74731  21.785  -32.362  0.383 0.3000000119
76129  21.183  -32.009  0.108 0.3000000119
218100  20.671  -31.980  -0.207 0.3000000119
203757  24.092  -31.147  1.269 0.3000000119
76113  23.646  -31.575  1.352 0.3000000119
76114  22.746  -31.581  1.107 0.3000000119
207826  22.170  -31.181  0.917 0.3000000119
76115  21.749  -31.653  0.426 0.3000000119
77608  23.979  -30.543  0.934 0.3000000119
77610  22.847  -30.880  1.146 0.3000000119
208922  22.268  -30.502  1.087 0.3000000119
77611  21.748  -30.512  0.724 0.3000000119
79023  23.391  -30.318  1.055 0.3000000119
79024  22.622  -30.013  1.094 0.3000000119
79025  21.875  -29.954  1.044 0.3000000119
79022  24.391  -30.046  0.869 0.3000000119
79043  23.862  -29.838  0.804 0.3000000119
214587  22.613  -29.426  0.942 0.3000000119
53449  25.234  -47.063  -7.593 0.5000000000
57502  26.371  -44.278  -10.260 0.4000000060
63188  20.104  -39.592  -4.038 0.3000000119
219032  23.167  -31.418  1.206 0.3000000119
74733  20.770  -32.552  -0.139 0.3000000119
77609  23.522  -31.012  1.152 0.3000000119
58591  19.492  -43.421  -4.015 0.3000000119
59877  19.585  -42.683  -4.190 0.3000000119
61084  19.610  -41.501  -4.438 0.3000000119
45482  18.284  -51.591  -1.990 0.4000000060
45483  17.556  -51.436  -2.177 0.4000000060
46706  17.742  -50.857  -2.324 0.4000000060
46730  16.660  -50.498  -2.876 0.4000000060
196621  16.908  -49.787  -3.105 0.3000000119
49325  18.527  -49.707  -2.049 0.4000000060
48070  17.378  -49.790  -2.882 0.4000000060
49344  17.681  -49.217  -2.868 0.4000000060
50707  22.984  -48.516  -6.343 0.3000000119
217198  18.902  -49.171  -1.997 0.4000000060
50655  17.658  -48.316  -3.461 0.3000000119
52025  17.555  -47.737  -3.755 0.3000000119
50631  17.921  -48.578  -2.924 0.4000000060
53373  17.421  -46.902  -4.180 0.3000000119
52026  16.969  -47.506  -4.378 0.3000000119
53392  17.666  -46.409  -4.951 0.3000000119
51999  17.989  -47.883  -3.063 0.4000000060
53353  18.002  -47.018  -3.415 0.3000000119
53371  18.486  -46.345  -3.763 0.3000000119
45484  16.870  -51.522  -2.328 0.4000000060
204363  17.189  -50.870  -2.607 0.4000000060
54793  18.298  -45.906  -4.687 0.3000000119
191095  19.184  -51.783  -1.882 0.3000000119
53409  17.091  -46.265  -5.720 0.3000000119
43174  21.672  -53.006  -2.574 0.4000000060
43200  21.950  -53.203  -3.204 0.3000000119
44326  19.660  -52.415  -1.784 0.4000000060
44345  22.198  -52.741  -2.777 0.4000000060
45464  20.352  -51.473  -1.449 0.5000000000
45503  22.826  -51.579  -2.690 0.4000000060
46693  21.331  -50.881  -1.230 0.5000000000
46695  19.990  -50.936  -1.337 0.5000000000
46701  23.765  -50.559  -2.555 0.5000000000
46705  18.131  -50.998  -2.045 0.4000000060
46731  16.117  -50.600  -2.875 0.4000000060
46757  23.177  -51.056  -3.697 0.4000000060
46790  22.612  -50.485  -5.016 0.4000000060
48019  23.757  -49.716  -1.189 0.6000000238
48021  22.238  -50.201  -1.053 0.6000000238
48049  18.158  -50.391  -2.162 0.4000000060
48050  17.701  -50.427  -2.819 0.4000000060
48071  17.172  -50.278  -2.953 0.4000000060
48072  16.522  -49.980  -3.176 0.3000000119
48092  23.836  -50.187  -3.777 0.4000000060
48126  23.232  -49.645  -4.921 0.4000000060
48127  22.665  -49.802  -5.255 0.4000000060
49294  23.582  -49.236  -0.750 0.6000000238
49295  22.939  -49.176  -0.720 0.6000000238
49326  17.968  -49.771  -2.557 0.4000000060
49341  25.100  -49.093  -2.249 0.5000000000
49343  18.370  -49.038  -2.486 0.5000000000
49374  23.793  -49.381  -4.585 0.4000000060
49397  23.446  -49.152  -5.257 0.5000000000
50599  22.707  -48.538  -0.507 0.6000000238
50600  22.034  -48.343  -0.502 0.6000000238
50607  20.409  -48.578  -1.152 0.6000000238
50613  25.712  -48.161  -1.682 0.6999999881
50628  25.834  -48.153  -2.323 0.6000000238
50630  18.381  -48.192  -2.547 0.5000000000
50672  24.889  -48.107  -3.993 0.6000000238
50673  24.531  -48.465  -4.455 0.5000000000
50692  24.278  -48.248  -5.141 0.6000000238
50706  23.543  -48.230  -6.247 0.3000000119
51952  24.715  -47.536  -0.031 0.6000000238
51971  25.449  -47.741  -0.688 0.6000000238
51973  20.388  -47.990  -1.332 0.5000000000
51980  19.754  -47.213  -1.971 0.6000000238
52024  25.309  -47.782  -3.615 0.6999999881
52081  23.838  -47.923  -6.452 0.6000000238
53278  25.106  -46.656  0.737 0.8999999762
53290  25.793  -46.456  0.468 1.0000000000
53315  26.344  -46.627  -1.093 0.8999999762
53317  20.644  -46.684  -1.302 0.6000000238
53329  26.545  -46.608  -1.729 0.8999999762
53351  19.171  -46.474  -2.671 0.4000000060
53372  18.044  -46.533  -4.207 0.3000000119
53390  25.877  -46.905  -4.462 0.6999999881
54658  24.791  -46.008  1.159 0.8999999762
54691  26.233  -46.047  0.001 1.0000000000
54694  21.593  -46.150  -0.903 0.6999999881
54739  20.090  -46.047  -2.186 0.5000000000
54790  26.899  -45.967  -4.600 0.8000000119
54791  26.668  -46.150  -4.098 0.8000000119
54835  27.223  -46.355  -6.801 0.6999999881
56075  26.945  -45.068  -0.429 1.0000000000
56131  26.932  -45.434  -2.138 0.8999999762
56133  20.439  -44.462  -2.173 0.6000000238
56148  19.656  -44.869  -3.136 0.4000000060
56158  19.576  -44.398  -3.718 0.3000000119
56228  26.285  -44.764  -9.695 0.3000000119
56246  25.481  -45.250  -10.567 0.3000000119
57334  25.969  -44.380  1.334 0.8999999762
57357  26.576  -44.641  0.512 1.0000000000
57358  26.102  -44.776  0.985 0.8999999762
57385  26.945  -44.542  0.009 1.0000000000
57386  21.501  -44.353  -0.838 0.6000000238
57431  19.771  -43.821  -3.641 0.5000000000
57494  26.357  -44.122  -10.469 0.4000000060
57501  26.928  -43.831  -10.537 0.5000000000
57508  29.266  -43.953  -10.824 0.5000000000
57509  28.345  -43.776  -10.849 0.5000000000
58484  25.867  -43.645  1.832 0.8999999762
58485  25.252  -43.613  1.944 0.8999999762
58506  23.792  -43.692  1.424 0.8999999762
58524  22.551  -43.867  0.595 0.8999999762
58525  22.104  -43.727  0.076 0.8000000119
58590  19.873  -43.310  -3.538 0.4000000060
58671  28.022  -43.282  -10.749 0.5000000000
58672  27.507  -43.546  -10.582 0.5000000000
59793  23.502  -43.163  1.442 0.8999999762
59842  20.439  -42.652  -2.022 0.5000000000
59862  19.808  -42.606  -3.445 0.5000000000
59863  19.787  -42.005  -3.923 0.5000000000
59899  27.246  -43.294  -5.613 0.8000000119
59925  27.696  -42.510  -7.601 0.8000000119
59937  28.447  -42.164  -9.578 0.6000000238
59960  29.959  -43.055  -10.958 0.5000000000
59961  29.141  -43.007  -10.829 0.5000000000
60972  26.686  -41.923  2.048 0.8999999762
61026  20.330  -41.629  -1.172 0.6000000238
61042  20.784  -42.126  -0.944 0.6000000238
61055  27.432  -42.181  -2.054 0.8999999762
61070  19.882  -41.162  -3.888 0.3000000119
61082  27.390  -42.203  -3.423 0.8999999762
61094  27.223  -41.840  -4.119 0.8999999762
61142  30.974  -41.990  -9.419 0.5000000000
61143  30.169  -41.864  -9.398 0.6000000238
61144  29.341  -41.752  -9.665 0.5000000000
61146  28.209  -42.048  -9.057 0.5000000000
62059  24.799  -40.906  2.589 1.0000000000
62060  24.169  -40.955  2.439 1.0000000000
62081  23.582  -40.936  2.110 1.0000000000
62082  23.122  -40.855  1.590 1.0000000000
62149  27.572  -41.653  -0.360 1.0000000000
62214  19.611  -41.013  -4.173 0.3000000119
62258  30.142  -40.970  -7.838 0.6000000238
62259  29.407  -40.948  -7.986 0.6000000238
62260  28.590  -41.064  -8.095 0.6000000238
62267  32.384  -40.904  -8.548 0.6000000238
62268  31.727  -41.015  -8.530 0.6000000238
62269  30.761  -40.761  -7.980 0.6000000238
62273  28.124  -41.334  -8.338 0.6000000238
63085  22.799  -40.346  1.694 0.8000000119
63151  27.207  -40.108  -1.219 1.0000000000
63222  30.660  -39.910  -7.165 0.6000000238
63223  30.134  -40.030  -6.988 0.6000000238
63224  29.415  -40.139  -6.914 0.6000000238
64054  24.067  -39.790  2.696 0.8000000119
64078  23.450  -39.860  2.302 0.6999999881
64080  22.480  -39.770  1.729 0.6000000238
64192  25.646  -39.558  -4.673 0.8999999762
64214  28.261  -39.852  -6.489 0.6999999881
64219  23.830  -39.885  -7.465 0.8999999762
64228  31.050  -39.394  -7.218 0.6000000238
64229  23.861  -39.578  -7.774 0.8999999762
64236  32.323  -39.789  -8.354 0.6000000238
64237  31.735  -39.918  -7.993 0.6000000238
65271  28.109  -38.346  0.832 0.8999999762
65362  26.060  -39.137  -4.323 1.0000000000
65387  26.483  -39.203  -6.417 0.6999999881
65400  30.755  -38.895  -6.887 0.6000000238
65407  23.596  -38.809  -7.792 0.8999999762
65433  32.279  -39.030  -8.432 0.6000000238
66451  20.676  -37.602  0.890 0.4000000060
66565  28.461  -37.910  -6.043 0.6999999881
66566  27.678  -38.116  -6.108 0.6999999881
66568  24.330  -38.468  -5.819 0.8999999762
66577  30.122  -37.653  -6.793 0.6000000238
66578  29.562  -38.082  -6.614 0.6999999881
66582  23.315  -38.225  -7.642 0.8999999762
66593  31.363  -38.311  -7.513 0.6000000238
66603  32.054  -38.316  -8.599 0.6000000238
67616  28.289  -37.285  -1.058 0.8999999762
67629  27.965  -36.860  -1.916 0.8000000119
67679  28.725  -37.249  -6.153 0.6999999881
67682  24.361  -37.078  -6.216 1.0000000000
67692  28.130  -36.850  -6.602 0.6999999881
67694  25.948  -37.251  -7.257 0.8000000119
67697  23.385  -37.815  -7.970 0.8999999762
67710  23.635  -37.594  -8.185 0.8999999762
68681  25.993  -36.239  2.880 0.6000000238
68783  27.632  -36.191  -2.484 0.8999999762
68798  26.412  -36.770  -3.961 1.0000000000
68821  23.753  -36.506  -6.684 1.0000000000
68830  28.245  -36.409  -7.266 0.6999999881
68846  29.267  -36.220  -7.819 0.6000000238
68847  27.063  -35.791  -8.318 0.6999999881
68862  29.774  -36.218  -8.412 0.6000000238
68870  30.294  -36.246  -9.042 0.6000000238
68871  29.662  -35.849  -8.858 0.6000000238
69905  29.105  -35.715  -0.573 0.8000000119
69906  19.982  -35.137  -0.136 0.3000000119
69925  27.861  -35.853  -2.290 0.8999999762
69936  27.060  -35.880  -3.115 1.0000000000
69957  25.886  -35.243  -4.807 0.8999999762
69999  27.614  -35.460  -8.949 0.6999999881
70010  27.863  -35.187  -9.251 0.6999999881
71085  28.550  -35.197  -2.229 0.8000000119
71116  26.284  -34.647  -4.608 0.8999999762
71117  25.882  -34.351  -5.137 0.8999999762
71142  24.343  -34.696  -7.271 0.8999999762
71162  26.993  -34.799  -8.484 0.6999999881
71172  28.372  -34.954  -9.226 0.6000000238
72164  24.028  -33.694  2.032 0.4000000060
72265  28.200  -33.756  -3.444 0.8000000119
72266  27.631  -34.135  -3.654 0.8000000119
72267  26.941  -34.154  -3.903 0.8999999762
72333  28.081  -34.028  -8.830 0.6999999881
72334  27.490  -34.388  -8.776 0.6999999881
73501  29.839  -32.928  -1.646 0.6999999881
73502  29.508  -33.198  -1.982 0.8000000119
73514  28.556  -33.274  -3.057 0.8000000119
73534  27.269  -33.050  -4.137 0.8000000119
73536  26.211  -33.276  -4.760 0.8999999762
73563  24.672  -32.940  -6.279 0.8999999762
73564  24.458  -33.097  -6.815 0.8999999762
73590  28.131  -33.124  -7.846 0.6000000238
73592  24.855  -33.308  -7.620 0.8000000119
73619  28.683  -33.682  -8.992 0.6000000238
74710  28.993  -32.322  1.279 0.5000000000
74805  28.537  -32.654  -3.419 0.8000000119
74839  25.898  -32.140  -5.051 0.8999999762
74840  25.299  -32.024  -5.596 0.8999999762
74855  24.627  -31.629  -5.980 0.8999999762
74871  26.448  -32.190  -7.185 0.6999999881
74872  25.399  -32.264  -7.345 0.8000000119
74873  24.484  -32.585  -7.017 0.8999999762
74892  27.745  -32.609  -7.534 0.8000000119
74893  27.070  -32.731  -7.400 0.6999999881
74895  24.384  -32.023  -7.450 0.8000000119
74909  28.727  -32.844  -8.084 0.5000000000
76112  24.177  -31.695  1.584 0.4000000060
76200  28.610  -31.703  -3.997 0.8000000119
76220  28.037  -31.803  -4.245 0.8000000119
76257  24.358  -31.000  -5.976 0.8999999762
76268  28.397  -31.277  -7.034 0.6000000238
76285  29.192  -31.627  -7.464 0.6000000238
77656  30.274  -30.286  -2.296 0.6000000238
77673  30.020  -30.709  -2.673 0.6000000238
77689  28.781  -30.971  -3.956 0.8000000119
77707  27.186  -31.211  -4.640 0.8000000119
77725  26.775  -30.821  -5.086 0.8000000119
77755  27.608  -30.531  -7.121 0.6000000238
77758  24.183  -30.538  -6.963 0.8999999762
77772  30.113  -30.606  -7.730 0.6000000238
77775  26.833  -30.294  -7.582 0.6999999881
77776  26.068  -30.429  -7.986 0.6999999881
79111  28.983  -29.708  -4.433 0.6999999881
79131  28.709  -29.284  -4.998 0.6999999881
79132  28.072  -29.587  -5.080 0.6999999881
79147  26.756  -29.516  -5.908 0.6999999881
79148  25.990  -29.829  -5.766 0.8000000119
79149  25.044  -30.035  -5.775 0.8999999762
79150  24.459  -29.984  -6.264 0.8999999762
79163  24.429  -29.553  -6.937 0.8999999762
79179  29.251  -29.962  -7.545 0.6000000238
79200  25.276  -29.140  -8.498 0.8000000119
79201  25.049  -28.822  -8.130 0.8000000119
80467  26.075  -29.468  0.942 0.3000000119
80469  24.826  -29.663  0.500 0.3000000119
80486  27.364  -28.869  0.937 0.4000000060
80492  22.229  -28.988  0.659 0.3000000119
80532  30.148  -29.282  -3.794 0.6000000238
80629  29.405  -28.910  -7.914 0.6000000238
80652  29.895  -28.596  -8.057 0.6000000238
80653  27.838  -28.592  -8.347 0.6000000238
81948  26.346  -28.150  -0.060 0.3000000119
81950  25.115  -28.137  -0.020 0.3000000119
82014  28.556  -28.653  -5.419 0.6999999881
82024  28.177  -28.388  -5.987 0.6999999881
82025  27.605  -28.491  -6.224 0.6999999881
82041  26.312  -28.054  -7.284 0.6999999881
82057  29.135  -28.479  -8.254 0.6000000238
82059  26.162  -27.716  -7.686 0.8000000119
82060  25.162  -28.583  -7.937 0.8999999762
82076  31.279  -28.425  -8.497 0.5000000000
82077  30.614  -28.256  -8.253 0.6000000238
82079  27.106  -28.422  -8.957 0.6000000238
82080  26.324  -28.120  -9.367 0.6000000238
83429  29.693  -27.347  -9.101 0.6000000238
83430  28.975  -27.564  -9.176 0.6000000238
83431  28.420  -27.297  -9.682 0.6000000238
83434  25.873  -27.143  -8.938 0.8000000119
83449  27.887  -26.917  -9.832 0.6000000238
84763  30.628  -26.601  -5.824 0.4000000060
84774  29.786  -26.597  -6.866 0.5000000000
84775  29.109  -27.038  -7.112 0.6999999881
84798  26.891  -26.272  -8.126 0.6999999881
84799  26.284  -26.455  -8.506 0.6999999881
84800  26.034  -26.789  -8.750 0.6999999881
84815  30.496  -26.647  -9.136 0.5000000000
84833  28.737  -26.358  -9.994 0.6000000238
86184  31.469  -26.047  -5.141 0.4000000060
86201  30.445  -26.355  -6.464 0.4000000060
86223  29.613  -26.060  -7.437 0.4000000060
86225  27.985  -26.311  -8.157 0.8000000119
86250  29.812  -26.357  -9.734 0.6000000238
86267  29.266  -26.120  -10.070 0.6000000238
86269  28.030  -25.923  -10.046 0.6000000238
87562  30.586  -25.016  -7.421 0.4000000060
87564  29.152  -25.527  -7.892 0.5000000000
87588  26.550  -24.796  -9.085 0.6000000238
87605  31.159  -24.914  -10.118 0.5000000000
87609  27.310  -25.178  -10.149 0.6000000238
87610  26.103  -25.229  -9.874 0.6000000238
88918  31.885  -24.606  -5.507 0.3000000119
88946  31.594  -24.246  -6.750 0.3000000119
88947  31.108  -24.626  -7.154 0.3000000119
88991  26.275  -24.274  -9.552 0.6000000238
88992  26.131  -24.819  -9.583 0.6000000238
90272  31.153  -23.326  -7.686 0.3000000119
90314  30.747  -23.957  -10.621 0.5000000000
90318  26.054  -23.178  -10.222 0.6000000238
91496  31.509  -22.805  -7.553 0.3000000119
91530  25.683  -22.263  -9.394 0.4000000060
92655  31.367  -22.370  -7.907 0.3000000119
92675  25.814  -21.874  -9.523 0.4000000060
92683  26.545  -21.178  -10.467 0.4000000060
93806  30.563  -21.130  -8.658 0.3000000119
93811  28.622  -21.239  -9.180 0.4000000060
93828  31.269  -21.360  -11.328 0.4000000060
93843  31.663  -20.725  -11.597 0.3000000119
95004  30.160  -20.670  -8.767 0.3000000119
95013  27.116  -20.285  -10.085 0.4000000060
190711  24.008  -37.065  -8.073 0.8999999762
192062  26.154  -37.784  -6.741 0.8000000119
193636  24.950  -30.139  -7.946 0.8000000119
193717  30.961  -38.386  -7.020 0.6000000238
193761  31.068  -26.387  -9.193 0.5000000000
194127  25.013  -37.587  3.289 0.6000000238
194416  29.341  -34.324  -0.140 0.6999999881
195607  27.036  -45.680  -0.790 1.0000000000
195800  22.036  -43.113  0.469 0.6999999881
196685  27.777  -29.605  -7.813 0.6000000238
197471  24.289  -49.531  -1.455 0.6000000238
198090  27.919  -28.180  -8.726 0.6000000238
198555  26.237  -26.857  -9.217 0.6000000238
198707  30.273  -39.012  -6.642 0.6000000238
198809  21.195  -39.936  0.787 0.6999999881
198874  27.434  -42.567  -0.048 1.0000000000
199593  24.498  -33.513  -6.546 1.0000000000
200390  31.048  -41.060  -8.536 0.6000000238
200438  29.010  -35.315  -1.087 0.8000000119
200648  30.842  -29.529  -8.138 0.5000000000
201635  27.672  -36.078  -7.860 0.6999999881
204483  23.902  -27.893  -0.286 0.3000000119
205894  21.035  -35.108  0.851 0.4000000060
205910  23.672  -36.047  -7.225 1.0000000000
206971  20.618  -41.665  -0.601 0.6000000238
207626  29.553  -30.514  -7.432 0.6000000238
207639  29.792  -25.032  -10.382 0.6000000238
207937  27.574  -25.328  -8.551 0.6000000238
208662  27.795  -44.197  -10.827 0.4000000060
208687  28.834  -30.268  -7.413 0.6000000238
209581  29.216  -39.225  -6.313 0.6999999881
210164  28.866  -36.394  -7.376 0.6999999881
210253  28.959  -34.622  -9.282 0.6000000238
210824  28.400  -31.304  1.388 0.5000000000
211485  27.570  -29.857  -5.212 0.6999999881
211846  27.166  -40.468  -7.053 0.8000000119
213823  27.426  -20.010  -9.523 0.4000000060
214214  25.413  -35.269  -7.619 0.8000000119
215185  18.677  -51.074  -1.795 0.5000000000
215203  23.747  -28.938  0.632 0.3000000119
215441  24.653  -31.283  -8.059 0.8000000119
215686  25.807  -27.899  -7.867 0.8000000119
216104  22.969  -43.091  1.288 0.8999999762
217130  27.460  -36.254  2.576 0.6999999881
217686  27.642  -44.540  -4.222 0.8000000119
218384  26.932  -33.234  -7.442 0.8000000119
218775  22.007  -47.785  -0.463 0.6000000238
219694  30.527  -28.906  -8.036 0.6000000238
220598  26.674  -31.953  -4.593 0.8000000119
221137  24.930  -47.750  -6.546 0.6000000238
221165  27.338  -43.782  -0.638 1.0000000000
221248  30.605  -21.650  -11.275 0.3000000119
222446  26.085  -35.613  -4.483 0.8999999762
223523  26.574  -30.243  -5.389 0.6999999881
224142  29.705  -23.934  -8.424 0.3000000119
224267  22.349  -52.440  -2.492 0.4000000060
224303  16.293  -50.249  -3.031 0.4000000060
224387  24.915  -48.918  -3.445 0.4000000060
224751  29.654  -31.617  -7.745 0.6000000238
225295  26.894  -37.540  -3.013 1.0000000000
225838  27.978  -31.046  1.446 0.4000000060
225862  26.477  -41.031  2.474 1.0000000000
225949  21.696  -37.776  1.816 0.5000000000
226352  23.514  -33.690  1.899 0.4000000060
226440  27.557  -44.001  -1.538 1.0000000000
227253  29.360  -34.722  -9.506 0.6000000238
