#!ascii label  , from subject sub-05_ses-009.long.sub-05 vox2ras=TkReg
371
202618  28.300  15.187  -32.009 0.0000000000
102281  25.620  5.516  -28.134 0.0000000000
124289  26.257  20.833  -30.247 0.0000000000
137789  26.028  30.878  -32.314 0.0000000000
204137  24.038  3.672  -27.620 0.0000000000
127623  28.674  23.407  -29.419 0.0000000000
131965  28.630  26.524  -29.235 0.0000000000
195661  26.457  12.740  -30.907 0.0000000000
108802  27.493  10.141  -30.515 0.0000000000
200344  28.860  12.678  -30.000 0.0000000000
119886  30.021  18.124  -31.027 0.0000000000
116567  30.144  15.755  -29.507 0.0000000000
197165  27.729  18.435  -30.703 0.0000000000
124303  29.399  20.860  -30.652 0.0000000000
135507  26.207  29.037  -31.702 0.0000000000
135490  29.445  29.020  -29.809 0.0000000000
105520  27.149  7.473  -27.902 0.0000000000
129732  27.393  25.347  -29.951 0.0000000000
131975  27.665  26.670  -30.157 0.0000000000
190707  27.614  14.390  -31.360 0.0000000000
112088  28.100  12.538  -31.672 0.0000000000
114372  28.627  14.306  -31.026 0.0000000000
101108  24.686  4.420  -27.926 0.0000000000
121933  26.567  19.819  -30.224 0.0000000000
188599  28.241  19.549  -30.731 0.0000000000
123093  28.179  20.691  -30.153 0.0000000000
128649  30.512  24.585  -29.350 0.0000000000
127621  30.708  23.370  -29.939 0.0000000000
137791  24.772  30.827  -32.152 0.0000000000
135521  24.624  29.136  -32.451 0.0000000000
135519  25.922  29.895  -31.769 0.0000000000
139897  30.006  32.584  -31.487 0.0000000000
214834  30.583  31.803  -31.342 0.0000000000
136609  29.259  30.093  -30.295 0.0000000000
137772  31.199  30.768  -30.777 0.0000000000
135488  30.929  29.228  -29.691 0.0000000000
108784  28.131  10.252  -29.195 0.0000000000
107684  27.353  9.106  -29.309 0.0000000000
98629  23.250  3.449  -27.243 0.0000000000
125424  27.806  21.969  -30.080 0.0000000000
127640  27.498  23.349  -29.699 0.0000000000
129720  29.404  25.179  -29.130 0.0000000000
196020  30.744  26.337  -29.130 0.0000000000
109894  26.211  10.511  -31.120 0.0000000000
110990  26.851  11.427  -31.313 0.0000000000
110975  27.816  11.361  -30.637 0.0000000000
110956  28.711  11.433  -29.472 0.0000000000
118826  29.406  17.086  -31.463 0.0000000000
115526  29.695  15.221  -31.221 0.0000000000
117709  30.149  16.738  -30.069 0.0000000000
116604  27.019  15.331  -31.340 0.0000000000
117723  26.330  16.746  -31.355 0.0000000000
183995  27.985  16.453  -31.484 0.0000000000
119902  28.772  18.135  -31.622 0.0000000000
121965  29.708  19.375  -31.559 0.0000000000
123107  31.066  20.704  -30.938 0.0000000000
125422  29.171  22.027  -30.156 0.0000000000
125437  30.757  21.760  -30.641 0.0000000000
133157  26.269  27.839  -31.229 0.0000000000
138883  27.058  31.279  -31.151 0.0000000000
136611  27.878  30.114  -30.696 0.0000000000
135491  27.556  29.004  -30.827 0.0000000000
133147  27.404  27.870  -30.317 0.0000000000
133145  28.668  27.714  -29.589 0.0000000000
210931  30.941  28.185  -29.617 0.0000000000
104487  25.693  6.269  -29.071 0.0000000000
107702  26.271  8.714  -30.590 0.0000000000
114346  29.218  13.761  -29.980 0.0000000000
113195  29.267  13.054  -28.772 0.0000000000
130826  27.147  26.077  -30.219 0.0000000000
131976  26.864  26.735  -30.446 0.0000000000
115537  28.044  14.571  -31.612 0.0000000000
114384  28.200  14.047  -31.395 0.0000000000
114383  28.442  14.761  -31.524 0.0000000000
97262  22.811  1.542  -26.918 0.0000000000
209980  23.223  1.891  -27.156 0.0000000000
102263  25.331  4.813  -27.945 0.0000000000
123095  26.760  20.532  -30.165 0.0000000000
121932  27.193  20.135  -30.082 0.0000000000
124288  26.885  21.117  -30.189 0.0000000000
130811  31.209  25.612  -29.234 0.0000000000
129730  31.158  24.793  -29.459 0.0000000000
137790  25.531  31.047  -32.583 0.0000000000
136622  24.231  30.299  -32.299 0.0000000000
135520  25.191  29.581  -31.883 0.0000000000
137788  30.806  31.259  -31.209 0.0000000000
137771  31.966  30.593  -30.955 0.0000000000
108777  28.360  10.199  -28.526 0.0000000000
108778  27.860  9.714  -28.866 0.0000000000
197121  24.072  5.553  -28.938 0.0000000000
126572  26.468  22.843  -29.979 0.0000000000
216964  27.071  23.902  -29.996 0.0000000000
130824  28.363  25.879  -29.427 0.0000000000
129731  28.049  25.297  -29.530 0.0000000000
130814  29.005  25.823  -29.213 0.0000000000
130813  29.707  25.762  -29.184 0.0000000000
199914  29.970  26.328  -29.230 0.0000000000
138894  25.076  31.521  -31.960 0.0000000000
111002  26.261  11.595  -31.355 0.0000000000
112100  26.784  12.062  -31.225 0.0000000000
110988  27.791  11.935  -31.289 0.0000000000
112073  28.210  12.010  -30.821 0.0000000000
112052  28.688  12.101  -29.959 0.0000000000
98628  23.768  3.314  -27.298 0.0000000000
98614  23.937  2.780  -27.006 0.0000000000
118838  29.701  17.658  -31.541 0.0000000000
118825  29.829  17.102  -31.036 0.0000000000
119872  30.149  17.689  -30.918 0.0000000000
207104  26.371  14.972  -31.037 0.0000000000
201989  26.919  18.469  -30.790 0.0000000000
118827  26.877  17.247  -31.070 0.0000000000
117722  27.147  16.622  -31.464 0.0000000000
117721  27.744  17.094  -31.196 0.0000000000
191778  28.920  17.634  -31.757 0.0000000000
119887  28.260  18.189  -30.959 0.0000000000
123110  29.238  20.234  -30.932 0.0000000000
121949  29.147  19.716  -31.152 0.0000000000
123109  29.773  20.372  -30.985 0.0000000000
121947  30.049  19.913  -31.334 0.0000000000
186110  30.361  20.482  -30.858 0.0000000000
126553  28.204  22.991  -29.720 0.0000000000
202394  28.393  22.402  -29.995 0.0000000000
126552  28.930  22.741  -29.897 0.0000000000
126550  30.514  22.670  -30.198 0.0000000000
125436  31.310  22.033  -30.808 0.0000000000
201066  25.435  28.855  -32.021 0.0000000000
134384  25.250  28.290  -32.170 0.0000000000
134377  25.974  28.368  -31.750 0.0000000000
133158  25.834  27.823  -31.759 0.0000000000
134376  26.602  28.389  -31.276 0.0000000000
139898  29.286  32.466  -31.278 0.0000000000
138881  28.154  31.612  -30.632 0.0000000000
203266  28.197  30.583  -30.565 0.0000000000
136600  28.931  29.517  -30.106 0.0000000000
135505  28.103  29.483  -30.264 0.0000000000
209061  28.169  28.781  -30.426 0.0000000000
134363  27.810  28.371  -30.423 0.0000000000
134362  28.451  28.309  -30.045 0.0000000000
133146  28.111  27.757  -30.127 0.0000000000
209190  29.176  28.337  -29.506 0.0000000000
136596  31.950  29.601  -30.150 0.0000000000
134360  30.613  28.655  -29.614 0.0000000000
135486  32.290  28.981  -30.048 0.0000000000
134342  31.451  27.958  -29.620 0.0000000000
104502  24.658  6.497  -29.455 0.0000000000
108816  26.471  10.067  -30.991 0.0000000000
107719  26.224  9.510  -30.478 0.0000000000
107718  26.760  9.742  -30.499 0.0000000000
106564  27.182  8.485  -28.923 0.0000000000
105543  26.737  7.845  -29.229 0.0000000000
105532  26.819  7.528  -28.570 0.0000000000
105533  26.421  7.235  -28.987 0.0000000000
218169  29.874  15.547  -30.036 0.0000000000
115510  29.492  15.169  -30.323 0.0000000000
115495  29.849  15.067  -29.582 0.0000000000
128666  26.953  24.645  -29.962 0.0000000000
129733  26.503  25.493  -30.206 0.0000000000
130825  27.794  25.949  -29.839 0.0000000000
197805  28.143  26.414  -29.721 0.0000000000
195653  27.360  13.422  -31.053 0.0000000000
113248  27.126  12.830  -30.849 0.0000000000
114385  27.863  13.817  -31.422 0.0000000000
113234  28.168  13.227  -31.554 0.0000000000
113233  28.537  13.065  -31.257 0.0000000000
99840  24.483  3.996  -27.508 0.0000000000
98627  24.293  3.407  -27.076 0.0000000000
99830  24.827  3.981  -26.943 0.0000000000
101087  25.251  4.040  -26.277 0.0000000000
120917  30.587  18.984  -30.676 0.0000000000
198143  30.787  18.469  -30.323 0.0000000000
120921  26.236  18.794  -30.800 0.0000000000
192008  27.533  18.989  -30.542 0.0000000000
120920  28.210  18.818  -30.835 0.0000000000
121950  27.336  19.600  -30.165 0.0000000000
123111  28.630  20.138  -30.570 0.0000000000
124304  28.877  20.701  -30.266 0.0000000000
127607  29.423  23.825  -29.485 0.0000000000
127622  30.044  23.193  -29.825 0.0000000000
128665  30.938  24.085  -29.700 0.0000000000
127620  31.251  23.741  -30.391 0.0000000000
138890  30.051  32.112  -31.218 0.0000000000
138880  29.451  31.753  -30.998 0.0000000000
137775  28.815  30.706  -30.412 0.0000000000
213918  29.602  30.541  -30.577 0.0000000000
136599  29.752  29.577  -30.163 0.0000000000
135489  30.188  29.167  -29.761 0.0000000000
136607  30.819  30.258  -30.354 0.0000000000
136606  31.587  30.172  -30.445 0.0000000000
215367  27.527  9.813  -29.715 0.0000000000
107700  26.951  9.141  -30.103 0.0000000000
107676  27.638  9.106  -28.380 0.0000000000
99831  22.719  3.186  -27.091 0.0000000000
99842  22.780  3.794  -27.556 0.0000000000
101129  23.574  4.481  -28.200 0.0000000000
101128  24.212  4.649  -28.274 0.0000000000
102264  24.757  4.830  -28.258 0.0000000000
102282  25.039  5.304  -28.425 0.0000000000
125425  26.127  21.451  -30.079 0.0000000000
124305  27.001  21.729  -30.108 0.0000000000
125440  27.075  22.336  -29.756 0.0000000000
216004  27.107  22.863  -29.676 0.0000000000
212259  28.019  23.532  -29.545 0.0000000000
204100  27.769  24.666  -29.680 0.0000000000
127624  28.187  24.033  -29.420 0.0000000000
127608  28.741  24.043  -29.197 0.0000000000
129719  30.096  25.158  -29.163 0.0000000000
130812  30.428  25.721  -29.107 0.0000000000
130810  31.500  26.518  -29.281 0.0000000000
138893  25.869  31.378  -32.432 0.0000000000
110991  26.490  10.971  -31.346 0.0000000000
187814  27.001  10.838  -31.196 0.0000000000
112089  27.285  11.841  -31.142 0.0000000000
110989  27.326  11.371  -31.000 0.0000000000
109883  27.785  10.726  -30.412 0.0000000000
109863  27.910  10.474  -29.859 0.0000000000
109862  28.384  10.817  -29.345 0.0000000000
109854  28.750  10.687  -28.287 0.0000000000
116602  28.768  15.774  -31.721 0.0000000000
205826  28.973  15.273  -31.596 0.0000000000
116601  29.447  15.765  -31.437 0.0000000000
116590  29.832  15.861  -31.044 0.0000000000
116589  30.007  16.094  -30.203 0.0000000000
119871  30.596  17.846  -30.227 0.0000000000
117708  30.488  17.203  -29.762 0.0000000000
117697  30.406  16.488  -29.449 0.0000000000
194185  26.936  14.548  -31.059 0.0000000000
194503  27.743  14.934  -31.649 0.0000000000
116603  27.831  15.383  -31.985 0.0000000000
117735  26.642  16.110  -31.509 0.0000000000
190923  27.473  15.949  -31.588 0.0000000000
196702  28.213  15.789  -31.953 0.0000000000
117734  28.645  16.361  -31.611 0.0000000000
118839  29.351  17.645  -31.914 0.0000000000
119900  29.544  18.159  -31.828 0.0000000000
120919  28.836  19.129  -31.131 0.0000000000
120931  29.520  18.721  -31.721 0.0000000000
120930  29.645  18.712  -31.630 0.0000000000
121946  30.280  19.603  -31.176 0.0000000000
123108  30.657  20.115  -31.020 0.0000000000
124287  27.610  21.292  -30.202 0.0000000000
124286  28.347  21.330  -30.158 0.0000000000
125439  29.594  21.461  -30.492 0.0000000000
126551  29.768  22.491  -30.095 0.0000000000
125421  29.842  21.870  -30.312 0.0000000000
125438  30.198  21.542  -30.561 0.0000000000
124301  30.604  21.132  -30.746 0.0000000000
131986  26.511  27.317  -30.750 0.0000000000
138892  26.462  31.387  -31.932 0.0000000000
138891  27.162  31.882  -31.428 0.0000000000
137778  26.767  30.773  -31.439 0.0000000000
136619  26.558  30.215  -31.561 0.0000000000
136612  27.266  30.083  -31.268 0.0000000000
135506  27.008  29.487  -31.528 0.0000000000
136610  28.477  30.103  -30.259 0.0000000000
191478  27.595  29.619  -30.972 0.0000000000
188010  26.952  28.863  -31.270 0.0000000000
134375  27.142  28.402  -30.725 0.0000000000
133156  26.802  27.881  -30.696 0.0000000000
131985  27.149  27.312  -30.352 0.0000000000
197804  27.816  27.299  -30.225 0.0000000000
131974  28.286  27.056  -29.834 0.0000000000
131973  28.725  27.144  -29.092 0.0000000000
134361  29.905  28.579  -29.524 0.0000000000
134344  29.783  27.999  -29.254 0.0000000000
133136  29.807  27.379  -29.346 0.0000000000
131962  30.929  27.031  -29.256 0.0000000000
133134  31.539  27.300  -29.314 0.0000000000
103379  25.061  6.117  -29.159 0.0000000000
103361  25.862  6.111  -28.405 0.0000000000
106590  26.094  8.205  -30.338 0.0000000000
106589  26.577  8.459  -30.414 0.0000000000
184587  26.393  8.015  -29.973 0.0000000000
106572  25.789  7.784  -29.957 0.0000000000
104500  25.905  6.905  -29.287 0.0000000000
104486  26.117  6.696  -28.686 0.0000000000
197814  28.979  14.887  -31.268 0.0000000000
114359  28.988  14.222  -30.479 0.0000000000
113222  28.850  13.140  -30.431 0.0000000000
114345  29.691  14.233  -29.278 0.0000000000
205977  29.442  13.564  -29.266 0.0000000000
112051  29.064  12.517  -29.364 0.0000000000
110955  28.982  11.973  -29.236 0.0000000000
101109  24.084  4.137  -27.924 0.0000000000
102283  24.428  5.144  -28.597 0.0000000000
103362  25.310  5.851  -28.644 0.0000000000
104501  25.348  6.630  -29.447 0.0000000000
105531  27.152  7.980  -28.436 0.0000000000
106571  26.872  8.432  -29.771 0.0000000000
107701  26.555  8.984  -30.525 0.0000000000
108815  27.429  10.737  -30.843 0.0000000000
109882  28.186  11.058  -29.985 0.0000000000
109893  27.014  10.280  -31.012 0.0000000000
110948  28.827  11.045  -28.829 0.0000000000
112039  29.120  12.315  -28.659 0.0000000000
112072  28.549  12.581  -30.793 0.0000000000
113208  29.119  13.113  -29.609 0.0000000000
113235  27.718  12.297  -31.402 0.0000000000
113247  27.886  12.899  -31.678 0.0000000000
114358  29.323  14.577  -30.039 0.0000000000
114386  27.150  13.953  -31.035 0.0000000000
115511  29.129  14.751  -30.722 0.0000000000
117719  29.920  16.575  -30.692 0.0000000000
117720  29.674  16.414  -31.260 0.0000000000
117733  29.141  16.408  -31.474 0.0000000000
118814  30.170  17.205  -30.445 0.0000000000
118840  29.022  17.060  -31.590 0.0000000000
118841  28.500  16.994  -31.390 0.0000000000
119885  30.399  18.322  -30.723 0.0000000000
119888  27.511  17.813  -30.928 0.0000000000
119889  26.635  17.777  -30.761 0.0000000000
119901  29.280  18.096  -31.810 0.0000000000
119903  28.335  17.605  -31.260 0.0000000000
120918  30.062  18.933  -31.092 0.0000000000
120932  29.051  18.761  -31.445 0.0000000000
121948  29.586  19.808  -31.471 0.0000000000
121951  26.767  19.133  -30.534 0.0000000000
121966  29.439  19.313  -31.573 0.0000000000
123094  27.441  20.707  -30.181 0.0000000000
123096  26.215  20.291  -30.328 0.0000000000
123112  27.851  20.151  -30.274 0.0000000000
124285  29.012  21.357  -30.224 0.0000000000
124302  29.984  20.964  -30.714 0.0000000000
125423  28.540  21.869  -30.121 0.0000000000
125441  26.339  22.201  -30.120 0.0000000000
126571  30.373  22.038  -30.388 0.0000000000
127606  30.298  23.847  -29.433 0.0000000000
127625  27.598  24.020  -29.764 0.0000000000
127641  26.326  24.093  -30.062 0.0000000000
128650  29.814  24.511  -29.194 0.0000000000
128651  29.072  24.572  -29.138 0.0000000000
128652  28.414  24.645  -29.338 0.0000000000
128664  31.518  24.388  -30.021 0.0000000000
129718  30.693  25.177  -29.263 0.0000000000
129721  28.702  25.241  -29.254 0.0000000000
129729  31.729  25.055  -29.775 0.0000000000
130823  31.874  25.834  -29.758 0.0000000000
130834  26.333  26.269  -30.450 0.0000000000
131961  32.069  27.014  -29.489 0.0000000000
131963  30.201  26.912  -29.346 0.0000000000
131964  29.432  26.925  -29.243 0.0000000000
133133  32.046  27.649  -29.565 0.0000000000
133135  30.352  27.494  -29.498 0.0000000000
133137  29.221  27.606  -29.276 0.0000000000
133163  25.447  27.507  -31.919 0.0000000000
134341  32.027  28.402  -29.675 0.0000000000
134343  30.431  28.084  -29.582 0.0000000000
134359  31.293  28.624  -29.603 0.0000000000
135487  31.639  29.124  -29.804 0.0000000000
136597  31.255  29.757  -29.945 0.0000000000
136598  30.514  29.772  -29.918 0.0000000000
136608  30.043  30.169  -30.374 0.0000000000
137773  30.305  30.816  -30.708 0.0000000000
137776  28.156  31.149  -30.486 0.0000000000
138879  30.143  31.458  -31.017 0.0000000000
182414  26.511  13.434  -31.206 0.0000000000
182442  28.747  28.880  -30.144 0.0000000000
183214  28.828  13.648  -30.786 0.0000000000
191740  29.349  23.146  -29.837 0.0000000000
193259  28.301  11.609  -30.138 0.0000000000
193584  25.461  21.400  -30.262 0.0000000000
196673  26.743  23.439  -29.893 0.0000000000
200206  29.292  26.345  -29.228 0.0000000000
206259  30.940  27.678  -29.492 0.0000000000
207178  27.707  22.645  -29.779 0.0000000000
208606  28.518  10.597  -28.836 0.0000000000
211680  28.450  13.597  -31.242 0.0000000000
211839  29.760  15.608  -30.588 0.0000000000
213987  28.648  18.585  -31.192 0.0000000000
214275  28.891  26.782  -29.106 0.0000000000
214888  27.204  9.702  -30.234 0.0000000000
216632  26.665  10.484  -31.241 0.0000000000
