#!ascii label  , from subject sub-01_ses-004.long.sub-01 vox2ras=TkReg
1470
93393  28.137  -0.018  30.637 0.0000000000
122111  44.591  18.478  18.127 0.0000000000
108953  35.411  9.492  22.950 0.0000000000
220253  12.735  -8.559  44.943 0.0000000000
97214  22.387  1.866  35.083 0.0000000000
116118  36.324  14.072  22.341 0.0000000000
86893  17.548  -4.717  39.771 0.0000000000
78312  16.748  -9.280  42.802 0.0000000000
89531  20.302  -2.674  37.052 0.0000000000
123354  50.732  18.674  18.050 0.0000000000
99919  29.437  4.017  29.721 0.0000000000
101202  32.918  4.707  27.018 0.0000000000
94678  33.146  0.598  30.833 0.0000000000
127106  48.497  21.583  17.161 0.0000000000
236266  52.049  22.993  16.779 0.0000000000
124587  40.510  19.448  20.202 0.0000000000
119585  43.163  15.754  20.774 0.0000000000
117250  39.661  15.033  21.205 0.0000000000
112737  39.898  11.151  23.125 0.0000000000
87014  27.637  -4.859  33.789 0.0000000000
74073  12.716  -11.855  48.930 0.0000000000
230821  10.603  -8.999  52.580 0.0000000000
80875  10.767  -7.723  55.893 0.0000000000
93365  24.731  -0.091  31.788 0.0000000000
89556  22.977  -3.095  35.285 0.0000000000
108915  30.587  9.169  25.814 0.0000000000
106214  35.678  8.167  27.681 0.0000000000
137194  49.550  27.205  12.870 0.0000000000
122107  47.736  18.179  18.201 0.0000000000
120819  46.930  17.155  19.750 0.0000000000
97299  28.508  2.578  30.057 0.0000000000
97314  30.659  2.050  29.017 0.0000000000
229236  30.476  0.797  31.109 0.0000000000
125841  43.785  20.989  18.443 0.0000000000
127097  46.285  22.183  18.001 0.0000000000
124623  46.221  19.961  17.168 0.0000000000
124633  49.295  19.674  16.588 0.0000000000
76843  11.052  -10.410  55.939 0.0000000000
120809  39.520  17.369  19.987 0.0000000000
120794  38.011  16.885  21.165 0.0000000000
112753  35.406  11.737  22.289 0.0000000000
113921  37.822  12.337  21.871 0.0000000000
110257  37.861  9.966  22.777 0.0000000000
209752  38.136  8.758  24.453 0.0000000000
78285  14.429  -9.607  43.771 0.0000000000
76968  16.716  -10.599  44.883 0.0000000000
75531  14.453  -11.272  45.473 0.0000000000
71697  14.850  -13.259  47.614 0.0000000000
76944  12.690  -10.554  47.121 0.0000000000
79473  10.688  -7.907  51.050 0.0000000000
80901  10.625  -7.931  54.073 0.0000000000
94634  23.361  1.142  33.518 0.0000000000
90823  23.581  -2.024  32.795 0.0000000000
92056  22.188  -1.058  34.346 0.0000000000
84067  20.776  -5.826  38.884 0.0000000000
88277  22.010  -3.988  38.288 0.0000000000
99918  35.828  3.456  29.611 0.0000000000
103708  34.148  6.445  27.202 0.0000000000
118349  36.960  16.014  23.895 0.0000000000
114995  35.058  13.754  24.040 0.0000000000
234930  33.723  11.490  23.226 0.0000000000
82629  18.790  -7.185  39.984 0.0000000000
79630  18.489  -8.500  41.980 0.0000000000
219143  17.121  -6.938  40.768 0.0000000000
82584  14.924  -7.244  42.214 0.0000000000
82550  13.557  -6.614  44.171 0.0000000000
93320  20.901  -0.556  35.715 0.0000000000
93300  19.183  -0.494  37.375 0.0000000000
88280  18.882  -3.293  37.815 0.0000000000
103671  30.620  5.621  30.322 0.0000000000
104923  30.035  6.508  28.039 0.0000000000
99960  30.985  3.938  27.619 0.0000000000
98627  33.561  2.278  28.770 0.0000000000
223171  50.334  23.726  17.075 0.0000000000
128369  50.856  22.067  16.690 0.0000000000
125864  52.359  19.960  16.063 0.0000000000
123347  42.150  18.980  18.845 0.0000000000
120823  43.649  17.016  19.003 0.0000000000
120826  41.604  17.172  19.263 0.0000000000
118391  41.339  15.683  20.630 0.0000000000
116105  41.509  13.692  22.333 0.0000000000
204206  37.675  14.333  21.542 0.0000000000
115016  39.608  13.226  21.674 0.0000000000
89643  28.250  -2.872  31.358 0.0000000000
90820  30.858  -1.892  32.435 0.0000000000
127085  42.280  21.108  20.309 0.0000000000
80990  11.900  -7.969  47.157 0.0000000000
200331  11.418  -9.443  48.807 0.0000000000
221356  11.577  -10.551  50.874 0.0000000000
75451  11.753  -11.176  52.415 0.0000000000
78168  11.018  -10.025  53.868 0.0000000000
79421  10.893  -9.133  55.318 0.0000000000
79399  10.690  -8.668  56.814 0.0000000000
79396  10.380  -8.724  57.443 0.0000000000
94703  26.288  0.246  30.808 0.0000000000
89646  25.537  -2.421  31.416 0.0000000000
87017  25.219  -4.424  33.790 0.0000000000
89548  21.972  -2.658  36.441 0.0000000000
108947  32.964  9.181  23.586 0.0000000000
106237  31.301  7.641  26.533 0.0000000000
107587  32.926  7.735  25.982 0.0000000000
199537  35.245  8.059  24.926 0.0000000000
92069  33.155  -1.066  33.181 0.0000000000
136013  51.726  26.783  10.908 0.0000000000
132208  50.595  24.421  14.782 0.0000000000
133543  51.142  25.000  13.175 0.0000000000
122109  45.989  18.353  17.998 0.0000000000
122091  47.224  17.798  18.560 0.0000000000
122093  45.655  17.796  18.326 0.0000000000
215981  28.410  1.208  30.645 0.0000000000
96035  29.526  1.250  30.830 0.0000000000
203463  29.465  0.655  31.103 0.0000000000
124610  44.563  19.802  17.797 0.0000000000
125850  44.954  20.346  17.694 0.0000000000
124608  45.765  19.407  17.468 0.0000000000
123374  46.826  19.209  17.494 0.0000000000
76844  10.763  -10.024  56.368 0.0000000000
202910  38.375  18.104  21.853 0.0000000000
120757  37.814  17.477  22.779 0.0000000000
217609  35.670  10.594  22.460 0.0000000000
111544  36.346  10.949  22.191 0.0000000000
110259  36.528  9.890  22.691 0.0000000000
108941  38.179  9.235  23.708 0.0000000000
108942  37.037  9.025  23.405 0.0000000000
78286  13.774  -9.235  44.105 0.0000000000
76970  14.432  -10.508  44.600 0.0000000000
76972  13.144  -9.861  45.290 0.0000000000
75533  13.308  -10.651  46.185 0.0000000000
78249  12.543  -9.655  46.490 0.0000000000
95964  22.955  1.220  34.002 0.0000000000
226638  22.660  0.526  33.627 0.0000000000
94620  21.748  0.457  34.816 0.0000000000
82626  20.972  -6.764  40.478 0.0000000000
216303  29.586  8.721  29.585 0.0000000000
101166  36.643  4.287  29.619 0.0000000000
113900  34.408  12.882  23.569 0.0000000000
113891  33.296  12.612  24.560 0.0000000000
84054  18.276  -5.992  39.463 0.0000000000
82630  18.075  -6.802  40.171 0.0000000000
84037  17.143  -5.736  40.173 0.0000000000
217319  15.775  -5.466  41.748 0.0000000000
85457  15.199  -5.348  42.732 0.0000000000
82567  14.309  -7.129  43.130 0.0000000000
95895  20.087  1.415  37.434 0.0000000000
89497  18.221  -2.328  39.514 0.0000000000
89508  18.409  -2.491  38.725 0.0000000000
88266  18.272  -3.958  39.102 0.0000000000
85533  18.937  -5.183  38.650 0.0000000000
102413  30.328  4.888  28.512 0.0000000000
101180  30.058  4.234  28.554 0.0000000000
96053  31.708  1.674  30.179 0.0000000000
97313  31.806  2.023  28.981 0.0000000000
96051  33.239  1.524  30.162 0.0000000000
97280  34.301  1.652  30.170 0.0000000000
96012  34.870  0.851  31.430 0.0000000000
128364  47.120  21.985  17.578 0.0000000000
129663  51.220  22.872  17.787 0.0000000000
128371  49.648  21.664  16.690 0.0000000000
124617  50.279  19.231  16.943 0.0000000000
225854  50.369  20.013  16.290 0.0000000000
212651  51.587  19.266  17.056 0.0000000000
123348  41.620  19.245  19.302 0.0000000000
120848  41.591  17.969  18.969 0.0000000000
122081  40.468  18.246  19.411 0.0000000000
215872  39.147  16.059  20.808 0.0000000000
119600  40.347  16.395  20.152 0.0000000000
117249  40.437  15.134  21.144 0.0000000000
224579  41.406  14.649  21.713 0.0000000000
116132  40.102  14.494  21.467 0.0000000000
118357  36.440  15.435  23.300 0.0000000000
118368  37.159  15.518  22.000 0.0000000000
235394  37.197  14.194  21.844 0.0000000000
112750  38.928  11.218  22.369 0.0000000000
113920  38.590  12.438  21.877 0.0000000000
113910  39.783  12.083  22.277 0.0000000000
113909  40.401  12.305  22.528 0.0000000000
88384  27.539  -3.830  32.164 0.0000000000
88381  29.564  -3.348  32.715 0.0000000000
205577  40.280  19.849  21.245 0.0000000000
125836  41.468  20.302  20.029 0.0000000000
125844  42.321  20.318  19.223 0.0000000000
79616  17.142  -8.925  42.195 0.0000000000
78298  17.185  -9.689  43.378 0.0000000000
233303  13.809  -12.473  48.028 0.0000000000
70439  15.304  -14.094  48.469 0.0000000000
71669  14.127  -13.373  49.042 0.0000000000
72818  13.201  -12.609  49.808 0.0000000000
80973  11.250  -7.424  48.487 0.0000000000
78241  11.721  -8.917  47.834 0.0000000000
206244  11.107  -8.118  48.822 0.0000000000
79463  10.553  -8.212  51.793 0.0000000000
78206  10.933  -9.340  50.800 0.0000000000
78197  10.839  -9.478  51.653 0.0000000000
76899  11.613  -10.753  51.323 0.0000000000
76891  11.046  -10.095  52.118 0.0000000000
76880  11.316  -10.561  52.754 0.0000000000
200442  10.749  -9.424  53.023 0.0000000000
80886  10.854  -7.728  55.324 0.0000000000
216895  10.901  -8.486  55.133 0.0000000000
79411  10.821  -8.423  55.721 0.0000000000
79410  10.792  -9.094  55.925 0.0000000000
80869  10.566  -8.040  56.833 0.0000000000
94665  25.622  0.843  31.923 0.0000000000
96017  25.996  1.220  31.499 0.0000000000
93382  25.583  -0.017  30.993 0.0000000000
92129  26.015  -1.420  30.896 0.0000000000
92111  24.928  -1.274  31.317 0.0000000000
89587  23.169  -2.795  33.759 0.0000000000
88366  24.425  -3.439  33.285 0.0000000000
88322  24.086  -4.097  34.763 0.0000000000
92022  20.271  -1.226  36.213 0.0000000000
90760  21.520  -1.477  35.866 0.0000000000
90734  21.316  -2.386  36.462 0.0000000000
88276  22.776  -3.678  38.142 0.0000000000
119595  44.021  16.410  20.106 0.0000000000
120806  45.276  16.784  20.192 0.0000000000
119584  44.411  16.474  20.822 0.0000000000
111515  30.883  10.497  25.336 0.0000000000
110240  31.457  10.375  24.312 0.0000000000
108925  31.472  9.419  24.456 0.0000000000
102451  31.112  5.821  27.060 0.0000000000
104922  30.255  7.075  27.393 0.0000000000
102449  32.379  5.789  26.823 0.0000000000
221184  35.426  7.009  27.804 0.0000000000
106235  33.293  7.547  26.689 0.0000000000
107561  34.310  7.973  26.587 0.0000000000
107602  33.798  7.872  25.392 0.0000000000
107584  35.662  7.985  26.456 0.0000000000
200052  36.744  8.027  26.605 0.0000000000
92071  32.005  -1.431  32.864 0.0000000000
137204  50.857  27.448  11.584 0.0000000000
130922  51.516  23.427  16.956 0.0000000000
201251  50.012  24.061  15.866 0.0000000000
130932  51.451  23.658  16.192 0.0000000000
133522  52.178  24.950  14.290 0.0000000000
133531  52.136  25.064  13.832 0.0000000000
88244  17.796  -3.225  40.617 0.0000000000
86894  17.164  -4.403  40.522 0.0000000000
123356  48.963  18.441  17.943 0.0000000000
122086  50.586  18.285  19.427 0.0000000000
233266  49.015  17.810  19.120 0.0000000000
98613  28.680  3.097  29.823 0.0000000000
98629  29.610  3.126  29.057 0.0000000000
97297  29.751  1.984  29.754 0.0000000000
221547  30.544  1.527  30.422 0.0000000000
94697  31.563  0.896  30.838 0.0000000000
128341  45.075  22.480  19.365 0.0000000000
127099  44.963  21.607  17.950 0.0000000000
231712  46.385  21.612  17.402 0.0000000000
127107  47.674  21.424  17.119 0.0000000000
127105  48.940  21.079  16.656 0.0000000000
125870  48.064  20.067  16.744 0.0000000000
123372  48.130  18.887  17.310 0.0000000000
76848  11.859  -11.238  55.751 0.0000000000
123322  39.626  19.413  21.340 0.0000000000
122073  39.393  18.155  20.084 0.0000000000
197762  39.068  18.310  20.659 0.0000000000
120793  38.439  17.256  20.735 0.0000000000
231163  38.763  15.686  21.050 0.0000000000
229116  35.963  12.808  22.143 0.0000000000
198170  36.590  12.905  21.919 0.0000000000
112761  36.747  11.599  21.987 0.0000000000
111552  37.780  10.906  22.137 0.0000000000
111541  38.800  10.530  22.496 0.0000000000
110246  38.790  9.667  23.506 0.0000000000
108930  39.275  9.247  24.623 0.0000000000
85575  27.861  -5.870  35.428 0.0000000000
78300  15.586  -9.497  43.267 0.0000000000
78283  16.774  -10.033  43.825 0.0000000000
76982  15.598  -10.264  44.151 0.0000000000
75547  15.562  -10.918  45.056 0.0000000000
74114  15.758  -12.074  46.131 0.0000000000
74100  13.675  -11.909  47.321 0.0000000000
75483  12.586  -11.198  47.974 0.0000000000
80950  10.752  -7.287  50.486 0.0000000000
217188  10.341  -6.447  52.000 0.0000000000
80921  10.428  -7.954  52.924 0.0000000000
79442  10.580  -8.356  53.553 0.0000000000
210974  10.479  -7.216  53.862 0.0000000000
83781  10.697  -6.220  55.313 0.0000000000
213290  10.672  -6.255  55.902 0.0000000000
94650  24.413  0.609  32.686 0.0000000000
93366  24.234  -0.587  31.968 0.0000000000
93350  23.226  -0.691  32.752 0.0000000000
90801  22.808  -1.672  33.396 0.0000000000
89567  22.629  -2.558  34.692 0.0000000000
86938  20.553  -4.290  37.745 0.0000000000
86953  20.987  -3.730  37.537 0.0000000000
85530  21.203  -5.234  38.611 0.0000000000
119571  43.313  15.696  21.444 0.0000000000
198648  29.687  9.402  26.894 0.0000000000
99955  34.471  3.933  27.936 0.0000000000
102429  33.541  5.217  27.024 0.0000000000
102412  35.321  5.079  27.928 0.0000000000
102410  36.396  5.494  28.504 0.0000000000
135994  49.247  26.873  13.464 0.0000000000
76841  9.839  -9.745  57.249 0.0000000000
117211  36.591  15.452  24.219 0.0000000000
116095  35.915  14.567  23.467 0.0000000000
199897  35.334  13.585  23.238 0.0000000000
115008  35.230  12.941  22.861 0.0000000000
231429  34.738  11.831  22.685 0.0000000000
110262  34.358  10.368  22.927 0.0000000000
81127  19.890  -7.586  40.553 0.0000000000
207117  19.693  -8.045  41.685 0.0000000000
81112  18.849  -7.793  40.909 0.0000000000
79643  17.461  -8.036  41.380 0.0000000000
218299  16.524  -8.405  41.883 0.0000000000
84021  16.715  -5.729  40.590 0.0000000000
82600  15.933  -7.168  41.368 0.0000000000
79632  15.921  -8.364  42.066 0.0000000000
79619  14.920  -8.361  42.835 0.0000000000
79601  13.946  -8.100  43.664 0.0000000000
79583  13.008  -8.046  44.492 0.0000000000
94606  21.230  0.498  35.305 0.0000000000
95911  20.628  1.395  36.283 0.0000000000
93310  20.000  -0.446  36.271 0.0000000000
234422  19.494  -1.748  36.878 0.0000000000
91993  18.667  -0.900  38.495 0.0000000000
90737  18.845  -2.236  37.591 0.0000000000
88297  19.285  -3.103  37.367 0.0000000000
85548  19.299  -4.753  38.139 0.0000000000
84052  19.606  -6.472  39.067 0.0000000000
104899  30.286  6.297  30.222 0.0000000000
209302  29.848  7.031  29.310 0.0000000000
103693  30.013  6.111  28.811 0.0000000000
210018  30.470  5.292  27.915 0.0000000000
208142  31.393  4.437  27.166 0.0000000000
98646  30.524  2.954  28.164 0.0000000000
98644  31.821  2.681  28.063 0.0000000000
98658  32.912  3.149  27.807 0.0000000000
98612  34.878  2.608  29.368 0.0000000000
98598  36.141  2.403  30.618 0.0000000000
236557  51.039  23.522  18.040 0.0000000000
129662  51.536  22.933  17.421 0.0000000000
129669  51.883  22.630  16.821 0.0000000000
206172  50.333  20.592  16.223 0.0000000000
127116  50.897  21.254  16.146 0.0000000000
123345  43.312  18.600  18.396 0.0000000000
221445  44.246  18.037  18.370 0.0000000000
122096  42.992  18.054  18.550 0.0000000000
120824  43.029  16.975  19.071 0.0000000000
119597  42.616  16.052  20.171 0.0000000000
120827  40.212  17.054  19.744 0.0000000000
119599  41.020  16.115  20.137 0.0000000000
119586  42.432  15.842  20.713 0.0000000000
118366  42.155  15.439  21.579 0.0000000000
116103  42.388  14.441  22.227 0.0000000000
119573  37.245  16.248  22.235 0.0000000000
118367  37.675  15.822  21.571 0.0000000000
117251  38.906  14.992  21.159 0.0000000000
203627  37.608  13.682  21.778 0.0000000000
116116  38.331  13.816  21.409 0.0000000000
116114  39.845  13.887  21.631 0.0000000000
115015  40.274  13.359  21.857 0.0000000000
92126  28.392  -1.124  30.848 0.0000000000
92124  29.901  -0.982  31.362 0.0000000000
90837  29.136  -2.241  31.383 0.0000000000
89604  30.860  -2.877  33.172 0.0000000000
125843  42.859  20.842  19.215 0.0000000000
124601  43.167  19.748  18.499 0.0000000000
81042  12.531  -7.285  45.560 0.0000000000
82500  12.382  -6.591  46.488 0.0000000000
228028  12.331  -8.405  46.253 0.0000000000
78250  12.211  -9.214  46.951 0.0000000000
76936  11.988  -10.077  47.995 0.0000000000
76927  11.881  -10.424  48.735 0.0000000000
199505  10.946  -8.727  50.119 0.0000000000
76920  11.482  -10.088  49.810 0.0000000000
75472  12.002  -11.257  50.117 0.0000000000
74052  12.259  -11.670  50.607 0.0000000000
74043  12.200  -11.649  51.309 0.0000000000
219628  11.295  -10.547  54.293 0.0000000000
78169  10.908  -9.358  54.049 0.0000000000
210544  11.032  -9.792  54.361 0.0000000000
202965  11.073  -9.996  54.913 0.0000000000
78151  10.960  -9.875  55.559 0.0000000000
78145  10.827  -9.758  56.073 0.0000000000
78141  10.562  -9.375  56.826 0.0000000000
80866  10.500  -8.226  56.964 0.0000000000
79400  10.638  -8.891  56.945 0.0000000000
210412  10.335  -9.393  57.201 0.0000000000
96037  27.723  1.217  30.650 0.0000000000
96038  26.900  0.880  30.731 0.0000000000
93394  27.436  -0.373  30.601 0.0000000000
90853  27.371  -1.833  30.786 0.0000000000
89645  26.764  -2.795  31.352 0.0000000000
88385  26.805  -3.734  32.178 0.0000000000
89628  24.413  -2.611  32.293 0.0000000000
88387  25.320  -3.427  32.449 0.0000000000
87016  26.028  -4.727  33.711 0.0000000000
93319  21.331  -0.298  35.326 0.0000000000
90769  22.026  -1.766  34.965 0.0000000000
89557  22.598  -2.760  35.785 0.0000000000
88293  22.242  -3.364  37.603 0.0000000000
89527  22.936  -3.227  36.941 0.0000000000
223884  23.292  -3.547  36.807 0.0000000000
120821  45.510  16.894  19.375 0.0000000000
112729  32.351  11.610  24.263 0.0000000000
111531  33.159  10.554  23.387 0.0000000000
110249  34.179  9.670  23.209 0.0000000000
107521  29.308  7.950  28.154 0.0000000000
234146  30.138  7.934  26.904 0.0000000000
107565  31.110  8.085  26.196 0.0000000000
104935  32.604  6.963  26.827 0.0000000000
107564  31.829  7.854  26.243 0.0000000000
107589  31.511  8.218  25.824 0.0000000000
107616  32.802  8.099  24.455 0.0000000000
107630  33.980  8.583  23.763 0.0000000000
107628  35.362  8.666  23.764 0.0000000000
107613  36.423  8.230  24.380 0.0000000000
92108  30.658  -1.013  31.699 0.0000000000
93379  31.766  -0.285  31.547 0.0000000000
94664  32.902  -0.133  31.681 0.0000000000
93335  34.862  -0.865  33.547 0.0000000000
94661  34.665  0.256  32.400 0.0000000000
138420  52.548  28.499  10.396 0.0000000000
203307  49.232  25.160  14.683 0.0000000000
133546  49.629  25.497  13.557 0.0000000000
132200  51.864  24.280  15.087 0.0000000000
133533  50.788  24.845  13.803 0.0000000000
133557  50.087  25.554  12.637 0.0000000000
134803  51.388  25.670  11.507 0.0000000000
133583  52.512  25.178  11.018 0.0000000000
122110  45.304  18.349  18.031 0.0000000000
122092  46.454  17.852  18.322 0.0000000000
94701  28.276  0.678  30.647 0.0000000000
94700  28.906  0.941  30.817 0.0000000000
214410  28.840  0.290  30.886 0.0000000000
123362  44.185  19.175  17.946 0.0000000000
123361  45.035  19.063  17.754 0.0000000000
208179  45.682  18.807  17.772 0.0000000000
76839  10.412  -10.083  56.814 0.0000000000
235230  35.371  10.064  22.714 0.0000000000
215504  36.259  10.354  22.483 0.0000000000
110260  35.894  9.918  22.659 0.0000000000
108951  36.809  9.405  23.013 0.0000000000
108952  36.141  9.361  22.889 0.0000000000
78287  13.122  -8.895  44.457 0.0000000000
78272  13.389  -9.587  44.635 0.0000000000
78273  12.849  -9.199  45.087 0.0000000000
76960  12.987  -10.060  45.984 0.0000000000
78261  12.673  -9.426  45.790 0.0000000000
97213  22.780  1.580  34.517 0.0000000000
95965  22.400  0.842  34.347 0.0000000000
95945  22.165  1.196  34.785 0.0000000000
82599  20.808  -7.440  41.469 0.0000000000
82614  21.194  -6.886  41.132 0.0000000000
107492  29.835  8.161  29.838 0.0000000000
85504  17.822  -5.448  39.492 0.0000000000
84036  17.720  -6.077  39.814 0.0000000000
85505  17.282  -5.254  39.952 0.0000000000
88254  17.993  -3.570  39.772 0.0000000000
211289  18.229  -3.118  39.118 0.0000000000
215315  17.940  -4.296  39.536 0.0000000000
86907  18.057  -4.931  39.300 0.0000000000
101181  30.068  4.395  29.356 0.0000000000
99933  29.656  3.791  29.042 0.0000000000
96031  32.720  1.132  30.397 0.0000000000
96052  32.700  1.675  29.995 0.0000000000
96030  33.461  1.087  30.492 0.0000000000
96029  34.130  1.234  30.689 0.0000000000
96014  33.750  0.780  30.885 0.0000000000
128363  48.082  22.087  17.600 0.0000000000
128362  49.025  22.266  17.727 0.0000000000
128360  49.887  22.305  17.376 0.0000000000
128361  49.162  21.788  17.117 0.0000000000
123369  50.534  18.865  17.440 0.0000000000
124616  50.938  19.198  16.982 0.0000000000
123368  51.170  18.986  17.582 0.0000000000
123367  51.826  19.174  17.758 0.0000000000
76861  11.764  -11.237  54.587 0.0000000000
222898  41.032  19.314  19.679 0.0000000000
123336  41.088  18.595  19.181 0.0000000000
123337  40.609  18.873  19.649 0.0000000000
118382  39.281  15.489  21.047 0.0000000000
118381  39.830  15.637  20.922 0.0000000000
230286  36.257  14.680  22.866 0.0000000000
117238  36.728  14.436  22.196 0.0000000000
112749  39.568  11.450  22.541 0.0000000000
112759  39.097  11.888  22.143 0.0000000000
88362  27.852  -4.158  32.749 0.0000000000
88361  28.558  -4.047  32.888 0.0000000000
235189  28.573  -4.584  33.678 0.0000000000
232774  40.328  19.725  20.694 0.0000000000
124586  40.653  20.032  20.704 0.0000000000
204947  41.030  19.894  20.158 0.0000000000
124595  41.371  19.759  19.731 0.0000000000
78311  17.592  -9.353  42.887 0.0000000000
72843  13.140  -12.140  48.548 0.0000000000
71683  14.032  -13.027  48.606 0.0000000000
72831  13.170  -12.342  49.091 0.0000000000
213382  13.794  -13.191  49.646 0.0000000000
74061  12.679  -12.029  49.593 0.0000000000
79452  10.614  -8.903  52.026 0.0000000000
78188  10.768  -9.492  52.354 0.0000000000
76881  10.943  -9.957  52.710 0.0000000000
79404  10.727  -8.478  56.345 0.0000000000
94666  24.819  0.415  32.183 0.0000000000
94648  25.648  0.875  32.758 0.0000000000
220718  25.301  0.647  32.250 0.0000000000
233925  25.160  -0.252  31.365 0.0000000000
93397  25.408  -0.814  30.907 0.0000000000
93383  24.823  -0.733  31.524 0.0000000000
89566  23.130  -3.006  34.491 0.0000000000
88346  23.539  -3.280  34.158 0.0000000000
88323  23.563  -3.587  34.867 0.0000000000
88313  23.870  -4.119  35.525 0.0000000000
90735  20.643  -2.265  36.712 0.0000000000
90749  20.857  -1.791  36.332 0.0000000000
89530  21.001  -2.804  36.962 0.0000000000
119596  43.331  16.150  20.135 0.0000000000
200110  43.789  16.134  20.745 0.0000000000
110217  30.261  9.941  26.061 0.0000000000
111488  30.327  10.645  26.421 0.0000000000
110231  30.648  9.929  25.475 0.0000000000
110230  31.051  10.031  24.889 0.0000000000
108926  31.026  9.348  25.235 0.0000000000
102450  31.699  5.408  26.850 0.0000000000
207017  31.720  6.021  26.877 0.0000000000
101218  32.301  5.026  26.827 0.0000000000
104908  35.508  7.658  27.816 0.0000000000
106215  35.158  7.870  27.366 0.0000000000
107537  35.381  8.117  27.223 0.0000000000
203052  35.017  7.979  26.767 0.0000000000
107536  35.894  8.368  27.465 0.0000000000
107559  36.159  8.354  27.061 0.0000000000
138407  50.169  28.201  12.457 0.0000000000
137205  50.469  27.838  11.943 0.0000000000
136006  50.290  27.110  11.863 0.0000000000
130921  51.967  23.280  16.797 0.0000000000
89487  17.955  -2.383  40.999 0.0000000000
88245  17.411  -3.631  41.021 0.0000000000
88233  17.640  -2.956  41.450 0.0000000000
89486  18.161  -2.127  40.283 0.0000000000
123357  48.238  18.466  17.789 0.0000000000
122105  49.011  18.114  18.637 0.0000000000
122106  48.390  18.157  18.383 0.0000000000
120840  47.421  17.413  19.150 0.0000000000
120839  48.094  17.497  19.321 0.0000000000
97316  29.165  2.940  29.424 0.0000000000
97298  29.046  2.429  29.793 0.0000000000
96034  30.219  1.183  30.790 0.0000000000
96033  30.919  1.129  30.721 0.0000000000
94698  31.105  0.622  31.085 0.0000000000
127090  44.014  21.771  18.875 0.0000000000
127100  44.343  21.393  18.221 0.0000000000
124624  45.559  20.157  17.331 0.0000000000
125858  45.299  20.935  17.538 0.0000000000
125857  46.064  20.831  17.176 0.0000000000
127108  46.875  21.171  17.125 0.0000000000
125855  47.433  20.491  17.027 0.0000000000
124621  47.593  19.758  17.071 0.0000000000
123358  47.601  18.608  17.713 0.0000000000
123373  47.454  19.193  17.351 0.0000000000
214393  48.651  18.722  17.401 0.0000000000
76849  11.234  -10.597  55.703 0.0000000000
122063  39.097  18.798  21.311 0.0000000000
122065  38.093  17.601  21.413 0.0000000000
119588  38.528  16.521  20.788 0.0000000000
119589  38.218  16.127  21.198 0.0000000000
113924  35.736  12.257  22.225 0.0000000000
113923  36.340  12.249  21.996 0.0000000000
112762  36.049  11.656  22.099 0.0000000000
111542  37.515  10.365  22.314 0.0000000000
111553  37.136  10.946  22.129 0.0000000000
112751  38.143  10.432  22.407 0.0000000000
229775  38.334  11.006  22.239 0.0000000000
110256  38.504  10.041  22.889 0.0000000000
111529  39.172  10.158  23.013 0.0000000000
108931  38.722  9.230  24.173 0.0000000000
108924  38.767  8.893  24.694 0.0000000000
107596  39.166  8.639  25.622 0.0000000000
78301  14.837  -9.212  43.376 0.0000000000
78284  15.197  -9.825  43.684 0.0000000000
75549  14.113  -10.763  45.182 0.0000000000
75548  14.821  -10.910  45.019 0.0000000000
74143  15.161  -11.306  45.411 0.0000000000
74130  14.792  -11.695  45.840 0.0000000000
72876  15.133  -12.180  46.129 0.0000000000
74131  14.190  -11.515  46.050 0.0000000000
75514  13.124  -10.845  46.799 0.0000000000
75513  13.666  -11.160  46.441 0.0000000000
74117  13.422  -11.357  47.056 0.0000000000
74101  13.128  -11.570  47.651 0.0000000000
75497  12.858  -11.046  47.359 0.0000000000
218603  10.313  -6.472  52.760 0.0000000000
82419  10.308  -7.211  52.460 0.0000000000
82405  10.344  -7.192  53.185 0.0000000000
80913  10.453  -7.747  53.532 0.0000000000
82391  10.432  -6.503  53.483 0.0000000000
95963  23.975  1.371  33.613 0.0000000000
95982  24.689  1.134  33.364 0.0000000000
95983  23.862  0.937  33.051 0.0000000000
94651  23.746  0.337  32.623 0.0000000000
223657  23.203  0.526  32.998 0.0000000000
93338  22.368  -0.465  33.823 0.0000000000
92055  22.495  -1.379  33.859 0.0000000000
90781  22.711  -2.166  33.919 0.0000000000
92042  22.235  -1.783  34.551 0.0000000000
85531  20.442  -5.387  38.430 0.0000000000
85546  20.903  -4.826  38.121 0.0000000000
110190  29.587  9.931  27.370 0.0000000000
226918  29.385  9.399  27.555 0.0000000000
99944  34.910  3.750  28.359 0.0000000000
101190  34.881  4.373  27.908 0.0000000000
101179  35.782  4.266  28.888 0.0000000000
101164  37.613  4.809  30.015 0.0000000000
101177  36.858  4.870  29.454 0.0000000000
102395  37.386  5.265  29.558 0.0000000000
117212  36.210  14.991  23.788 0.0000000000
114996  34.868  13.222  23.429 0.0000000000
112738  33.668  11.992  23.493 0.0000000000
113913  34.208  12.300  23.161 0.0000000000
112754  34.085  11.621  23.018 0.0000000000
111546  34.513  11.062  22.757 0.0000000000
111530  33.847  10.949  23.094 0.0000000000
82628  19.555  -7.303  39.963 0.0000000000
81111  19.435  -7.824  41.043 0.0000000000
81128  19.160  -7.595  40.462 0.0000000000
81130  17.677  -7.143  40.630 0.0000000000
81113  17.883  -7.695  40.997 0.0000000000
81114  17.247  -7.485  41.021 0.0000000000
230911  17.110  -8.398  41.707 0.0000000000
81115  16.688  -7.849  41.387 0.0000000000
227638  16.838  -4.476  41.015 0.0000000000
85487  16.866  -5.066  40.494 0.0000000000
85488  16.507  -4.946  41.063 0.0000000000
82601  15.348  -6.708  41.844 0.0000000000
84005  15.742  -6.240  41.501 0.0000000000
219320  15.457  -7.441  41.758 0.0000000000
81099  15.961  -7.922  41.687 0.0000000000
81085  15.345  -8.002  42.002 0.0000000000
81086  14.890  -7.951  42.493 0.0000000000
82568  13.961  -6.841  43.621 0.0000000000
81072  14.173  -7.627  43.402 0.0000000000
81058  13.688  -7.380  43.811 0.0000000000
221441  13.447  -7.858  43.993 0.0000000000
81059  13.219  -7.265  44.302 0.0000000000
95928  21.215  1.784  35.864 0.0000000000
97182  20.988  2.166  36.594 0.0000000000
94578  19.631  0.790  37.379 0.0000000000
209644  19.988  0.302  36.517 0.0000000000
93299  19.542  -0.062  36.925 0.0000000000
92023  19.583  -0.851  36.641 0.0000000000
92009  19.203  -1.286  37.124 0.0000000000
210232  18.538  -3.046  38.413 0.0000000000
207565  18.586  -2.024  38.309 0.0000000000
89533  18.976  -2.779  37.522 0.0000000000
86939  19.751  -4.249  37.744 0.0000000000
86940  19.066  -4.044  37.981 0.0000000000
84053  18.869  -6.258  39.230 0.0000000000
84069  19.231  -5.842  38.825 0.0000000000
82639  19.202  -6.850  39.511 0.0000000000
82638  19.965  -6.909  39.515 0.0000000000
103681  29.924  6.454  29.464 0.0000000000
103680  30.205  5.759  29.540 0.0000000000
101191  30.453  4.408  27.973 0.0000000000
236161  30.480  4.832  27.918 0.0000000000
101205  30.785  4.760  27.495 0.0000000000
98628  30.155  2.571  28.737 0.0000000000
97330  30.839  2.354  28.458 0.0000000000
97312  32.475  2.015  29.067 0.0000000000
97328  32.179  2.275  28.546 0.0000000000
204164  32.541  2.691  28.174 0.0000000000
98659  32.175  3.137  27.685 0.0000000000
98643  33.250  2.723  28.323 0.0000000000
98642  33.946  2.883  28.518 0.0000000000
98626  34.215  2.421  29.015 0.0000000000
97266  35.242  1.326  31.090 0.0000000000
97293  35.036  2.118  30.053 0.0000000000
128339  46.220  22.711  18.937 0.0000000000
211442  50.466  23.710  17.833 0.0000000000
130907  50.807  23.351  18.337 0.0000000000
128359  50.793  22.497  17.376 0.0000000000
128358  51.353  22.559  17.222 0.0000000000
125868  49.137  20.259  16.459 0.0000000000
206139  49.667  20.835  16.379 0.0000000000
125867  49.796  20.113  16.384 0.0000000000
220873  51.321  19.793  16.231 0.0000000000
125866  50.991  20.308  16.106 0.0000000000
125865  51.748  20.180  15.984 0.0000000000
127115  51.611  21.120  15.863 0.0000000000
123346  42.723  18.738  18.573 0.0000000000
120847  42.070  17.538  18.928 0.0000000000
120825  42.346  16.998  19.154 0.0000000000
119609  42.802  16.508  19.602 0.0000000000
119610  42.076  16.504  19.657 0.0000000000
120828  39.934  17.857  19.633 0.0000000000
118392  40.534  15.771  20.600 0.0000000000
119598  41.830  15.969  20.209 0.0000000000
118379  42.000  15.681  20.955 0.0000000000
118380  41.570  15.402  21.154 0.0000000000
117233  41.985  14.862  21.879 0.0000000000
208009  41.747  14.283  22.112 0.0000000000
120758  37.563  17.175  23.422 0.0000000000
119560  37.094  16.615  23.182 0.0000000000
117237  37.133  14.797  21.857 0.0000000000
117236  37.602  15.071  21.358 0.0000000000
118383  38.230  15.390  21.166 0.0000000000
116135  38.214  14.636  21.193 0.0000000000
115019  37.333  12.992  21.814 0.0000000000
113919  39.349  12.555  21.862 0.0000000000
115017  38.856  13.134  21.623 0.0000000000
116115  39.148  13.802  21.500 0.0000000000
90852  28.096  -1.765  30.842 0.0000000000
90851  28.800  -1.689  31.094 0.0000000000
228749  28.830  -2.743  31.425 0.0000000000
88341  30.075  -3.968  33.862 0.0000000000
89605  30.200  -3.113  32.916 0.0000000000
127092  42.972  21.451  19.742 0.0000000000
125834  42.498  20.987  19.731 0.0000000000
235148  42.067  19.647  19.099 0.0000000000
198981  42.822  20.212  18.845 0.0000000000
124602  42.603  19.540  18.761 0.0000000000
207277  43.070  19.143  18.486 0.0000000000
79629  19.250  -8.383  42.164 0.0000000000
79613  19.518  -8.504  42.870 0.0000000000
79614  18.837  -8.797  42.648 0.0000000000
76981  16.374  -10.330  44.269 0.0000000000
71681  15.846  -13.870  47.823 0.0000000000
82532  12.901  -6.656  45.416 0.0000000000
228176  11.787  -7.224  47.251 0.0000000000
82487  11.994  -6.444  47.102 0.0000000000
206398  12.034  -7.253  46.735 0.0000000000
210520  12.200  -7.919  46.510 0.0000000000
79540  12.154  -8.546  46.762 0.0000000000
79524  11.904  -8.740  47.320 0.0000000000
79509  11.416  -8.742  48.395 0.0000000000
78231  11.674  -9.410  48.172 0.0000000000
78224  11.671  -9.891  48.556 0.0000000000
79483  10.835  -7.999  50.307 0.0000000000
76910  11.329  -10.056  50.515 0.0000000000
78215  11.091  -9.493  49.978 0.0000000000
76909  11.670  -10.649  50.290 0.0000000000
76919  11.857  -10.701  49.497 0.0000000000
75465  11.834  -11.155  50.878 0.0000000000
75459  11.813  -11.214  51.642 0.0000000000
75458  12.121  -11.651  52.055 0.0000000000
76872  11.338  -10.610  53.562 0.0000000000
75442  11.752  -11.146  53.212 0.0000000000
75430  11.744  -11.153  53.929 0.0000000000
215684  10.738  -9.021  53.576 0.0000000000
79431  10.809  -8.650  54.109 0.0000000000
78158  10.954  -9.067  54.650 0.0000000000
211504  10.730  -9.052  56.387 0.0000000000
78140  10.637  -9.463  56.598 0.0000000000
82346  11.033  -7.676  57.007 0.0000000000
80861  10.511  -7.549  57.175 0.0000000000
79395  10.499  -8.520  57.033 0.0000000000
217904  10.522  -8.975  57.269 0.0000000000
78136  10.407  -9.099  57.548 0.0000000000
201442  27.688  1.967  30.719 0.0000000000
94682  26.278  0.917  31.012 0.0000000000
96016  26.521  1.438  31.143 0.0000000000
224862  26.962  0.137  30.637 0.0000000000
231849  27.113  -0.821  30.562 0.0000000000
93395  26.645  -0.476  30.582 0.0000000000
90855  25.924  -2.005  31.145 0.0000000000
90854  26.606  -2.010  31.016 0.0000000000
90840  26.164  -2.451  31.268 0.0000000000
88405  26.575  -3.281  31.777 0.0000000000
88386  26.046  -3.486  32.182 0.0000000000
92095  23.715  -1.160  32.318 0.0000000000
90822  23.938  -1.923  32.215 0.0000000000
88344  24.585  -3.883  33.723 0.0000000000
89606  24.728  -3.193  32.733 0.0000000000
88365  25.091  -3.837  33.086 0.0000000000
87030  25.755  -4.336  33.124 0.0000000000
85595  26.681  -5.568  34.776 0.0000000000
86993  25.945  -5.347  34.770 0.0000000000
209917  20.852  0.164  35.670 0.0000000000
199236  21.730  -2.075  36.092 0.0000000000
90759  21.832  -1.818  35.689 0.0000000000
90768  22.194  -2.266  35.298 0.0000000000
90748  22.127  -2.425  35.964 0.0000000000
232730  21.769  -3.304  37.451 0.0000000000
224303  22.281  -3.647  38.126 0.0000000000
88275  23.293  -3.820  38.370 0.0000000000
88292  22.801  -3.459  37.517 0.0000000000
88291  23.212  -3.646  37.381 0.0000000000
120844  44.133  17.408  18.655 0.0000000000
120843  44.857  17.085  18.908 0.0000000000
198356  32.448  12.523  25.350 0.0000000000
112720  32.090  11.936  24.944 0.0000000000
110239  31.952  10.049  23.846 0.0000000000
224829  32.418  10.518  23.582 0.0000000000
110251  32.643  9.884  23.523 0.0000000000
110250  33.392  9.720  23.305 0.0000000000
108946  33.673  9.074  23.430 0.0000000000
104909  29.762  6.770  28.785 0.0000000000
106204  29.524  7.402  28.823 0.0000000000
202122  29.683  7.206  28.106 0.0000000000
104937  30.949  7.077  26.878 0.0000000000
106238  30.513  7.552  26.854 0.0000000000
220496  30.625  8.012  26.550 0.0000000000
102428  34.384  5.602  27.104 0.0000000000
102447  33.747  5.926  27.026 0.0000000000
103725  33.513  6.467  27.031 0.0000000000
107562  33.266  7.873  26.455 0.0000000000
203256  32.877  7.619  26.583 0.0000000000
107588  32.167  7.890  25.857 0.0000000000
107604  32.023  8.075  25.436 0.0000000000
203729  32.633  7.713  25.622 0.0000000000
199575  34.480  7.978  24.919 0.0000000000
198451  33.660  8.112  24.503 0.0000000000
206475  34.350  8.331  24.218 0.0000000000
107629  34.674  8.673  23.767 0.0000000000
107614  35.673  8.296  24.323 0.0000000000
107627  36.078  8.588  23.739 0.0000000000
107601  35.944  7.996  24.999 0.0000000000
107582  37.221  7.981  26.069 0.0000000000
92109  30.145  -1.597  31.680 0.0000000000
92093  30.620  -1.578  32.028 0.0000000000
92070  32.560  -1.179  33.090 0.0000000000
229030  31.902  -0.721  32.075 0.0000000000
93349  32.839  -0.779  32.651 0.0000000000
93363  32.476  -0.481  31.975 0.0000000000
93348  33.463  -0.763  32.691 0.0000000000
94632  34.731  -0.556  33.020 0.0000000000
95978  35.289  0.427  32.674 0.0000000000
138415  51.552  28.123  11.107 0.0000000000
139569  51.922  28.755  10.874 0.0000000000
138414  52.086  27.987  10.687 0.0000000000
136035  52.736  26.996  10.144 0.0000000000
132209  50.125  24.310  15.161 0.0000000000
132210  49.521  24.450  15.170 0.0000000000
132216  49.932  24.704  14.524 0.0000000000
133535  49.578  25.169  14.075 0.0000000000
133534  50.121  24.986  13.771 0.0000000000
133532  51.548  24.907  13.974 0.0000000000
133544  50.513  25.030  13.272 0.0000000000
133556  50.595  25.251  12.641 0.0000000000
133566  50.954  25.391  11.990 0.0000000000
133555  51.299  25.097  12.392 0.0000000000
122108  47.086  18.291  18.077 0.0000000000
120841  46.714  17.300  18.933 0.0000000000
96057  28.641  2.062  30.238 0.0000000000
96056  29.314  1.798  30.308 0.0000000000
96036  28.872  1.482  30.570 0.0000000000
237303  29.931  0.894  31.109 0.0000000000
94699  30.081  0.370  31.189 0.0000000000
230185  43.725  20.029  18.048 0.0000000000
125851  44.330  20.602  17.971 0.0000000000
124609  45.182  19.713  17.583 0.0000000000
123375  46.418  19.438  17.413 0.0000000000
124622  46.971  19.759  17.259 0.0000000000
123360  46.313  18.924  17.689 0.0000000000
123307  38.767  18.592  21.989 0.0000000000
122048  38.504  18.297  22.605 0.0000000000
122049  38.058  17.832  22.254 0.0000000000
120774  37.761  17.232  21.894 0.0000000000
112752  35.698  11.203  22.197 0.0000000000
111543  36.835  10.409  22.429 0.0000000000
110258  37.193  9.917  22.734 0.0000000000
110247  38.192  9.666  23.212 0.0000000000
110248  37.563  9.440  23.236 0.0000000000
108932  37.520  8.872  23.844 0.0000000000
76984  14.082  -9.908  44.325 0.0000000000
76971  13.739  -10.224  44.888 0.0000000000
75532  13.878  -10.971  45.802 0.0000000000
76959  13.464  -10.477  45.511 0.0000000000
76952  12.830  -10.274  46.639 0.0000000000
83809  10.617  -5.775  53.747 0.0000000000
94635  22.137  0.181  34.220 0.0000000000
93327  21.887  -0.484  34.697 0.0000000000
82637  20.686  -6.642  39.782 0.0000000000
84050  21.078  -6.080  39.496 0.0000000000
84035  21.365  -6.262  40.132 0.0000000000
211197  29.265  8.684  28.685 0.0000000000
99907  36.770  3.306  30.305 0.0000000000
99931  36.125  4.015  29.358 0.0000000000
99906  37.422  3.539  30.461 0.0000000000
216928  34.599  13.323  23.937 0.0000000000
114986  34.219  13.096  24.149 0.0000000000
113890  33.797  12.856  24.418 0.0000000000
113902  33.551  12.401  24.054 0.0000000000
82640  18.505  -6.513  39.731 0.0000000000
82631  17.277  -6.449  40.341 0.0000000000
85473  16.147  -4.746  41.808 0.0000000000
85474  15.688  -5.025  42.336 0.0000000000
84006  15.429  -5.807  42.105 0.0000000000
83989  14.970  -6.259  42.445 0.0000000000
218787  14.610  -7.383  42.740 0.0000000000
94579  19.312  0.241  37.766 0.0000000000
90714  18.315  -1.805  39.045 0.0000000000
88265  18.575  -3.670  38.474 0.0000000000
86922  18.672  -4.479  38.601 0.0000000000
85534  18.486  -4.948  38.962 0.0000000000
85519  18.482  -5.549  39.074 0.0000000000
102404  30.371  5.153  29.526 0.0000000000
212085  30.256  4.713  29.168 0.0000000000
99947  30.402  3.714  28.033 0.0000000000
96071  31.296  1.935  29.535 0.0000000000
205695  31.212  2.035  28.822 0.0000000000
96070  32.144  1.805  29.641 0.0000000000
97296  32.716  1.876  29.523 0.0000000000
97295  33.181  1.857  29.730 0.0000000000
97310  33.653  2.139  29.419 0.0000000000
97294  33.707  1.806  29.895 0.0000000000
97279  34.820  1.571  30.634 0.0000000000
96011  35.547  1.006  31.654 0.0000000000
128350  47.751  22.557  18.076 0.0000000000
129654  50.902  23.169  18.278 0.0000000000
128347  50.589  22.827  17.950 0.0000000000
128370  50.286  22.051  16.855 0.0000000000
124618  49.555  19.263  16.908 0.0000000000
124632  49.996  19.659  16.552 0.0000000000
226476  51.304  19.447  16.568 0.0000000000
124630  51.935  19.616  16.473 0.0000000000
124629  52.835  19.671  16.529 0.0000000000
124615  52.325  19.368  17.159 0.0000000000
122097  42.244  18.171  18.709 0.0000000000
122098  41.709  18.588  18.919 0.0000000000
122080  40.990  17.768  19.191 0.0000000000
119601  39.081  16.819  20.356 0.0000000000
120808  39.786  16.759  20.143 0.0000000000
119587  39.784  16.223  20.487 0.0000000000
203394  41.000  15.379  20.928 0.0000000000
117234  41.147  15.014  21.295 0.0000000000
117235  40.795  14.528  21.497 0.0000000000
116112  41.130  14.111  21.930 0.0000000000
118356  36.847  15.880  22.796 0.0000000000
117223  36.665  15.177  22.458 0.0000000000
112760  38.324  11.692  22.088 0.0000000000
113918  40.049  12.690  21.953 0.0000000000
89625  27.941  -3.433  31.676 0.0000000000
89624  28.750  -3.288  31.801 0.0000000000
88383  28.294  -3.807  32.242 0.0000000000
88342  29.434  -4.166  33.634 0.0000000000
125807  40.775  20.522  22.252 0.0000000000
125818  40.863  20.426  21.413 0.0000000000
125828  41.171  20.440  20.645 0.0000000000
125827  41.693  20.841  20.451 0.0000000000
125835  41.966  20.643  19.835 0.0000000000
124594  41.769  20.019  19.512 0.0000000000
79615  18.048  -8.968  42.400 0.0000000000
79598  18.385  -9.166  43.162 0.0000000000
78297  17.945  -9.556  43.633 0.0000000000
72841  14.196  -12.846  48.005 0.0000000000
203134  15.192  -13.737  47.867 0.0000000000
71682  14.572  -13.525  48.343 0.0000000000
71668  14.635  -13.893  49.035 0.0000000000
215304  14.218  -13.670  49.509 0.0000000000
72817  13.460  -13.128  50.292 0.0000000000
82488  11.692  -6.792  47.613 0.0000000000
80991  11.532  -7.533  47.788 0.0000000000
79525  11.632  -8.347  47.774 0.0000000000
213515  11.340  -8.057  48.220 0.0000000000
79495  11.096  -8.903  49.278 0.0000000000
79472  10.838  -8.540  50.730 0.0000000000
79462  10.729  -8.740  51.340 0.0000000000
76900  11.255  -10.156  51.315 0.0000000000
76890  11.451  -10.686  51.931 0.0000000000
78178  10.997  -10.065  53.264 0.0000000000
80900  10.824  -8.194  54.661 0.0000000000
79397  9.791  -8.825  57.611 0.0000000000
94683  25.797  0.634  31.245 0.0000000000
93396  25.967  -0.394  30.727 0.0000000000
217021  26.092  -0.848  30.617 0.0000000000
90856  25.330  -1.685  31.161 0.0000000000
90841  25.011  -2.102  31.477 0.0000000000
90800  23.132  -2.152  33.285 0.0000000000
89608  23.601  -2.602  33.151 0.0000000000
89586  23.830  -3.214  33.553 0.0000000000
236915  24.215  -3.580  33.672 0.0000000000
87018  24.515  -4.314  34.283 0.0000000000
86994  25.254  -5.123  34.834 0.0000000000
86995  24.519  -4.654  35.005 0.0000000000
212031  20.530  -0.733  35.967 0.0000000000
92021  20.831  -1.184  36.041 0.0000000000
207887  21.341  -1.781  36.153 0.0000000000
86919  22.769  -4.294  39.066 0.0000000000
88264  22.535  -3.875  38.596 0.0000000000
119608  43.510  16.603  19.522 0.0000000000
223741  44.270  16.805  19.368 0.0000000000
120807  44.674  16.676  20.177 0.0000000000
120792  45.019  16.702  20.874 0.0000000000
112708  30.713  11.387  26.333 0.0000000000
111503  31.016  11.138  25.585 0.0000000000
112730  31.746  11.218  24.562 0.0000000000
111514  31.248  10.789  24.947 0.0000000000
108935  32.259  9.285  23.969 0.0000000000
200931  30.599  5.847  27.574 0.0000000000
103709  30.646  6.458  27.337 0.0000000000
219162  31.367  6.539  26.933 0.0000000000
104936  31.760  7.140  26.779 0.0000000000
209629  34.445  7.030  27.366 0.0000000000
104920  33.934  7.037  27.090 0.0000000000
106216  34.416  7.641  27.200 0.0000000000
106234  33.963  7.870  26.686 0.0000000000
229319  33.729  8.048  26.405 0.0000000000
225273  33.272  7.774  25.727 0.0000000000
220912  34.520  8.006  26.341 0.0000000000
107585  34.996  7.925  26.110 0.0000000000
200200  35.484  7.901  25.620 0.0000000000
107583  36.137  7.885  25.754 0.0000000000
229662  36.289  7.973  26.416 0.0000000000
90799  31.145  -2.236  32.920 0.0000000000
90819  31.399  -1.632  32.697 0.0000000000
90798  31.710  -1.944  33.181 0.0000000000
90797  32.270  -1.688  33.416 0.0000000000
92053  33.506  -1.395  33.695 0.0000000000
138411  51.022  28.170  11.560 0.0000000000
136014  51.291  27.095  11.310 0.0000000000
130923  50.767  23.694  16.502 0.0000000000
132201  50.784  24.038  15.551 0.0000000000
230456  51.740  25.008  13.416 0.0000000000
133554  51.757  24.942  12.764 0.0000000000
133542  52.227  24.966  13.212 0.0000000000
214418  17.600  -3.966  40.206 0.0000000000
90706  18.268  -1.628  39.896 0.0000000000
89498  18.112  -2.815  40.069 0.0000000000
123355  50.124  18.607  17.892 0.0000000000
204738  50.845  18.560  18.828 0.0000000000
123344  49.659  18.378  18.392 0.0000000000
122088  49.522  18.022  19.049 0.0000000000
122090  47.898  17.828  18.768 0.0000000000
122079  48.695  17.552  19.467 0.0000000000
99934  29.179  3.447  29.455 0.0000000000
97315  29.604  2.492  29.271 0.0000000000
200681  30.122  2.112  29.245 0.0000000000
96055  29.986  1.637  30.378 0.0000000000
96072  30.476  1.799  29.766 0.0000000000
230383  31.455  1.345  30.519 0.0000000000
96032  31.986  1.266  30.539 0.0000000000
94696  32.334  0.612  30.875 0.0000000000
128353  44.692  21.979  18.727 0.0000000000
128352  45.477  22.231  18.538 0.0000000000
199771  44.749  20.996  17.834 0.0000000000
127098  45.692  21.654  17.627 0.0000000000
127118  48.172  20.855  16.836 0.0000000000
125869  48.572  20.360  16.590 0.0000000000
124634  48.641  19.768  16.596 0.0000000000
124620  48.098  19.432  16.906 0.0000000000
124619  48.771  19.160  16.853 0.0000000000
123371  49.232  18.822  17.343 0.0000000000
208236  49.576  18.603  17.777 0.0000000000
76855  11.855  -11.266  55.241 0.0000000000
123321  39.976  19.409  20.652 0.0000000000
122072  39.987  18.738  19.950 0.0000000000
123329  39.485  18.842  20.646 0.0000000000
122074  38.926  17.661  20.361 0.0000000000
122064  38.625  18.069  21.129 0.0000000000
115020  36.153  13.448  22.228 0.0000000000
113922  37.056  12.271  21.859 0.0000000000
203759  37.550  11.576  21.979 0.0000000000
111540  39.427  10.760  22.704 0.0000000000
110245  39.437  9.961  23.667 0.0000000000
110237  39.662  9.764  24.295 0.0000000000
110238  39.167  9.589  24.067 0.0000000000
110229  39.887  9.488  24.890 0.0000000000
86991  27.907  -5.185  34.349 0.0000000000
86990  28.607  -5.093  34.389 0.0000000000
85574  28.690  -5.641  35.270 0.0000000000
78313  15.927  -9.180  42.802 0.0000000000
78299  16.364  -9.646  43.253 0.0000000000
76994  15.985  -9.975  43.702 0.0000000000
76969  15.971  -10.624  44.669 0.0000000000
76983  14.815  -10.150  44.138 0.0000000000
75562  15.204  -10.591  44.568 0.0000000000
71707  15.215  -12.991  46.985 0.0000000000
74116  13.939  -11.725  46.670 0.0000000000
208574  14.534  -12.713  47.314 0.0000000000
72855  13.966  -12.388  47.607 0.0000000000
74085  13.428  -12.134  47.976 0.0000000000
74086  12.872  -11.723  48.277 0.0000000000
80938  10.623  -7.121  51.019 0.0000000000
225651  10.451  -7.320  51.679 0.0000000000
80928  10.425  -7.853  52.251 0.0000000000
79453  10.496  -8.452  52.432 0.0000000000
79441  10.563  -8.712  53.023 0.0000000000
204273  10.564  -6.532  54.196 0.0000000000
82379  10.661  -6.580  54.799 0.0000000000
80887  10.675  -7.328  54.612 0.0000000000
82378  10.765  -6.991  55.173 0.0000000000
82360  10.705  -6.974  55.715 0.0000000000
82349  10.569  -6.779  56.333 0.0000000000
94649  25.119  0.703  32.790 0.0000000000
94667  24.234  0.103  32.219 0.0000000000
93367  23.700  -0.347  32.407 0.0000000000
92072  23.225  -1.485  32.868 0.0000000000
93351  22.835  -0.145  33.093 0.0000000000
92073  22.807  -0.975  33.272 0.0000000000
233639  22.890  -2.639  34.185 0.0000000000
86954  20.203  -3.744  37.411 0.0000000000
88295  20.635  -3.225  37.243 0.0000000000
86937  21.348  -4.187  37.949 0.0000000000
86921  21.638  -4.631  38.383 0.0000000000
85518  21.455  -5.505  39.218 0.0000000000
85529  21.851  -4.937  38.949 0.0000000000
86906  22.379  -4.716  39.267 0.0000000000
223760  43.666  15.982  21.241 0.0000000000
110204  29.918  10.142  26.801 0.0000000000
108916  30.061  9.306  26.333 0.0000000000
101201  33.579  4.382  27.287 0.0000000000
101217  32.871  5.298  26.894 0.0000000000
101200  34.295  4.371  27.561 0.0000000000
220527  34.690  4.961  27.491 0.0000000000
102427  34.997  5.564  27.450 0.0000000000
101178  36.335  4.766  29.079 0.0000000000
101188  35.852  4.917  28.473 0.0000000000
102426  35.434  5.833  27.717 0.0000000000
103691  35.717  6.447  28.015 0.0000000000
229603  36.211  6.837  28.481 0.0000000000
129668  52.392  22.764  16.314 0.0000000000
130920  52.453  23.208  16.285 0.0000000000
76840  10.301  -9.995  57.077 0.0000000000
116106  35.841  13.996  22.864 0.0000000000
115007  35.662  13.231  22.619 0.0000000000
234875  35.549  12.712  22.464 0.0000000000
113911  35.225  12.352  22.559 0.0000000000
113912  34.762  12.597  22.996 0.0000000000
111545  35.122  11.147  22.373 0.0000000000
207010  34.977  10.520  22.668 0.0000000000
110261  34.854  9.921  22.933 0.0000000000
81110  20.151  -7.718  41.215 0.0000000000
81097  18.903  -8.119  41.453 0.0000000000
81129  18.400  -7.456  40.581 0.0000000000
220741  18.424  -7.854  41.055 0.0000000000
81098  18.144  -8.141  41.428 0.0000000000
79631  17.735  -8.550  41.813 0.0000000000
82616  16.659  -6.428  40.791 0.0000000000
84022  16.167  -5.698  41.154 0.0000000000
82617  16.175  -6.537  41.112 0.0000000000
222985  16.629  -7.105  41.040 0.0000000000
79617  16.284  -8.831  42.332 0.0000000000
79618  15.504  -8.530  42.502 0.0000000000
79599  15.213  -8.900  42.986 0.0000000000
79600  14.532  -8.426  43.242 0.0000000000
81071  14.568  -7.835  42.990 0.0000000000
78302  14.147  -8.865  43.623 0.0000000000
79582  13.508  -8.517  43.964 0.0000000000
95927  21.588  1.300  35.234 0.0000000000
212169  20.945  0.946  35.703 0.0000000000
94591  20.478  0.609  36.126 0.0000000000
94592  20.115  1.075  36.741 0.0000000000
93309  20.431  -0.118  35.987 0.0000000000
233429  20.273  -1.809  36.481 0.0000000000
90736  19.874  -2.102  36.820 0.0000000000
92001  18.877  -0.863  37.811 0.0000000000
227343  18.526  -1.467  38.606 0.0000000000
90724  18.784  -1.521  37.849 0.0000000000
92010  19.195  -1.932  37.148 0.0000000000
89532  19.479  -2.562  37.183 0.0000000000
88296  19.897  -3.162  37.243 0.0000000000
85547  20.086  -4.841  38.069 0.0000000000
85532  19.644  -5.352  38.454 0.0000000000
84051  20.369  -6.439  39.142 0.0000000000
82627  20.301  -7.159  40.133 0.0000000000
106191  29.900  7.588  29.578 0.0000000000
223447  30.136  7.035  29.990 0.0000000000
103710  30.265  5.879  28.133 0.0000000000
103692  30.342  5.467  28.738 0.0000000000
102430  30.821  5.369  27.366 0.0000000000
101204  31.194  5.082  27.014 0.0000000000
101203  32.224  4.321  27.036 0.0000000000
98647  29.991  3.412  28.525 0.0000000000
98661  30.850  3.258  27.796 0.0000000000
97329  31.487  2.288  28.442 0.0000000000
98645  31.115  2.726  27.997 0.0000000000
98660  31.416  3.199  27.660 0.0000000000
99959  31.798  3.755  27.385 0.0000000000
99958  32.556  3.648  27.381 0.0000000000
212405  32.919  4.129  27.211 0.0000000000
99956  33.922  3.839  27.751 0.0000000000
99945  34.254  3.471  28.240 0.0000000000
98625  35.304  3.281  29.168 0.0000000000
97309  34.316  2.051  29.613 0.0000000000
98611  35.482  2.832  29.773 0.0000000000
98610  36.091  3.030  30.179 0.0000000000
132186  49.954  24.134  17.476 0.0000000000
207726  51.196  23.475  17.543 0.0000000000
130915  51.288  23.187  17.906 0.0000000000
130914  51.634  23.210  17.377 0.0000000000
234268  51.960  22.894  16.916 0.0000000000
127117  50.271  21.428  16.391 0.0000000000
211083  51.427  22.029  16.414 0.0000000000
231091  51.925  21.987  16.136 0.0000000000
128368  52.409  22.250  16.110 0.0000000000
122112  43.919  18.566  18.242 0.0000000000
122095  43.667  18.003  18.456 0.0000000000
120845  43.355  17.448  18.685 0.0000000000
120846  42.658  17.494  18.795 0.0000000000
214906  40.441  17.587  19.384 0.0000000000
205758  40.862  17.068  19.431 0.0000000000
119612  40.736  16.571  19.747 0.0000000000
119611  41.345  16.517  19.678 0.0000000000
118378  42.637  15.664  21.252 0.0000000000
118365  42.913  15.461  21.738 0.0000000000
117232  42.597  15.074  22.013 0.0000000000
224322  41.674  15.066  21.506 0.0000000000
120775  37.438  16.930  22.493 0.0000000000
119572  37.645  16.542  21.683 0.0000000000
116117  36.778  13.693  21.874 0.0000000000
115018  38.095  13.054  21.723 0.0000000000
116134  38.768  14.306  21.274 0.0000000000
116133  39.405  14.429  21.451 0.0000000000
116113  40.504  13.975  21.739 0.0000000000
115014  40.885  13.535  22.137 0.0000000000
115006  40.655  12.910  22.300 0.0000000000
115005  41.257  13.112  22.576 0.0000000000
211912  28.046  -0.637  30.686 0.0000000000
93392  28.671  -0.456  30.894 0.0000000000
92125  29.144  -1.025  31.083 0.0000000000
92110  29.503  -1.639  31.338 0.0000000000
90821  30.315  -2.098  32.110 0.0000000000
208618  29.303  -3.158  32.212 0.0000000000
89623  29.862  -2.745  32.293 0.0000000000
89622  30.562  -2.521  32.611 0.0000000000
127091  43.394  21.430  19.173 0.0000000000
125842  43.276  20.532  18.701 0.0000000000
123363  43.537  19.209  18.239 0.0000000000
79597  19.168  -8.906  43.472 0.0000000000
81041  12.813  -7.263  44.908 0.0000000000
79566  12.598  -7.952  45.220 0.0000000000
81027  12.304  -7.274  46.165 0.0000000000
79553  12.386  -7.927  45.898 0.0000000000
79552  12.511  -8.644  45.647 0.0000000000
78262  12.388  -8.981  46.332 0.0000000000
76953  12.385  -9.946  47.206 0.0000000000
78240  11.941  -9.391  47.539 0.0000000000
75498  12.434  -10.601  47.662 0.0000000000
75484  12.233  -10.749  48.332 0.0000000000
75479  12.136  -10.916  48.933 0.0000000000
80949  10.880  -7.380  49.842 0.0000000000
203080  10.904  -8.098  49.570 0.0000000000
208230  11.279  -9.620  49.391 0.0000000000
76928  11.586  -10.035  49.133 0.0000000000
75471  12.303  -11.391  49.409 0.0000000000
74062  12.359  -11.687  50.012 0.0000000000
74051  12.626  -12.136  50.274 0.0000000000
72804  12.950  -12.628  50.589 0.0000000000
74042  12.574  -12.114  50.983 0.0000000000
210413  10.843  -9.597  53.576 0.0000000000
76862  11.449  -10.770  54.875 0.0000000000
76856  11.364  -10.668  55.357 0.0000000000
231282  10.525  -7.127  56.700 0.0000000000
230638  10.272  -9.403  57.370 0.0000000000
218245  28.228  1.724  30.552 0.0000000000
96015  27.147  1.637  30.922 0.0000000000
94702  27.548  0.427  30.571 0.0000000000
92127  27.603  -1.132  30.646 0.0000000000
92128  26.773  -1.224  30.650 0.0000000000
89658  27.230  -2.360  31.132 0.0000000000
89644  27.538  -2.889  31.348 0.0000000000
88404  27.192  -3.377  31.692 0.0000000000
87028  27.415  -4.516  33.201 0.0000000000
92094  24.371  -1.368  31.725 0.0000000000
90842  24.529  -2.065  31.757 0.0000000000
89647  24.959  -2.553  31.805 0.0000000000
89607  24.131  -2.922  32.936 0.0000000000
89627  24.967  -2.955  32.234 0.0000000000
89626  25.494  -2.945  31.959 0.0000000000
198244  25.673  -3.932  32.634 0.0000000000
87029  26.348  -4.564  33.207 0.0000000000
87015  26.833  -4.838  33.623 0.0000000000
86992  27.166  -5.285  34.230 0.0000000000
92034  21.309  -0.955  35.675 0.0000000000
92033  21.673  -1.110  35.390 0.0000000000
92043  21.959  -1.227  34.831 0.0000000000
235999  22.596  -2.694  35.277 0.0000000000
88294  21.322  -3.276  37.332 0.0000000000
89529  21.709  -2.976  36.992 0.0000000000
89528  22.437  -2.994  37.036 0.0000000000
89547  22.575  -2.841  36.436 0.0000000000
89546  23.045  -3.252  36.189 0.0000000000
88314  23.388  -3.567  35.646 0.0000000000
88305  23.884  -4.305  36.278 0.0000000000
122094  44.880  17.787  18.435 0.0000000000
222617  45.368  17.298  18.684 0.0000000000
120820  46.242  17.003  19.502 0.0000000000
120822  44.931  16.800  19.594 0.0000000000
120805  45.881  16.869  20.146 0.0000000000
202185  44.146  16.313  21.379 0.0000000000
113881  33.055  12.789  25.212 0.0000000000
113882  32.636  12.336  24.650 0.0000000000
112739  32.996  12.029  23.927 0.0000000000
112740  32.696  11.183  23.700 0.0000000000
200603  33.319  11.395  23.428 0.0000000000
204745  33.785  10.212  23.149 0.0000000000
228047  34.788  9.439  23.187 0.0000000000
107505  29.440  8.042  29.083 0.0000000000
106217  29.887  7.644  27.414 0.0000000000
107538  29.627  8.211  27.292 0.0000000000
107566  30.046  8.361  26.724 0.0000000000
108898  30.454  8.557  26.261 0.0000000000
107590  30.952  8.531  25.948 0.0000000000
102448  33.152  5.860  26.934 0.0000000000
103726  32.835  6.454  26.936 0.0000000000
104934  33.310  6.939  26.888 0.0000000000
106236  32.188  7.603  26.546 0.0000000000
108914  31.137  8.821  25.658 0.0000000000
107605  31.510  8.736  25.244 0.0000000000
107617  32.088  8.511  24.619 0.0000000000
108934  32.663  8.714  24.061 0.0000000000
107603  33.057  7.800  25.154 0.0000000000
108933  33.267  8.564  23.850 0.0000000000
108944  35.060  9.044  23.368 0.0000000000
108943  35.749  8.972  23.252 0.0000000000
107626  36.811  8.611  23.819 0.0000000000
107612  37.276  8.332  24.544 0.0000000000
107600  36.664  7.978  25.127 0.0000000000
107599  37.297  8.129  25.409 0.0000000000
107598  37.850  8.355  25.075 0.0000000000
93391  29.509  -0.210  31.097 0.0000000000
93381  30.333  -0.336  31.352 0.0000000000
94681  30.727  0.237  31.222 0.0000000000
93364  31.349  -0.797  31.919 0.0000000000
93380  31.030  -0.349  31.523 0.0000000000
94680  31.292  0.127  31.237 0.0000000000
94679  31.732  0.352  31.099 0.0000000000
93378  32.387  0.037  31.320 0.0000000000
218933  32.972  0.221  31.316 0.0000000000
92052  34.271  -1.258  33.751 0.0000000000
93337  33.843  -1.058  33.170 0.0000000000
93347  34.124  -0.702  32.744 0.0000000000
94662  34.021  0.140  32.109 0.0000000000
94677  33.700  0.399  31.442 0.0000000000
95997  34.416  0.489  31.792 0.0000000000
95996  35.100  0.580  32.044 0.0000000000
231496  48.929  25.802  14.581 0.0000000000
217209  49.228  25.695  14.058 0.0000000000
134792  49.314  26.147  13.491 0.0000000000
135993  49.582  26.508  12.940 0.0000000000
130931  52.087  23.664  15.771 0.0000000000
211359  51.467  23.986  15.519 0.0000000000
201521  51.245  24.378  14.982 0.0000000000
132207  51.704  24.694  14.576 0.0000000000
132215  51.071  24.689  14.411 0.0000000000
224500  50.476  24.663  14.227 0.0000000000
133545  50.109  25.329  13.128 0.0000000000
134798  50.002  26.107  12.516 0.0000000000
134805  50.304  26.370  11.980 0.0000000000
134804  50.829  25.984  11.748 0.0000000000
134824  51.295  26.372  11.336 0.0000000000
133565  51.587  25.170  11.791 0.0000000000
133584  51.924  25.393  11.220 0.0000000000
134823  51.796  26.044  10.992 0.0000000000
70424  15.781  -14.485  48.951 0.0000000000
72830  13.673  -12.843  49.126 0.0000000000
72842  13.634  -12.548  48.490 0.0000000000
72867  14.218  -12.234  46.973 0.0000000000
74129  15.507  -11.676  45.798 0.0000000000
75478  12.426  -11.321  48.640 0.0000000000
82475  11.500  -6.696  48.192 0.0000000000
82615  20.596  -7.341  40.801 0.0000000000
84068  20.007  -5.969  38.725 0.0000000000
85593  28.237  -5.491  34.820 0.0000000000
85594  27.481  -5.610  34.808 0.0000000000
86920  22.234  -4.343  38.784 0.0000000000
86923  18.286  -4.545  39.112 0.0000000000
86974  28.856  -5.288  34.811 0.0000000000
87027  28.182  -4.510  33.363 0.0000000000
88278  21.740  -3.603  37.791 0.0000000000
88279  19.476  -3.620  37.519 0.0000000000
88306  23.518  -3.792  36.278 0.0000000000
88343  28.828  -4.337  33.417 0.0000000000
88345  24.038  -3.733  34.144 0.0000000000
88359  29.858  -3.700  33.238 0.0000000000
88360  29.222  -3.892  33.045 0.0000000000
88363  27.123  -4.156  32.663 0.0000000000
88364  26.338  -4.165  32.668 0.0000000000
88382  28.978  -3.633  32.457 0.0000000000
88406  26.089  -2.911  31.625 0.0000000000
89517  18.689  -2.649  38.040 0.0000000000
89629  23.903  -2.443  32.651 0.0000000000
89642  29.286  -2.741  31.801 0.0000000000
90750  19.727  -1.536  36.587 0.0000000000
90836  29.730  -2.191  31.740 0.0000000000
90838  28.508  -2.301  31.144 0.0000000000
90839  27.841  -2.347  31.071 0.0000000000
92054  32.831  -1.452  33.648 0.0000000000
92090  32.267  -0.968  32.492 0.0000000000
92091  31.665  -1.135  32.391 0.0000000000
92092  31.093  -1.326  32.207 0.0000000000
93336  34.421  -0.972  33.161 0.0000000000
93362  33.148  -0.444  32.178 0.0000000000
94644  35.540  0.202  33.192 0.0000000000
94646  34.378  -0.205  32.579 0.0000000000
94647  33.769  -0.360  32.316 0.0000000000
94663  33.426  -0.024  31.829 0.0000000000
94684  25.277  0.321  31.641 0.0000000000
95995  35.711  0.791  32.324 0.0000000000
95999  25.933  1.247  32.286 0.0000000000
96013  34.249  0.798  31.192 0.0000000000
96028  34.640  1.172  31.003 0.0000000000
96050  33.753  1.432  30.267 0.0000000000
96054  31.069  1.649  30.233 0.0000000000
97278  35.585  1.921  30.711 0.0000000000
97292  35.704  2.421  30.230 0.0000000000
97311  33.084  2.056  29.184 0.0000000000
97327  32.896  2.246  28.637 0.0000000000
98641  34.678  3.105  28.755 0.0000000000
99916  37.021  3.886  30.013 0.0000000000
99917  36.412  3.667  29.845 0.0000000000
99932  35.689  3.761  29.160 0.0000000000
99943  35.389  3.780  28.753 0.0000000000
99946  33.607  3.294  28.035 0.0000000000
99957  33.265  3.697  27.528 0.0000000000
101165  37.190  4.537  29.813 0.0000000000
101189  35.384  4.333  28.368 0.0000000000
101219  31.707  4.830  26.882 0.0000000000
102403  36.901  5.425  28.987 0.0000000000
102411  35.883  5.624  28.079 0.0000000000
103690  36.197  6.140  28.340 0.0000000000
103707  34.957  6.417  27.514 0.0000000000
103727  32.102  6.518  26.861 0.0000000000
104907  35.846  7.257  28.177 0.0000000000
104919  34.989  7.329  27.534 0.0000000000
104921  33.940  7.387  26.985 0.0000000000
106203  35.965  7.972  28.209 0.0000000000
106233  34.744  7.875  26.946 0.0000000000
107560  35.613  8.232  27.068 0.0000000000
107563  32.585  7.798  26.330 0.0000000000
107586  34.034  7.912  25.994 0.0000000000
107597  38.549  8.481  25.222 0.0000000000
107615  34.965  8.339  24.300 0.0000000000
108882  29.524  8.788  27.040 0.0000000000
108899  29.905  8.835  26.569 0.0000000000
108923  39.538  9.068  25.268 0.0000000000
108945  34.391  9.068  23.444 0.0000000000
111504  30.603  10.597  25.849 0.0000000000
111522  32.021  10.835  23.923 0.0000000000
112721  31.488  11.595  25.216 0.0000000000
113901  33.944  12.607  23.792 0.0000000000
120842  45.982  17.246  18.769 0.0000000000
122087  50.152  18.277  18.960 0.0000000000
122089  48.521  17.822  18.944 0.0000000000
123343  50.308  18.455  18.408 0.0000000000
123359  46.966  18.786  17.705 0.0000000000
123370  49.891  18.870  17.370 0.0000000000
124631  50.728  19.639  16.445 0.0000000000
125856  46.704  20.424  17.074 0.0000000000
128332  45.010  22.521  20.101 0.0000000000
134791  49.779  25.852  13.039 0.0000000000
134797  50.406  25.694  12.200 0.0000000000
134822  52.346  25.774  10.687 0.0000000000
135999  49.908  26.798  12.379 0.0000000000
136005  50.789  26.721  11.615 0.0000000000
136012  52.239  26.496  10.527 0.0000000000
137200  50.013  27.511  12.375 0.0000000000
137207  52.158  27.250  10.527 0.0000000000
137208  51.674  27.494  10.966 0.0000000000
137209  51.278  27.675  11.306 0.0000000000
197805  26.376  -5.187  34.208 0.0000000000
201656  36.747  7.926  25.895 0.0000000000
202207  34.445  7.876  25.728 0.0000000000
202922  36.444  8.929  23.271 0.0000000000
204302  34.171  13.198  24.710 0.0000000000
205178  25.623  -4.969  34.260 0.0000000000
205647  39.075  8.849  25.071 0.0000000000
208084  28.312  -4.798  33.943 0.0000000000
208690  36.473  8.395  27.698 0.0000000000
211147  24.990  -4.765  34.393 0.0000000000
212287  23.244  -0.025  32.685 0.0000000000
214396  46.553  18.458  17.958 0.0000000000
217027  34.109  4.896  27.263 0.0000000000
218361  23.113  -3.703  37.884 0.0000000000
219839  32.240  1.637  30.256 0.0000000000
227436  24.775  -1.728  31.401 0.0000000000
228071  32.482  7.903  25.072 0.0000000000
228845  23.569  -1.658  32.504 0.0000000000
229005  26.812  -4.465  33.062 0.0000000000
229311  22.020  -5.186  39.534 0.0000000000
229473  34.921  7.923  25.457 0.0000000000
234853  30.330  6.173  27.750 0.0000000000
235700  35.092  3.460  28.742 0.0000000000
235732  38.684  16.092  20.980 0.0000000000
236912  37.993  11.298  22.087 0.0000000000
