#!ascii label  , from subject sub-04 vox2ras=TkReg
1963
138317  -51.532  36.198  8.607 0.0000000000
151702  -45.735  50.189  -0.168 0.0000000000
145630  -43.811  43.404  3.742 0.0000000000
138466  -47.348  36.222  -5.813 0.0000000000
149329  -49.506  47.423  -3.689 0.0000000000
144169  -45.996  42.006  -6.782 0.0000000000
142473  -44.135  40.296  -9.122 0.0000000000
204404  -41.155  39.583  -3.612 0.0000000000
190405  -43.009  35.556  11.343 0.0000000000
141460  -47.367  39.396  8.029 0.0000000000
158666  -44.587  58.050  0.050 0.0000000000
184176  -43.695  53.251  -3.906 0.0000000000
156115  -48.784  54.782  -6.114 0.0000000000
144056  -49.807  42.040  3.597 0.0000000000
146402  -42.582  44.209  -1.928 0.0000000000
199028  -48.020  39.636  -2.240 0.0000000000
136887  -51.110  35.322  1.307 0.0000000000
184647  -45.371  38.117  1.212 0.0000000000
139949  -39.128  38.359  3.037 0.0000000000
137528  -49.158  35.444  8.192 0.0000000000
148578  -48.083  46.967  -6.345 0.0000000000
146476  -48.618  44.193  -8.290 0.0000000000
145756  -45.164  43.952  -8.218 0.0000000000
143305  -41.646  41.309  -7.251 0.0000000000
208535  -45.472  37.254  9.930 0.0000000000
143187  -44.582  40.933  6.831 0.0000000000
158631  -42.162  58.368  1.900 0.0000000000
156100  -46.238  54.796  -5.490 0.0000000000
147033  -48.438  45.701  5.025 0.0000000000
144878  -47.285  43.169  3.394 0.0000000000
153252  -43.069  51.663  -0.455 0.0000000000
192999  -43.911  47.219  -1.471 0.0000000000
140906  -47.652  37.866  -7.877 0.0000000000
141660  -46.088  39.758  -4.996 0.0000000000
140046  -48.999  37.330  -5.057 0.0000000000
140833  -50.322  38.360  -1.128 0.0000000000
137657  -49.782  35.172  -2.290 0.0000000000
139171  -48.419  36.775  0.860 0.0000000000
140010  -46.517  37.577  -1.926 0.0000000000
141559  -40.491  39.461  0.471 0.0000000000
150124  -47.900  48.202  -1.685 0.0000000000
147827  -46.018  46.163  -3.607 0.0000000000
147130  -48.637  44.791  -4.924 0.0000000000
207745  -47.992  40.869  -9.721 0.0000000000
139258  -44.832  37.374  -8.540 0.0000000000
140031  -43.891  38.387  -4.724 0.0000000000
140076  -41.200  38.369  -7.596 0.0000000000
141658  -38.370  39.078  -5.547 0.0000000000
136762  -45.716  34.495  12.562 0.0000000000
138288  -47.783  36.317  10.859 0.0000000000
139872  -49.452  37.984  9.404 0.0000000000
157335  -38.802  56.670  0.094 0.0000000000
156695  -42.441  55.810  0.457 0.0000000000
205714  -45.051  54.678  0.661 0.0000000000
154021  -46.467  52.565  -0.951 0.0000000000
153282  -47.940  51.642  -2.555 0.0000000000
152511  -49.826  51.571  -4.075 0.0000000000
152562  -48.910  50.829  -6.565 0.0000000000
154824  -49.707  52.742  -8.152 0.0000000000
146324  -47.405  44.448  6.559 0.0000000000
143193  -48.875  41.807  6.153 0.0000000000
140727  -50.053  38.932  5.685 0.0000000000
144924  -42.207  42.916  0.738 0.0000000000
145712  -44.196  43.521  -4.427 0.0000000000
143259  -44.705  41.368  -1.992 0.0000000000
144102  -45.895  41.641  0.570 0.0000000000
143236  -49.398  40.731  0.901 0.0000000000
140782  -50.640  38.569  2.550 0.0000000000
138371  -51.637  35.879  5.389 0.0000000000
138385  -49.100  35.771  4.284 0.0000000000
139135  -46.479  37.074  3.948 0.0000000000
139104  -43.527  37.017  4.863 0.0000000000
140830  -43.836  38.907  -1.316 0.0000000000
139964  -42.773  38.357  1.986 0.0000000000
193163  -40.356  36.422  5.040 0.0000000000
137520  -51.142  35.509  10.039 0.0000000000
136808  -51.090  34.841  9.246 0.0000000000
137530  -50.985  35.231  8.235 0.0000000000
148583  -46.871  46.978  -7.158 0.0000000000
147873  -46.780  45.281  -8.225 0.0000000000
200833  -45.729  45.838  -7.915 0.0000000000
145746  -44.324  44.188  -7.397 0.0000000000
145632  -45.298  43.424  3.863 0.0000000000
152467  -44.191  50.926  -0.363 0.0000000000
175160  -47.918  36.485  -7.492 0.0000000000
140058  -48.602  37.123  -6.483 0.0000000000
203896  -48.859  35.699  -5.828 0.0000000000
138456  -49.886  35.997  -3.782 0.0000000000
138453  -48.028  36.019  -3.992 0.0000000000
138438  -48.289  36.222  -2.432 0.0000000000
139216  -46.856  37.013  -3.762 0.0000000000
149315  -48.692  47.757  -2.590 0.0000000000
148558  -48.101  46.408  -3.399 0.0000000000
147831  -49.415  45.984  -3.944 0.0000000000
144202  -46.217  42.120  -9.741 0.0000000000
144212  -48.025  42.267  -9.409 0.0000000000
142498  -46.073  39.861  -10.072 0.0000000000
140928  -46.237  38.800  -10.002 0.0000000000
141701  -44.372  38.810  -9.624 0.0000000000
140078  -42.644  37.856  -8.185 0.0000000000
141690  -42.444  39.035  -9.004 0.0000000000
142453  -39.359  39.675  -6.923 0.0000000000
139884  -46.387  38.518  8.681 0.0000000000
139027  -46.654  36.895  10.390 0.0000000000
180185  -47.805  38.065  9.396 0.0000000000
201484  -48.843  36.932  10.453 0.0000000000
140692  -48.559  38.469  9.087 0.0000000000
158634  -44.693  58.729  1.913 0.0000000000
208696  -42.318  56.966  0.988 0.0000000000
157324  -44.333  56.803  1.369 0.0000000000
156057  -43.908  55.055  0.523 0.0000000000
157342  -45.502  56.388  0.544 0.0000000000
155448  -42.809  53.853  -2.999 0.0000000000
155441  -44.896  54.195  -1.240 0.0000000000
154026  -44.804  52.692  -2.469 0.0000000000
153269  -46.563  51.922  -2.137 0.0000000000
154054  -45.312  52.618  -3.714 0.0000000000
156113  -47.749  55.269  -5.672 0.0000000000
154799  -48.397  53.331  -4.275 0.0000000000
154809  -49.250  53.240  -5.217 0.0000000000
183042  -49.483  51.507  -5.472 0.0000000000
154814  -49.434  52.808  -6.172 0.0000000000
153371  -49.107  51.704  -7.510 0.0000000000
155474  -49.370  53.963  -7.183 0.0000000000
152399  -46.762  50.457  7.410 0.0000000000
150028  -45.972  48.589  8.849 0.0000000000
149221  -46.957  48.129  8.261 0.0000000000
147007  -46.885  45.642  7.323 0.0000000000
147716  -47.912  46.374  7.307 0.0000000000
189787  -49.193  43.693  4.441 0.0000000000
144867  -49.159  43.687  5.602 0.0000000000
144050  -49.519  42.324  5.157 0.0000000000
142338  -49.432  40.154  6.243 0.0000000000
142342  -49.843  40.803  4.665 0.0000000000
147082  -41.594  45.370  -0.395 0.0000000000
146385  -41.142  44.521  0.443 0.0000000000
144938  -42.278  43.175  -0.648 0.0000000000
146439  -46.238  44.344  -5.535 0.0000000000
146430  -44.975  44.597  -4.699 0.0000000000
144983  -45.113  42.744  -5.544 0.0000000000
179491  -47.141  39.448  -3.554 0.0000000000
142424  -45.360  40.642  -3.614 0.0000000000
142406  -46.132  40.525  -2.200 0.0000000000
143243  -45.407  41.248  -0.722 0.0000000000
143255  -46.572  40.764  -1.002 0.0000000000
144104  -47.567  41.552  0.768 0.0000000000
195629  -48.672  40.266  -0.682 0.0000000000
193711  -51.021  36.961  -0.089 0.0000000000
140808  -50.542  38.848  0.621 0.0000000000
138411  -51.339  36.686  1.721 0.0000000000
139150  -51.169  36.920  3.753 0.0000000000
137613  -51.458  35.236  2.826 0.0000000000
186972  -50.803  35.036  4.706 0.0000000000
137617  -50.232  35.146  2.540 0.0000000000
139169  -47.093  37.499  1.265 0.0000000000
139156  -47.524  37.132  2.355 0.0000000000
139154  -46.173  37.629  2.792 0.0000000000
139133  -44.999  37.206  4.367 0.0000000000
139945  -44.873  37.832  3.072 0.0000000000
140866  -42.595  38.912  -4.635 0.0000000000
174896  -44.270  38.639  -3.124 0.0000000000
141609  -42.527  39.487  -2.266 0.0000000000
140801  -39.867  39.142  1.506 0.0000000000
140804  -41.953  38.865  1.078 0.0000000000
139952  -40.850  38.103  2.827 0.0000000000
139141  -41.109  37.351  3.924 0.0000000000
139140  -39.668  37.416  4.019 0.0000000000
138361  -38.633  36.292  5.162 0.0000000000
135301  -48.953  33.354  12.200 0.0000000000
137539  -47.893  35.846  7.632 0.0000000000
203531  -49.249  47.205  -5.082 0.0000000000
147854  -49.791  45.267  -5.642 0.0000000000
147869  -48.487  45.217  -7.305 0.0000000000
145762  -46.889  44.007  -9.047 0.0000000000
144190  -45.062  42.223  -8.931 0.0000000000
142463  -42.412  40.364  -8.176 0.0000000000
144178  -43.126  42.052  -7.568 0.0000000000
138308  -44.023  36.603  10.148 0.0000000000
139865  -43.819  37.913  8.792 0.0000000000
141470  -45.873  39.553  7.392 0.0000000000
158659  -43.519  58.874  0.269 0.0000000000
155466  -45.190  54.041  -5.170 0.0000000000
157400  -47.972  56.299  -6.892 0.0000000000
157414  -48.541  56.135  -7.860 0.0000000000
189909  -47.849  47.205  6.084 0.0000000000
195915  -47.524  44.590  4.445 0.0000000000
145650  -48.796  43.252  3.473 0.0000000000
147799  -43.031  46.466  -1.417 0.0000000000
141685  -46.936  39.315  -7.792 0.0000000000
142449  -45.718  40.378  -6.020 0.0000000000
140896  -47.074  38.581  -6.627 0.0000000000
140878  -48.066  38.152  -5.105 0.0000000000
140858  -48.794  38.439  -3.553 0.0000000000
141611  -49.526  39.080  -1.707 0.0000000000
140020  -49.859  37.845  -2.842 0.0000000000
139203  -50.744  36.306  -1.750 0.0000000000
137645  -50.453  35.341  -0.794 0.0000000000
208819  -49.957  35.572  1.234 0.0000000000
138427  -49.051  36.128  -0.672 0.0000000000
139186  -47.784  37.087  -0.427 0.0000000000
139995  -46.331  37.885  -0.503 0.0000000000
141591  -41.206  39.708  -1.484 0.0000000000
145628  -41.977  43.823  3.780 0.0000000000
150930  -46.694  49.598  -0.381 0.0000000000
149303  -45.600  47.932  -1.363 0.0000000000
148547  -46.941  47.170  -2.430 0.0000000000
147119  -47.046  45.384  -4.691 0.0000000000
145735  -47.300  43.696  -6.239 0.0000000000
145750  -49.172  43.776  -6.752 0.0000000000
144183  -48.575  42.268  -8.079 0.0000000000
143317  -47.787  41.337  -8.190 0.0000000000
184049  -47.590  38.924  -9.455 0.0000000000
139269  -46.907  37.061  -8.743 0.0000000000
139250  -46.102  36.736  -7.179 0.0000000000
140043  -45.642  37.527  -5.126 0.0000000000
140067  -44.595  37.614  -6.939 0.0000000000
198961  -42.591  38.477  -6.038 0.0000000000
140873  -41.346  38.979  -5.224 0.0000000000
141682  -40.826  39.051  -7.889 0.0000000000
199458  -39.575  38.809  -6.231 0.0000000000
138285  -45.177  36.050  11.172 0.0000000000
137487  -47.059  35.615  11.574 0.0000000000
136783  -48.059  34.901  11.861 0.0000000000
190188  -49.074  35.311  11.460 0.0000000000
138291  -49.710  36.602  10.478 0.0000000000
139070  -50.684  37.030  9.396 0.0000000000
192087  -39.177  55.008  -0.399 0.0000000000
157349  -40.672  56.111  0.148 0.0000000000
155435  -40.812  54.136  -0.514 0.0000000000
155436  -42.030  54.004  -0.436 0.0000000000
206197  -44.023  53.356  0.053 0.0000000000
207435  -45.497  52.417  0.331 0.0000000000
157355  -43.874  56.597  -0.943 0.0000000000
156717  -44.897  55.793  -0.754 0.0000000000
155439  -46.176  53.942  0.079 0.0000000000
153244  -46.627  52.169  0.270 0.0000000000
153258  -47.482  51.268  -0.359 0.0000000000
152479  -48.359  50.621  -1.177 0.0000000000
151725  -49.390  50.116  -2.457 0.0000000000
154798  -46.615  52.993  -4.338 0.0000000000
153293  -49.159  51.998  -3.314 0.0000000000
190358  -49.698  49.596  -3.592 0.0000000000
150980  -49.262  49.127  -4.948 0.0000000000
150986  -48.141  49.017  -5.982 0.0000000000
152578  -47.913  50.667  -7.252 0.0000000000
154138  -48.847  51.816  -7.894 0.0000000000
185897  -49.371  55.031  -8.564 0.0000000000
177177  -45.584  42.772  6.532 0.0000000000
143190  -47.016  41.218  6.609 0.0000000000
147020  -48.903  45.298  6.188 0.0000000000
144044  -48.072  42.792  6.178 0.0000000000
142336  -48.238  40.632  6.892 0.0000000000
198307  -49.374  39.434  7.790 0.0000000000
184296  -50.098  38.636  7.929 0.0000000000
139888  -50.984  37.506  7.693 0.0000000000
144890  -43.166  42.877  2.459 0.0000000000
202714  -44.883  46.953  -2.149 0.0000000000
147103  -43.842  45.441  -3.226 0.0000000000
146410  -43.273  44.163  -3.174 0.0000000000
143284  -44.987  41.228  -4.638 0.0000000000
144139  -44.317  42.020  -3.787 0.0000000000
144953  -43.336  42.679  -1.904 0.0000000000
144108  -43.561  42.186  -0.518 0.0000000000
144086  -43.910  42.171  0.816 0.0000000000
144911  -44.283  42.503  2.135 0.0000000000
144074  -46.395  42.155  1.785 0.0000000000
144076  -48.462  42.118  1.881 0.0000000000
144078  -49.556  41.714  2.210 0.0000000000
141579  -49.871  39.510  -0.220 0.0000000000
141528  -50.261  40.028  1.324 0.0000000000
178748  -50.350  40.428  2.711 0.0000000000
140745  -50.439  38.644  4.031 0.0000000000
139108  -51.057  37.174  5.567 0.0000000000
188604  -51.604  36.122  7.295 0.0000000000
137557  -50.865  35.461  6.720 0.0000000000
137573  -49.598  35.699  6.297 0.0000000000
176760  -47.976  36.244  5.693 0.0000000000
138403  -49.163  35.918  2.710 0.0000000000
138383  -47.765  36.586  4.131 0.0000000000
176670  -46.515  36.469  5.810 0.0000000000
138340  -44.921  36.450  6.054 0.0000000000
138338  -43.848  36.533  5.909 0.0000000000
140025  -45.681  37.895  -3.604 0.0000000000
140840  -45.061  38.447  -1.971 0.0000000000
140816  -44.858  38.528  0.081 0.0000000000
141577  -42.572  39.345  -0.807 0.0000000000
140814  -43.785  38.759  0.252 0.0000000000
139966  -44.378  38.226  1.785 0.0000000000
139942  -42.963  37.789  3.165 0.0000000000
139129  -41.997  36.930  4.608 0.0000000000
137521  -51.381  35.606  9.391 0.0000000000
207928  -51.139  34.848  10.089 0.0000000000
136809  -51.368  35.231  8.985 0.0000000000
136819  -51.158  35.095  8.718 0.0000000000
137531  -51.399  35.407  8.377 0.0000000000
149360  -46.291  47.196  -7.360 0.0000000000
148591  -46.116  46.623  -7.615 0.0000000000
195430  -45.965  46.158  -7.786 0.0000000000
145621  -44.921  43.804  4.333 0.0000000000
145631  -44.536  43.368  3.846 0.0000000000
188474  -44.776  50.549  -0.300 0.0000000000
151701  -44.602  49.952  -0.404 0.0000000000
150928  -45.172  49.570  -0.408 0.0000000000
138473  -47.376  36.196  -6.613 0.0000000000
137697  -48.504  36.042  -6.673 0.0000000000
138474  -47.945  35.898  -6.255 0.0000000000
137677  -48.409  35.733  -5.202 0.0000000000
138462  -47.939  35.985  -4.740 0.0000000000
138452  -47.391  36.476  -4.250 0.0000000000
138461  -47.331  36.346  -5.012 0.0000000000
150133  -49.096  48.207  -2.744 0.0000000000
148550  -49.335  46.910  -3.503 0.0000000000
148560  -49.639  46.765  -3.931 0.0000000000
143337  -45.306  41.133  -9.534 0.0000000000
143338  -45.995  41.352  -9.859 0.0000000000
200294  -45.102  40.468  -9.588 0.0000000000
141702  -45.117  38.960  -9.725 0.0000000000
142484  -44.021  39.514  -9.365 0.0000000000
141700  -43.620  38.766  -9.393 0.0000000000
141691  -43.209  39.311  -9.126 0.0000000000
137483  -43.498  35.381  11.663 0.0000000000
199302  -46.519  38.832  8.347 0.0000000000
139869  -47.059  38.232  9.186 0.0000000000
139885  -47.059  38.702  8.678 0.0000000000
140691  -47.821  38.490  8.998 0.0000000000
140708  -47.575  38.950  8.490 0.0000000000
158651  -45.059  58.256  1.022 0.0000000000
157966  -43.938  57.345  1.543 0.0000000000
157968  -45.201  57.612  1.142 0.0000000000
157325  -45.052  56.835  1.168 0.0000000000
157986  -45.258  57.656  0.588 0.0000000000
155455  -42.720  53.941  -4.226 0.0000000000
155451  -42.164  54.203  -3.895 0.0000000000
154785  -43.030  53.551  -3.406 0.0000000000
154779  -43.650  53.282  -2.935 0.0000000000
154787  -44.058  53.059  -3.448 0.0000000000
154039  -44.659  52.681  -3.165 0.0000000000
154788  -44.626  52.901  -3.744 0.0000000000
156114  -48.335  55.142  -5.851 0.0000000000
155470  -48.561  54.338  -5.292 0.0000000000
188395  -48.948  54.232  -5.763 0.0000000000
194324  -49.221  53.622  -5.807 0.0000000000
205828  -49.166  53.893  -6.135 0.0000000000
191491  -49.379  53.473  -6.667 0.0000000000
151625  -46.398  50.403  6.984 0.0000000000
150843  -47.257  49.609  7.471 0.0000000000
150841  -47.268  49.455  8.028 0.0000000000
150033  -47.392  48.801  7.893 0.0000000000
148436  -47.276  47.474  7.894 0.0000000000
144879  -49.375  43.089  3.908 0.0000000000
144870  -49.384  43.332  4.610 0.0000000000
144052  -49.769  42.203  4.081 0.0000000000
143196  -49.695  41.580  4.975 0.0000000000
143197  -49.936  41.552  4.064 0.0000000000
147089  -42.249  45.621  -1.203 0.0000000000
147088  -41.918  45.368  -0.857 0.0000000000
195924  -41.654  44.174  -0.444 0.0000000000
145690  -42.371  43.880  -1.472 0.0000000000
144991  -46.138  43.136  -6.286 0.0000000000
145733  -45.518  43.033  -5.912 0.0000000000
145000  -45.668  42.501  -6.291 0.0000000000
178110  -47.595  39.348  -3.115 0.0000000000
141625  -46.924  39.808  -2.919 0.0000000000
142407  -46.816  40.197  -2.203 0.0000000000
142396  -46.325  40.582  -1.645 0.0000000000
142397  -47.094  40.409  -1.463 0.0000000000
142386  -47.357  40.633  -0.797 0.0000000000
142398  -48.019  40.248  -1.195 0.0000000000
138424  -51.205  35.811  0.639 0.0000000000
139180  -51.125  36.917  0.482 0.0000000000
138418  -51.416  36.112  1.176 0.0000000000
138404  -51.402  36.533  2.483 0.0000000000
137618  -51.424  35.361  2.149 0.0000000000
136873  -51.031  34.909  2.482 0.0000000000
136879  -50.983  35.035  1.941 0.0000000000
139979  -46.539  37.774  0.851 0.0000000000
139162  -46.962  37.473  1.910 0.0000000000
139968  -45.781  37.960  1.608 0.0000000000
139153  -45.522  37.773  2.943 0.0000000000
139967  -45.258  38.050  1.749 0.0000000000
140865  -42.086  39.186  -4.133 0.0000000000
141624  -42.710  39.321  -2.985 0.0000000000
206101  -42.174  39.520  -2.840 0.0000000000
140779  -39.669  38.564  2.595 0.0000000000
140794  -40.218  38.726  2.091 0.0000000000
139950  -39.777  38.199  3.008 0.0000000000
139951  -40.285  37.964  3.222 0.0000000000
139939  -39.572  37.843  3.519 0.0000000000
139126  -39.368  37.128  4.432 0.0000000000
139921  -39.057  37.505  3.984 0.0000000000
190453  -49.660  34.513  11.673 0.0000000000
204059  -48.724  35.256  8.622 0.0000000000
193829  -48.339  35.566  8.171 0.0000000000
149348  -48.670  47.313  -5.702 0.0000000000
195543  -48.780  46.656  -5.954 0.0000000000
148585  -48.478  46.272  -6.486 0.0000000000
147153  -46.059  44.869  -8.422 0.0000000000
147155  -47.238  44.860  -8.496 0.0000000000
146473  -46.431  44.486  -8.803 0.0000000000
197211  -45.145  42.880  -8.785 0.0000000000
145017  -44.878  43.319  -8.363 0.0000000000
144179  -43.972  42.255  -7.968 0.0000000000
145010  -44.288  43.025  -7.897 0.0000000000
195053  -42.863  43.166  -6.738 0.0000000000
139881  -43.319  38.237  8.380 0.0000000000
140719  -45.563  39.070  7.757 0.0000000000
141478  -45.245  39.924  7.048 0.0000000000
159887  -43.608  59.687  0.895 0.0000000000
157399  -47.247  56.381  -6.752 0.0000000000
158073  -47.861  56.948  -7.800 0.0000000000
158082  -47.020  57.495  -8.094 0.0000000000
145623  -46.637  44.107  4.276 0.0000000000
191283  -46.772  44.674  4.595 0.0000000000
145624  -47.387  44.046  4.094 0.0000000000
145636  -48.488  43.751  3.826 0.0000000000
145649  -48.119  43.285  3.368 0.0000000000
185985  -41.616  51.988  -0.565 0.0000000000
148534  -43.600  46.668  -1.734 0.0000000000
140913  -47.387  38.644  -8.206 0.0000000000
141678  -46.619  39.210  -7.005 0.0000000000
140897  -47.652  37.988  -7.045 0.0000000000
139233  -48.900  37.087  -5.905 0.0000000000
140044  -48.151  37.845  -5.805 0.0000000000
178451  -48.789  37.801  -4.670 0.0000000000
140857  -48.270  38.596  -4.022 0.0000000000
140035  -48.818  38.132  -4.154 0.0000000000
140019  -49.514  38.118  -3.044 0.0000000000
139218  -49.574  37.227  -4.036 0.0000000000
137664  -49.673  35.407  -3.035 0.0000000000
138448  -50.163  36.075  -3.008 0.0000000000
137665  -50.103  35.399  -2.620 0.0000000000
137652  -50.576  35.366  -1.247 0.0000000000
137650  -49.956  35.135  -1.609 0.0000000000
138428  -49.618  35.704  -0.456 0.0000000000
138440  -49.474  35.333  -1.719 0.0000000000
139200  -47.088  37.173  -2.291 0.0000000000
139193  -47.820  36.960  -1.171 0.0000000000
139192  -47.082  37.312  -1.448 0.0000000000
139185  -46.969  37.616  -0.281 0.0000000000
140003  -46.403  37.770  -1.177 0.0000000000
150931  -47.239  49.631  -0.498 0.0000000000
150116  -46.726  48.479  -1.011 0.0000000000
149305  -47.156  47.962  -1.565 0.0000000000
147842  -48.457  45.553  -4.148 0.0000000000
147829  -47.865  45.992  -3.769 0.0000000000
147120  -48.063  45.223  -4.563 0.0000000000
146440  -47.175  44.570  -5.553 0.0000000000
145736  -48.233  43.764  -6.241 0.0000000000
147142  -49.173  44.829  -6.919 0.0000000000
147137  -49.653  44.560  -5.857 0.0000000000
145765  -49.103  43.890  -7.885 0.0000000000
143350  -47.972  41.802  -9.581 0.0000000000
174797  -48.726  42.564  -8.313 0.0000000000
143328  -48.344  41.622  -8.978 0.0000000000
144182  -48.013  41.947  -7.904 0.0000000000
143327  -48.216  41.112  -8.779 0.0000000000
142474  -47.699  40.030  -8.644 0.0000000000
141703  -47.735  39.545  -9.717 0.0000000000
140097  -45.550  38.138  -9.494 0.0000000000
140098  -46.078  37.803  -9.395 0.0000000000
139268  -45.589  37.336  -8.791 0.0000000000
138486  -46.545  36.685  -8.185 0.0000000000
139259  -45.455  37.118  -8.174 0.0000000000
140068  -45.121  37.382  -7.037 0.0000000000
139248  -44.822  37.331  -7.728 0.0000000000
140077  -41.838  38.114  -7.987 0.0000000000
140065  -42.504  37.950  -7.349 0.0000000000
140052  -42.207  38.331  -6.631 0.0000000000
140886  -42.071  38.615  -5.992 0.0000000000
143313  -42.025  40.853  -7.709 0.0000000000
142462  -41.677  40.037  -8.005 0.0000000000
143312  -41.291  40.534  -7.576 0.0000000000
141667  -38.611  39.326  -6.056 0.0000000000
141675  -39.296  39.166  -6.778 0.0000000000
138309  -44.896  36.853  10.171 0.0000000000
178104  -44.580  36.245  10.751 0.0000000000
186204  -45.419  36.445  10.753 0.0000000000
139028  -47.407  36.883  10.440 0.0000000000
138268  -46.667  36.035  11.211 0.0000000000
197088  -47.286  36.031  11.175 0.0000000000
137468  -47.470  35.107  11.869 0.0000000000
194775  -47.988  35.381  11.551 0.0000000000
137488  -48.473  35.363  11.499 0.0000000000
138270  -48.221  35.814  11.139 0.0000000000
139851  -49.282  37.736  9.732 0.0000000000
139030  -49.308  36.845  10.442 0.0000000000
139852  -49.754  37.637  9.615 0.0000000000
139055  -50.440  36.884  9.827 0.0000000000
139873  -49.937  37.769  9.313 0.0000000000
157979  -37.722  57.149  0.442 0.0000000000
157332  -36.727  56.508  0.354 0.0000000000
157345  -37.764  56.076  -0.085 0.0000000000
156065  -37.856  54.934  -0.301 0.0000000000
156706  -38.821  55.568  -0.296 0.0000000000
185652  -41.805  58.876  2.274 0.0000000000
158646  -41.628  57.860  1.320 0.0000000000
157339  -42.153  56.252  0.562 0.0000000000
157338  -41.395  56.332  0.415 0.0000000000
206380  -41.166  55.902  0.217 0.0000000000
198650  -40.428  55.087  -0.317 0.0000000000
156710  -41.591  55.085  -0.117 0.0000000000
183561  -41.464  54.416  -0.376 0.0000000000
156069  -42.188  54.659  -0.150 0.0000000000
156058  -44.900  55.221  0.738 0.0000000000
155424  -43.599  54.348  0.226 0.0000000000
155426  -44.990  54.006  0.508 0.0000000000
154757  -44.337  52.869  0.013 0.0000000000
154743  -45.794  53.602  0.572 0.0000000000
157356  -44.372  56.217  -0.929 0.0000000000
156716  -44.199  55.578  -1.240 0.0000000000
154764  -45.586  53.255  -1.160 0.0000000000
155442  -45.700  53.926  -0.658 0.0000000000
154765  -46.188  53.218  -0.459 0.0000000000
153996  -46.425  52.722  0.265 0.0000000000
154759  -46.620  52.684  0.079 0.0000000000
153257  -47.008  51.836  0.050 0.0000000000
154022  -46.927  52.245  -0.683 0.0000000000
153281  -47.179  51.716  -2.342 0.0000000000
153271  -47.802  51.463  -1.787 0.0000000000
153272  -48.462  51.282  -2.074 0.0000000000
151724  -48.998  50.196  -1.920 0.0000000000
152500  -49.019  51.043  -2.426 0.0000000000
203700  -45.849  54.257  -5.273 0.0000000000
154797  -45.778  53.053  -4.437 0.0000000000
155457  -46.415  53.459  -4.770 0.0000000000
154074  -48.977  52.937  -4.026 0.0000000000
205646  -48.903  52.488  -3.615 0.0000000000
153294  -49.675  51.825  -3.655 0.0000000000
181520  -49.717  50.789  -3.222 0.0000000000
151744  -49.807  50.399  -3.776 0.0000000000
193433  -49.659  49.785  -4.130 0.0000000000
196714  -49.583  50.264  -4.546 0.0000000000
152545  -49.232  50.854  -5.844 0.0000000000
150987  -48.821  49.593  -5.633 0.0000000000
151772  -48.770  50.279  -6.081 0.0000000000
150160  -47.610  48.420  -6.347 0.0000000000
150998  -48.152  49.735  -6.289 0.0000000000
151788  -48.333  50.365  -6.720 0.0000000000
154139  -49.397  52.218  -7.845 0.0000000000
154157  -49.069  52.262  -8.185 0.0000000000
154158  -49.515  52.636  -8.510 0.0000000000
156765  -48.944  55.526  -8.074 0.0000000000
147005  -45.010  45.364  7.743 0.0000000000
199425  -47.215  44.867  6.768 0.0000000000
210220  -46.151  43.978  6.622 0.0000000000
145610  -46.862  43.942  6.464 0.0000000000
143189  -46.348  41.575  6.534 0.0000000000
144862  -47.103  43.296  6.340 0.0000000000
147754  -48.510  46.176  5.394 0.0000000000
148459  -48.548  46.561  6.018 0.0000000000
147740  -48.975  45.808  5.483 0.0000000000
198615  -49.014  43.112  5.774 0.0000000000
144866  -48.844  43.622  5.908 0.0000000000
199105  -48.392  42.256  6.177 0.0000000000
198148  -48.276  41.410  6.460 0.0000000000
197976  -48.668  40.402  7.110 0.0000000000
142337  -49.013  40.396  6.871 0.0000000000
179597  -49.848  39.484  5.901 0.0000000000
141482  -49.787  39.417  6.754 0.0000000000
140721  -50.106  38.778  7.176 0.0000000000
140722  -50.490  38.133  7.502 0.0000000000
140725  -50.388  38.244  6.677 0.0000000000
145670  -41.771  43.390  0.405 0.0000000000
144889  -42.512  43.093  2.195 0.0000000000
148546  -45.945  46.671  -2.902 0.0000000000
149311  -45.232  47.456  -1.788 0.0000000000
147816  -45.387  46.387  -3.242 0.0000000000
146429  -44.439  44.161  -4.577 0.0000000000
147109  -44.208  45.172  -3.805 0.0000000000
146428  -43.973  44.008  -4.199 0.0000000000
147108  -43.666  44.762  -3.509 0.0000000000
145711  -43.811  43.537  -3.971 0.0000000000
141669  -46.034  39.762  -5.756 0.0000000000
142448  -45.382  40.800  -5.572 0.0000000000
142441  -45.317  40.712  -4.950 0.0000000000
143268  -45.148  40.954  -3.073 0.0000000000
143275  -44.612  41.475  -3.482 0.0000000000
143267  -44.585  41.473  -2.691 0.0000000000
202745  -43.714  42.543  -2.814 0.0000000000
144124  -44.197  41.856  -2.160 0.0000000000
144946  -43.327  42.467  -1.179 0.0000000000
144117  -44.360  41.627  -1.549 0.0000000000
143231  -45.628  41.380  -0.065 0.0000000000
144110  -44.927  41.588  -0.238 0.0000000000
144101  -45.160  41.751  0.444 0.0000000000
144071  -44.091  42.293  1.508 0.0000000000
144088  -45.400  41.977  1.221 0.0000000000
197024  -45.507  42.517  2.438 0.0000000000
144089  -46.193  41.914  1.205 0.0000000000
143224  -48.459  41.394  0.901 0.0000000000
144091  -48.027  41.813  1.354 0.0000000000
144092  -48.840  41.651  1.472 0.0000000000
144077  -49.093  41.928  1.978 0.0000000000
143226  -49.486  40.906  1.437 0.0000000000
178655  -50.078  38.615  -1.468 0.0000000000
179708  -49.745  39.375  -0.690 0.0000000000
174575  -50.047  38.889  -0.815 0.0000000000
139980  -50.770  38.278  1.194 0.0000000000
141562  -50.282  39.591  0.732 0.0000000000
141529  -50.455  39.608  1.737 0.0000000000
141511  -50.344  40.138  2.111 0.0000000000
141512  -50.458  39.340  2.360 0.0000000000
140762  -50.304  39.412  3.726 0.0000000000
140763  -50.452  38.874  3.198 0.0000000000
196348  -51.267  36.767  4.373 0.0000000000
139136  -51.158  36.955  4.878 0.0000000000
139109  -51.455  36.500  5.339 0.0000000000
139086  -51.527  36.451  5.912 0.0000000000
138345  -51.650  36.071  5.952 0.0000000000
137558  -51.333  35.560  6.535 0.0000000000
137576  -51.442  35.533  5.808 0.0000000000
175166  -50.034  35.329  4.535 0.0000000000
137598  -50.552  35.233  5.337 0.0000000000
137597  -49.523  35.668  5.079 0.0000000000
137572  -48.868  35.903  5.699 0.0000000000
137596  -48.801  35.933  4.940 0.0000000000
138416  -48.992  36.265  0.627 0.0000000000
137621  -49.759  35.636  1.659 0.0000000000
185158  -48.733  36.380  1.812 0.0000000000
138391  -47.212  36.941  3.710 0.0000000000
138392  -47.902  36.669  3.412 0.0000000000
138382  -47.006  36.731  4.443 0.0000000000
138369  -47.625  36.420  4.969 0.0000000000
138368  -46.762  36.570  5.158 0.0000000000
138341  -45.900  36.477  6.018 0.0000000000
138381  -46.233  36.841  4.686 0.0000000000
139132  -44.432  37.180  4.516 0.0000000000
138365  -44.266  36.802  5.454 0.0000000000
138364  -43.714  36.801  5.357 0.0000000000
195078  -42.653  36.263  5.986 0.0000000000
138363  -42.715  36.577  5.428 0.0000000000
176001  -44.954  37.785  -5.454 0.0000000000
140034  -45.687  37.759  -4.361 0.0000000000
140033  -45.060  38.156  -3.958 0.0000000000
140838  -43.793  38.952  -2.144 0.0000000000
140847  -44.755  38.531  -2.666 0.0000000000
140839  -44.457  38.713  -1.832 0.0000000000
209526  -45.179  38.428  -0.904 0.0000000000
140823  -44.500  38.671  -0.294 0.0000000000
186253  -40.745  39.690  -0.881 0.0000000000
141575  -41.199  39.519  -0.348 0.0000000000
140797  -42.411  38.609  1.506 0.0000000000
140805  -42.708  38.779  0.943 0.0000000000
139974  -43.227  38.584  1.415 0.0000000000
139975  -44.007  38.531  1.302 0.0000000000
139965  -43.568  38.281  1.939 0.0000000000
139955  -43.838  37.954  2.525 0.0000000000
139954  -43.019  38.028  2.566 0.0000000000
139128  -40.664  37.073  4.340 0.0000000000
139142  -41.807  37.258  4.051 0.0000000000
138380  -41.471  36.594  4.940 0.0000000000
138336  -41.628  36.287  5.375 0.0000000000
136798  -50.396  35.175  11.005 0.0000000000
186236  -51.014  34.414  10.423 0.0000000000
136086  -50.019  34.072  9.781 0.0000000000
149347  -47.874  47.700  -6.269 0.0000000000
148584  -47.518  46.521  -6.986 0.0000000000
148592  -46.737  46.523  -7.496 0.0000000000
147872  -46.215  45.514  -8.109 0.0000000000
191477  -45.602  44.852  -8.233 0.0000000000
145755  -44.606  43.711  -7.827 0.0000000000
146467  -44.746  44.692  -7.619 0.0000000000
145622  -45.716  43.910  4.319 0.0000000000
145633  -46.105  43.514  3.856 0.0000000000
153253  -43.823  51.553  -0.372 0.0000000000
187111  -43.578  50.323  -0.384 0.0000000000
149302  -44.215  47.760  -1.204 0.0000000000
139261  -47.781  36.829  -7.984 0.0000000000
140069  -47.987  37.282  -7.366 0.0000000000
139252  -48.398  36.410  -7.022 0.0000000000
139242  -48.780  36.661  -6.593 0.0000000000
139234  -49.170  36.641  -5.400 0.0000000000
139226  -49.691  36.431  -4.269 0.0000000000
137679  -49.187  35.715  -4.633 0.0000000000
137669  -49.051  35.587  -4.012 0.0000000000
138447  -48.751  35.649  -2.962 0.0000000000
138439  -49.012  35.637  -2.171 0.0000000000
138446  -48.150  36.139  -3.232 0.0000000000
139217  -47.497  36.590  -3.503 0.0000000000
139208  -46.986  37.100  -3.024 0.0000000000
150125  -48.554  48.401  -2.097 0.0000000000
149314  -47.723  47.689  -2.053 0.0000000000
191101  -48.221  47.427  -2.523 0.0000000000
148559  -48.957  46.492  -3.470 0.0000000000
147131  -49.391  44.780  -4.961 0.0000000000
144203  -46.940  42.989  -9.530 0.0000000000
145776  -48.459  43.186  -8.848 0.0000000000
145034  -47.365  42.451  -9.743 0.0000000000
143348  -47.255  41.179  -10.266 0.0000000000
142500  -47.162  40.357  -10.302 0.0000000000
141713  -46.997  39.588  -10.208 0.0000000000
141711  -45.778  39.170  -9.994 0.0000000000
140927  -45.615  38.609  -9.737 0.0000000000
191983  -44.468  37.970  -9.257 0.0000000000
140088  -44.210  37.576  -8.870 0.0000000000
140096  -43.704  37.984  -9.067 0.0000000000
140086  -42.242  38.147  -8.531 0.0000000000
140911  -41.787  38.356  -8.410 0.0000000000
143303  -40.209  40.723  -7.047 0.0000000000
136782  -45.179  35.070  12.203 0.0000000000
139068  -45.660  37.699  9.475 0.0000000000
139051  -46.226  37.326  9.961 0.0000000000
139847  -46.622  37.797  9.611 0.0000000000
179417  -47.025  37.363  10.070 0.0000000000
139052  -47.624  37.295  10.149 0.0000000000
138289  -48.527  36.389  10.760 0.0000000000
139849  -48.184  37.764  9.735 0.0000000000
139850  -48.774  37.796  9.793 0.0000000000
140693  -49.127  38.371  9.095 0.0000000000
157980  -38.428  57.172  0.369 0.0000000000
158633  -44.070  58.573  2.168 0.0000000000
158647  -42.524  57.852  1.526 0.0000000000
158648  -43.515  57.887  1.777 0.0000000000
157323  -43.406  56.764  1.123 0.0000000000
157340  -42.906  56.216  0.754 0.0000000000
156696  -43.195  55.580  0.587 0.0000000000
180832  -43.766  56.226  1.009 0.0000000000
156698  -44.925  56.042  0.902 0.0000000000
156699  -45.406  55.701  0.579 0.0000000000
155447  -42.215  54.210  -3.284 0.0000000000
156078  -43.923  54.959  -1.582 0.0000000000
155445  -43.644  53.901  -2.112 0.0000000000
154772  -44.501  53.186  -2.112 0.0000000000
154773  -45.141  52.941  -1.800 0.0000000000
154029  -46.647  52.090  -1.421 0.0000000000
154027  -45.458  52.466  -2.159 0.0000000000
182730  -45.956  52.168  -2.585 0.0000000000
154041  -46.561  52.025  -2.862 0.0000000000
197113  -47.237  55.247  -5.561 0.0000000000
155468  -47.238  54.150  -4.982 0.0000000000
155469  -48.019  54.348  -5.040 0.0000000000
154800  -48.981  53.416  -4.578 0.0000000000
154075  -49.348  52.754  -4.550 0.0000000000
152530  -49.730  51.569  -4.671 0.0000000000
153322  -49.564  52.147  -5.017 0.0000000000
192600  -49.443  52.077  -5.897 0.0000000000
153340  -49.266  51.424  -6.321 0.0000000000
153353  -49.073  51.291  -7.076 0.0000000000
182087  -49.452  51.963  -6.937 0.0000000000
154116  -49.606  52.662  -7.284 0.0000000000
182246  -49.682  53.225  -7.625 0.0000000000
151624  -45.676  50.586  6.797 0.0000000000
189859  -45.950  50.979  7.100 0.0000000000
152392  -46.070  51.002  7.843 0.0000000000
192725  -46.551  49.844  8.502 0.0000000000
147714  -46.348  46.028  7.734 0.0000000000
148434  -46.720  46.742  8.017 0.0000000000
192601  -47.192  46.210  7.590 0.0000000000
147008  -47.646  45.794  7.142 0.0000000000
147044  -49.041  44.893  4.966 0.0000000000
187048  -49.154  44.976  5.375 0.0000000000
145625  -49.231  44.009  4.914 0.0000000000
144049  -49.317  43.093  5.243 0.0000000000
143194  -49.391  41.708  5.681 0.0000000000
142339  -49.134  41.012  6.217 0.0000000000
142340  -49.469  40.880  5.498 0.0000000000
141489  -49.771  40.105  5.294 0.0000000000
140735  -50.005  39.354  5.142 0.0000000000
146390  -41.431  44.699  -0.161 0.0000000000
145676  -41.462  44.014  0.096 0.0000000000
144931  -42.209  43.005  0.031 0.0000000000
177296  -46.098  45.294  -4.637 0.0000000000
147118  -45.285  45.111  -4.480 0.0000000000
147127  -45.661  44.645  -4.991 0.0000000000
146438  -45.007  44.115  -5.074 0.0000000000
144982  -44.779  42.977  -5.152 0.0000000000
141651  -46.767  39.511  -4.002 0.0000000000
141650  -46.185  39.805  -4.221 0.0000000000
141639  -46.376  39.918  -3.464 0.0000000000
142416  -45.737  40.417  -3.176 0.0000000000
143260  -45.172  41.090  -2.315 0.0000000000
143252  -44.832  41.321  -1.520 0.0000000000
143261  -45.647  40.874  -1.860 0.0000000000
143244  -46.099  41.085  -0.546 0.0000000000
143232  -46.356  41.262  0.080 0.0000000000
144103  -46.689  41.595  0.672 0.0000000000
143233  -47.158  41.230  0.192 0.0000000000
143247  -48.347  40.821  -0.032 0.0000000000
142388  -48.952  40.502  -0.101 0.0000000000
139188  -50.918  36.995  -0.606 0.0000000000
140826  -50.427  38.421  -0.584 0.0000000000
139989  -50.882  37.839  0.372 0.0000000000
139172  -51.053  37.463  0.891 0.0000000000
139970  -50.809  38.058  2.013 0.0000000000
139959  -50.813  37.805  2.744 0.0000000000
139158  -51.091  37.086  3.005 0.0000000000
138395  -51.391  36.375  3.259 0.0000000000
207710  -51.544  35.544  4.012 0.0000000000
137600  -51.506  35.304  4.964 0.0000000000
136863  -51.280  35.018  3.555 0.0000000000
136862  -50.901  34.927  3.463 0.0000000000
137606  -49.766  35.423  3.724 0.0000000000
139170  -47.787  37.158  1.055 0.0000000000
139164  -48.317  36.834  1.441 0.0000000000
139163  -47.660  37.180  1.689 0.0000000000
139155  -46.835  37.395  2.591 0.0000000000
139148  -46.677  37.258  3.269 0.0000000000
139134  -45.744  37.198  4.177 0.0000000000
139147  -45.987  37.440  3.470 0.0000000000
139146  -45.276  37.509  3.646 0.0000000000
139145  -44.487  37.467  3.858 0.0000000000
140876  -43.226  38.585  -4.981 0.0000000000
140856  -44.279  38.497  -3.907 0.0000000000
189181  -43.292  38.898  -3.649 0.0000000000
140845  -43.228  39.193  -2.540 0.0000000000
140837  -43.184  39.171  -1.804 0.0000000000
177387  -40.212  39.349  0.946 0.0000000000
141543  -40.853  39.268  0.840 0.0000000000
140802  -40.565  39.019  1.393 0.0000000000
140795  -40.978  38.675  1.823 0.0000000000
139962  -41.427  38.307  2.301 0.0000000000
186790  -42.318  37.847  3.034 0.0000000000
139940  -40.953  37.754  3.389 0.0000000000
192630  -40.325  37.505  3.828 0.0000000000
138378  -40.340  36.797  4.672 0.0000000000
179351  -39.311  36.266  5.152 0.0000000000
139102  -39.017  36.770  4.859 0.0000000000
139101  -38.327  36.807  4.886 0.0000000000
135300  -48.267  33.228  12.373 0.0000000000
149335  -49.584  47.313  -4.151 0.0000000000
148566  -49.790  46.012  -4.575 0.0000000000
149349  -49.343  46.583  -5.291 0.0000000000
147861  -49.140  45.528  -6.595 0.0000000000
147150  -48.696  44.660  -7.683 0.0000000000
194472  -47.833  45.452  -7.601 0.0000000000
147156  -47.940  44.715  -8.230 0.0000000000
146484  -47.522  43.923  -8.984 0.0000000000
210142  -46.725  43.570  -9.257 0.0000000000
145026  -45.738  42.667  -9.227 0.0000000000
144200  -44.974  41.576  -9.133 0.0000000000
143324  -43.871  40.876  -8.731 0.0000000000
143315  -43.539  41.464  -8.187 0.0000000000
143314  -42.762  41.180  -7.895 0.0000000000
144177  -42.360  41.606  -7.391 0.0000000000
145009  -43.632  42.805  -7.469 0.0000000000
144167  -42.603  42.208  -7.060 0.0000000000
138284  -43.778  36.129  10.636 0.0000000000
139048  -43.438  36.978  9.725 0.0000000000
139049  -44.182  37.138  9.696 0.0000000000
139866  -44.551  37.988  8.780 0.0000000000
140703  -43.585  38.684  7.946 0.0000000000
139867  -45.305  38.042  8.877 0.0000000000
193408  -45.651  38.388  8.515 0.0000000000
140720  -46.252  39.104  7.919 0.0000000000
141471  -46.670  39.493  7.704 0.0000000000
159273  -43.905  59.789  2.700 0.0000000000
159295  -44.729  59.374  1.930 0.0000000000
179100  -44.456  59.275  0.795 0.0000000000
158660  -44.495  58.612  0.393 0.0000000000
154807  -44.536  53.531  -4.777 0.0000000000
156112  -46.678  55.318  -5.733 0.0000000000
156749  -47.213  55.658  -5.965 0.0000000000
156750  -47.978  55.607  -6.113 0.0000000000
156761  -48.268  55.817  -6.630 0.0000000000
156762  -48.689  55.463  -6.882 0.0000000000
201476  -48.552  55.899  -7.281 0.0000000000
157418  -48.352  56.618  -8.100 0.0000000000
147041  -47.202  45.133  4.757 0.0000000000
147042  -48.020  45.214  4.669 0.0000000000
146352  -48.756  44.273  4.295 0.0000000000
145637  -49.050  43.658  4.043 0.0000000000
144898  -49.353  42.574  3.215 0.0000000000
147798  -42.473  46.270  -1.074 0.0000000000
146397  -42.508  45.060  -1.690 0.0000000000
142464  -46.317  40.693  -7.412 0.0000000000
143307  -45.705  41.354  -6.676 0.0000000000
141684  -46.341  39.963  -7.300 0.0000000000
141677  -46.078  39.829  -6.527 0.0000000000
141661  -46.572  39.222  -5.409 0.0000000000
140888  -47.625  38.119  -6.247 0.0000000000
191421  -47.633  38.229  -5.575 0.0000000000
140877  -47.342  38.688  -5.027 0.0000000000
140867  -47.442  39.014  -4.200 0.0000000000
141640  -47.735  39.026  -3.646 0.0000000000
176696  -48.118  39.278  -2.727 0.0000000000
176932  -48.586  39.320  -2.265 0.0000000000
140848  -49.353  38.553  -2.687 0.0000000000
140849  -49.763  38.329  -2.437 0.0000000000
180397  -50.143  37.851  -2.359 0.0000000000
139219  -49.981  36.723  -3.626 0.0000000000
139210  -50.173  37.129  -2.872 0.0000000000
140012  -50.633  37.130  -1.520 0.0000000000
139195  -50.882  36.650  -1.077 0.0000000000
137646  -50.703  35.622  -0.613 0.0000000000
178198  -50.664  35.446  0.469 0.0000000000
137629  -50.673  35.339  1.102 0.0000000000
196355  -50.308  35.433  0.199 0.0000000000
138422  -49.708  35.752  0.280 0.0000000000
138421  -49.063  36.216  -0.014 0.0000000000
138432  -48.397  36.375  -1.639 0.0000000000
139194  -48.442  36.551  -0.896 0.0000000000
204270  -48.021  36.995  0.088 0.0000000000
181273  -47.440  37.352  0.167 0.0000000000
139988  -46.743  37.741  0.310 0.0000000000
139987  -46.002  38.006  0.441 0.0000000000
176300  -40.966  39.711  -2.559 0.0000000000
177234  -40.277  39.760  -2.400 0.0000000000
141590  -40.286  39.775  -1.602 0.0000000000
141573  -39.554  39.694  -0.177 0.0000000000
141558  -39.903  39.553  0.426 0.0000000000
193560  -39.535  39.490  1.014 0.0000000000
140793  -39.494  38.976  2.083 0.0000000000
201097  -39.147  38.761  2.546 0.0000000000
150929  -45.987  49.568  -0.324 0.0000000000
150107  -45.577  48.921  -0.525 0.0000000000
150937  -46.332  48.980  -0.578 0.0000000000
149304  -46.333  47.976  -1.445 0.0000000000
188217  -46.630  46.823  -2.770 0.0000000000
186815  -47.365  46.765  -2.953 0.0000000000
147828  -46.977  46.080  -3.744 0.0000000000
147840  -46.506  45.774  -4.224 0.0000000000
147128  -46.621  44.916  -5.108 0.0000000000
205718  -46.571  43.579  -6.193 0.0000000000
145001  -46.433  42.672  -6.757 0.0000000000
147849  -49.843  45.401  -4.821 0.0000000000
147132  -49.686  44.896  -5.161 0.0000000000
146455  -49.305  44.207  -5.856 0.0000000000
194497  -48.871  42.977  -8.322 0.0000000000
145004  -49.086  43.369  -7.191 0.0000000000
145749  -48.599  43.485  -6.703 0.0000000000
145003  -48.352  42.982  -7.094 0.0000000000
145011  -47.542  42.198  -7.455 0.0000000000
143316  -47.006  40.993  -7.845 0.0000000000
142465  -46.979  40.156  -8.037 0.0000000000
141692  -47.450  39.396  -8.483 0.0000000000
206964  -47.489  38.141  -8.507 0.0000000000
140929  -46.761  38.552  -9.871 0.0000000000
174722  -47.241  37.831  -9.142 0.0000000000
140089  -47.523  37.472  -8.498 0.0000000000
138488  -47.493  36.574  -7.969 0.0000000000
138479  -46.658  36.478  -7.623 0.0000000000
138472  -46.741  36.423  -6.923 0.0000000000
139231  -46.189  37.064  -5.600 0.0000000000
139240  -46.192  36.932  -6.410 0.0000000000
140056  -45.080  37.624  -6.378 0.0000000000
140055  -44.423  37.905  -6.183 0.0000000000
178333  -43.396  37.673  -7.669 0.0000000000
140054  -43.635  38.098  -6.098 0.0000000000
140042  -43.619  38.312  -5.353 0.0000000000
140875  -42.612  38.659  -5.430 0.0000000000
192277  -41.897  39.045  -4.746 0.0000000000
140864  -41.420  39.240  -4.521 0.0000000000
142471  -42.786  39.841  -8.685 0.0000000000
141683  -41.385  39.274  -8.235 0.0000000000
140903  -40.925  38.598  -7.713 0.0000000000
142454  -39.888  39.889  -7.268 0.0000000000
140894  -40.003  38.690  -7.091 0.0000000000
140895  -40.563  38.496  -7.222 0.0000000000
137508  -44.165  35.825  11.066 0.0000000000
137509  -44.690  35.792  11.371 0.0000000000
137485  -45.404  35.616  11.683 0.0000000000
138286  -46.277  36.467  10.792 0.0000000000
137486  -46.301  35.583  11.636 0.0000000000
193910  -46.394  34.684  12.375 0.0000000000
136056  -47.177  34.030  12.471 0.0000000000
191072  -47.840  33.531  12.457 0.0000000000
136058  -48.411  33.817  12.301 0.0000000000
136785  -49.161  34.692  11.739 0.0000000000
137490  -49.758  35.179  11.404 0.0000000000
138290  -49.223  36.388  10.699 0.0000000000
137489  -49.460  35.789  11.023 0.0000000000
137511  -50.022  35.732  10.860 0.0000000000
137512  -50.591  35.700  10.545 0.0000000000
138314  -50.960  36.557  9.604 0.0000000000
139071  -51.148  36.639  9.055 0.0000000000
181031  -39.865  57.208  0.415 0.0000000000
157963  -41.238  57.430  0.928 0.0000000000
157337  -40.248  56.693  0.230 0.0000000000
157336  -39.529  56.702  0.102 0.0000000000
156707  -39.518  55.590  -0.278 0.0000000000
191212  -39.518  54.468  -0.441 0.0000000000
155434  -39.771  53.918  -0.554 0.0000000000
154754  -40.714  53.496  -0.693 0.0000000000
154755  -41.922  53.255  -0.635 0.0000000000
186299  -42.751  53.071  -0.511 0.0000000000
156070  -42.778  54.205  -0.184 0.0000000000
155437  -43.356  53.659  -0.202 0.0000000000
154756  -43.532  52.941  -0.304 0.0000000000
154012  -43.788  52.231  -0.307 0.0000000000
154013  -44.713  52.253  -0.011 0.0000000000
153256  -45.805  51.383  0.190 0.0000000000
157996  -44.628  57.483  -0.217 0.0000000000
157350  -44.703  56.875  -0.557 0.0000000000
157351  -45.557  56.307  0.111 0.0000000000
156060  -45.731  55.051  0.390 0.0000000000
156073  -44.753  55.010  -1.103 0.0000000000
155438  -45.972  54.638  -0.147 0.0000000000
183500  -46.078  54.494  0.086 0.0000000000
154744  -46.147  53.318  0.324 0.0000000000
153243  -46.096  52.161  0.347 0.0000000000
152469  -46.203  50.845  0.101 0.0000000000
152470  -46.978  50.965  -0.019 0.0000000000
151704  -47.093  50.175  -0.303 0.0000000000
151705  -47.571  50.001  -0.539 0.0000000000
153270  -47.164  51.724  -1.420 0.0000000000
152478  -47.929  50.860  -0.818 0.0000000000
150940  -48.337  49.592  -1.324 0.0000000000
150947  -48.654  49.164  -1.854 0.0000000000
150948  -49.084  49.578  -2.193 0.0000000000
150958  -49.525  49.388  -2.859 0.0000000000
154796  -44.946  53.090  -4.270 0.0000000000
154071  -46.175  52.546  -3.928 0.0000000000
154056  -46.685  52.276  -3.485 0.0000000000
154073  -47.494  53.048  -4.157 0.0000000000
154057  -47.459  52.444  -3.618 0.0000000000
153283  -48.765  51.578  -2.756 0.0000000000
152501  -49.466  50.709  -2.702 0.0000000000
151735  -49.666  50.169  -3.083 0.0000000000
150966  -49.667  48.804  -3.516 0.0000000000
150973  -49.640  49.057  -4.203 0.0000000000
150154  -49.081  48.383  -5.098 0.0000000000
150161  -48.434  48.239  -5.726 0.0000000000
207074  -49.384  50.328  -5.023 0.0000000000
188243  -48.697  48.891  -5.436 0.0000000000
190480  -47.121  47.858  -6.707 0.0000000000
152561  -48.607  50.863  -7.104 0.0000000000
156121  -48.981  55.167  -7.466 0.0000000000
195228  -49.372  54.381  -7.647 0.0000000000
155487  -49.776  53.870  -8.368 0.0000000000
175443  -44.899  42.243  6.629 0.0000000000
189623  -45.694  44.375  6.892 0.0000000000
145609  -45.406  43.634  6.697 0.0000000000
143188  -45.056  41.430  6.712 0.0000000000
177081  -45.713  41.218  6.689 0.0000000000
142334  -46.243  40.697  6.796 0.0000000000
142335  -47.048  40.468  6.989 0.0000000000
149229  -48.164  47.228  6.726 0.0000000000
147717  -48.406  46.245  6.775 0.0000000000
183382  -48.064  44.468  6.390 0.0000000000
203504  -48.911  44.487  5.961 0.0000000000
146327  -48.572  44.501  6.166 0.0000000000
144863  -47.823  43.376  6.228 0.0000000000
174879  -47.719  41.875  6.391 0.0000000000
143191  -47.688  40.925  6.704 0.0000000000
141472  -47.833  39.689  7.741 0.0000000000
141473  -48.428  39.500  7.953 0.0000000000
141463  -49.010  39.182  8.215 0.0000000000
140711  -49.357  38.667  8.680 0.0000000000
141481  -49.374  39.765  7.162 0.0000000000
199165  -49.801  39.252  7.564 0.0000000000
140712  -49.935  38.424  8.562 0.0000000000
199175  -50.503  37.958  8.306 0.0000000000
139075  -50.985  37.281  8.348 0.0000000000
139073  -51.311  36.685  8.450 0.0000000000
178826  -41.652  43.605  2.665 0.0000000000
145648  -42.704  43.260  2.957 0.0000000000
144873  -43.472  43.106  3.134 0.0000000000
150114  -45.214  48.385  -0.930 0.0000000000
148535  -44.211  46.842  -1.985 0.0000000000
175985  -44.861  45.473  -4.024 0.0000000000
147814  -44.136  46.045  -2.918 0.0000000000
147807  -43.863  46.331  -2.312 0.0000000000
147813  -43.552  45.731  -2.587 0.0000000000
147095  -43.020  45.415  -2.162 0.0000000000
146409  -42.912  44.188  -2.558 0.0000000000
143306  -45.370  41.541  -6.166 0.0000000000
193459  -44.980  41.653  -5.211 0.0000000000
144145  -44.458  42.188  -4.417 0.0000000000
142432  -45.293  40.672  -4.272 0.0000000000
143283  -44.619  41.600  -4.169 0.0000000000
144967  -44.118  42.588  -4.029 0.0000000000
185128  -43.540  42.966  -3.109 0.0000000000
186227  -43.120  43.489  -2.773 0.0000000000
145691  -42.658  43.562  -1.775 0.0000000000
193107  -42.880  43.004  -1.548 0.0000000000
199188  -42.789  42.875  -0.926 0.0000000000
144098  -43.155  42.368  -0.051 0.0000000000
143242  -44.697  41.481  -0.966 0.0000000000
144099  -43.724  42.100  0.135 0.0000000000
144933  -43.271  42.376  0.594 0.0000000000
144926  -43.447  42.519  1.268 0.0000000000
144910  -43.630  42.644  1.952 0.0000000000
144874  -44.179  43.002  3.293 0.0000000000
144875  -44.900  42.975  3.390 0.0000000000
144894  -46.021  42.689  2.829 0.0000000000
144895  -46.859  42.778  2.908 0.0000000000
144090  -47.055  41.893  1.372 0.0000000000
197210  -46.945  42.222  1.944 0.0000000000
192279  -47.685  42.880  2.877 0.0000000000
144896  -48.484  42.908  2.892 0.0000000000
144917  -49.305  42.254  2.576 0.0000000000
144064  -49.619  42.010  2.786 0.0000000000
141594  -48.848  39.882  -1.125 0.0000000000
142399  -49.200  40.073  -0.447 0.0000000000
142378  -49.617  40.379  0.620 0.0000000000
140817  -50.299  39.218  0.284 0.0000000000
183880  -50.052  40.048  0.758 0.0000000000
142372  -49.646  40.565  1.104 0.0000000000
143227  -49.719  40.745  1.611 0.0000000000
143217  -49.907  41.046  2.105 0.0000000000
142353  -50.280  40.985  3.049 0.0000000000
186152  -50.356  40.243  3.419 0.0000000000
188902  -50.114  39.963  4.363 0.0000000000
140736  -50.191  38.636  5.201 0.0000000000
195253  -50.634  38.145  3.738 0.0000000000
190745  -50.742  37.628  4.845 0.0000000000
139904  -50.524  37.956  5.388 0.0000000000
139085  -51.255  37.107  6.398 0.0000000000
139078  -51.267  37.089  7.090 0.0000000000
138320  -51.575  36.191  7.961 0.0000000000
137543  -51.300  35.537  7.641 0.0000000000
182329  -50.890  35.474  7.147 0.0000000000
137556  -50.242  35.525  6.907 0.0000000000
137599  -51.259  35.085  5.202 0.0000000000
137574  -50.466  35.426  6.143 0.0000000000
137555  -49.294  35.734  6.974 0.0000000000
137554  -48.662  35.926  6.920 0.0000000000
137553  -48.186  36.032  7.087 0.0000000000
137622  -50.252  35.226  1.941 0.0000000000
137616  -49.729  35.526  2.308 0.0000000000
138394  -49.101  35.845  3.409 0.0000000000
138402  -48.658  36.365  2.428 0.0000000000
138393  -48.551  36.295  3.078 0.0000000000
138384  -48.350  36.224  4.540 0.0000000000
138370  -48.314  36.158  5.155 0.0000000000
176553  -47.226  36.393  5.714 0.0000000000
138327  -46.547  36.105  7.042 0.0000000000
138326  -45.765  36.230  6.697 0.0000000000
138325  -45.060  36.182  6.626 0.0000000000
138366  -44.852  36.741  5.518 0.0000000000
138339  -44.409  36.531  5.928 0.0000000000
139223  -46.195  37.212  -4.811 0.0000000000
139215  -46.254  37.409  -4.045 0.0000000000
139207  -46.285  37.533  -3.192 0.0000000000
140023  -44.737  38.453  -3.370 0.0000000000
140016  -45.217  38.264  -2.572 0.0000000000
140009  -45.941  37.968  -1.627 0.0000000000
140002  -45.853  38.067  -0.876 0.0000000000
139993  -45.236  38.399  -0.106 0.0000000000
139986  -45.149  38.360  0.414 0.0000000000
178636  -41.909  39.619  -1.810 0.0000000000
141560  -41.705  39.313  0.080 0.0000000000
140821  -43.244  38.996  -0.356 0.0000000000
140822  -43.996  38.795  -0.232 0.0000000000
140815  -44.406  38.645  0.204 0.0000000000
139985  -44.764  38.498  0.572 0.0000000000
180812  -44.934  38.213  1.415 0.0000000000
139956  -44.557  37.982  2.440 0.0000000000
139944  -44.206  37.809  3.138 0.0000000000
139130  -43.292  37.279  4.318 0.0000000000
182934  -42.379  37.491  3.596 0.0000000000
188000  -42.539  37.223  4.189 0.0000000000
139103  -42.801  36.931  4.843 0.0000000000
136057  -47.759  33.947  12.397 0.0000000000
136074  -50.728  33.972  10.766 0.0000000000
136761  -44.855  34.529  12.582 0.0000000000
136764  -48.191  34.370  12.172 0.0000000000
136765  -48.694  34.321  12.029 0.0000000000
136784  -48.600  34.821  11.804 0.0000000000
136800  -51.275  35.024  9.589 0.0000000000
136818  -50.738  34.908  8.827 0.0000000000
136867  -51.095  34.879  2.998 0.0000000000
136868  -51.268  34.978  2.925 0.0000000000
136872  -50.721  34.939  2.773 0.0000000000
136874  -51.241  35.026  2.311 0.0000000000
136878  -50.679  35.016  2.190 0.0000000000
136880  -51.176  35.154  1.742 0.0000000000
136885  -50.670  35.147  1.653 0.0000000000
136886  -50.905  35.219  1.438 0.0000000000
137466  -45.967  35.107  12.121 0.0000000000
137467  -46.717  35.106  11.998 0.0000000000
137469  -47.634  34.483  12.252 0.0000000000
137507  -43.614  35.697  11.139 0.0000000000
137510  -49.729  36.176  10.711 0.0000000000
137532  -51.557  35.726  8.772 0.0000000000
137540  -48.732  35.774  7.534 0.0000000000
137541  -49.695  35.531  7.601 0.0000000000
137542  -50.605  35.402  7.619 0.0000000000
137544  -51.579  35.791  8.133 0.0000000000
137575  -51.144  35.256  5.952 0.0000000000
137595  -40.982  36.212  5.342 0.0000000000
137607  -50.516  35.059  4.020 0.0000000000
137608  -51.219  34.980  4.336 0.0000000000
137609  -51.488  35.203  4.203 0.0000000000
137611  -49.714  35.500  2.972 0.0000000000
137612  -50.273  35.071  3.234 0.0000000000
137623  -51.360  35.505  1.525 0.0000000000
137628  -50.191  35.496  0.815 0.0000000000
137630  -50.970  35.454  0.870 0.0000000000
137631  -51.253  35.548  1.058 0.0000000000
137636  -50.164  35.431  -0.321 0.0000000000
137637  -50.566  35.466  -0.170 0.0000000000
137638  -50.880  35.700  0.122 0.0000000000
137644  -50.068  35.329  -0.952 0.0000000000
137651  -50.360  35.112  -1.320 0.0000000000
137656  -49.321  35.397  -2.782 0.0000000000
137658  -50.402  35.115  -1.906 0.0000000000
137663  -49.190  35.512  -3.385 0.0000000000
137670  -49.553  35.592  -3.820 0.0000000000
137671  -49.859  35.641  -3.267 0.0000000000
137678  -48.609  35.676  -4.521 0.0000000000
137684  -48.828  35.628  -5.279 0.0000000000
137685  -49.054  35.825  -5.414 0.0000000000
137689  -48.495  35.730  -5.878 0.0000000000
137690  -48.727  35.809  -6.308 0.0000000000
137691  -48.987  35.921  -6.022 0.0000000000
137696  -48.391  35.880  -6.454 0.0000000000
138267  -45.895  36.050  11.225 0.0000000000
138269  -47.656  35.708  11.358 0.0000000000
138271  -48.839  35.833  11.051 0.0000000000
138283  -43.006  35.989  10.696 0.0000000000
138287  -47.059  36.439  10.810 0.0000000000
138292  -50.139  36.222  10.480 0.0000000000
138310  -45.839  36.897  10.344 0.0000000000
138311  -50.092  36.721  10.171 0.0000000000
138312  -50.676  36.280  10.103 0.0000000000
138313  -51.153  36.065  9.708 0.0000000000
138315  -51.371  36.162  9.216 0.0000000000
138322  -43.263  36.266  6.268 0.0000000000
138329  -51.560  35.834  6.583 0.0000000000
138342  -46.954  36.337  6.359 0.0000000000
138343  -47.563  36.300  6.231 0.0000000000
138344  -48.239  36.149  6.432 0.0000000000
138367  -46.029  36.663  5.385 0.0000000000
138377  -39.762  36.697  4.827 0.0000000000
138379  -40.857  36.657  4.779 0.0000000000
138386  -51.473  36.165  4.079 0.0000000000
138387  -51.597  35.666  4.629 0.0000000000
138396  -51.523  35.700  3.421 0.0000000000
138401  -48.040  36.733  2.741 0.0000000000
138405  -51.544  35.835  2.687 0.0000000000
138409  -48.844  36.336  1.225 0.0000000000
138410  -49.209  35.964  2.089 0.0000000000
138412  -51.538  36.030  1.974 0.0000000000
138417  -49.529  35.874  1.066 0.0000000000
138423  -51.095  36.253  0.195 0.0000000000
138433  -49.014  35.950  -1.361 0.0000000000
138434  -49.541  35.524  -1.123 0.0000000000
138435  -50.870  35.911  -1.105 0.0000000000
138441  -50.517  35.646  -2.255 0.0000000000
138442  -50.696  35.542  -1.654 0.0000000000
138454  -48.636  35.665  -3.695 0.0000000000
138455  -49.607  35.908  -4.327 0.0000000000
138463  -49.322  36.152  -4.921 0.0000000000
138467  -47.909  35.911  -5.498 0.0000000000
138468  -49.163  36.118  -5.611 0.0000000000
138475  -48.802  36.140  -6.531 0.0000000000
138480  -47.380  36.290  -7.427 0.0000000000
138481  -47.977  36.166  -6.909 0.0000000000
138487  -47.080  36.474  -7.956 0.0000000000
138495  -47.019  36.748  -8.364 0.0000000000
139029  -48.128  36.977  10.419 0.0000000000
139031  -49.644  37.050  10.196 0.0000000000
139050  -44.881  37.416  9.661 0.0000000000
139053  -48.544  37.396  10.094 0.0000000000
139054  -49.943  37.189  9.894 0.0000000000
139066  -44.310  37.602  9.254 0.0000000000
139067  -44.918  37.751  9.240 0.0000000000
139069  -50.188  37.341  9.559 0.0000000000
139072  -50.870  37.130  8.903 0.0000000000
139076  -51.415  36.732  7.681 0.0000000000
139079  -51.554  36.422  6.720 0.0000000000
139105  -44.090  37.014  4.938 0.0000000000
139106  -44.681  36.997  4.975 0.0000000000
139107  -45.426  36.941  4.992 0.0000000000
139127  -40.027  37.128  4.374 0.0000000000
139131  -43.933  37.254  4.394 0.0000000000
139137  -51.492  36.296  4.820 0.0000000000
139143  -43.093  37.537  3.715 0.0000000000
139144  -43.767  37.545  3.785 0.0000000000
139149  -47.372  37.042  3.027 0.0000000000
139157  -48.180  36.803  2.086 0.0000000000
139161  -46.303  37.748  2.108 0.0000000000
139165  -51.058  37.265  2.248 0.0000000000
139173  -51.236  36.803  1.043 0.0000000000
139177  -47.255  37.478  0.682 0.0000000000
139178  -47.907  37.096  0.529 0.0000000000
139179  -48.483  36.683  0.320 0.0000000000
139181  -51.253  36.319  0.664 0.0000000000
139187  -48.478  36.630  -0.245 0.0000000000
139201  -47.743  36.820  -1.934 0.0000000000
139202  -50.460  37.158  -2.121 0.0000000000
139209  -47.621  36.695  -2.745 0.0000000000
139211  -50.474  36.432  -2.433 0.0000000000
139224  -46.785  36.876  -4.525 0.0000000000
139225  -49.334  36.905  -4.684 0.0000000000
139230  -45.596  37.343  -5.929 0.0000000000
139232  -46.760  36.724  -5.302 0.0000000000
139239  -45.611  37.203  -6.733 0.0000000000
139241  -46.765  36.587  -6.104 0.0000000000
139243  -49.048  36.401  -6.033 0.0000000000
139249  -45.539  37.116  -7.482 0.0000000000
139251  -48.122  36.768  -7.517 0.0000000000
139260  -46.032  36.781  -7.860 0.0000000000
139267  -44.942  37.658  -9.048 0.0000000000
139270  -47.363  36.964  -8.429 0.0000000000
139275  -45.077  37.991  -9.325 0.0000000000
139276  -45.530  37.722  -9.245 0.0000000000
139277  -46.018  37.433  -9.122 0.0000000000
139278  -46.543  37.375  -9.134 0.0000000000
139279  -47.114  37.362  -8.972 0.0000000000
139848  -47.483  37.749  9.766 0.0000000000
139868  -46.121  38.127  9.055 0.0000000000
139870  -48.372  38.119  9.402 0.0000000000
139871  -48.940  38.097  9.442 0.0000000000
139874  -50.400  37.465  9.170 0.0000000000
139882  -44.094  38.291  8.315 0.0000000000
139883  -44.877  38.351  8.385 0.0000000000
139886  -50.193  37.923  8.909 0.0000000000
139890  -50.876  37.654  6.936 0.0000000000
139895  -50.715  37.744  6.146 0.0000000000
139922  -50.870  37.428  4.210 0.0000000000
139941  -41.668  37.579  3.486 0.0000000000
139943  -43.546  37.792  3.204 0.0000000000
139946  -50.830  37.605  3.453 0.0000000000
139953  -42.213  38.157  2.469 0.0000000000
139957  -45.112  37.962  2.355 0.0000000000
139958  -45.679  37.875  2.255 0.0000000000
139963  -42.109  38.427  1.986 0.0000000000
139969  -46.410  37.805  1.448 0.0000000000
139976  -44.615  38.419  1.101 0.0000000000
139977  -45.060  38.302  0.890 0.0000000000
139978  -45.922  37.965  1.088 0.0000000000
139994  -45.785  38.141  -0.157 0.0000000000
139996  -50.771  37.740  -0.330 0.0000000000
140001  -45.392  38.306  -0.585 0.0000000000
140004  -50.580  37.597  -0.975 0.0000000000
140008  -45.404  38.278  -1.323 0.0000000000
140011  -50.322  37.911  -1.658 0.0000000000
140017  -46.050  37.805  -2.389 0.0000000000
140018  -46.584  37.449  -2.580 0.0000000000
140024  -45.172  38.221  -3.174 0.0000000000
140026  -49.247  37.950  -3.679 0.0000000000
140027  -49.708  37.530  -3.358 0.0000000000
140032  -44.582  38.133  -4.675 0.0000000000
140036  -49.127  37.607  -4.378 0.0000000000
140041  -43.099  38.372  -5.698 0.0000000000
140045  -48.585  37.707  -5.303 0.0000000000
140053  -42.887  38.196  -6.441 0.0000000000
140057  -48.221  37.543  -6.623 0.0000000000
140063  -41.101  38.342  -7.107 0.0000000000
140064  -41.659  38.186  -7.282 0.0000000000
140066  -43.899  37.753  -6.859 0.0000000000
140070  -48.401  36.921  -7.000 0.0000000000
140079  -43.458  37.728  -8.520 0.0000000000
140080  -44.090  37.416  -8.200 0.0000000000
140081  -47.818  37.145  -7.871 0.0000000000
140087  -42.900  38.084  -8.767 0.0000000000
140095  -43.253  38.343  -9.142 0.0000000000
140099  -46.743  37.921  -9.433 0.0000000000
140103  -46.156  38.262  -9.732 0.0000000000
140694  -49.674  38.206  9.039 0.0000000000
140706  -45.927  38.765  8.220 0.0000000000
140707  -46.917  39.079  8.214 0.0000000000
140709  -48.213  38.833  8.678 0.0000000000
140710  -48.798  38.793  8.746 0.0000000000
140724  -50.064  38.870  6.350 0.0000000000
140728  -50.279  38.373  5.900 0.0000000000
140744  -50.192  39.036  4.513 0.0000000000
140780  -40.246  38.314  2.691 0.0000000000
140781  -40.726  38.389  2.347 0.0000000000
140792  -38.851  39.096  2.157 0.0000000000
140796  -41.686  38.634  1.645 0.0000000000
140803  -41.255  38.941  1.230 0.0000000000
140806  -43.540  38.703  0.828 0.0000000000
140807  -44.253  38.613  0.706 0.0000000000
140811  -41.497  39.157  0.670 0.0000000000
140812  -42.203  39.053  0.510 0.0000000000
140813  -42.972  38.885  0.343 0.0000000000
140820  -42.432  39.204  -0.117 0.0000000000
140824  -44.956  38.538  -0.513 0.0000000000
140825  -50.179  39.095  -0.179 0.0000000000
140831  -44.492  38.710  -0.933 0.0000000000
140832  -44.944  38.559  -1.241 0.0000000000
140841  -49.539  38.716  -2.190 0.0000000000
140842  -49.808  38.712  -1.842 0.0000000000
140846  -43.772  38.896  -2.835 0.0000000000
140853  -42.187  39.395  -3.419 0.0000000000
140854  -42.789  39.062  -3.738 0.0000000000
140855  -43.744  38.767  -3.466 0.0000000000
140859  -49.159  38.356  -3.176 0.0000000000
140868  -48.452  38.138  -4.601 0.0000000000
140874  -42.002  38.849  -5.315 0.0000000000
140883  -40.098  38.612  -6.555 0.0000000000
140885  -41.538  38.462  -6.611 0.0000000000
140887  -47.087  38.623  -5.830 0.0000000000
140893  -39.611  38.863  -6.715 0.0000000000
140902  -40.355  38.816  -7.465 0.0000000000
140904  -41.371  38.377  -8.006 0.0000000000
140905  -47.205  38.571  -7.448 0.0000000000
140910  -41.324  38.667  -8.156 0.0000000000
140912  -42.386  38.413  -8.958 0.0000000000
140914  -47.416  38.229  -9.026 0.0000000000
140921  -44.007  38.298  -9.500 0.0000000000
140922  -44.877  38.370  -9.565 0.0000000000
140923  -47.223  38.401  -9.550 0.0000000000
140930  -47.328  39.079  -9.981 0.0000000000
141461  -47.987  39.225  8.235 0.0000000000
141462  -48.487  39.095  8.391 0.0000000000
141474  -48.907  39.850  7.555 0.0000000000
141475  -49.645  39.007  8.188 0.0000000000
141479  -45.831  40.105  6.996 0.0000000000
141480  -46.467  40.005  7.213 0.0000000000
141503  -50.415  39.757  2.901 0.0000000000
141527  -39.194  39.402  1.629 0.0000000000
141544  -50.484  39.277  1.222 0.0000000000
141561  -50.050  39.644  0.279 0.0000000000
141574  -40.412  39.605  -0.151 0.0000000000
141576  -41.900  39.431  -0.568 0.0000000000
141578  -49.589  39.768  -0.271 0.0000000000
141595  -49.447  39.519  -0.995 0.0000000000
141596  -49.787  39.063  -1.251 0.0000000000
141607  -41.313  39.699  -2.052 0.0000000000
141608  -41.690  39.644  -2.480 0.0000000000
141610  -48.361  39.769  -1.746 0.0000000000
141622  -41.003  39.664  -3.153 0.0000000000
141623  -41.627  39.610  -3.154 0.0000000000
141626  -47.485  39.712  -2.515 0.0000000000
141627  -48.790  38.797  -2.868 0.0000000000
141628  -49.113  38.995  -2.260 0.0000000000
141638  -41.586  39.457  -3.839 0.0000000000
141641  -48.234  38.859  -3.320 0.0000000000
141647  -38.239  38.992  -4.903 0.0000000000
141670  -46.479  39.169  -6.194 0.0000000000
141674  -38.923  39.501  -6.541 0.0000000000
141676  -39.738  39.123  -7.220 0.0000000000
141689  -41.852  38.836  -8.596 0.0000000000
141693  -47.813  39.620  -9.195 0.0000000000
141699  -42.958  38.707  -9.159 0.0000000000
141712  -46.412  39.355  -10.193 0.0000000000
141714  -47.529  39.934  -10.041 0.0000000000
142328  -47.719  40.258  7.220 0.0000000000
142329  -48.319  40.053  7.440 0.0000000000
142333  -45.340  40.627  6.842 0.0000000000
142347  -50.174  40.816  3.829 0.0000000000
142360  -50.157  40.793  2.348 0.0000000000
142366  -50.033  40.555  1.761 0.0000000000
142373  -49.905  40.404  1.209 0.0000000000
142377  -49.332  40.522  0.418 0.0000000000
142379  -49.779  40.010  0.306 0.0000000000
142387  -48.152  40.541  -0.502 0.0000000000
142389  -49.474  40.186  0.124 0.0000000000
142408  -47.621  40.031  -1.911 0.0000000000
142417  -46.273  40.272  -2.742 0.0000000000
142425  -45.747  40.253  -3.854 0.0000000000
142433  -45.674  40.234  -4.610 0.0000000000
142442  -45.659  40.262  -5.320 0.0000000000
142455  -40.552  40.212  -7.473 0.0000000000
142456  -45.481  41.006  -6.171 0.0000000000
142457  -45.871  40.603  -6.755 0.0000000000
142460  -40.315  39.409  -7.599 0.0000000000
142461  -40.968  39.723  -7.832 0.0000000000
142470  -42.054  39.543  -8.498 0.0000000000
142472  -43.514  40.102  -8.898 0.0000000000
142475  -48.052  40.442  -9.061 0.0000000000
142476  -48.103  41.042  -9.349 0.0000000000
142485  -44.648  40.034  -9.452 0.0000000000
142486  -45.297  39.732  -9.820 0.0000000000
142487  -45.698  40.543  -9.906 0.0000000000
142488  -47.960  40.306  -9.646 0.0000000000
142499  -46.533  40.694  -10.156 0.0000000000
142501  -47.684  40.796  -10.013 0.0000000000
142502  -47.973  41.280  -9.717 0.0000000000
143192  -48.711  40.961  6.622 0.0000000000
143203  -50.103  41.618  3.310 0.0000000000
143210  -50.112  41.364  2.637 0.0000000000
143216  -49.660  41.205  1.922 0.0000000000
143225  -49.162  41.148  1.158 0.0000000000
143234  -48.014  41.155  0.322 0.0000000000
143235  -48.899  40.923  0.479 0.0000000000
143245  -46.836  40.966  -0.384 0.0000000000
143246  -47.623  40.888  -0.212 0.0000000000
143253  -45.268  41.169  -1.343 0.0000000000
143254  -45.870  40.948  -1.184 0.0000000000
143269  -45.677  40.677  -2.541 0.0000000000
143276  -44.970  41.084  -3.886 0.0000000000
143292  -44.722  41.783  -4.719 0.0000000000
143298  -45.231  41.372  -5.703 0.0000000000
143304  -40.912  41.026  -7.167 0.0000000000
143323  -43.135  40.660  -8.415 0.0000000000
143325  -44.616  40.891  -9.183 0.0000000000
143326  -47.650  40.665  -8.433 0.0000000000
143339  -48.165  41.573  -9.376 0.0000000000
143349  -47.665  41.517  -9.983 0.0000000000
144042  -46.491  42.498  6.381 0.0000000000
144043  -47.009  41.951  6.429 0.0000000000
144046  -48.610  43.003  6.040 0.0000000000
144047  -49.185  42.474  5.693 0.0000000000
144065  -49.924  41.818  3.029 0.0000000000
144072  -44.768  42.193  1.707 0.0000000000
144073  -45.398  42.263  1.948 0.0000000000
144075  -47.642  42.162  1.871 0.0000000000
144079  -49.884  41.552  2.399 0.0000000000
144087  -44.612  42.013  1.016 0.0000000000
144093  -49.366  41.396  1.709 0.0000000000
144100  -44.410  41.909  0.302 0.0000000000
144109  -44.201  41.870  -0.387 0.0000000000
144116  -43.781  42.136  -1.697 0.0000000000
144123  -43.748  42.377  -2.305 0.0000000000
144131  -43.898  42.404  -3.370 0.0000000000
144132  -44.047  42.081  -2.757 0.0000000000
144151  -44.774  42.322  -5.083 0.0000000000
144159  -45.205  42.076  -5.797 0.0000000000
144168  -45.513  41.891  -6.365 0.0000000000
144170  -46.773  42.144  -7.179 0.0000000000
144180  -46.351  41.421  -7.250 0.0000000000
144181  -47.226  41.674  -7.642 0.0000000000
144189  -44.409  41.690  -8.597 0.0000000000
144191  -48.348  41.750  -8.464 0.0000000000
144192  -48.554  42.145  -8.659 0.0000000000
144201  -45.532  41.867  -9.422 0.0000000000
144204  -48.321  42.056  -9.161 0.0000000000
144209  -46.752  41.627  -10.107 0.0000000000
144210  -47.309  41.870  -10.068 0.0000000000
144211  -47.667  42.060  -9.741 0.0000000000
144861  -44.810  43.018  6.720 0.0000000000
144865  -48.385  43.501  6.092 0.0000000000
144871  -49.598  42.678  4.621 0.0000000000
144876  -45.662  43.034  3.397 0.0000000000
144877  -46.467  43.067  3.421 0.0000000000
144880  -49.607  42.648  4.090 0.0000000000
144891  -43.856  42.773  2.630 0.0000000000
144892  -44.546  42.721  2.770 0.0000000000
144893  -45.257  42.725  2.875 0.0000000000
144897  -48.994  42.786  2.984 0.0000000000
144899  -49.574  42.333  3.429 0.0000000000
144909  -42.976  42.809  1.723 0.0000000000
144912  -44.937  42.482  2.305 0.0000000000
144913  -45.937  42.372  2.189 0.0000000000
144914  -46.539  42.469  2.352 0.0000000000
144915  -48.097  42.562  2.340 0.0000000000
144916  -48.845  42.528  2.363 0.0000000000
144932  -42.715  42.659  0.341 0.0000000000
144939  -42.705  42.751  -0.311 0.0000000000
144945  -42.490  43.388  -1.234 0.0000000000
144952  -42.952  43.184  -2.160 0.0000000000
144960  -43.385  42.872  -2.516 0.0000000000
144966  -43.776  43.007  -3.700 0.0000000000
144975  -44.032  43.097  -4.172 0.0000000000
144976  -44.387  42.880  -4.632 0.0000000000
144999  -43.394  43.288  -6.995 0.0000000000
145002  -47.448  42.748  -7.052 0.0000000000
145008  -43.020  42.702  -7.040 0.0000000000
145012  -48.232  42.475  -7.511 0.0000000000
145013  -48.883  42.827  -7.653 0.0000000000
145018  -48.591  42.569  -8.862 0.0000000000
145027  -46.389  42.714  -9.626 0.0000000000
145028  -47.567  42.949  -9.427 0.0000000000
145029  -48.115  42.762  -9.237 0.0000000000
145035  -47.741  42.495  -9.506 0.0000000000
145611  -47.608  43.936  6.333 0.0000000000
145612  -48.209  43.991  6.191 0.0000000000
145613  -48.672  44.070  6.009 0.0000000000
145614  -49.020  44.160  5.781 0.0000000000
145616  -49.209  44.178  5.425 0.0000000000
145634  -46.921  43.594  3.799 0.0000000000
145635  -47.719  43.692  3.745 0.0000000000
145647  -42.089  43.527  3.137 0.0000000000
145651  -49.145  43.057  3.579 0.0000000000
145657  -41.824  43.381  1.958 0.0000000000
145669  -41.316  43.837  0.749 0.0000000000
145677  -41.869  43.564  -0.272 0.0000000000
145683  -42.018  43.865  -0.948 0.0000000000
145697  -42.807  43.712  -2.252 0.0000000000
145703  -43.496  43.534  -3.424 0.0000000000
145721  -44.607  43.525  -4.946 0.0000000000
145722  -45.193  43.455  -5.442 0.0000000000
145723  -45.570  44.057  -5.426 0.0000000000
145734  -45.950  43.679  -5.852 0.0000000000
145737  -49.012  43.861  -6.245 0.0000000000
145738  -49.344  43.957  -6.257 0.0000000000
145747  -46.932  43.255  -6.610 0.0000000000
145748  -47.809  43.357  -6.695 0.0000000000
145754  -43.972  43.499  -7.425 0.0000000000
145757  -49.111  43.325  -7.793 0.0000000000
145761  -45.552  43.535  -8.843 0.0000000000
145763  -48.196  43.772  -8.771 0.0000000000
145764  -48.838  43.564  -8.392 0.0000000000
145773  -46.243  43.287  -9.308 0.0000000000
145774  -47.278  43.505  -9.273 0.0000000000
145775  -47.883  43.384  -9.158 0.0000000000
146315  -45.325  44.839  7.320 0.0000000000
146323  -46.028  44.880  7.061 0.0000000000
146325  -48.489  45.013  6.412 0.0000000000
146328  -48.942  44.875  6.075 0.0000000000
146329  -49.178  44.670  5.702 0.0000000000
146336  -49.161  44.552  5.191 0.0000000000
146345  -48.399  44.744  4.478 0.0000000000
146346  -48.888  44.732  4.614 0.0000000000
146347  -49.062  44.299  4.648 0.0000000000
146351  -48.097  44.220  4.122 0.0000000000
146391  -41.782  44.714  -0.807 0.0000000000
146396  -42.205  44.435  -1.367 0.0000000000
146417  -43.645  44.089  -3.749 0.0000000000
146418  -44.037  44.541  -4.065 0.0000000000
146441  -48.183  44.537  -5.435 0.0000000000
146442  -49.059  44.458  -5.368 0.0000000000
146443  -49.548  44.480  -5.482 0.0000000000
146452  -46.772  44.033  -5.913 0.0000000000
146453  -47.723  44.148  -5.876 0.0000000000
146454  -48.682  44.130  -5.807 0.0000000000
146456  -49.499  44.248  -5.928 0.0000000000
146463  -49.518  44.134  -6.385 0.0000000000
146468  -45.222  44.534  -8.057 0.0000000000
146469  -49.053  44.230  -7.666 0.0000000000
146472  -45.776  44.328  -8.519 0.0000000000
146474  -47.064  44.446  -8.785 0.0000000000
146475  -47.755  44.311  -8.633 0.0000000000
147006  -45.973  45.381  7.463 0.0000000000
147016  -46.677  45.123  7.011 0.0000000000
147017  -47.424  45.290  6.937 0.0000000000
147018  -48.090  45.411  6.778 0.0000000000
147021  -49.138  45.263  5.750 0.0000000000
147034  -49.007  45.339  5.209 0.0000000000
147043  -48.738  45.169  4.768 0.0000000000
147101  -42.845  44.734  -2.232 0.0000000000
147102  -43.278  44.944  -2.800 0.0000000000
147117  -44.597  44.870  -4.310 0.0000000000
147121  -48.964  45.072  -4.544 0.0000000000
147122  -49.633  45.164  -4.610 0.0000000000
147129  -47.635  44.951  -5.067 0.0000000000
147143  -49.237  44.352  -7.034 0.0000000000
147146  -45.182  45.095  -7.882 0.0000000000
147147  -45.730  45.328  -8.136 0.0000000000
147148  -47.361  45.291  -8.046 0.0000000000
147149  -48.043  45.051  -7.833 0.0000000000
147154  -46.562  44.965  -8.489 0.0000000000
147713  -45.594  45.815  7.833 0.0000000000
147715  -47.416  46.781  7.675 0.0000000000
147725  -48.622  45.660  6.516 0.0000000000
147726  -48.738  46.180  6.274 0.0000000000
147739  -48.806  46.192  5.762 0.0000000000
147805  -42.740  45.835  -1.604 0.0000000000
147806  -43.286  46.083  -1.982 0.0000000000
147815  -44.773  46.276  -3.141 0.0000000000
147825  -44.473  45.762  -3.490 0.0000000000
147826  -45.164  45.986  -3.642 0.0000000000
147830  -48.741  45.963  -3.791 0.0000000000
147839  -45.622  45.686  -4.154 0.0000000000
147841  -47.480  45.689  -4.199 0.0000000000
147843  -49.279  45.529  -4.208 0.0000000000
147844  -49.719  45.637  -4.336 0.0000000000
147860  -48.104  45.819  -7.104 0.0000000000
147862  -49.630  44.893  -6.298 0.0000000000
147867  -46.608  45.885  -7.863 0.0000000000
147868  -47.334  45.926  -7.576 0.0000000000
148437  -47.793  47.099  7.461 0.0000000000
148438  -48.190  46.822  7.033 0.0000000000
148441  -48.463  46.675  6.513 0.0000000000
148457  -47.496  47.033  5.761 0.0000000000
148458  -48.143  46.814  5.833 0.0000000000
148471  -48.031  46.558  5.482 0.0000000000
148472  -48.488  46.490  5.632 0.0000000000
148526  -43.313  47.059  -1.228 0.0000000000
148536  -45.560  47.077  -2.322 0.0000000000
148537  -46.266  47.119  -2.362 0.0000000000
148544  -44.492  46.526  -2.552 0.0000000000
148545  -45.162  46.659  -2.734 0.0000000000
148548  -48.213  46.895  -2.957 0.0000000000
148549  -48.842  47.121  -2.970 0.0000000000
148557  -46.704  46.461  -3.223 0.0000000000
148573  -49.766  45.896  -5.135 0.0000000000
148579  -49.303  46.064  -5.873 0.0000000000
149222  -47.354  48.253  7.907 0.0000000000
149225  -47.698  47.766  7.513 0.0000000000
149238  -48.221  46.998  6.250 0.0000000000
149301  -43.591  47.620  -1.030 0.0000000000
149312  -45.928  47.524  -1.883 0.0000000000
149313  -46.627  47.548  -1.960 0.0000000000
149322  -47.616  47.239  -2.486 0.0000000000
149323  -49.206  47.547  -3.110 0.0000000000
149342  -49.021  47.774  -5.263 0.0000000000
149354  -47.355  47.262  -6.754 0.0000000000
150032  -47.151  48.826  8.262 0.0000000000
150035  -47.598  48.408  7.477 0.0000000000
150115  -45.965  48.428  -0.937 0.0000000000
150117  -47.482  48.619  -1.128 0.0000000000
150140  -49.432  48.112  -3.360 0.0000000000
150147  -49.619  48.110  -4.032 0.0000000000
150155  -49.404  47.691  -4.645 0.0000000000
150836  -46.354  49.322  8.715 0.0000000000
150840  -46.890  49.410  8.446 0.0000000000
150844  -47.400  49.027  7.482 0.0000000000
150927  -44.386  49.343  -0.552 0.0000000000
150938  -47.051  49.077  -0.666 0.0000000000
150939  -47.743  49.397  -0.836 0.0000000000
150946  -48.155  48.847  -1.408 0.0000000000
150957  -49.092  48.884  -2.426 0.0000000000
151619  -46.326  50.349  8.430 0.0000000000
151620  -46.794  50.071  8.222 0.0000000000
151621  -47.053  50.091  7.717 0.0000000000
151626  -46.968  49.966  7.183 0.0000000000
151639  -45.233  49.938  6.488 0.0000000000
151703  -46.476  50.220  -0.100 0.0000000000
151715  -48.106  50.199  -0.827 0.0000000000
151716  -48.618  50.220  -1.378 0.0000000000
151753  -49.283  49.873  -5.031 0.0000000000
151762  -49.195  50.294  -5.460 0.0000000000
152374  -45.961  50.915  8.197 0.0000000000
152375  -46.384  50.594  8.133 0.0000000000
152393  -46.609  50.550  7.824 0.0000000000
152458  -46.539  51.593  0.246 0.0000000000
152468  -45.449  50.724  -0.096 0.0000000000
152471  -47.562  50.592  -0.421 0.0000000000
152490  -48.202  51.064  -1.392 0.0000000000
152491  -48.721  50.732  -1.762 0.0000000000
152492  -49.158  50.585  -2.225 0.0000000000
152510  -49.822  51.187  -3.647 0.0000000000
152520  -49.796  50.992  -4.283 0.0000000000
152529  -49.526  50.849  -5.047 0.0000000000
153254  -44.552  51.610  -0.215 0.0000000000
153255  -45.292  51.823  0.149 0.0000000000
153261  -47.253  51.813  -0.486 0.0000000000
153262  -47.706  51.369  -0.996 0.0000000000
153284  -49.472  51.356  -3.045 0.0000000000
153306  -49.691  52.100  -4.246 0.0000000000
153370  -48.566  51.278  -7.541 0.0000000000
153994  -45.229  52.926  0.342 0.0000000000
153995  -45.977  52.901  0.390 0.0000000000
153997  -46.731  52.370  0.138 0.0000000000
154010  -42.141  52.507  -0.594 0.0000000000
154011  -42.928  52.369  -0.492 0.0000000000
154014  -46.641  52.738  -0.231 0.0000000000
154015  -46.915  52.335  -0.109 0.0000000000
154020  -45.815  52.742  -1.356 0.0000000000
154028  -46.129  52.274  -1.799 0.0000000000
154040  -45.301  52.391  -2.925 0.0000000000
154042  -47.300  51.982  -3.048 0.0000000000
154055  -45.952  52.238  -3.307 0.0000000000
154058  -49.393  52.415  -3.847 0.0000000000
154072  -46.860  52.623  -3.933 0.0000000000
154090  -49.402  52.635  -5.369 0.0000000000
154741  -44.232  53.893  0.293 0.0000000000
154742  -44.825  53.462  0.323 0.0000000000
154753  -40.033  53.279  -0.711 0.0000000000
154758  -46.339  53.213  0.166 0.0000000000
154763  -44.985  53.510  -1.470 0.0000000000
154771  -43.871  53.399  -2.359 0.0000000000
154778  -43.208  53.473  -3.072 0.0000000000
154780  -44.228  53.031  -2.744 0.0000000000
154786  -43.439  53.316  -3.450 0.0000000000
154789  -48.289  52.746  -3.794 0.0000000000
154794  -43.163  53.511  -3.947 0.0000000000
154795  -44.242  53.166  -4.132 0.0000000000
154808  -45.240  53.414  -4.764 0.0000000000
154825  -49.826  53.213  -8.318 0.0000000000
155425  -44.523  54.533  0.571 0.0000000000
155427  -45.726  54.288  0.607 0.0000000000
155428  -45.982  53.902  0.381 0.0000000000
155446  -44.290  53.721  -1.823 0.0000000000
155449  -43.309  53.616  -2.615 0.0000000000
155452  -42.674  53.852  -3.606 0.0000000000
155456  -43.748  53.538  -4.486 0.0000000000
155458  -47.058  53.515  -4.612 0.0000000000
155459  -47.815  53.739  -4.602 0.0000000000
155460  -48.531  53.903  -4.772 0.0000000000
155461  -48.968  53.850  -5.170 0.0000000000
155463  -42.927  54.195  -4.845 0.0000000000
155465  -44.062  53.918  -5.004 0.0000000000
155467  -45.817  53.658  -4.968 0.0000000000
155472  -49.117  54.216  -6.433 0.0000000000
155476  -49.692  53.692  -7.852 0.0000000000
156055  -42.324  55.273  0.234 0.0000000000
156056  -42.971  54.842  0.220 0.0000000000
156059  -45.539  54.938  0.625 0.0000000000
156066  -38.513  54.967  -0.358 0.0000000000
156067  -39.842  55.035  -0.362 0.0000000000
156068  -40.909  54.798  -0.344 0.0000000000
156071  -45.937  54.985  -0.039 0.0000000000
156074  -45.553  55.331  -0.399 0.0000000000
156079  -44.158  54.364  -1.657 0.0000000000
156082  -41.861  54.670  -2.958 0.0000000000
156101  -47.569  54.821  -5.322 0.0000000000
156102  -48.157  54.824  -5.436 0.0000000000
156103  -48.581  54.697  -5.666 0.0000000000
156118  -48.982  54.796  -6.851 0.0000000000
156688  -45.337  56.429  0.816 0.0000000000
156693  -37.109  56.005  0.070 0.0000000000
156694  -41.695  55.716  0.278 0.0000000000
156697  -44.244  55.730  0.850 0.0000000000
156700  -45.629  55.710  0.311 0.0000000000
156705  -38.138  55.535  -0.259 0.0000000000
156708  -40.225  55.596  -0.196 0.0000000000
156709  -40.959  55.495  -0.093 0.0000000000
156711  -45.378  56.068  -0.276 0.0000000000
156712  -45.687  55.737  -0.027 0.0000000000
156724  -43.598  55.362  -1.557 0.0000000000
156748  -46.435  55.698  -6.099 0.0000000000
156751  -48.564  55.342  -6.364 0.0000000000
156759  -46.851  56.020  -6.391 0.0000000000
156760  -47.591  55.986  -6.435 0.0000000000
157326  -45.436  57.018  0.832 0.0000000000
157333  -37.404  56.568  0.251 0.0000000000
157334  -38.090  56.621  0.155 0.0000000000
157341  -44.556  56.316  1.131 0.0000000000
157346  -38.448  56.130  -0.170 0.0000000000
157347  -39.172  56.152  -0.140 0.0000000000
157348  -39.903  56.160  -0.072 0.0000000000
157412  -47.591  56.713  -7.238 0.0000000000
157413  -48.185  56.482  -7.480 0.0000000000
157964  -41.962  57.297  1.014 0.0000000000
157965  -42.884  57.262  1.253 0.0000000000
157967  -44.768  57.494  1.475 0.0000000000
157981  -39.149  57.200  0.353 0.0000000000
157982  -40.622  57.204  0.636 0.0000000000
157983  -41.341  56.966  0.626 0.0000000000
157984  -41.954  56.758  0.702 0.0000000000
157985  -42.581  56.682  0.908 0.0000000000
157995  -43.873  57.604  -0.411 0.0000000000
157997  -45.194  57.311  0.016 0.0000000000
157998  -45.429  56.983  0.326 0.0000000000
158009  -44.065  57.110  -0.605 0.0000000000
158632  -43.121  58.450  2.067 0.0000000000
158649  -44.445  58.037  1.792 0.0000000000
158650  -44.975  58.188  1.503 0.0000000000
158656  -38.783  57.680  0.644 0.0000000000
158661  -44.981  58.228  0.554 0.0000000000
158665  -43.757  58.225  -0.137 0.0000000000
158667  -45.012  57.792  0.236 0.0000000000
159284  -42.726  58.979  2.472 0.0000000000
159285  -43.647  59.124  2.535 0.0000000000
159286  -44.314  59.281  2.318 0.0000000000
159294  -41.297  58.406  1.709 0.0000000000
159296  -44.964  58.827  1.454 0.0000000000
159300  -44.774  59.377  1.364 0.0000000000
159306  -42.439  58.764  -0.066 0.0000000000
159878  -44.316  59.880  2.361 0.0000000000
159883  -44.494  59.931  1.843 0.0000000000
159888  -44.372  59.753  1.319 0.0000000000
174560  -44.904  58.795  0.932 0.0000000000
174629  -43.256  39.048  -3.225 0.0000000000
174816  -45.416  36.635  5.691 0.0000000000
175452  -45.529  38.135  -2.130 0.0000000000
175693  -45.677  41.949  6.577 0.0000000000
175765  -48.912  35.898  6.445 0.0000000000
175903  -44.188  38.110  -5.393 0.0000000000
176725  -43.410  38.720  -4.145 0.0000000000
177139  -45.630  37.986  -2.852 0.0000000000
177308  -40.936  39.478  -4.208 0.0000000000
178418  -41.309  36.980  4.444 0.0000000000
178842  -47.291  37.334  -0.803 0.0000000000
179232  -47.172  39.897  7.519 0.0000000000
179431  -49.054  39.445  -1.695 0.0000000000
179451  -43.251  36.550  5.697 0.0000000000
179468  -46.817  37.631  -0.819 0.0000000000
179556  -48.461  36.255  3.790 0.0000000000
179864  -48.525  37.462  -6.042 0.0000000000
180077  -45.403  36.410  6.203 0.0000000000
180642  -45.323  56.703  -0.180 0.0000000000
180714  -41.552  37.937  2.926 0.0000000000
180871  -46.355  36.358  6.389 0.0000000000
180986  -44.854  38.100  1.911 0.0000000000
181179  -50.532  38.571  0.015 0.0000000000
181789  -49.445  48.467  -4.561 0.0000000000
182038  -45.032  51.179  -0.160 0.0000000000
182250  -49.240  44.040  -7.127 0.0000000000
182412  -44.231  38.765  -2.528 0.0000000000
182878  -44.710  39.345  -9.611 0.0000000000
182885  -47.399  42.633  6.282 0.0000000000
182984  -45.996  36.953  -8.379 0.0000000000
183028  -46.371  36.971  -8.760 0.0000000000
183371  -50.645  38.214  3.146 0.0000000000
183423  -49.701  46.167  -4.135 0.0000000000
183431  -50.400  38.303  4.704 0.0000000000
183640  -43.967  41.960  -1.047 0.0000000000
183901  -45.462  54.657  -0.680 0.0000000000
184161  -45.194  37.885  -4.677 0.0000000000
184310  -43.255  54.850  -1.888 0.0000000000
184320  -46.706  39.337  -4.652 0.0000000000
184745  -46.657  39.934  -10.210 0.0000000000
184781  -45.172  41.153  -5.216 0.0000000000
184872  -43.546  54.417  -1.891 0.0000000000
184904  -46.759  39.054  -10.112 0.0000000000
184949  -44.759  35.429  11.842 0.0000000000
184991  -49.255  43.707  5.169 0.0000000000
185159  -47.207  47.521  -2.087 0.0000000000
185366  -50.284  35.329  1.389 0.0000000000
185420  -48.256  52.113  -3.236 0.0000000000
185447  -43.211  53.817  -4.486 0.0000000000
186022  -42.308  51.830  -0.521 0.0000000000
186054  -39.931  39.761  -0.844 0.0000000000
187057  -44.781  40.337  6.952 0.0000000000
187116  -44.217  50.300  -0.366 0.0000000000
187762  -50.979  36.217  -0.474 0.0000000000
188306  -49.403  48.662  -2.979 0.0000000000
188709  -50.602  38.908  1.832 0.0000000000
189347  -40.849  56.656  0.411 0.0000000000
189672  -51.451  35.738  7.121 0.0000000000
189756  -44.134  36.394  6.193 0.0000000000
190022  -44.109  38.805  -0.687 0.0000000000
190387  -42.113  45.053  -1.199 0.0000000000
190409  -44.280  41.884  -3.219 0.0000000000
190537  -48.113  32.769  12.357 0.0000000000
191245  -40.217  54.470  -0.445 0.0000000000
191687  -49.153  37.331  10.095 0.0000000000
191899  -51.001  37.416  1.507 0.0000000000
191947  -46.572  44.541  6.728 0.0000000000
192310  -41.347  53.755  -0.604 0.0000000000
192433  -47.555  38.801  -8.873 0.0000000000
192716  -47.973  38.497  -4.564 0.0000000000
193755  -46.465  54.088  -5.130 0.0000000000
194477  -44.631  42.570  -8.408 0.0000000000
194506  -46.255  50.842  7.451 0.0000000000
194552  -45.813  54.476  0.497 0.0000000000
196064  -49.388  54.746  -8.140 0.0000000000
196360  -47.832  44.915  6.642 0.0000000000
196862  -46.916  54.789  -5.364 0.0000000000
196872  -40.807  39.741  -2.006 0.0000000000
196931  -47.266  42.527  2.353 0.0000000000
196990  -43.266  37.941  -6.881 0.0000000000
197013  -45.850  42.115  1.665 0.0000000000
197062  -43.225  36.777  5.239 0.0000000000
197756  -42.577  53.658  -0.461 0.0000000000
197959  -46.263  43.355  6.450 0.0000000000
198188  -41.029  39.416  0.271 0.0000000000
198198  -49.821  35.633  5.695 0.0000000000
198245  -46.253  43.913  -9.016 0.0000000000
198512  -41.586  43.738  3.235 0.0000000000
198891  -41.205  53.173  -0.727 0.0000000000
198919  -48.173  45.880  6.903 0.0000000000
198957  -49.590  44.473  -6.469 0.0000000000
199027  -46.877  42.323  -9.869 0.0000000000
199127  -44.124  37.461  -7.500 0.0000000000
199640  -48.009  37.436  10.024 0.0000000000
199852  -49.804  40.320  0.786 0.0000000000
200012  -44.843  44.217  -7.797 0.0000000000
200297  -40.300  53.862  -0.589 0.0000000000
200454  -49.565  37.417  9.924 0.0000000000
200626  -49.194  34.006  11.967 0.0000000000
201319  -48.971  45.741  6.017 0.0000000000
201516  -45.469  38.160  0.711 0.0000000000
201677  -49.154  43.617  -7.304 0.0000000000
201683  -47.391  46.341  -3.422 0.0000000000
201753  -43.686  38.943  -0.736 0.0000000000
201783  -51.474  35.186  3.505 0.0000000000
201893  -51.228  35.542  7.078 0.0000000000
202039  -49.055  43.651  -6.718 0.0000000000
202139  -45.136  41.161  -1.802 0.0000000000
203319  -49.631  46.717  -4.551 0.0000000000
203480  -49.211  36.032  1.580 0.0000000000
203847  -50.610  38.032  4.312 0.0000000000
203919  -50.952  35.045  10.561 0.0000000000
204197  -43.201  56.393  -1.198 0.0000000000
204332  -44.964  56.364  -0.563 0.0000000000
205120  -50.072  38.280  -1.943 0.0000000000
205162  -46.758  47.426  -7.039 0.0000000000
205429  -45.999  41.017  -7.030 0.0000000000
205503  -45.010  55.598  0.750 0.0000000000
206152  -45.507  38.233  0.277 0.0000000000
206217  -41.322  39.661  -2.816 0.0000000000
206506  -44.221  51.913  -0.257 0.0000000000
206581  -43.354  37.898  2.861 0.0000000000
206583  -49.454  49.623  -4.556 0.0000000000
207063  -43.105  42.516  -0.595 0.0000000000
207304  -49.897  41.894  3.712 0.0000000000
207400  -49.726  42.106  4.581 0.0000000000
207421  -49.727  46.275  -4.860 0.0000000000
207484  -48.793  43.138  -7.088 0.0000000000
207715  -46.146  45.177  -8.303 0.0000000000
207748  -46.789  53.778  -4.874 0.0000000000
207763  -50.608  37.580  8.776 0.0000000000
207892  -45.144  50.200  -0.286 0.0000000000
208009  -48.839  42.562  5.998 0.0000000000
208293  -39.871  36.227  5.182 0.0000000000
208486  -48.744  49.756  -1.724 0.0000000000
208558  -49.501  46.387  -3.772 0.0000000000
208837  -48.298  42.416  -9.188 0.0000000000
208974  -50.164  41.268  3.527 0.0000000000
209268  -45.333  42.597  -5.901 0.0000000000
209667  -48.230  47.873  -2.147 0.0000000000
209792  -42.166  43.383  2.579 0.0000000000
209897  -51.566  35.838  7.607 0.0000000000
209941  -46.331  37.910  -0.012 0.0000000000
