#!ascii label  , from subject sub-02_ses-013.long.sub-02 vox2ras=TkReg
1791
189751  13.363  -19.806  55.359 0.0000000000
63791  8.567  -19.421  35.914 0.0000000000
54820  5.177  -24.280  49.321 0.0000000000
66087  5.150  -16.888  49.441 0.0000000000
75853  6.968  -10.970  45.495 0.0000000000
54766  9.437  -22.836  54.801 0.0000000000
208610  7.228  -19.097  55.280 0.0000000000
59849  16.328  -19.635  55.367 0.0000000000
54787  12.265  -23.380  53.066 0.0000000000
51125  8.253  -25.645  49.110 0.0000000000
74668  6.054  -12.085  53.598 0.0000000000
71104  6.376  -13.934  47.892 0.0000000000
80483  5.384  -8.275  51.421 0.0000000000
56142  4.924  -23.828  45.687 0.0000000000
59973  6.820  -20.992  44.973 0.0000000000
217574  6.178  -20.985  50.082 0.0000000000
210072  6.490  -15.203  54.839 0.0000000000
207421  9.466  -17.260  43.480 0.0000000000
69937  6.537  -14.682  40.028 0.0000000000
74834  4.751  -11.076  38.988 0.0000000000
217184  8.067  -7.380  43.371 0.0000000000
59842  11.307  -21.812  55.913 0.0000000000
61056  10.037  -20.004  54.923 0.0000000000
62266  15.100  -19.671  56.043 0.0000000000
56057  14.637  -21.923  54.708 0.0000000000
57329  12.855  -22.343  56.369 0.0000000000
203984  10.734  -24.614  54.386 0.0000000000
77029  5.533  -10.029  52.388 0.0000000000
226124  4.252  -24.309  47.274 0.0000000000
58687  5.130  -22.810  47.961 0.0000000000
193246  5.841  -23.122  49.321 0.0000000000
67186  8.962  -16.002  56.451 0.0000000000
66023  6.947  -16.871  54.990 0.0000000000
49947  6.635  -26.138  49.709 0.0000000000
204301  6.435  -26.191  47.060 0.0000000000
52357  4.868  -25.454  47.180 0.0000000000
52374  4.492  -25.398  45.936 0.0000000000
62327  6.924  -19.482  47.904 0.0000000000
62343  8.434  -19.382  45.112 0.0000000000
220143  6.664  -17.666  46.543 0.0000000000
73569  7.121  -12.191  46.076 0.0000000000
217044  5.036  -14.842  43.776 0.0000000000
193308  5.599  -12.891  42.993 0.0000000000
221286  5.445  -13.283  39.442 0.0000000000
75869  5.876  -11.412  42.088 0.0000000000
53548  7.163  -23.633  51.780 0.0000000000
57355  6.630  -21.860  52.123 0.0000000000
58593  8.301  -20.552  55.111 0.0000000000
64820  9.250  -17.726  55.406 0.0000000000
58611  18.026  -20.085  53.132 0.0000000000
58663  16.600  -20.225  49.672 0.0000000000
57366  15.780  -21.384  52.533 0.0000000000
56091  13.119  -21.944  51.267 0.0000000000
52325  10.009  -24.329  50.887 0.0000000000
51052  8.431  -24.589  51.423 0.0000000000
189813  6.211  -13.922  52.189 0.0000000000
69815  5.186  -15.016  48.687 0.0000000000
72311  6.454  -12.787  51.260 0.0000000000
223230  7.191  -10.810  50.225 0.0000000000
78232  6.735  -8.977  49.036 0.0000000000
66041  15.141  -17.691  54.114 0.0000000000
204384  20.980  -17.382  51.981 0.0000000000
66019  22.327  -15.693  54.812 0.0000000000
216024  18.599  -17.645  55.854 0.0000000000
67184  17.065  -16.996  55.564 0.0000000000
56159  4.863  -23.743  43.484 0.0000000000
58780  5.133  -22.251  42.822 0.0000000000
58738  5.396  -22.292  45.287 0.0000000000
61094  7.063  -21.076  48.314 0.0000000000
63596  6.174  -18.787  49.599 0.0000000000
61071  6.116  -19.666  52.870 0.0000000000
64853  6.077  -17.716  52.696 0.0000000000
67262  5.991  -16.122  52.331 0.0000000000
72277  6.719  -13.530  54.693 0.0000000000
61194  7.055  -21.105  42.114 0.0000000000
62458  8.226  -19.822  40.916 0.0000000000
215056  9.694  -18.295  39.210 0.0000000000
66113  5.106  -16.307  44.926 0.0000000000
68644  7.925  -15.596  41.519 0.0000000000
67415  9.676  -16.364  37.806 0.0000000000
69996  7.121  -14.727  37.103 0.0000000000
71281  5.877  -13.971  35.912 0.0000000000
191676  5.159  -5.657  50.285 0.0000000000
81715  6.091  -7.225  47.634 0.0000000000
84459  5.078  -4.635  46.191 0.0000000000
79374  7.592  -8.605  44.345 0.0000000000
77147  6.526  -10.366  40.884 0.0000000000
221544  12.422  -20.834  55.521 0.0000000000
61054  11.752  -20.639  54.972 0.0000000000
62299  12.682  -19.349  54.254 0.0000000000
62267  14.369  -19.956  55.996 0.0000000000
58579  14.430  -21.514  57.505 0.0000000000
61035  13.481  -20.870  56.211 0.0000000000
57331  11.304  -22.656  56.327 0.0000000000
62559  7.739  -20.283  35.156 0.0000000000
63803  8.613  -18.814  35.230 0.0000000000
54829  3.823  -24.095  48.700 0.0000000000
56119  4.557  -23.395  48.488 0.0000000000
56102  5.398  -23.744  49.340 0.0000000000
59894  18.681  -19.964  48.802 0.0000000000
208380  5.445  -25.218  49.682 0.0000000000
199878  5.667  -25.864  48.793 0.0000000000
52344  4.848  -24.961  48.544 0.0000000000
53603  4.607  -24.819  47.326 0.0000000000
64865  5.489  -18.325  48.189 0.0000000000
63610  6.725  -18.589  47.243 0.0000000000
64870  5.047  -17.738  48.007 0.0000000000
194315  7.206  -11.200  46.072 0.0000000000
73581  5.784  -12.465  44.439 0.0000000000
74746  6.551  -12.020  44.466 0.0000000000
74762  5.626  -11.809  42.124 0.0000000000
75860  6.880  -11.685  43.296 0.0000000000
54777  7.914  -23.298  53.602 0.0000000000
56062  7.526  -22.386  53.752 0.0000000000
57335  8.914  -21.770  54.964 0.0000000000
211649  9.358  -18.758  55.133 0.0000000000
67203  9.996  -15.699  55.451 0.0000000000
58600  17.279  -20.143  54.036 0.0000000000
191575  16.951  -21.067  52.619 0.0000000000
58614  16.486  -20.959  53.718 0.0000000000
54785  12.884  -23.087  53.813 0.0000000000
200703  13.998  -22.004  53.056 0.0000000000
56080  12.849  -22.884  52.556 0.0000000000
53562  10.851  -23.653  51.577 0.0000000000
53523  9.946  -24.161  55.431 0.0000000000
52295  9.692  -24.056  52.905 0.0000000000
52292  9.130  -24.057  53.034 0.0000000000
52306  7.596  -24.109  51.886 0.0000000000
72298  6.271  -13.085  52.709 0.0000000000
72305  6.297  -13.012  51.784 0.0000000000
73534  6.558  -12.280  52.232 0.0000000000
78152  5.683  -9.520  51.777 0.0000000000
77064  6.252  -10.325  51.157 0.0000000000
78189  6.485  -9.389  50.606 0.0000000000
77081  7.030  -10.081  49.537 0.0000000000
79291  6.176  -8.872  50.100 0.0000000000
62274  19.814  -17.980  54.616 0.0000000000
56147  4.594  -23.966  44.615 0.0000000000
57434  5.026  -23.132  44.701 0.0000000000
215242  5.027  -23.387  45.284 0.0000000000
58666  6.119  -22.178  49.067 0.0000000000
226152  6.232  -22.273  48.236 0.0000000000
59892  6.574  -21.343  49.289 0.0000000000
62317  6.862  -19.776  48.967 0.0000000000
62315  6.436  -19.893  50.268 0.0000000000
61057  7.001  -19.998  54.224 0.0000000000
61073  6.296  -20.854  52.383 0.0000000000
205065  6.431  -19.448  54.624 0.0000000000
67206  6.711  -15.905  55.026 0.0000000000
66043  6.609  -17.103  53.718 0.0000000000
221753  6.498  -16.326  53.702 0.0000000000
66068  5.715  -17.396  52.402 0.0000000000
67232  6.437  -15.913  53.682 0.0000000000
223447  6.731  -14.849  53.723 0.0000000000
69766  6.633  -14.920  54.474 0.0000000000
58664  15.849  -20.394  49.716 0.0000000000
59908  15.863  -20.210  47.986 0.0000000000
52349  8.552  -25.424  48.706 0.0000000000
53608  8.440  -24.925  47.123 0.0000000000
52355  8.053  -25.540  47.800 0.0000000000
51170  5.618  -26.644  46.030 0.0000000000
52372  6.772  -26.303  45.756 0.0000000000
54888  4.533  -24.413  45.824 0.0000000000
202340  4.445  -24.793  44.797 0.0000000000
209914  5.925  -21.544  44.159 0.0000000000
60025  5.816  -21.359  43.028 0.0000000000
61175  7.025  -21.081  43.409 0.0000000000
62358  9.198  -18.680  43.993 0.0000000000
62382  8.841  -19.755  42.978 0.0000000000
63660  9.540  -18.928  42.017 0.0000000000
63702  9.679  -19.038  40.284 0.0000000000
64907  9.931  -17.828  41.324 0.0000000000
69827  5.124  -14.722  48.016 0.0000000000
67335  3.782  -16.332  46.955 0.0000000000
69842  4.894  -15.384  46.009 0.0000000000
68648  6.083  -14.799  41.838 0.0000000000
67371  6.447  -15.507  42.307 0.0000000000
68674  7.475  -15.297  40.292 0.0000000000
220348  9.450  -15.894  39.658 0.0000000000
68696  8.115  -15.092  38.754 0.0000000000
68716  8.241  -15.263  36.921 0.0000000000
206486  6.775  -14.739  38.461 0.0000000000
72447  5.242  -12.704  39.315 0.0000000000
71250  5.911  -13.981  37.564 0.0000000000
72478  5.342  -12.945  36.772 0.0000000000
85723  5.185  -4.146  50.001 0.0000000000
81709  5.418  -6.767  48.769 0.0000000000
191625  5.205  -5.671  48.330 0.0000000000
83113  7.409  -5.485  43.907 0.0000000000
81768  7.174  -6.288  44.561 0.0000000000
80582  7.020  -6.802  45.823 0.0000000000
80592  7.775  -7.821  44.006 0.0000000000
77131  7.553  -10.232  42.787 0.0000000000
79386  8.459  -8.959  42.771 0.0000000000
212331  9.931  -22.598  56.360 0.0000000000
207844  9.631  -21.451  55.484 0.0000000000
61046  10.587  -20.816  55.015 0.0000000000
199370  16.618  -20.504  56.946 0.0000000000
210227  15.612  -20.873  54.868 0.0000000000
58583  15.818  -21.705  57.220 0.0000000000
56048  14.028  -22.186  56.043 0.0000000000
54775  12.410  -23.584  54.618 0.0000000000
53541  11.576  -23.809  53.864 0.0000000000
54762  11.459  -23.934  55.895 0.0000000000
56043  10.245  -23.229  56.499 0.0000000000
76995  5.882  -11.059  54.684 0.0000000000
77009  5.780  -11.119  53.108 0.0000000000
215810  5.508  -9.336  54.297 0.0000000000
79257  5.225  -8.295  53.775 0.0000000000
81672  5.116  -6.962  53.560 0.0000000000
56131  4.541  -23.720  46.556 0.0000000000
195523  4.524  -23.336  46.659 0.0000000000
207111  4.292  -23.205  47.099 0.0000000000
58667  5.483  -22.705  48.659 0.0000000000
59887  6.474  -21.708  49.913 0.0000000000
64805  8.007  -17.239  56.403 0.0000000000
64822  6.976  -17.304  55.353 0.0000000000
67195  7.750  -16.309  56.493 0.0000000000
68456  7.976  -15.206  56.124 0.0000000000
211157  7.380  -14.796  55.807 0.0000000000
216364  7.304  -13.843  56.307 0.0000000000
49945  7.219  -26.523  49.318 0.0000000000
51142  7.070  -26.008  47.523 0.0000000000
51129  6.474  -25.965  48.398 0.0000000000
51144  5.963  -25.981  47.431 0.0000000000
51171  5.167  -26.325  46.246 0.0000000000
52373  4.632  -26.122  45.976 0.0000000000
52366  4.597  -25.478  46.304 0.0000000000
53617  4.419  -24.938  46.463 0.0000000000
61109  7.564  -20.191  46.544 0.0000000000
61151  7.379  -20.435  44.737 0.0000000000
62329  7.708  -19.188  46.345 0.0000000000
64878  7.865  -18.384  46.009 0.0000000000
66103  7.965  -17.396  45.045 0.0000000000
72341  7.237  -12.936  46.824 0.0000000000
71120  5.529  -14.109  45.946 0.0000000000
72356  5.521  -13.236  45.106 0.0000000000
72378  5.143  -13.437  43.665 0.0000000000
194072  5.540  -14.107  41.137 0.0000000000
69956  5.989  -14.091  39.622 0.0000000000
72409  5.299  -12.785  40.750 0.0000000000
73640  5.308  -11.945  40.478 0.0000000000
75882  5.244  -11.066  40.388 0.0000000000
83121  8.190  -5.893  43.125 0.0000000000
79394  8.687  -8.514  42.534 0.0000000000
80606  9.273  -7.746  42.143 0.0000000000
53564  5.973  -23.992  50.671 0.0000000000
226769  5.983  -23.897  50.583 0.0000000000
56076  6.983  -22.931  52.051 0.0000000000
58609  7.151  -21.344  53.633 0.0000000000
61041  7.972  -19.733  55.100 0.0000000000
194453  9.183  -20.539  55.314 0.0000000000
62270  8.744  -19.194  55.384 0.0000000000
63549  8.401  -18.539  55.581 0.0000000000
200614  9.340  -16.233  56.050 0.0000000000
59877  18.872  -19.875  52.114 0.0000000000
58661  18.338  -20.506  49.625 0.0000000000
58629  17.358  -20.546  51.741 0.0000000000
57353  15.317  -21.615  53.444 0.0000000000
57368  14.365  -21.437  52.191 0.0000000000
57386  13.449  -21.474  50.713 0.0000000000
52342  9.144  -24.795  49.552 0.0000000000
52336  8.716  -25.212  49.860 0.0000000000
53551  10.471  -23.794  52.996 0.0000000000
52320  9.468  -24.388  51.027 0.0000000000
51086  8.199  -25.823  50.031 0.0000000000
51088  7.466  -25.953  50.173 0.0000000000
51056  6.731  -25.221  50.376 0.0000000000
68521  5.864  -15.360  50.870 0.0000000000
191307  5.171  -15.876  49.481 0.0000000000
69808  5.958  -14.548  50.042 0.0000000000
71089  6.264  -14.068  49.773 0.0000000000
72318  6.920  -12.995  50.084 0.0000000000
219986  6.474  -11.443  52.038 0.0000000000
73547  7.132  -11.876  50.781 0.0000000000
72333  7.306  -12.802  48.511 0.0000000000
74729  8.022  -11.704  48.532 0.0000000000
197137  7.741  -10.496  48.604 0.0000000000
77108  7.538  -9.997  47.399 0.0000000000
64833  14.658  -18.356  54.621 0.0000000000
62311  20.113  -18.628  51.054 0.0000000000
66037  24.282  -14.886  53.321 0.0000000000
67189  23.969  -15.066  54.930 0.0000000000
66039  22.735  -15.646  53.620 0.0000000000
200965  21.839  -16.479  53.544 0.0000000000
62303  20.528  -17.898  53.095 0.0000000000
61075  19.795  -18.947  52.496 0.0000000000
59856  18.317  -19.455  53.986 0.0000000000
61030  18.009  -19.217  56.436 0.0000000000
65996  17.716  -17.159  55.666 0.0000000000
62256  17.660  -19.022  57.220 0.0000000000
64811  16.016  -18.610  55.789 0.0000000000
64819  15.267  -18.717  55.019 0.0000000000
58752  4.994  -22.458  44.338 0.0000000000
59996  5.825  -21.828  44.874 0.0000000000
213616  5.226  -22.797  46.427 0.0000000000
58720  6.124  -21.927  46.188 0.0000000000
59932  6.679  -21.545  46.654 0.0000000000
61090  7.285  -20.165  48.265 0.0000000000
62323  6.165  -19.358  48.746 0.0000000000
64862  5.785  -17.973  49.221 0.0000000000
204661  6.723  -22.725  50.856 0.0000000000
206593  6.575  -21.864  50.790 0.0000000000
202794  6.036  -20.566  50.952 0.0000000000
63565  6.616  -18.644  54.489 0.0000000000
63585  6.346  -18.557  53.026 0.0000000000
62309  5.934  -19.492  51.323 0.0000000000
64856  5.462  -18.362  51.408 0.0000000000
210831  5.302  -17.890  51.090 0.0000000000
68511  5.568  -16.470  51.367 0.0000000000
190015  6.339  -15.282  52.201 0.0000000000
71058  6.674  -14.081  53.411 0.0000000000
73508  6.445  -12.592  53.986 0.0000000000
72268  6.751  -13.240  55.479 0.0000000000
73490  6.542  -12.350  55.544 0.0000000000
75775  6.106  -11.640  54.880 0.0000000000
53625  8.070  -25.337  45.161 0.0000000000
52363  7.291  -25.877  46.546 0.0000000000
61174  7.759  -20.646  43.214 0.0000000000
207455  7.565  -20.411  41.351 0.0000000000
63769  9.644  -18.512  37.826 0.0000000000
66095  4.832  -17.147  46.985 0.0000000000
66106  5.711  -16.701  45.557 0.0000000000
67342  7.813  -16.553  44.016 0.0000000000
211082  3.701  -15.952  43.722 0.0000000000
67358  6.702  -16.150  43.040 0.0000000000
67355  9.030  -16.341  42.438 0.0000000000
67387  9.797  -16.605  40.672 0.0000000000
66165  10.215  -17.168  38.597 0.0000000000
65018  9.613  -17.775  36.685 0.0000000000
67452  8.899  -16.621  35.661 0.0000000000
69997  6.589  -14.613  37.529 0.0000000000
70022  6.847  -14.523  35.959 0.0000000000
83028  5.302  -5.908  52.849 0.0000000000
85683  5.386  -4.495  52.226 0.0000000000
227667  5.252  -7.057  50.820 0.0000000000
80506  5.783  -8.031  49.211 0.0000000000
196091  6.708  -8.153  48.460 0.0000000000
196762  7.437  -8.740  46.629 0.0000000000
83073  5.699  -6.035  46.926 0.0000000000
227403  7.223  -7.706  46.469 0.0000000000
78266  7.628  -9.582  45.436 0.0000000000
77123  7.277  -11.159  42.965 0.0000000000
75875  5.701  -10.614  41.301 0.0000000000
75889  5.692  -10.481  40.393 0.0000000000
77179  6.536  -10.495  39.050 0.0000000000
62278  12.962  -20.236  55.577 0.0000000000
221806  12.660  -19.950  55.186 0.0000000000
62291  13.072  -19.591  54.844 0.0000000000
62285  13.846  -19.573  55.280 0.0000000000
61034  14.059  -20.475  56.251 0.0000000000
61044  13.328  -20.605  55.900 0.0000000000
61036  12.697  -21.129  56.084 0.0000000000
223543  8.180  -19.972  35.708 0.0000000000
62565  8.202  -19.612  35.075 0.0000000000
54819  4.090  -24.221  49.088 0.0000000000
198379  4.895  -23.979  49.165 0.0000000000
56103  5.600  -23.716  49.510 0.0000000000
59888  19.745  -20.021  49.836 0.0000000000
59903  19.062  -19.637  48.380 0.0000000000
59890  19.033  -20.336  49.337 0.0000000000
52338  5.140  -24.891  49.260 0.0000000000
226544  4.892  -24.922  49.021 0.0000000000
209104  4.083  -24.563  48.947 0.0000000000
208847  4.519  -24.592  48.077 0.0000000000
64866  5.469  -17.751  48.549 0.0000000000
64869  5.433  -18.157  47.688 0.0000000000
204603  4.506  -17.235  48.315 0.0000000000
74740  6.669  -11.490  45.616 0.0000000000
74745  6.622  -11.444  45.000 0.0000000000
74750  6.493  -12.014  43.716 0.0000000000
75855  7.056  -10.882  44.701 0.0000000000
54767  8.802  -22.943  54.286 0.0000000000
56060  8.210  -22.802  54.276 0.0000000000
56055  8.933  -22.454  54.882 0.0000000000
58601  16.819  -20.167  54.300 0.0000000000
58608  16.903  -20.640  53.802 0.0000000000
225054  16.369  -20.683  54.115 0.0000000000
54786  12.688  -23.436  53.453 0.0000000000
54790  13.028  -22.950  53.284 0.0000000000
54791  12.680  -23.167  52.887 0.0000000000
54798  12.434  -22.955  52.320 0.0000000000
54792  12.114  -23.154  52.480 0.0000000000
53561  11.214  -23.414  51.263 0.0000000000
53549  11.635  -23.369  52.586 0.0000000000
54765  9.764  -23.391  55.254 0.0000000000
53529  9.794  -23.480  54.214 0.0000000000
53530  9.179  -23.152  53.940 0.0000000000
53538  8.158  -23.803  53.400 0.0000000000
73516  6.252  -12.488  53.240 0.0000000000
218953  6.361  -12.650  52.547 0.0000000000
74677  6.164  -11.954  52.897 0.0000000000
79273  5.774  -9.017  51.372 0.0000000000
78169  6.083  -9.412  51.195 0.0000000000
79278  6.031  -8.857  50.666 0.0000000000
78211  6.483  -9.233  50.236 0.0000000000
79292  5.901  -8.532  50.286 0.0000000000
57435  4.852  -23.661  44.998 0.0000000000
58652  6.387  -21.824  49.517 0.0000000000
59886  6.346  -21.143  49.733 0.0000000000
61087  6.522  -20.479  49.451 0.0000000000
61082  6.247  -20.471  49.947 0.0000000000
62281  7.247  -19.399  54.887 0.0000000000
61062  6.538  -19.856  54.331 0.0000000000
63557  6.964  -19.155  55.072 0.0000000000
68467  6.583  -15.486  55.135 0.0000000000
194771  6.664  -16.477  54.058 0.0000000000
67216  6.652  -15.872  54.441 0.0000000000
67224  6.570  -15.894  54.057 0.0000000000
68483  6.579  -15.438  54.364 0.0000000000
69774  6.658  -15.030  54.069 0.0000000000
69758  6.762  -14.648  54.968 0.0000000000
52354  8.461  -25.350  48.172 0.0000000000
52350  8.199  -25.574  48.478 0.0000000000
213886  5.593  -26.727  45.523 0.0000000000
205523  4.471  -24.756  45.376 0.0000000000
54900  4.570  -24.213  45.170 0.0000000000
223123  4.473  -24.329  44.720 0.0000000000
59995  6.386  -21.500  44.657 0.0000000000
227416  6.403  -21.162  43.833 0.0000000000
61152  6.799  -21.085  44.229 0.0000000000
64886  9.447  -17.909  43.744 0.0000000000
63630  9.656  -18.448  43.397 0.0000000000
64894  9.836  -17.818  43.048 0.0000000000
63659  9.884  -18.482  41.623 0.0000000000
64893  9.839  -17.378  42.352 0.0000000000
71105  5.595  -14.195  47.551 0.0000000000
71106  5.268  -14.860  47.113 0.0000000000
71111  5.170  -14.789  46.304 0.0000000000
68676  6.583  -14.892  40.576 0.0000000000
68660  6.918  -15.112  41.075 0.0000000000
68675  6.943  -15.079  40.407 0.0000000000
68685  7.966  -15.238  39.624 0.0000000000
68697  7.372  -15.241  39.091 0.0000000000
69972  7.314  -14.856  38.532 0.0000000000
69973  6.986  -14.821  38.946 0.0000000000
204479  5.023  -11.802  39.204 0.0000000000
73672  5.232  -12.510  38.723 0.0000000000
73682  5.189  -12.477  37.996 0.0000000000
86914  5.927  -3.581  51.120 0.0000000000
86956  5.381  -3.541  49.840 0.0000000000
192494  5.091  -4.545  48.972 0.0000000000
85743  5.183  -3.726  48.898 0.0000000000
81774  7.692  -6.317  43.526 0.0000000000
222293  7.017  -5.811  44.432 0.0000000000
81767  7.372  -6.631  44.189 0.0000000000
80585  7.443  -7.296  44.613 0.0000000000
79380  8.062  -8.067  43.437 0.0000000000
220754  8.155  -8.605  43.173 0.0000000000
58589  10.520  -21.982  56.081 0.0000000000
59843  10.760  -21.662  55.748 0.0000000000
59851  11.087  -21.393  55.461 0.0000000000
62293  11.445  -19.723  54.452 0.0000000000
61026  15.882  -20.076  56.615 0.0000000000
58582  16.344  -21.180  56.822 0.0000000000
59832  15.666  -20.536  57.113 0.0000000000
57326  13.834  -22.031  57.026 0.0000000000
204794  14.506  -22.383  57.049 0.0000000000
56049  13.246  -22.752  55.897 0.0000000000
54774  12.729  -23.116  54.972 0.0000000000
54760  12.649  -23.089  55.472 0.0000000000
218843  11.829  -23.860  55.466 0.0000000000
56051  11.621  -23.423  56.055 0.0000000000
58587  11.180  -22.259  56.147 0.0000000000
56042  10.742  -23.242  56.549 0.0000000000
57332  10.577  -22.712  56.477 0.0000000000
213862  10.178  -22.678  56.501 0.0000000000
78134  5.603  -10.190  54.611 0.0000000000
79255  5.356  -8.115  54.545 0.0000000000
80468  5.180  -7.477  54.145 0.0000000000
80471  5.099  -7.784  53.280 0.0000000000
81669  5.321  -6.601  54.406 0.0000000000
54863  4.221  -24.056  47.131 0.0000000000
204016  3.997  -23.499  47.545 0.0000000000
57395  5.313  -23.103  48.784 0.0000000000
58653  5.988  -22.455  49.290 0.0000000000
58641  6.442  -22.477  49.843 0.0000000000
66006  8.715  -16.531  56.494 0.0000000000
66008  7.904  -16.690  56.573 0.0000000000
67187  8.462  -15.999  56.616 0.0000000000
68448  8.270  -15.421  56.427 0.0000000000
68457  7.638  -15.342  55.964 0.0000000000
69749  7.910  -14.144  56.723 0.0000000000
71029  7.743  -13.701  57.083 0.0000000000
49946  6.877  -26.509  49.470 0.0000000000
51128  6.967  -26.018  48.621 0.0000000000
49955  6.927  -26.183  49.136 0.0000000000
51145  5.359  -25.636  47.557 0.0000000000
51130  5.882  -25.791  48.215 0.0000000000
51157  5.285  -25.971  46.831 0.0000000000
52365  4.852  -25.747  46.485 0.0000000000
54851  4.391  -24.439  47.120 0.0000000000
216112  4.449  -24.816  46.957 0.0000000000
54864  4.430  -24.306  46.722 0.0000000000
54875  4.495  -24.322  46.318 0.0000000000
62326  7.409  -19.968  47.595 0.0000000000
62333  7.643  -19.662  46.279 0.0000000000
62330  7.521  -19.641  46.902 0.0000000000
64873  6.324  -18.025  46.992 0.0000000000
63614  7.642  -18.605  46.389 0.0000000000
64879  7.368  -18.002  46.232 0.0000000000
64881  7.865  -17.769  45.701 0.0000000000
66098  7.010  -17.337  45.998 0.0000000000
73567  7.202  -12.846  46.107 0.0000000000
72346  6.533  -13.121  45.798 0.0000000000
72355  6.352  -13.020  45.200 0.0000000000
73592  5.493  -12.782  43.807 0.0000000000
73582  5.417  -12.708  44.349 0.0000000000
72386  5.217  -13.505  42.875 0.0000000000
71172  5.517  -14.048  41.813 0.0000000000
72398  5.380  -13.502  42.079 0.0000000000
71185  5.563  -13.768  40.649 0.0000000000
191998  5.269  -12.867  41.554 0.0000000000
74773  5.495  -11.348  41.820 0.0000000000
74774  5.325  -11.555  41.438 0.0000000000
74785  5.340  -11.178  41.389 0.0000000000
74798  5.214  -11.463  40.447 0.0000000000
196837  8.405  -5.249  43.209 0.0000000000
81782  8.671  -6.193  42.765 0.0000000000
81781  8.967  -6.971  42.458 0.0000000000
53555  6.046  -24.137  51.233 0.0000000000
54793  6.109  -24.085  51.281 0.0000000000
54784  6.934  -23.193  51.995 0.0000000000
58598  7.994  -21.196  54.849 0.0000000000
57345  7.260  -21.938  53.490 0.0000000000
58599  7.613  -20.763  54.716 0.0000000000
59854  7.735  -20.088  54.645 0.0000000000
59846  8.036  -19.981  54.970 0.0000000000
59853  9.544  -20.567  55.110 0.0000000000
222280  9.088  -20.906  55.753 0.0000000000
62268  9.057  -18.893  55.354 0.0000000000
63547  8.876  -18.339  55.569 0.0000000000
63548  8.723  -18.416  55.588 0.0000000000
64812  9.197  -17.959  55.386 0.0000000000
198178  8.878  -17.080  56.063 0.0000000000
200113  9.159  -17.001  55.808 0.0000000000
59870  18.424  -19.793  52.874 0.0000000000
58628  18.085  -20.342  51.660 0.0000000000
58623  17.722  -20.581  52.601 0.0000000000
58625  16.363  -21.208  52.465 0.0000000000
58630  16.837  -20.810  52.120 0.0000000000
212054  16.398  -20.968  51.953 0.0000000000
57343  15.042  -21.257  55.021 0.0000000000
57347  15.532  -21.187  54.307 0.0000000000
56069  14.852  -21.909  53.597 0.0000000000
56078  13.741  -21.955  52.485 0.0000000000
56082  13.743  -21.753  51.807 0.0000000000
57375  13.763  -21.508  51.265 0.0000000000
56100  12.720  -21.959  50.456 0.0000000000
56110  11.837  -22.582  49.588 0.0000000000
53571  10.436  -24.319  50.702 0.0000000000
52334  9.926  -24.466  50.292 0.0000000000
52326  9.471  -24.571  50.328 0.0000000000
195984  11.433  -24.529  54.328 0.0000000000
53550  11.064  -23.697  53.273 0.0000000000
222456  10.673  -23.870  53.543 0.0000000000
52304  9.214  -24.264  52.446 0.0000000000
52303  9.590  -24.196  52.236 0.0000000000
51051  8.752  -24.672  51.108 0.0000000000
51085  8.647  -25.342  50.302 0.0000000000
193127  8.278  -25.622  50.363 0.0000000000
51087  8.147  -26.002  50.174 0.0000000000
51070  8.022  -25.860  50.298 0.0000000000
52299  7.643  -23.926  52.071 0.0000000000
51055  6.952  -24.989  51.052 0.0000000000
52314  6.416  -24.675  50.950 0.0000000000
52321  6.266  -24.857  50.293 0.0000000000
69793  6.356  -14.552  51.866 0.0000000000
68530  5.738  -15.064  50.283 0.0000000000
69801  6.155  -14.637  50.950 0.0000000000
203071  6.425  -13.395  51.185 0.0000000000
192205  6.619  -13.056  50.786 0.0000000000
71096  6.549  -13.634  49.502 0.0000000000
200082  6.877  -12.560  50.811 0.0000000000
220524  5.732  -10.757  52.589 0.0000000000
75798  6.213  -11.510  52.499 0.0000000000
194890  6.066  -11.088  52.098 0.0000000000
212434  6.891  -10.537  50.512 0.0000000000
213910  6.825  -10.951  51.090 0.0000000000
74713  7.102  -11.148  50.732 0.0000000000
73546  7.171  -12.233  50.198 0.0000000000
73554  7.443  -11.951  49.660 0.0000000000
73561  7.691  -12.138  48.966 0.0000000000
74720  7.654  -11.470  49.380 0.0000000000
78223  6.894  -9.517  49.386 0.0000000000
208457  7.321  -10.440  49.183 0.0000000000
77090  7.214  -10.005  48.976 0.0000000000
75842  7.903  -10.562  47.784 0.0000000000
78231  7.021  -9.464  48.698 0.0000000000
64832  15.011  -18.248  54.587 0.0000000000
64838  14.712  -17.965  54.199 0.0000000000
194778  15.058  -17.515  53.839 0.0000000000
64855  20.944  -17.220  51.698 0.0000000000
64859  20.472  -16.954  50.690 0.0000000000
63594  20.545  -17.363  51.133 0.0000000000
63589  20.617  -17.848  52.136 0.0000000000
66009  22.996  -14.763  54.899 0.0000000000
67190  23.412  -14.581  54.804 0.0000000000
66018  22.966  -15.063  54.703 0.0000000000
66027  23.452  -15.176  53.920 0.0000000000
201861  22.781  -15.588  53.943 0.0000000000
66051  22.304  -15.859  53.399 0.0000000000
66028  22.146  -16.062  53.914 0.0000000000
62296  20.714  -17.723  53.324 0.0000000000
61069  20.151  -18.338  52.725 0.0000000000
61064  20.154  -18.190  53.063 0.0000000000
62261  19.170  -17.922  55.203 0.0000000000
61051  18.840  -19.012  54.090 0.0000000000
62276  18.535  -18.435  55.051 0.0000000000
59847  17.682  -19.143  54.801 0.0000000000
62263  18.010  -18.841  56.330 0.0000000000
68444  17.742  -16.081  55.341 0.0000000000
66002  17.077  -17.317  55.734 0.0000000000
63534  17.326  -18.136  56.624 0.0000000000
64809  16.952  -17.786  56.141 0.0000000000
63536  16.120  -18.538  56.436 0.0000000000
64810  16.377  -18.204  55.812 0.0000000000
66029  15.941  -17.337  54.121 0.0000000000
64824  15.848  -18.179  54.782 0.0000000000
225391  15.680  -17.825  54.343 0.0000000000
63560  14.971  -18.864  55.185 0.0000000000
209519  4.689  -23.857  42.846 0.0000000000
57460  5.037  -23.354  43.763 0.0000000000
58739  5.109  -22.810  45.112 0.0000000000
58751  5.312  -22.068  44.612 0.0000000000
57419  4.857  -22.995  47.075 0.0000000000
57424  5.015  -23.095  46.134 0.0000000000
58708  5.234  -22.762  47.177 0.0000000000
58685  6.547  -21.905  48.026 0.0000000000
58707  6.384  -22.126  47.131 0.0000000000
59911  6.937  -21.392  47.469 0.0000000000
59910  7.469  -20.686  47.661 0.0000000000
62319  6.521  -19.417  49.674 0.0000000000
63598  6.068  -19.069  49.053 0.0000000000
63603  5.851  -18.416  48.832 0.0000000000
205627  5.834  -18.223  49.978 0.0000000000
210369  6.772  -22.942  51.417 0.0000000000
209336  6.669  -22.963  50.777 0.0000000000
57361  6.730  -22.326  51.822 0.0000000000
61072  6.219  -20.379  52.589 0.0000000000
59875  6.299  -21.249  51.610 0.0000000000
61076  6.129  -20.726  52.029 0.0000000000
59880  6.280  -21.221  51.119 0.0000000000
213129  6.102  -20.011  52.060 0.0000000000
64828  6.945  -17.688  55.027 0.0000000000
63564  6.926  -18.638  54.974 0.0000000000
64829  6.788  -17.759  54.662 0.0000000000
64848  6.379  -17.584  53.173 0.0000000000
63579  6.495  -18.079  53.352 0.0000000000
210075  6.333  -18.091  52.879 0.0000000000
62307  6.027  -19.424  51.890 0.0000000000
63588  5.880  -18.794  51.794 0.0000000000
64854  5.721  -18.006  52.061 0.0000000000
67243  5.940  -16.732  52.790 0.0000000000
66081  5.338  -17.668  51.694 0.0000000000
208234  5.605  -16.978  51.964 0.0000000000
66083  5.265  -17.202  51.069 0.0000000000
68510  5.919  -15.719  51.524 0.0000000000
218018  6.378  -15.483  52.847 0.0000000000
71053  6.779  -14.528  54.027 0.0000000000
72283  6.695  -13.736  53.915 0.0000000000
72291  6.450  -13.397  53.216 0.0000000000
192928  6.632  -13.133  54.186 0.0000000000
71038  6.930  -13.588  55.995 0.0000000000
202160  17.317  -20.257  49.612 0.0000000000
58679  17.689  -20.251  48.797 0.0000000000
58680  17.081  -20.230  48.920 0.0000000000
53609  7.989  -25.080  46.529 0.0000000000
196151  8.393  -24.719  46.314 0.0000000000
52356  7.499  -25.801  47.279 0.0000000000
51154  6.913  -26.113  46.786 0.0000000000
54924  4.514  -24.373  43.453 0.0000000000
222868  6.712  -21.313  42.264 0.0000000000
60033  5.923  -21.550  41.893 0.0000000000
60032  6.640  -21.236  41.759 0.0000000000
61210  7.076  -20.759  41.467 0.0000000000
61150  8.158  -19.966  44.564 0.0000000000
193887  7.582  -20.538  43.975 0.0000000000
61173  8.410  -20.066  43.662 0.0000000000
62431  8.338  -19.864  41.467 0.0000000000
61208  7.893  -20.303  41.878 0.0000000000
197059  8.008  -20.098  41.199 0.0000000000
61222  7.778  -20.213  40.853 0.0000000000
62505  8.534  -20.019  40.130 0.0000000000
63725  9.792  -18.658  39.760 0.0000000000
221470  9.497  -19.228  39.798 0.0000000000
200885  9.343  -18.870  39.232 0.0000000000
63770  9.201  -19.080  38.045 0.0000000000
63749  9.612  -18.524  38.577 0.0000000000
68541  5.162  -15.781  48.840 0.0000000000
193914  4.026  -17.091  48.254 0.0000000000
195874  4.777  -16.365  47.740 0.0000000000
215165  4.195  -16.345  45.794 0.0000000000
66107  5.122  -16.496  45.638 0.0000000000
66112  5.759  -16.466  44.777 0.0000000000
66111  6.594  -16.561  44.754 0.0000000000
193838  4.816  -15.181  44.310 0.0000000000
69870  4.810  -15.094  44.920 0.0000000000
226893  3.810  -15.534  43.849 0.0000000000
211095  7.279  -15.590  42.243 0.0000000000
67370  6.806  -15.729  42.557 0.0000000000
67369  7.788  -15.807  42.138 0.0000000000
67356  8.289  -16.179  42.598 0.0000000000
67368  8.496  -15.995  41.977 0.0000000000
67367  9.268  -16.351  41.734 0.0000000000
67377  9.246  -16.202  41.003 0.0000000000
68704  9.427  -16.045  38.358 0.0000000000
223313  9.872  -16.260  39.453 0.0000000000
66177  10.115  -16.964  37.866 0.0000000000
66187  9.923  -17.415  37.280 0.0000000000
66208  9.641  -17.126  36.712 0.0000000000
66209  9.213  -17.331  36.057 0.0000000000
67438  9.253  -16.529  36.452 0.0000000000
70007  7.693  -14.908  36.611 0.0000000000
70021  7.012  -15.199  35.607 0.0000000000
69975  6.080  -14.108  39.060 0.0000000000
69988  6.053  -14.368  38.459 0.0000000000
71265  6.168  -13.792  36.833 0.0000000000
70010  6.401  -14.251  37.228 0.0000000000
70023  6.487  -14.170  36.379 0.0000000000
70031  6.309  -14.392  35.311 0.0000000000
86899  5.488  -4.118  51.911 0.0000000000
84401  5.267  -5.130  51.695 0.0000000000
190536  5.202  -5.821  51.114 0.0000000000
83040  5.197  -6.625  50.464 0.0000000000
81695  5.331  -7.229  49.785 0.0000000000
83045  5.227  -6.388  49.704 0.0000000000
80531  5.971  -7.507  48.268 0.0000000000
80519  5.743  -7.814  48.706 0.0000000000
220590  6.364  -7.653  48.053 0.0000000000
217381  7.040  -8.594  47.614 0.0000000000
79353  6.772  -7.838  47.578 0.0000000000
85773  5.340  -4.103  45.865 0.0000000000
87027  5.283  -3.290  46.940 0.0000000000
85761  5.269  -3.874  47.247 0.0000000000
83074  5.321  -5.631  47.289 0.0000000000
84447  5.300  -5.352  46.466 0.0000000000
212947  7.344  -7.776  45.299 0.0000000000
212907  7.215  -7.404  46.095 0.0000000000
79372  7.528  -8.610  45.177 0.0000000000
216041  7.584  -8.892  45.904 0.0000000000
78269  7.506  -9.359  44.626 0.0000000000
77116  7.439  -10.576  44.195 0.0000000000
77122  7.586  -10.403  43.603 0.0000000000
196179  7.006  -10.360  41.956 0.0000000000
214415  6.284  -10.757  41.553 0.0000000000
77140  6.339  -10.534  41.302 0.0000000000
75880  5.533  -10.385  40.912 0.0000000000
77157  6.016  -10.292  40.579 0.0000000000
78287  8.628  -9.127  42.238 0.0000000000
59850  11.911  -21.491  55.635 0.0000000000
61045  11.483  -21.102  55.147 0.0000000000
61053  12.418  -20.394  55.242 0.0000000000
62292  12.271  -19.738  54.602 0.0000000000
63576  12.230  -19.053  53.687 0.0000000000
218779  14.991  -19.784  56.045 0.0000000000
59833  14.786  -20.745  57.181 0.0000000000
61028  14.300  -20.410  56.762 0.0000000000
59839  13.710  -20.878  56.648 0.0000000000
58585  12.891  -21.688  56.686 0.0000000000
57330  12.321  -22.125  56.292 0.0000000000
59840  12.929  -21.366  56.414 0.0000000000
59841  12.076  -21.794  56.032 0.0000000000
63810  7.938  -18.724  34.619 0.0000000000
65038  8.429  -17.934  34.914 0.0000000000
54840  4.175  -24.212  47.737 0.0000000000
203273  3.937  -23.564  48.304 0.0000000000
208859  4.060  -23.789  48.926 0.0000000000
56111  5.012  -23.595  48.970 0.0000000000
49948  6.099  -25.900  49.779 0.0000000000
49967  6.291  -26.011  48.919 0.0000000000
51115  5.299  -25.475  48.900 0.0000000000
199044  5.358  -25.445  48.287 0.0000000000
52351  4.957  -25.068  47.753 0.0000000000
63606  6.367  -18.894  47.744 0.0000000000
63607  5.737  -18.660  47.965 0.0000000000
64868  5.962  -18.393  47.450 0.0000000000
64874  5.585  -17.896  47.059 0.0000000000
213673  7.062  -11.670  46.040 0.0000000000
73574  6.587  -12.577  45.046 0.0000000000
73573  6.506  -11.941  45.711 0.0000000000
73580  6.396  -12.422  44.596 0.0000000000
73591  5.739  -12.348  43.894 0.0000000000
73605  5.639  -12.391  42.458 0.0000000000
74751  6.242  -12.218  43.278 0.0000000000
75861  6.278  -11.839  42.845 0.0000000000
53540  7.891  -23.785  52.864 0.0000000000
54779  7.407  -23.117  52.805 0.0000000000
56066  7.665  -22.826  53.491 0.0000000000
56061  7.924  -22.423  54.232 0.0000000000
58597  8.306  -21.082  54.979 0.0000000000
62279  9.481  -19.393  55.018 0.0000000000
64827  9.592  -17.871  55.097 0.0000000000
66021  9.700  -17.005  54.980 0.0000000000
66014  9.443  -16.671  55.572 0.0000000000
67215  9.773  -16.455  55.165 0.0000000000
59866  17.873  -20.147  53.435 0.0000000000
58618  17.644  -20.547  52.904 0.0000000000
58613  17.084  -20.827  53.391 0.0000000000
190280  16.719  -21.082  53.356 0.0000000000
58620  16.476  -21.228  53.055 0.0000000000
56064  14.175  -22.404  54.420 0.0000000000
56070  14.220  -22.275  53.936 0.0000000000
56075  13.559  -22.602  53.639 0.0000000000
209288  13.180  -22.546  52.475 0.0000000000
56092  12.663  -22.498  51.540 0.0000000000
195833  10.837  -23.867  50.977 0.0000000000
53563  10.436  -24.165  51.265 0.0000000000
53527  10.209  -24.460  55.285 0.0000000000
53543  10.562  -24.061  53.897 0.0000000000
53535  10.248  -23.925  54.077 0.0000000000
52291  9.665  -23.724  53.365 0.0000000000
51043  8.665  -24.366  52.154 0.0000000000
51044  8.085  -24.513  51.612 0.0000000000
52298  8.119  -24.026  52.781 0.0000000000
53546  7.913  -23.991  52.605 0.0000000000
71065  6.164  -13.367  52.367 0.0000000000
217357  6.115  -13.476  51.780 0.0000000000
73524  6.380  -12.777  52.254 0.0000000000
73533  6.597  -12.504  51.808 0.0000000000
219300  5.379  -9.395  52.447 0.0000000000
77047  6.052  -10.621  51.591 0.0000000000
78151  5.872  -10.095  51.626 0.0000000000
198744  6.489  -9.863  50.872 0.0000000000
77072  7.068  -10.177  50.006 0.0000000000
75824  7.006  -10.293  49.955 0.0000000000
78210  6.661  -9.345  49.997 0.0000000000
78224  6.568  -9.184  49.638 0.0000000000
66076  21.263  -17.076  52.183 0.0000000000
65998  21.749  -15.793  55.605 0.0000000000
62283  19.896  -18.114  54.193 0.0000000000
64808  20.218  -16.721  55.759 0.0000000000
64798  20.019  -16.503  55.973 0.0000000000
67193  16.560  -16.893  55.206 0.0000000000
56153  4.758  -23.897  44.030 0.0000000000
57447  4.935  -23.485  44.389 0.0000000000
205303  5.869  -22.473  48.430 0.0000000000
58686  5.891  -22.503  47.665 0.0000000000
59896  6.494  -21.944  48.725 0.0000000000
223933  6.721  -21.552  48.554 0.0000000000
61091  7.093  -20.274  48.810 0.0000000000
61086  6.915  -20.263  49.044 0.0000000000
62314  6.398  -19.966  49.671 0.0000000000
208979  6.409  -19.344  50.152 0.0000000000
59867  6.714  -21.417  52.975 0.0000000000
58621  6.562  -21.760  52.188 0.0000000000
59862  6.775  -20.892  53.507 0.0000000000
198111  6.487  -20.300  53.723 0.0000000000
202430  6.312  -19.712  54.065 0.0000000000
222625  6.824  -16.243  55.042 0.0000000000
66033  6.740  -16.983  54.279 0.0000000000
199868  6.762  -16.323  54.581 0.0000000000
66056  6.489  -16.974  53.480 0.0000000000
66067  6.153  -17.174  53.030 0.0000000000
195846  6.319  -16.533  53.353 0.0000000000
68501  6.229  -15.979  53.063 0.0000000000
192005  6.578  -15.283  53.401 0.0000000000
68492  6.596  -15.391  53.840 0.0000000000
71047  6.784  -14.269  54.526 0.0000000000
58681  16.418  -20.187  49.021 0.0000000000
202890  15.799  -20.230  49.067 0.0000000000
53602  8.719  -25.003  47.884 0.0000000000
52361  8.327  -25.244  47.656 0.0000000000
52362  7.830  -25.373  47.040 0.0000000000
51155  6.382  -26.435  46.283 0.0000000000
53626  4.440  -25.113  45.715 0.0000000000
199433  4.382  -25.304  45.183 0.0000000000
54910  4.390  -24.475  44.237 0.0000000000
214023  5.265  -21.724  43.273 0.0000000000
58779  5.501  -21.585  42.553 0.0000000000
222137  5.646  -21.563  43.612 0.0000000000
60011  6.146  -21.242  43.475 0.0000000000
60024  6.699  -21.265  42.722 0.0000000000
62359  8.792  -19.398  44.391 0.0000000000
213567  8.956  -19.437  43.653 0.0000000000
62381  9.283  -19.080  43.212 0.0000000000
62406  9.233  -19.363  42.476 0.0000000000
62457  8.692  -19.542  41.095 0.0000000000
63703  9.170  -19.300  40.780 0.0000000000
63680  9.334  -19.098  41.339 0.0000000000
63679  9.715  -18.582  40.925 0.0000000000
64921  9.916  -18.268  40.279 0.0000000000
69819  5.273  -14.554  48.527 0.0000000000
68574  3.957  -16.018  47.318 0.0000000000
69828  4.909  -15.539  47.345 0.0000000000
68590  3.918  -15.696  46.556 0.0000000000
67338  3.939  -15.976  45.330 0.0000000000
68634  5.388  -15.287  42.479 0.0000000000
68626  4.939  -15.333  43.176 0.0000000000
68647  6.515  -15.078  41.819 0.0000000000
68646  6.913  -15.263  41.888 0.0000000000
68658  8.043  -15.399  40.881 0.0000000000
68657  8.745  -15.587  40.668 0.0000000000
68673  8.207  -15.320  40.312 0.0000000000
197738  8.855  -15.418  39.261 0.0000000000
68705  9.011  -15.699  37.849 0.0000000000
223454  8.750  -15.624  37.250 0.0000000000
68706  8.335  -15.166  37.594 0.0000000000
69995  7.656  -14.898  37.352 0.0000000000
69986  7.002  -14.822  37.877 0.0000000000
71224  5.414  -13.516  39.000 0.0000000000
71236  5.749  -14.075  38.147 0.0000000000
195481  5.288  -13.219  38.793 0.0000000000
71266  5.624  -13.503  37.188 0.0000000000
71282  5.641  -13.480  36.396 0.0000000000
86915  5.433  -3.917  51.264 0.0000000000
84416  5.089  -4.822  50.149 0.0000000000
193724  5.133  -5.488  49.631 0.0000000000
196334  5.122  -5.355  49.128 0.0000000000
83061  5.199  -6.012  48.722 0.0000000000
81716  5.746  -6.978  47.938 0.0000000000
84472  6.315  -4.870  45.131 0.0000000000
83097  5.906  -5.743  45.418 0.0000000000
201606  6.238  -6.068  45.979 0.0000000000
81756  7.248  -6.682  45.031 0.0000000000
213951  7.533  -8.008  44.673 0.0000000000
78274  7.568  -9.411  43.960 0.0000000000
79381  7.843  -8.751  43.649 0.0000000000
78280  8.072  -9.388  43.057 0.0000000000
78288  8.016  -9.776  42.314 0.0000000000
207361  9.808  -23.089  56.214 0.0000000000
57333  9.778  -22.409  55.952 0.0000000000
58590  10.013  -21.968  56.059 0.0000000000
59852  10.259  -21.084  55.317 0.0000000000
62286  10.390  -19.744  54.742 0.0000000000
222319  16.055  -20.050  55.813 0.0000000000
58595  15.990  -20.308  55.276 0.0000000000
58596  15.813  -20.688  55.974 0.0000000000
190030  15.038  -21.392  55.954 0.0000000000
56047  14.561  -21.744  55.573 0.0000000000
58584  15.039  -21.979  57.519 0.0000000000
57338  14.712  -22.432  56.710 0.0000000000
56058  13.998  -22.261  55.105 0.0000000000
56065  13.397  -22.641  54.744 0.0000000000
54780  12.735  -23.074  54.378 0.0000000000
54781  12.550  -23.547  54.029 0.0000000000
54782  12.258  -23.594  53.692 0.0000000000
54776  12.003  -23.878  54.397 0.0000000000
53532  11.488  -24.398  54.824 0.0000000000
53526  10.988  -24.573  55.228 0.0000000000
56041  11.326  -23.179  56.520 0.0000000000
56052  10.971  -23.689  56.316 0.0000000000
54769  10.458  -24.380  55.523 0.0000000000
54757  10.043  -23.665  56.150 0.0000000000
54758  9.829  -23.650  56.081 0.0000000000
75787  5.925  -11.532  53.935 0.0000000000
206503  6.006  -11.573  53.041 0.0000000000
76996  5.551  -10.783  53.839 0.0000000000
77010  5.496  -10.452  53.097 0.0000000000
78131  5.657  -8.754  54.782 0.0000000000
212720  5.336  -9.096  53.645 0.0000000000
78138  5.307  -9.637  53.041 0.0000000000
79260  5.191  -8.738  52.950 0.0000000000
80478  5.171  -8.034  52.405 0.0000000000
81677  5.050  -7.209  52.780 0.0000000000
56137  4.774  -24.033  45.975 0.0000000000
56136  4.823  -23.531  46.354 0.0000000000
214158  4.776  -22.969  47.397 0.0000000000
57413  4.243  -23.078  47.906 0.0000000000
57406  4.887  -23.016  48.332 0.0000000000
221213  7.791  -18.189  55.698 0.0000000000
63556  7.217  -18.505  55.358 0.0000000000
64814  7.812  -17.659  56.074 0.0000000000
64821  7.569  -17.339  56.072 0.0000000000
66016  7.287  -16.840  55.923 0.0000000000
68447  8.612  -15.326  56.474 0.0000000000
211148  7.783  -15.819  56.378 0.0000000000
67205  7.038  -16.337  55.541 0.0000000000
211154  7.289  -15.830  55.813 0.0000000000
68466  6.999  -15.420  55.543 0.0000000000
211153  6.810  -14.915  55.330 0.0000000000
69757  7.142  -14.271  55.665 0.0000000000
69750  7.567  -14.241  56.260 0.0000000000
51113  7.615  -25.997  48.939 0.0000000000
51141  7.732  -25.807  48.036 0.0000000000
51127  7.422  -25.906  48.739 0.0000000000
195704  7.194  -25.975  48.160 0.0000000000
51143  6.656  -25.984  47.871 0.0000000000
51156  5.779  -26.363  46.584 0.0000000000
200577  4.960  -26.691  45.770 0.0000000000
53610  4.590  -25.232  46.751 0.0000000000
215310  4.417  -24.859  46.105 0.0000000000
203517  7.278  -20.573  46.105 0.0000000000
61129  7.245  -20.412  45.444 0.0000000000
61128  7.826  -19.928  45.260 0.0000000000
62332  7.859  -19.401  45.726 0.0000000000
63609  7.338  -18.926  46.848 0.0000000000
63613  7.852  -18.888  45.955 0.0000000000
217384  8.234  -18.672  45.507 0.0000000000
63621  8.901  -18.699  44.879 0.0000000000
64884  8.634  -17.957  45.142 0.0000000000
66110  8.510  -17.185  44.561 0.0000000000
72338  6.863  -13.335  47.449 0.0000000000
71110  5.583  -14.140  46.666 0.0000000000
72343  6.119  -13.637  46.212 0.0000000000
218707  5.331  -13.942  45.373 0.0000000000
72357  5.072  -13.606  44.974 0.0000000000
73575  6.171  -12.842  44.788 0.0000000000
72369  5.135  -13.349  44.489 0.0000000000
71152  5.179  -14.304  44.136 0.0000000000
69894  5.466  -14.706  42.370 0.0000000000
69905  5.779  -14.419  41.449 0.0000000000
69938  6.152  -14.648  40.466 0.0000000000
199385  6.073  -14.410  40.019 0.0000000000
69939  5.855  -14.296  40.110 0.0000000000
71198  5.696  -14.071  40.200 0.0000000000
72419  5.471  -13.407  40.180 0.0000000000
73619  5.385  -12.226  41.816 0.0000000000
226834  5.268  -12.133  40.824 0.0000000000
192602  5.290  -12.600  40.160 0.0000000000
73650  5.219  -11.814  40.057 0.0000000000
73662  5.071  -11.824  39.750 0.0000000000
74825  4.591  -11.224  39.635 0.0000000000
204977  7.823  -5.703  43.478 0.0000000000
80591  7.991  -6.630  43.106 0.0000000000
196497  8.367  -8.001  42.889 0.0000000000
80599  8.446  -7.132  42.840 0.0000000000
80605  9.858  -7.622  41.878 0.0000000000
62549  8.875  -19.642  36.722 0.0000000000
53580  5.511  -24.518  49.540 0.0000000000
54810  5.740  -24.218  49.645 0.0000000000
54800  5.948  -24.013  50.450 0.0000000000
56077  6.750  -23.133  51.451 0.0000000000
57360  6.811  -22.551  51.904 0.0000000000
56068  7.091  -22.805  52.828 0.0000000000
57349  6.941  -22.297  53.099 0.0000000000
58615  6.812  -21.915  52.965 0.0000000000
58606  7.025  -21.015  53.913 0.0000000000
61049  7.355  -19.686  54.449 0.0000000000
62280  7.566  -19.361  55.176 0.0000000000
58591  9.621  -21.717  55.564 0.0000000000
206472  9.168  -21.103  55.456 0.0000000000
59845  8.632  -20.467  55.346 0.0000000000
61037  9.199  -19.810  55.209 0.0000000000
61038  8.974  -19.921  55.311 0.0000000000
61039  9.036  -19.967  55.460 0.0000000000
61040  8.165  -19.969  55.127 0.0000000000
62272  7.874  -19.328  55.284 0.0000000000
63550  7.963  -18.667  55.527 0.0000000000
63539  7.945  -18.034  56.086 0.0000000000
64804  8.530  -17.153  56.247 0.0000000000
66005  9.053  -16.411  56.284 0.0000000000
67204  9.641  -16.009  55.776 0.0000000000
204182  19.238  -19.701  51.563 0.0000000000
58635  18.949  -20.404  50.445 0.0000000000
58636  18.417  -20.375  50.804 0.0000000000
58637  17.810  -20.369  51.061 0.0000000000
58638  17.241  -20.428  51.068 0.0000000000
58624  17.326  -20.756  52.316 0.0000000000
216440  16.696  -20.597  51.534 0.0000000000
192619  16.828  -20.449  50.907 0.0000000000
58649  16.130  -20.517  50.364 0.0000000000
58651  14.713  -20.759  50.451 0.0000000000
57346  15.906  -20.905  54.231 0.0000000000
57357  15.800  -21.404  53.289 0.0000000000
57362  15.891  -21.463  52.915 0.0000000000
57359  14.759  -21.828  53.226 0.0000000000
57364  14.540  -21.583  52.808 0.0000000000
57367  15.191  -21.331  52.318 0.0000000000
57373  14.920  -21.211  51.793 0.0000000000
57385  14.245  -21.076  50.968 0.0000000000
57392  13.849  -21.017  50.213 0.0000000000
56101  12.078  -22.628  50.404 0.0000000000
53587  9.807  -24.448  49.572 0.0000000000
52348  8.974  -25.183  48.859 0.0000000000
52343  8.612  -25.337  49.309 0.0000000000
51111  8.314  -25.741  49.626 0.0000000000
224600  11.141  -23.540  52.726 0.0000000000
52308  10.415  -23.866  51.785 0.0000000000
52319  10.176  -24.202  51.260 0.0000000000
52294  10.227  -23.841  53.131 0.0000000000
52310  9.748  -24.173  51.729 0.0000000000
195303  9.683  -24.411  50.644 0.0000000000
52327  9.005  -25.029  50.094 0.0000000000
51099  8.374  -25.650  49.930 0.0000000000
51112  8.049  -26.033  49.444 0.0000000000
51101  7.832  -26.350  49.627 0.0000000000
49935  7.519  -26.368  49.743 0.0000000000
49936  7.159  -26.105  50.112 0.0000000000
51054  7.132  -25.098  50.863 0.0000000000
49923  7.112  -25.923  50.149 0.0000000000
49937  6.632  -25.864  49.966 0.0000000000
52328  5.763  -25.277  49.937 0.0000000000
52329  5.818  -25.259  50.013 0.0000000000
67296  5.138  -16.348  49.951 0.0000000000
67312  5.097  -16.481  49.118 0.0000000000
68531  5.283  -15.609  50.152 0.0000000000
69809  5.445  -15.179  49.510 0.0000000000
71079  6.316  -13.973  50.637 0.0000000000
69814  5.758  -14.579  49.213 0.0000000000
71097  6.001  -14.142  48.967 0.0000000000
71100  6.389  -13.791  48.683 0.0000000000
72327  6.901  -13.208  49.104 0.0000000000
74687  6.446  -11.868  52.424 0.0000000000
223637  6.667  -11.815  52.038 0.0000000000
206626  6.833  -12.076  51.696 0.0000000000
75816  6.436  -10.853  51.502 0.0000000000
74704  7.099  -11.670  51.118 0.0000000000
72326  7.272  -12.547  49.460 0.0000000000
72334  6.912  -13.473  48.284 0.0000000000
72337  7.438  -12.891  47.610 0.0000000000
73564  8.031  -12.426  48.030 0.0000000000
74737  8.164  -11.908  47.587 0.0000000000
75835  7.712  -10.974  48.958 0.0000000000
74728  8.089  -11.147  48.155 0.0000000000
215072  7.826  -11.880  46.599 0.0000000000
225015  7.567  -11.391  46.466 0.0000000000
75847  7.661  -10.749  46.737 0.0000000000
77111  7.533  -10.057  46.596 0.0000000000
63562  13.833  -19.366  55.027 0.0000000000
62298  13.637  -19.196  54.337 0.0000000000
64839  14.187  -18.489  54.310 0.0000000000
64844  14.606  -17.723  53.463 0.0000000000
61080  19.848  -19.219  50.987 0.0000000000
66026  24.049  -14.936  53.907 0.0000000000
64842  21.780  -16.427  53.093 0.0000000000
64843  21.280  -17.197  52.964 0.0000000000
64836  21.690  -16.872  53.799 0.0000000000
221715  20.801  -17.606  52.501 0.0000000000
62305  20.512  -17.988  52.568 0.0000000000
61074  20.169  -18.608  52.284 0.0000000000
61077  19.803  -19.239  51.796 0.0000000000
59876  19.346  -19.482  52.280 0.0000000000
61050  19.444  -18.680  53.905 0.0000000000
61059  18.985  -19.144  53.671 0.0000000000
59865  18.175  -19.846  53.356 0.0000000000
190086  17.737  -19.850  54.052 0.0000000000
204095  17.351  -19.625  54.525 0.0000000000
59836  16.964  -19.145  55.783 0.0000000000
68439  19.559  -16.001  55.982 0.0000000000
67176  19.075  -16.236  55.758 0.0000000000
67177  18.127  -16.450  55.466 0.0000000000
64800  18.075  -17.360  55.905 0.0000000000
63533  17.865  -18.073  56.346 0.0000000000
62255  18.332  -19.082  56.914 0.0000000000
61032  17.751  -19.815  56.994 0.0000000000
61024  17.341  -19.590  57.330 0.0000000000
61025  16.549  -19.741  57.132 0.0000000000
62265  15.398  -19.237  56.209 0.0000000000
66013  16.311  -17.891  55.071 0.0000000000
64818  15.947  -18.495  55.296 0.0000000000
208509  15.122  -19.378  55.771 0.0000000000
63546  14.816  -19.512  55.731 0.0000000000
63561  14.394  -18.974  55.274 0.0000000000
57446  5.003  -22.887  44.042 0.0000000000
58766  4.964  -22.280  43.630 0.0000000000
58765  5.233  -21.886  43.955 0.0000000000
59974  6.449  -21.628  45.209 0.0000000000
57429  5.043  -23.353  45.772 0.0000000000
58730  5.166  -22.873  45.780 0.0000000000
213623  5.662  -22.496  46.802 0.0000000000
227136  5.553  -22.464  46.326 0.0000000000
58729  5.508  -22.409  45.914 0.0000000000
59975  5.920  -21.991  45.548 0.0000000000
59955  6.484  -21.633  45.906 0.0000000000
220218  6.907  -21.121  46.240 0.0000000000
59931  7.393  -20.886  46.866 0.0000000000
61098  7.529  -20.323  47.149 0.0000000000
62322  6.845  -19.598  48.602 0.0000000000
63601  6.136  -19.173  48.243 0.0000000000
63602  5.811  -18.849  48.453 0.0000000000
206718  5.579  -17.454  49.669 0.0000000000
56094  5.989  -23.821  49.960 0.0000000000
57377  6.183  -23.490  49.900 0.0000000000
57376  6.364  -23.113  49.900 0.0000000000
58626  6.578  -21.875  51.726 0.0000000000
58634  6.647  -21.942  51.068 0.0000000000
58633  6.675  -22.488  50.445 0.0000000000
206232  6.529  -21.791  50.330 0.0000000000
59883  6.085  -21.097  50.406 0.0000000000
202560  6.724  -19.220  54.842 0.0000000000
63571  6.323  -19.032  54.122 0.0000000000
62302  6.233  -19.334  53.533 0.0000000000
193489  6.625  -17.696  54.050 0.0000000000
212712  6.438  -18.642  53.538 0.0000000000
62304  6.191  -19.042  53.148 0.0000000000
61078  6.011  -19.858  51.341 0.0000000000
208863  6.170  -20.102  50.791 0.0000000000
62312  6.141  -19.599  50.768 0.0000000000
63593  6.017  -18.955  50.380 0.0000000000
64858  5.624  -18.402  50.726 0.0000000000
206745  5.462  -17.707  50.412 0.0000000000
66085  5.289  -17.017  50.181 0.0000000000
67280  5.256  -16.591  50.640 0.0000000000
68522  5.331  -15.993  50.744 0.0000000000
207398  6.166  -15.091  51.506 0.0000000000
190529  6.690  -14.559  53.261 0.0000000000
69786  6.546  -14.687  52.720 0.0000000000
71066  6.410  -13.979  52.840 0.0000000000
189720  6.297  -13.557  52.919 0.0000000000
195015  6.474  -13.048  53.538 0.0000000000
71039  6.886  -13.934  55.179 0.0000000000
205394  6.674  -12.745  55.735 0.0000000000
73500  6.583  -12.785  54.920 0.0000000000
74657  6.431  -12.076  54.613 0.0000000000
58678  18.201  -20.222  48.950 0.0000000000
58698  17.856  -20.051  48.199 0.0000000000
196937  17.497  -20.222  47.253 0.0000000000
59907  16.583  -20.012  47.892 0.0000000000
52378  7.679  -25.800  45.533 0.0000000000
58792  5.390  -22.011  42.062 0.0000000000
61193  7.485  -20.939  42.491 0.0000000000
61192  8.176  -20.311  42.722 0.0000000000
61209  7.375  -20.689  41.835 0.0000000000
61223  7.264  -20.606  40.916 0.0000000000
60048  7.100  -20.819  40.351 0.0000000000
63726  9.122  -19.540  40.209 0.0000000000
63790  9.122  -18.963  36.429 0.0000000000
199623  4.898  -17.043  48.545 0.0000000000
66092  4.094  -17.439  47.800 0.0000000000
66094  5.261  -17.494  46.541 0.0000000000
210995  3.945  -16.644  46.475 0.0000000000
66101  4.873  -16.840  46.250 0.0000000000
66099  6.206  -17.118  46.072 0.0000000000
66104  7.328  -16.919  45.416 0.0000000000
213305  7.512  -16.777  44.660 0.0000000000
66116  8.551  -16.834  43.888 0.0000000000
69856  4.894  -15.208  45.415 0.0000000000
203180  4.460  -15.446  45.247 0.0000000000
67344  3.913  -16.369  44.144 0.0000000000
67360  5.126  -15.756  43.180 0.0000000000
67350  5.307  -16.222  43.551 0.0000000000
66118  5.843  -16.447  44.058 0.0000000000
67348  7.147  -16.246  43.395 0.0000000000
67347  8.183  -16.419  43.315 0.0000000000
66124  9.480  -16.826  42.915 0.0000000000
66130  9.804  -17.088  41.709 0.0000000000
66137  9.890  -17.163  41.037 0.0000000000
194915  10.045  -17.286  40.320 0.0000000000
67388  9.338  -16.040  40.320 0.0000000000
67398  10.108  -16.659  39.198 0.0000000000
64955  10.076  -17.816  38.863 0.0000000000
64975  10.049  -17.785  38.030 0.0000000000
64997  9.444  -18.431  36.754 0.0000000000
65037  8.983  -18.056  35.501 0.0000000000
66231  8.728  -17.165  35.244 0.0000000000
66245  8.153  -17.090  34.660 0.0000000000
69974  6.458  -14.445  38.834 0.0000000000
69987  6.407  -14.644  38.158 0.0000000000
69998  6.183  -14.388  37.877 0.0000000000
70009  6.843  -14.380  36.796 0.0000000000
70008  7.203  -14.708  36.337 0.0000000000
83021  5.376  -6.037  53.715 0.0000000000
190550  5.105  -6.557  53.056 0.0000000000
81682  5.196  -7.367  51.921 0.0000000000
84392  5.351  -5.143  52.546 0.0000000000
228308  5.186  -6.681  51.397 0.0000000000
193954  5.282  -7.501  51.078 0.0000000000
80499  5.617  -7.877  49.998 0.0000000000
80498  5.884  -8.265  49.816 0.0000000000
79307  6.375  -8.687  49.356 0.0000000000
81699  5.549  -7.512  48.867 0.0000000000
79326  6.098  -8.183  49.139 0.0000000000
223317  6.709  -8.522  48.830 0.0000000000
78242  6.869  -8.832  48.468 0.0000000000
78254  7.362  -9.402  47.081 0.0000000000
204378  7.530  -10.043  45.960 0.0000000000
83067  5.516  -6.349  47.619 0.0000000000
81725  6.027  -6.591  47.378 0.0000000000
81737  6.590  -6.499  46.306 0.0000000000
80567  6.897  -6.985  46.651 0.0000000000
80546  6.572  -7.293  47.350 0.0000000000
79352  7.139  -8.042  46.883 0.0000000000
78262  7.581  -9.457  46.262 0.0000000000
212001  7.393  -10.375  45.406 0.0000000000
75859  7.283  -11.198  43.767 0.0000000000
197882  6.441  -11.379  42.493 0.0000000000
77132  6.730  -10.814  42.148 0.0000000000
75868  6.028  -11.043  41.764 0.0000000000
75881  5.435  -10.891  41.067 0.0000000000
203950  5.433  -10.751  40.624 0.0000000000
75918  4.764  -10.992  39.248 0.0000000000
77138  8.285  -9.642  41.787 0.0000000000
77168  6.180  -10.325  39.829 0.0000000000
210749  4.915  -10.873  38.744 0.0000000000
49956  6.642  -26.159  49.359 0.0000000000
51045  7.686  -24.914  51.039 0.0000000000
51053  8.011  -24.859  51.090 0.0000000000
51067  9.159  -24.798  50.479 0.0000000000
51068  8.820  -24.804  50.849 0.0000000000
51069  8.603  -25.127  50.599 0.0000000000
51071  7.270  -25.582  50.512 0.0000000000
51072  6.845  -25.451  50.287 0.0000000000
51073  6.345  -25.309  50.101 0.0000000000
51089  6.130  -25.727  49.954 0.0000000000
51100  8.108  -26.038  49.779 0.0000000000
51102  5.480  -25.632  49.751 0.0000000000
51114  7.057  -26.063  48.827 0.0000000000
51126  7.790  -25.825  48.968 0.0000000000
52293  8.309  -24.006  53.124 0.0000000000
52296  9.090  -24.131  52.905 0.0000000000
52297  8.491  -24.156  52.828 0.0000000000
52300  7.153  -23.874  51.683 0.0000000000
52301  10.493  -23.720  52.490 0.0000000000
52302  10.061  -23.935  52.467 0.0000000000
52305  8.179  -24.247  52.318 0.0000000000
52307  6.402  -24.309  51.415 0.0000000000
52309  10.029  -23.962  52.023 0.0000000000
52311  9.280  -24.378  51.439 0.0000000000
52312  8.912  -24.414  51.773 0.0000000000
52313  6.967  -24.482  51.310 0.0000000000
52315  6.154  -24.415  50.928 0.0000000000
52322  5.934  -24.405  50.065 0.0000000000
52335  9.312  -24.676  50.029 0.0000000000
52337  5.222  -25.129  49.389 0.0000000000
53524  9.880  -23.750  54.992 0.0000000000
53525  11.448  -24.220  55.448 0.0000000000
53528  10.075  -24.043  54.734 0.0000000000
53531  8.519  -23.428  53.694 0.0000000000
53533  11.084  -24.802  54.583 0.0000000000
53534  10.440  -24.463  54.656 0.0000000000
53536  9.390  -23.505  53.624 0.0000000000
53537  8.662  -23.697  53.471 0.0000000000
53539  7.937  -23.811  53.051 0.0000000000
53542  11.032  -24.416  54.065 0.0000000000
53544  10.133  -23.808  53.355 0.0000000000
53545  8.021  -23.921  53.023 0.0000000000
53547  7.550  -23.828  52.012 0.0000000000
53552  6.810  -23.994  51.596 0.0000000000
53553  11.471  -23.330  51.957 0.0000000000
53554  11.033  -23.503  52.137 0.0000000000
53556  5.963  -24.095  51.033 0.0000000000
53572  5.908  -24.316  50.013 0.0000000000
53579  4.949  -24.614  49.127 0.0000000000
53593  8.866  -25.101  48.320 0.0000000000
54756  10.452  -23.679  56.258 0.0000000000
54759  9.672  -23.441  55.897 0.0000000000
54761  12.014  -23.519  55.615 0.0000000000
54763  10.023  -24.074  55.737 0.0000000000
54764  9.770  -23.869  55.705 0.0000000000
54768  12.304  -23.576  55.200 0.0000000000
54770  9.691  -23.167  54.449 0.0000000000
54771  9.054  -23.163  53.946 0.0000000000
54772  8.369  -23.109  53.897 0.0000000000
54773  7.980  -22.975  53.825 0.0000000000
54778  7.747  -23.326  53.145 0.0000000000
54783  7.059  -23.131  52.043 0.0000000000
54788  6.728  -23.745  51.621 0.0000000000
54789  6.222  -23.705  51.087 0.0000000000
54794  5.927  -24.064  51.229 0.0000000000
54799  11.899  -23.106  51.823 0.0000000000
54807  12.279  -22.877  51.724 0.0000000000
56038  13.919  -22.465  56.475 0.0000000000
56039  13.096  -22.599  56.098 0.0000000000
56040  12.076  -22.843  55.998 0.0000000000
56044  9.969  -23.193  56.374 0.0000000000
56045  9.702  -22.840  55.863 0.0000000000
56046  9.670  -22.419  55.548 0.0000000000
56050  12.442  -23.033  55.763 0.0000000000
56053  9.682  -23.022  55.478 0.0000000000
56054  9.479  -22.694  55.085 0.0000000000
56056  8.283  -21.876  54.864 0.0000000000
56059  13.315  -22.679  55.427 0.0000000000
56063  14.696  -22.007  54.054 0.0000000000
56067  7.232  -22.652  53.189 0.0000000000
56071  13.490  -22.640  54.169 0.0000000000
56072  7.137  -22.925  52.738 0.0000000000
56073  6.854  -22.571  52.394 0.0000000000
56074  14.187  -22.155  53.491 0.0000000000
56079  13.095  -22.783  52.849 0.0000000000
56081  6.377  -23.449  50.879 0.0000000000
56083  13.230  -22.303  51.950 0.0000000000
56084  12.786  -22.711  52.112 0.0000000000
56085  6.166  -23.637  50.639 0.0000000000
56093  5.867  -23.674  49.604 0.0000000000
57327  13.096  -21.962  56.732 0.0000000000
57328  15.300  -22.262  56.986 0.0000000000
57334  9.579  -22.068  55.323 0.0000000000
57336  15.834  -21.748  56.552 0.0000000000
57337  15.131  -22.205  56.473 0.0000000000
57339  9.193  -22.098  55.039 0.0000000000
57340  8.504  -21.641  54.875 0.0000000000
57341  7.984  -21.820  54.656 0.0000000000
57342  15.375  -20.923  55.670 0.0000000000
57344  7.598  -21.931  54.153 0.0000000000
57348  15.068  -21.563  54.197 0.0000000000
57350  6.803  -22.222  52.879 0.0000000000
57351  15.943  -21.162  53.965 0.0000000000
57352  15.561  -21.405  53.680 0.0000000000
57354  6.723  -22.022  52.574 0.0000000000
57356  15.952  -21.296  53.599 0.0000000000
57358  15.182  -21.779  53.065 0.0000000000
57363  15.337  -21.653  52.839 0.0000000000
57365  6.822  -22.489  51.166 0.0000000000
57369  6.636  -23.003  50.363 0.0000000000
57374  14.294  -21.325  51.575 0.0000000000
57384  14.793  -21.121  51.336 0.0000000000
58578  15.344  -21.259  57.479 0.0000000000
58580  13.599  -21.574  57.043 0.0000000000
58581  16.260  -20.366  56.338 0.0000000000
58586  12.135  -21.985  56.161 0.0000000000
58588  10.872  -22.034  56.115 0.0000000000
58592  8.835  -20.982  55.336 0.0000000000
58594  16.447  -19.920  54.930 0.0000000000
58602  16.066  -20.581  54.675 0.0000000000
58603  15.725  -20.650  55.279 0.0000000000
58604  7.589  -21.401  54.528 0.0000000000
58605  7.268  -21.055  54.298 0.0000000000
58607  17.465  -20.447  53.577 0.0000000000
58610  6.911  -21.364  53.336 0.0000000000
58612  17.553  -20.501  53.234 0.0000000000
58616  6.653  -21.788  52.563 0.0000000000
58617  18.050  -20.221  52.822 0.0000000000
58619  17.031  -21.011  53.075 0.0000000000
58622  18.095  -20.343  52.337 0.0000000000
58627  18.749  -20.120  51.334 0.0000000000
58631  15.921  -21.189  52.101 0.0000000000
58639  16.023  -20.897  51.555 0.0000000000
58645  18.643  -20.511  50.067 0.0000000000
58646  18.155  -20.480  50.301 0.0000000000
58647  17.278  -20.396  50.388 0.0000000000
58648  16.741  -20.400  50.328 0.0000000000
58660  19.004  -20.504  49.802 0.0000000000
58662  17.904  -20.349  49.338 0.0000000000
58677  18.673  -20.416  49.381 0.0000000000
58682  15.159  -20.335  49.457 0.0000000000
58700  16.832  -20.079  48.368 0.0000000000
58701  16.165  -20.101  48.481 0.0000000000
59830  17.022  -20.064  57.136 0.0000000000
59831  16.458  -20.346  57.067 0.0000000000
59834  14.021  -21.050  57.058 0.0000000000
59835  13.435  -21.296  56.791 0.0000000000
59837  16.461  -19.685  55.825 0.0000000000
59838  16.134  -20.978  57.115 0.0000000000
59844  9.781  -20.882  55.260 0.0000000000
59848  16.975  -19.270  55.068 0.0000000000
59855  7.345  -20.356  54.360 0.0000000000
59857  17.932  -19.491  54.294 0.0000000000
59858  17.022  -19.944  54.333 0.0000000000
59859  16.672  -19.706  54.812 0.0000000000
59860  18.059  -19.836  53.705 0.0000000000
59861  17.841  -19.951  53.824 0.0000000000
59868  6.526  -21.371  52.538 0.0000000000
59871  6.236  -21.016  51.851 0.0000000000
59874  18.465  -20.022  52.549 0.0000000000
59878  18.489  -20.212  52.018 0.0000000000
59879  6.260  -21.249  50.729 0.0000000000
59889  19.404  -20.305  49.581 0.0000000000
59891  6.809  -21.092  48.879 0.0000000000
59893  19.227  -19.997  49.053 0.0000000000
59895  18.227  -19.971  48.342 0.0000000000
59905  17.690  -20.122  47.710 0.0000000000
59954  6.863  -21.063  45.631 0.0000000000
61023  17.963  -19.514  57.165 0.0000000000
61027  15.131  -20.073  56.419 0.0000000000
61029  17.797  -18.699  55.715 0.0000000000
61031  18.295  -19.437  56.712 0.0000000000
61033  14.574  -20.006  56.219 0.0000000000
61042  18.724  -18.803  54.555 0.0000000000
61043  18.106  -18.856  54.938 0.0000000000
61047  9.975  -20.158  54.931 0.0000000000
61048  7.679  -19.694  54.839 0.0000000000
61052  18.286  -19.149  54.384 0.0000000000
61060  11.966  -20.178  54.818 0.0000000000
61063  6.759  -20.369  53.979 0.0000000000
61067  6.189  -19.911  53.176 0.0000000000
61068  6.542  -20.793  52.970 0.0000000000
61070  19.743  -18.720  52.918 0.0000000000
61079  6.090  -20.596  51.514 0.0000000000
61083  5.988  -20.518  50.448 0.0000000000
61085  19.587  -19.959  49.347 0.0000000000
61108  7.597  -20.018  45.902 0.0000000000
62253  18.068  -18.184  56.103 0.0000000000
62254  18.162  -18.910  56.531 0.0000000000
62257  16.714  -19.128  57.131 0.0000000000
62258  15.708  -19.308  56.775 0.0000000000
62259  15.444  -19.590  56.269 0.0000000000
62260  19.721  -17.800  54.927 0.0000000000
62262  18.386  -18.141  55.664 0.0000000000
62264  17.896  -19.283  56.496 0.0000000000
62269  8.813  -18.973  55.442 0.0000000000
62271  8.146  -19.380  55.330 0.0000000000
62273  20.385  -17.538  54.705 0.0000000000
62275  19.204  -18.264  54.724 0.0000000000
62277  14.200  -19.774  55.753 0.0000000000
62284  19.338  -18.548  54.332 0.0000000000
62287  9.787  -19.020  54.758 0.0000000000
62288  6.747  -19.454  54.624 0.0000000000
62306  6.064  -19.236  52.590 0.0000000000
62308  20.148  -18.748  51.689 0.0000000000
62310  20.347  -18.183  51.611 0.0000000000
62318  6.642  -19.707  49.215 0.0000000000
62407  8.573  -19.856  42.196 0.0000000000
62430  8.954  -19.478  41.734 0.0000000000
62483  8.525  -19.643  40.681 0.0000000000
62504  8.975  -19.561  39.476 0.0000000000
62558  8.210  -20.010  36.368 0.0000000000
63531  19.045  -17.176  55.726 0.0000000000
63532  18.298  -17.334  55.917 0.0000000000
63535  16.760  -18.441  56.615 0.0000000000
63537  15.712  -18.824  56.429 0.0000000000
63538  8.427  -17.782  55.842 0.0000000000
63541  19.871  -17.296  55.320 0.0000000000
63542  19.206  -17.486  55.658 0.0000000000
63543  16.047  -18.626  56.215 0.0000000000
63544  15.513  -19.109  56.157 0.0000000000
63545  15.454  -19.047  55.561 0.0000000000
63551  7.581  -18.759  55.428 0.0000000000
63552  20.240  -17.360  55.018 0.0000000000
63553  15.074  -19.156  55.386 0.0000000000
63554  14.554  -19.247  55.544 0.0000000000
63563  9.700  -18.122  54.693 0.0000000000
63568  14.240  -18.836  54.717 0.0000000000
63586  20.896  -17.551  52.836 0.0000000000
63587  6.113  -18.702  52.455 0.0000000000
63590  5.795  -19.022  51.053 0.0000000000
63591  20.609  -17.655  51.625 0.0000000000
63605  7.012  -19.255  47.395 0.0000000000
63643  9.696  -18.671  42.762 0.0000000000
63782  9.317  -18.962  37.218 0.0000000000
63802  8.983  -18.741  35.812 0.0000000000
64799  19.183  -16.984  55.706 0.0000000000
64801  17.576  -17.689  56.271 0.0000000000
64802  16.968  -17.921  56.322 0.0000000000
64803  16.411  -18.279  56.153 0.0000000000
64813  8.672  -17.721  55.740 0.0000000000
64815  7.584  -18.013  55.703 0.0000000000
64825  15.158  -18.477  54.840 0.0000000000
64826  14.823  -18.578  54.927 0.0000000000
64830  22.223  -16.166  54.318 0.0000000000
64831  21.839  -16.591  54.331 0.0000000000
64837  21.485  -17.065  53.351 0.0000000000
64841  6.527  -17.608  53.522 0.0000000000
64849  21.110  -17.327  52.583 0.0000000000
64872  7.057  -18.293  46.731 0.0000000000
64875  5.144  -17.621  47.426 0.0000000000
64883  9.110  -17.950  44.478 0.0000000000
64899  9.970  -17.835  41.855 0.0000000000
64900  9.926  -18.229  42.280 0.0000000000
64938  10.016  -17.804  39.623 0.0000000000
64996  9.739  -18.145  37.296 0.0000000000
65019  9.268  -18.227  36.196 0.0000000000
65994  19.213  -16.252  55.809 0.0000000000
65995  18.055  -17.081  55.582 0.0000000000
65997  17.328  -17.460  55.951 0.0000000000
66001  17.634  -17.189  55.542 0.0000000000
66003  16.844  -17.575  55.949 0.0000000000
66004  16.476  -18.011  55.593 0.0000000000
66007  8.259  -16.625  56.607 0.0000000000
66010  22.358  -15.462  54.939 0.0000000000
66012  16.697  -17.333  55.522 0.0000000000
66015  7.623  -16.756  56.316 0.0000000000
66017  23.611  -15.067  54.181 0.0000000000
66020  16.235  -17.850  54.895 0.0000000000
66022  7.089  -16.993  55.464 0.0000000000
66030  15.612  -18.049  54.553 0.0000000000
66040  15.507  -17.196  53.807 0.0000000000
66053  15.132  -17.131  53.322 0.0000000000
66089  5.341  -17.286  48.935 0.0000000000
66100  5.432  -17.228  46.041 0.0000000000
66105  6.421  -16.751  45.540 0.0000000000
66109  9.080  -17.287  43.985 0.0000000000
66115  9.016  -16.724  43.486 0.0000000000
66117  6.874  -16.347  44.089 0.0000000000
66131  9.555  -16.707  42.253 0.0000000000
66156  10.207  -17.064  39.671 0.0000000000
67175  19.940  -16.150  56.180 0.0000000000
67178  22.524  -14.999  55.205 0.0000000000
67182  18.253  -16.324  55.442 0.0000000000
67183  17.339  -16.689  55.331 0.0000000000
67185  9.177  -15.762  56.307 0.0000000000
67188  8.028  -16.131  56.666 0.0000000000
67192  16.847  -16.687  55.431 0.0000000000
67196  7.451  -16.287  56.126 0.0000000000
67199  24.004  -15.009  54.543 0.0000000000
67200  23.889  -15.189  54.459 0.0000000000
67201  16.548  -16.517  55.027 0.0000000000
67211  24.102  -14.942  53.943 0.0000000000
67324  4.952  -16.453  48.354 0.0000000000
67332  3.813  -16.815  47.572 0.0000000000
67340  4.371  -16.149  45.088 0.0000000000
67343  4.861  -16.263  44.055 0.0000000000
67346  8.861  -16.397  43.000 0.0000000000
67349  6.277  -16.296  43.461 0.0000000000
67351  3.940  -15.842  43.258 0.0000000000
67357  7.454  -16.012  42.778 0.0000000000
67359  6.048  -16.003  42.888 0.0000000000
67366  9.685  -16.645  41.258 0.0000000000
67378  8.641  -15.803  41.329 0.0000000000
67399  10.001  -16.485  39.929 0.0000000000
67404  9.950  -16.536  38.474 0.0000000000
67427  9.846  -16.738  37.167 0.0000000000
68452  24.100  -14.187  55.068 0.0000000000
68474  6.582  -15.576  54.729 0.0000000000
68555  5.083  -15.734  48.160 0.0000000000
68604  4.238  -15.450  45.707 0.0000000000
68613  4.023  -15.548  44.629 0.0000000000
68633  5.882  -15.446  42.376 0.0000000000
68645  7.381  -15.379  41.649 0.0000000000
68659  7.356  -15.360  40.943 0.0000000000
68661  6.467  -14.896  41.107 0.0000000000
68662  6.049  -14.649  41.043 0.0000000000
68684  9.614  -15.985  38.991 0.0000000000
68686  7.060  -15.102  39.676 0.0000000000
68695  8.983  -15.458  38.568 0.0000000000
68715  9.246  -16.153  37.198 0.0000000000
69741  8.104  -14.074  56.914 0.0000000000
69820  4.982  -15.120  48.106 0.0000000000
69887  5.053  -14.820  43.157 0.0000000000
69920  5.665  -14.466  40.651 0.0000000000
69955  6.704  -14.554  39.428 0.0000000000
69985  7.787  -14.914  38.048 0.0000000000
71072  6.278  -13.959  51.439 0.0000000000
71088  6.627  -13.561  50.378 0.0000000000
71101  5.678  -14.184  48.312 0.0000000000
71109  6.175  -13.724  47.063 0.0000000000
71121  5.178  -14.717  45.639 0.0000000000
71134  5.089  -14.507  45.125 0.0000000000
71144  4.973  -14.299  44.788 0.0000000000
71161  5.326  -14.125  42.647 0.0000000000
71211  5.699  -13.792  39.757 0.0000000000
71223  5.688  -13.999  38.724 0.0000000000
71237  5.325  -13.738  38.466 0.0000000000
71251  5.358  -13.663  37.864 0.0000000000
72342  6.710  -13.242  46.529 0.0000000000
72347  5.899  -13.479  45.575 0.0000000000
72368  5.305  -12.919  44.766 0.0000000000
72431  5.258  -12.502  39.732 0.0000000000
72458  5.219  -13.204  38.244 0.0000000000
72468  5.152  -13.114  37.549 0.0000000000
73525  6.333  -12.338  52.685 0.0000000000
73541  6.889  -12.233  51.320 0.0000000000
73566  7.630  -12.456  46.947 0.0000000000
73570  6.677  -12.589  45.649 0.0000000000
73604  5.946  -12.340  42.971 0.0000000000
73630  5.321  -11.673  40.828 0.0000000000
74697  6.804  -11.473  51.583 0.0000000000
74712  7.314  -11.417  50.163 0.0000000000
74736  8.005  -11.284  47.214 0.0000000000
74743  6.466  -11.926  45.202 0.0000000000
74747  6.106  -12.149  44.097 0.0000000000
74761  5.940  -11.786  42.462 0.0000000000
74786  5.352  -11.302  40.900 0.0000000000
74812  4.731  -11.327  39.971 0.0000000000
75831  7.305  -10.742  49.676 0.0000000000
75850  7.399  -10.627  46.044 0.0000000000
75856  6.840  -11.650  44.201 0.0000000000
75876  5.467  -11.026  41.604 0.0000000000
75890  5.365  -10.843  40.128 0.0000000000
75904  4.750  -11.099  39.804 0.0000000000
75931  5.109  -11.053  38.182 0.0000000000
77028  5.765  -10.683  52.040 0.0000000000
77063  6.560  -10.307  50.785 0.0000000000
77073  6.719  -9.663  50.436 0.0000000000
77082  6.857  -9.661  49.890 0.0000000000
77099  7.508  -9.989  48.276 0.0000000000
77148  5.866  -10.358  41.015 0.0000000000
77169  5.717  -10.635  39.857 0.0000000000
78135  5.362  -9.944  53.744 0.0000000000
78168  6.222  -9.883  51.165 0.0000000000
78241  7.118  -9.418  47.909 0.0000000000
79265  5.363  -8.859  52.034 0.0000000000
79308  6.101  -8.498  49.575 0.0000000000
79325  6.543  -8.303  48.965 0.0000000000
79367  7.333  -8.159  46.037 0.0000000000
80490  5.553  -8.130  50.617 0.0000000000
80507  5.589  -7.722  49.393 0.0000000000
80518  6.251  -7.875  48.710 0.0000000000
80566  7.070  -7.469  46.890 0.0000000000
80581  7.229  -7.211  45.357 0.0000000000
80607  8.666  -7.790  42.408 0.0000000000
81689  5.351  -7.424  50.410 0.0000000000
81700  5.392  -7.004  49.220 0.0000000000
81708  5.667  -7.206  48.468 0.0000000000
81717  5.327  -6.513  48.215 0.0000000000
81724  6.482  -6.716  47.095 0.0000000000
81738  6.226  -6.236  46.685 0.0000000000
81757  6.811  -6.168  45.362 0.0000000000
83053  5.223  -6.202  49.160 0.0000000000
83085  5.607  -5.863  45.989 0.0000000000
83112  7.374  -6.065  43.930 0.0000000000
84408  5.152  -5.002  50.882 0.0000000000
84424  5.074  -4.677  49.541 0.0000000000
84448  5.175  -4.676  47.068 0.0000000000
84458  5.396  -5.094  45.671 0.0000000000
84471  6.654  -5.535  44.995 0.0000000000
85662  5.534  -3.854  52.691 0.0000000000
85714  5.210  -4.296  50.680 0.0000000000
85734  5.141  -3.949  49.424 0.0000000000
85774  5.171  -3.942  46.543 0.0000000000
86935  5.831  -3.382  50.273 0.0000000000
86936  5.453  -3.807  50.491 0.0000000000
86976  5.334  -3.341  49.285 0.0000000000
189568  10.853  -24.118  55.869 0.0000000000
190048  13.514  -22.459  53.182 0.0000000000
190345  5.454  -12.906  42.271 0.0000000000
190473  8.068  -26.018  50.032 0.0000000000
190876  5.090  -6.598  52.357 0.0000000000
190877  5.349  -13.546  41.310 0.0000000000
191564  5.167  -5.881  52.003 0.0000000000
191816  11.936  -23.899  55.035 0.0000000000
191869  5.922  -8.777  50.855 0.0000000000
192107  6.865  -24.497  51.364 0.0000000000
192128  16.349  -20.565  51.000 0.0000000000
192513  16.203  -17.485  54.538 0.0000000000
192881  18.494  -19.576  53.509 0.0000000000
193061  9.376  -17.279  55.405 0.0000000000
193119  17.654  -20.399  50.543 0.0000000000
193552  10.650  -24.678  54.972 0.0000000000
193819  9.980  -23.701  54.029 0.0000000000
194188  10.163  -17.288  39.191 0.0000000000
194633  7.847  -24.054  52.366 0.0000000000
194648  23.034  -15.431  54.165 0.0000000000
194983  6.319  -8.966  49.840 0.0000000000
195261  7.633  -25.324  50.759 0.0000000000
195708  17.203  -20.932  52.963 0.0000000000
195869  3.865  -16.159  44.432 0.0000000000
195911  7.186  -23.930  51.771 0.0000000000
196304  11.660  -23.526  53.195 0.0000000000
196489  3.883  -16.935  47.245 0.0000000000
196897  9.873  -17.825  40.781 0.0000000000
197071  8.099  -25.134  50.992 0.0000000000
197255  17.366  -20.845  52.768 0.0000000000
197535  6.351  -14.285  39.520 0.0000000000
198113  7.797  -17.156  56.371 0.0000000000
198567  3.775  -16.058  46.121 0.0000000000
199483  10.134  -21.670  55.739 0.0000000000
199814  13.686  -22.459  56.664 0.0000000000
200527  7.501  -9.986  44.201 0.0000000000
200725  9.009  -20.713  55.701 0.0000000000
201241  18.240  -17.253  55.766 0.0000000000
201298  5.068  -11.690  38.471 0.0000000000
201406  7.455  -10.131  44.766 0.0000000000
201681  3.977  -15.426  43.417 0.0000000000
201750  6.565  -18.274  53.810 0.0000000000
201826  10.318  -23.965  55.918 0.0000000000
203046  6.249  -21.442  42.378 0.0000000000
203993  7.829  -9.666  43.442 0.0000000000
204067  7.495  -20.487  40.509 0.0000000000
204809  7.737  -6.994  43.796 0.0000000000
205395  6.046  -19.938  51.109 0.0000000000
205908  7.896  -20.512  54.954 0.0000000000
206327  13.663  -20.100  55.683 0.0000000000
207286  7.418  -22.961  53.035 0.0000000000
208437  5.950  -11.147  52.455 0.0000000000
208923  6.999  -22.912  52.221 0.0000000000
209334  6.942  -21.807  53.158 0.0000000000
209435  18.002  -18.613  56.877 0.0000000000
209867  6.047  -23.809  50.902 0.0000000000
210219  10.181  -22.214  56.276 0.0000000000
210238  6.335  -12.841  52.955 0.0000000000
210254  7.374  -21.495  53.981 0.0000000000
211144  6.814  -15.827  55.330 0.0000000000
211147  7.832  -14.693  56.259 0.0000000000
211354  11.817  -22.546  56.156 0.0000000000
211923  5.948  -25.969  49.413 0.0000000000
212290  7.460  -23.501  52.172 0.0000000000
212338  10.538  -22.316  56.363 0.0000000000
212817  4.966  -15.414  46.684 0.0000000000
212902  4.929  -15.764  47.593 0.0000000000
213011  17.884  -20.447  51.922 0.0000000000
213112  20.372  -18.272  52.105 0.0000000000
214322  5.140  -14.170  43.412 0.0000000000
214379  15.083  -21.705  53.721 0.0000000000
214417  5.124  -4.826  48.423 0.0000000000
214958  13.980  -20.339  55.942 0.0000000000
215346  7.583  -13.796  56.759 0.0000000000
215447  5.344  -7.091  54.622 0.0000000000
215467  8.205  -20.149  55.084 0.0000000000
215799  5.516  -8.684  54.167 0.0000000000
216858  5.747  -13.801  39.253 0.0000000000
217074  6.079  -18.249  52.405 0.0000000000
217476  5.285  -5.941  47.868 0.0000000000
217867  8.471  -15.136  38.162 0.0000000000
217907  21.449  -16.831  52.646 0.0000000000
217993  5.832  -17.655  46.503 0.0000000000
218203  8.808  -15.419  40.003 0.0000000000
218854  13.420  -22.335  52.821 0.0000000000
219645  23.833  -14.985  53.103 0.0000000000
219781  17.655  -18.768  55.425 0.0000000000
219914  6.124  -9.199  51.139 0.0000000000
219953  5.896  -10.922  52.044 0.0000000000
219982  9.200  -21.800  55.091 0.0000000000
219993  17.674  -19.749  57.225 0.0000000000
220071  17.833  -20.412  49.919 0.0000000000
220862  4.035  -16.271  43.518 0.0000000000
220943  7.637  -26.173  50.020 0.0000000000
221885  5.233  -17.528  47.155 0.0000000000
222917  17.966  -20.117  48.553 0.0000000000
223044  13.796  -20.617  56.062 0.0000000000
223901  5.374  -13.145  39.856 0.0000000000
224443  6.762  -15.006  41.455 0.0000000000
224606  9.876  -24.049  52.762 0.0000000000
224691  14.462  -22.022  57.361 0.0000000000
225004  7.528  -25.707  50.444 0.0000000000
225182  18.695  -20.529  49.708 0.0000000000
225220  5.275  -12.173  41.196 0.0000000000
225858  7.266  -13.239  47.971 0.0000000000
225926  5.123  -5.290  48.744 0.0000000000
226845  10.530  -24.350  54.276 0.0000000000
227919  17.386  -18.886  55.490 0.0000000000
