#!ascii label  , from subject sub-06_ses-004 vox2ras=TkReg
1156
99450  17.927  -15.591  10.331 0.2500000000
99449  18.453  -15.924  10.111 0.2500000000
186881  18.574  -16.472  10.034 0.7500000000
104204  15.907  -11.875  10.927 0.2500000000
103039  16.767  -12.740  10.881 0.1250000000
199922  16.907  -12.051  10.510 0.3750000000
103037  17.223  -14.024  10.267 0.2500000000
100587  17.278  -15.068  10.454 0.2500000000
183712  18.483  -15.360  9.799 0.7500000000
100598  17.784  -14.975  10.169 0.3750000000
98249  19.201  -16.592  9.625 0.8750000000
98264  18.913  -15.923  9.574 0.8750000000
97024  20.041  -17.307  9.179 0.8750000000
195927  17.320  -13.157  10.274 0.3750000000
101836  17.898  -14.271  10.078 0.3750000000
101835  18.437  -14.034  9.449 0.8750000000
100597  18.469  -14.603  9.690 0.7500000000
99484  20.484  -15.725  8.381 1.0000000000
99465  19.416  -15.448  9.144 1.0000000000
100615  18.960  -14.923  9.338 0.8750000000
98262  20.295  -16.794  8.896 1.0000000000
211139  18.979  -15.385  9.496 0.8750000000
203934  20.696  -17.360  8.967 1.0000000000
186197  15.691  -11.362  10.627 0.2500000000
104218  17.940  -12.613  9.661 0.7500000000
180725  18.589  -12.867  9.318 0.8750000000
103051  18.726  -13.656  8.976 0.8750000000
103052  18.064  -13.495  9.797 0.7500000000
99485  19.984  -15.246  8.612 1.0000000000
101850  19.134  -14.055  8.715 1.0000000000
98285  21.556  -16.616  8.354 1.0000000000
178762  21.007  -16.176  8.272 1.0000000000
97040  20.930  -16.739  8.713 1.0000000000
98286  20.412  -16.301  8.601 1.0000000000
106630  15.231  -10.719  10.854 0.1250000000
105396  17.114  -11.573  9.977 0.6250000000
104216  19.399  -12.863  9.112 1.0000000000
105395  17.790  -11.837  9.543 0.8750000000
186472  19.378  -13.589  8.648 1.0000000000
100649  21.702  -15.346  7.826 1.0000000000
204805  21.231  -15.002  7.862 1.0000000000
100633  20.066  -14.624  8.485 1.0000000000
101866  20.436  -14.132  8.185 1.0000000000
98299  22.430  -16.120  7.782 1.0000000000
208751  21.102  -15.557  8.038 1.0000000000
98283  23.377  -16.615  8.106 1.0000000000
201343  22.164  -16.561  8.037 1.0000000000
202913  19.280  -7.415  7.894 0.2500000000
194890  16.040  -10.742  10.600 0.2500000000
107794  16.644  -10.328  9.972 0.3750000000
106628  17.044  -10.959  9.772 0.5000000000
105413  18.720  -11.551  8.831 1.0000000000
106654  17.426  -10.404  9.509 0.6250000000
104217  18.416  -12.106  9.096 1.0000000000
103087  19.900  -13.007  7.978 1.0000000000
104230  19.613  -12.594  8.281 1.0000000000
100648  22.285  -15.117  7.699 1.0000000000
192261  21.740  -14.642  7.540 1.0000000000
103085  21.033  -13.271  7.300 1.0000000000
100646  23.446  -14.641  7.899 1.0000000000
194548  23.679  -16.066  8.272 1.0000000000
100631  23.840  -14.933  8.141 1.0000000000
99480  24.184  -15.484  8.375 1.0000000000
203730  19.555  -8.299  7.586 0.5000000000
108972  19.060  -7.990  7.994 0.3750000000
108952  18.623  -8.395  8.387 0.3750000000
108940  18.164  -9.031  8.788 0.5000000000
208445  18.628  -9.276  8.468 0.5000000000
106663  19.621  -10.754  7.708 0.8750000000
105425  19.531  -11.407  8.057 1.0000000000
206321  19.896  -10.780  7.119 1.0000000000
103097  21.566  -12.723  6.967 1.0000000000
105441  19.922  -11.759  7.622 1.0000000000
103082  23.211  -13.338  6.995 1.0000000000
191606  22.475  -13.372  7.006 1.0000000000
101865  24.507  -13.762  8.127 1.0000000000
197629  24.045  -14.301  8.125 1.0000000000
99479  24.899  -15.215  8.509 0.8750000000
110127  19.791  -7.653  7.649 0.5000000000
108951  19.164  -9.039  8.089 0.5000000000
108971  19.946  -8.981  6.923 0.6250000000
107866  20.625  -9.496  6.870 0.6250000000
107850  20.186  -9.974  7.098 1.0000000000
107832  19.312  -10.069  7.822 0.7500000000
186201  20.999  -11.285  6.742 1.0000000000
192281  24.388  -12.161  7.123 1.0000000000
105439  23.772  -12.203  6.754 1.0000000000
104242  23.070  -12.326  6.608 1.0000000000
104256  21.968  -12.220  6.539 1.0000000000
104239  24.884  -12.203  7.820 1.0000000000
103081  24.006  -13.297  7.061 1.0000000000
213982  22.851  -12.856  6.754 1.0000000000
182296  26.100  -12.818  7.959 0.8750000000
103066  24.443  -13.285  7.708 1.0000000000
196681  26.155  -13.939  8.191 0.8750000000
188669  20.112  -8.193  7.005 0.5000000000
108993  20.677  -8.842  6.689 0.8750000000
107863  23.417  -9.847  6.712 1.0000000000
180539  22.353  -10.264  6.334 1.0000000000
105437  24.784  -11.546  7.385 1.0000000000
106688  24.024  -10.693  6.782 1.0000000000
105447  22.062  -11.572  6.299 1.0000000000
184752  25.697  -10.455  7.550 1.0000000000
104226  26.669  -12.222  7.991 1.0000000000
104227  25.769  -12.198  7.895 1.0000000000
106674  25.952  -10.963  7.873 1.0000000000
105423  26.895  -11.516  7.988 1.0000000000
110143  20.861  -8.153  6.565 0.5000000000
110142  21.577  -8.334  6.150 0.8750000000
108991  21.777  -8.955  6.036 1.0000000000
110140  23.825  -8.053  6.812 1.0000000000
108989  23.168  -9.226  6.656 1.0000000000
108990  22.437  -9.068  6.436 1.0000000000
195052  26.567  -8.795  8.266 1.0000000000
108968  25.991  -8.895  8.145 1.0000000000
108966  27.971  -9.175  7.966 1.0000000000
108967  26.574  -9.513  7.960 1.0000000000
107849  25.406  -9.993  7.514 1.0000000000
206812  27.608  -10.416  7.617 1.0000000000
107846  27.439  -9.715  8.014 1.0000000000
181600  28.117  -11.028  7.723 0.8750000000
115972  24.173  -4.316  5.241 1.0000000000
177613  22.632  -4.788  6.036 0.3750000000
177622  24.081  -4.839  5.368 0.8750000000
177908  24.426  -6.842  6.433 1.0000000000
111263  26.790  -7.720  7.867 1.0000000000
111264  25.957  -7.576  7.833 1.0000000000
117088  24.940  -3.433  5.715 0.8750000000
115963  25.037  -4.177  5.536 1.0000000000
114868  24.687  -4.752  5.399 1.0000000000
177614  24.510  -5.253  5.565 1.0000000000
115962  25.536  -4.623  5.899 1.0000000000
177728  24.848  -6.246  7.068 1.0000000000
213106  26.632  -7.221  7.741 1.0000000000
112482  26.926  -6.499  7.965 1.0000000000
192283  27.904  -7.335  7.632 1.0000000000
118317  24.411  -2.650  5.619 0.7500000000
115948  26.076  -4.863  6.209 1.0000000000
113685  27.707  -5.692  7.293 1.0000000000
202320  27.123  -5.619  6.849 1.0000000000
113670  27.061  -5.992  7.448 1.0000000000
117087  25.881  -3.707  5.240 1.0000000000
115961  26.251  -4.308  5.533 1.0000000000
114838  26.646  -5.186  6.604 1.0000000000
125060  25.696  2.013  6.588 0.1250000000
125059  26.416  1.717  6.919 0.1250000000
125073  25.917  1.962  5.607 0.2500000000
125086  26.044  1.701  4.726 0.3750000000
188265  25.899  2.520  4.978 0.2500000000
124041  26.489  1.833  4.659 0.5000000000
193921  26.290  2.244  4.924 0.2500000000
126118  27.187  2.473  5.490 0.3750000000
126119  26.233  2.622  4.776 0.2500000000
127119  25.910  3.066  4.661 0.2500000000
193144  26.762  2.879  4.791 0.2500000000
127117  27.752  3.127  5.457 0.3750000000
127116  28.695  3.099  6.118 0.3750000000
99437  17.788  -15.674  10.852 0.1250000000
100599  16.881  -14.689  10.305 0.2500000000
103023  16.110  -13.327  11.198 0.1250000000
97038  22.505  -16.951  8.494 1.0000000000
181944  21.570  -9.397  6.182 0.8750000000
108969  25.073  -9.503  7.484 1.0000000000
98234  17.555  -16.759  11.021 0.1250000000
97012  18.741  -17.236  10.006 0.6250000000
94660  19.759  -18.311  9.572 0.7500000000
104186  15.702  -11.998  11.322 0.1250000000
189686  20.215  -18.729  9.300 1.0000000000
100588  16.789  -14.735  10.513 0.1250000000
95870  20.967  -18.135  8.715 1.0000000000
95884  22.123  -17.562  8.613 1.0000000000
95882  23.477  -17.577  8.723 1.0000000000
199920  15.976  -9.079  9.941 0.3750000000
108953  18.102  -7.925  8.886 0.2500000000
179135  17.694  -8.786  9.246 0.2500000000
202767  24.884  -15.746  8.542 0.8750000000
103062  27.156  -13.309  8.163 0.8750000000
100628  25.926  -14.654  8.296 0.8750000000
104238  28.053  -12.747  7.772 0.8750000000
202088  22.596  -4.461  6.616 0.1250000000
177813  21.962  -4.908  6.673 0.1250000000
111281  21.024  -7.469  6.931 0.3750000000
179704  22.009  -7.661  6.199 0.6250000000
107845  28.163  -9.853  7.697 1.0000000000
105435  27.701  -11.873  7.831 0.8750000000
117099  23.645  -4.029  5.381 0.5000000000
117089  24.072  -3.679  5.382 0.8750000000
177618  23.710  -5.983  5.938 0.8750000000
183895  28.224  -7.926  7.869 1.0000000000
112480  28.188  -6.895  7.654 1.0000000000
185363  27.519  -6.227  7.759 1.0000000000
118334  25.093  -2.278  4.931 0.8750000000
203245  26.699  -2.714  5.309 1.0000000000
115960  26.998  -4.014  5.828 1.0000000000
183051  27.343  -4.993  6.748 1.0000000000
124017  26.214  1.718  8.105 0.1250000000
122931  25.027  1.276  6.918 0.1250000000
121911  25.618  0.276  4.918 0.6250000000
124039  28.000  1.574  5.539 0.5000000000
125072  25.887  2.318  5.869 0.2500000000
125083  28.114  2.066  5.812 0.5000000000
126107  26.113  2.772  6.027 0.2500000000
127107  25.551  3.094  4.998 0.2500000000
126117  28.346  2.581  5.958 0.5000000000
199187  25.622  3.401  4.721 0.1250000000
127118  26.772  3.381  4.665 0.2500000000
190711  28.344  4.665  5.802 0.2500000000
128100  29.237  4.660  6.244 0.2500000000
127125  26.158  3.865  4.539 0.1250000000
98250  18.077  -16.238  10.637 0.1250000000
187194  18.142  -16.908  10.474 0.5000000000
185444  16.568  -14.322  10.527 0.1250000000
95872  19.790  -17.743  9.475 0.7500000000
98263  19.749  -16.632  9.105 0.8750000000
100614  19.418  -14.665  8.786 1.0000000000
98287  19.882  -16.013  8.741 1.0000000000
97039  21.431  -17.362  8.658 1.0000000000
213784  21.984  -16.960  8.531 1.0000000000
106653  17.593  -11.144  9.447 0.8750000000
103068  19.663  -13.127  8.519 1.0000000000
99497  22.704  -15.605  7.722 1.0000000000
100650  21.053  -14.437  7.790 1.0000000000
101885  20.846  -13.869  7.638 1.0000000000
99482  23.040  -16.123  7.806 1.0000000000
97037  23.121  -17.000  8.393 1.0000000000
107820  17.201  -9.555  9.508 0.3750000000
107819  17.929  -9.723  9.256 0.5000000000
106652  18.693  -10.816  8.748 0.8750000000
214533  19.709  -12.021  8.109 1.0000000000
104245  19.996  -12.360  7.843 1.0000000000
99481  23.380  -15.443  7.867 1.0000000000
197573  22.472  -14.487  7.430 1.0000000000
101884  21.408  -13.957  7.363 1.0000000000
101883  22.092  -13.973  7.218 1.0000000000
101881  23.518  -13.824  7.271 1.0000000000
188496  24.617  -14.242  8.368 1.0000000000
107833  18.875  -10.012  8.340 0.6250000000
107851  19.616  -9.438  7.454 0.6250000000
196184  19.787  -11.234  7.367 1.0000000000
181690  21.336  -10.637  6.601 1.0000000000
103083  22.199  -12.833  6.788 1.0000000000
104257  21.367  -12.210  6.817 1.0000000000
105440  20.202  -11.408  7.017 1.0000000000
101880  24.050  -13.791  7.518 1.0000000000
103064  25.707  -13.363  7.899 0.8750000000
189468  25.505  -15.104  8.367 0.8750000000
212123  21.302  -10.109  6.534 1.0000000000
204862  22.074  -10.862  6.288 1.0000000000
105436  25.473  -11.564  7.801 1.0000000000
191853  24.084  -12.698  6.927 1.0000000000
104254  23.220  -11.692  6.524 1.0000000000
105438  24.058  -11.460  6.814 1.0000000000
187480  26.760  -12.882  8.110 0.8750000000
108988  23.834  -9.340  6.917 1.0000000000
107864  22.023  -9.595  6.267 1.0000000000
107862  24.066  -10.040  6.989 1.0000000000
180996  23.046  -10.350  6.409 1.0000000000
106676  24.612  -10.926  7.150 1.0000000000
106689  23.341  -10.953  6.410 1.0000000000
209192  24.458  -10.422  7.179 1.0000000000
106673  26.981  -10.588  7.759 1.0000000000
106662  26.617  -10.959  8.042 1.0000000000
111280  21.354  -7.742  6.434 0.6250000000
110141  22.192  -8.414  6.128 1.0000000000
181054  23.583  -8.684  6.709 1.0000000000
212750  23.299  -8.108  6.603 1.0000000000
108970  24.224  -8.712  7.112 1.0000000000
111278  24.062  -7.463  6.588 1.0000000000
111265  24.970  -7.734  7.456 1.0000000000
110126  24.828  -8.442  7.465 1.0000000000
110123  28.442  -8.612  7.731 1.0000000000
110125  25.560  -8.315  7.762 1.0000000000
213416  24.685  -9.007  7.556 1.0000000000
177818  23.441  -4.842  5.589 0.7500000000
202029  24.297  -5.758  5.937 1.0000000000
177900  23.142  -5.411  5.935 0.7500000000
181892  23.464  -7.539  6.518 1.0000000000
177874  24.576  -6.750  7.604 1.0000000000
177890  23.860  -7.048  6.155 1.0000000000
177773  24.596  -6.063  6.325 1.0000000000
207678  25.275  -6.950  7.887 1.0000000000
118316  25.386  -2.938  5.082 0.8750000000
177843  25.491  -5.163  6.179 1.0000000000
202034  25.841  -5.954  6.941 1.0000000000
205647  25.546  -6.348  7.539 1.0000000000
177612  25.346  -5.821  6.378 1.0000000000
112481  27.655  -6.722  7.726 1.0000000000
114851  26.032  -5.492  6.523 1.0000000000
115947  26.788  -4.620  6.156 1.0000000000
199741  26.453  -3.734  5.373 1.0000000000
124018  25.599  1.956  7.703 0.1250000000
124030  25.492  1.718  6.223 0.1250000000
197894  25.313  1.858  7.110 0.1250000000
125085  25.990  2.118  4.969 0.2500000000
124042  25.823  1.503  5.344 0.5000000000
125084  27.219  2.082  5.337 0.5000000000
124051  26.428  1.251  4.442 0.7500000000
128101  27.618  3.963  5.333 0.2500000000
128088  28.606  3.860  6.209 0.2500000000
96984  17.677  -17.153  11.362 0.1250000000
96997  17.889  -17.265  10.838 0.1250000000
95856  18.575  -18.032  10.276 0.6250000000
95855  19.284  -17.832  9.851 0.7500000000
95871  20.305  -18.045  9.147 1.0000000000
184303  21.563  -5.238  6.505 0.5000000000
112495  21.428  -7.063  6.685 0.6250000000
111279  22.793  -7.823  6.281 0.8750000000
177939  22.618  -6.654  6.029 0.7500000000
112494  23.145  -7.128  6.262 0.8750000000
177621  22.199  -5.319  6.174 0.7500000000
177887  22.831  -6.004  5.989 0.8750000000
177617  23.477  -6.624  5.967 1.0000000000
177782  24.130  -6.451  6.026 1.0000000000
118333  25.670  -2.518  4.860 1.0000000000
118314  27.228  -2.741  5.708 1.0000000000
117066  27.816  -3.969  6.418 1.0000000000
122955  26.270  0.734  4.205 0.7500000000
122956  25.847  1.071  4.499 0.5000000000
124040  27.347  1.256  4.941 0.7500000000
128087  29.731  4.040  6.422 0.2500000000
127106  29.389  3.326  6.434 0.3750000000
88129  21.004  -22.956  10.614 0.7500000000
86791  22.338  -23.353  10.290 0.7500000000
89448  19.948  -22.267  10.438 0.7500000000
89468  19.709  -21.759  10.346 0.7500000000
89465  21.912  -22.126  10.035 0.7500000000
89447  20.763  -22.288  10.628 0.7500000000
89467  20.394  -21.681  10.215 0.7500000000
185280  22.479  -21.726  9.982 0.7500000000
90819  21.650  -21.447  9.701 0.7500000000
90820  20.978  -21.377  10.030 0.7500000000
93421  19.778  -19.572  9.861 0.7500000000
94638  19.239  -18.523  10.034 0.6250000000
92142  20.778  -20.392  9.696 0.7500000000
93419  20.768  -19.678  9.499 0.8750000000
93420  20.187  -19.946  9.668 0.8750000000
90818  23.131  -21.391  9.905 0.7500000000
200482  22.380  -21.030  9.813 0.7500000000
184084  21.702  -20.551  9.722 0.7500000000
93441  21.341  -19.433  9.280 0.8750000000
191437  20.760  -19.060  9.285 0.8750000000
92155  22.970  -20.331  9.530 0.7500000000
92140  22.377  -20.386  9.498 0.7500000000
183653  21.906  -19.253  9.121 0.8750000000
94658  21.293  -18.766  8.935 0.8750000000
212430  22.924  -19.278  9.307 0.7500000000
196035  22.429  -19.001  9.112 0.8750000000
95868  22.429  -18.266  8.892 0.8750000000
94676  24.588  -18.674  9.001 0.8750000000
95867  23.220  -18.162  8.895 0.8750000000
95881  24.308  -17.730  8.714 0.8750000000
97036  23.739  -17.077  8.525 0.8750000000
97033  26.641  -17.917  8.223 0.3750000000
97034  25.798  -17.110  8.982 0.6250000000
97045  24.838  -16.776  8.629 0.7500000000
98282  24.000  -16.606  8.516 0.7500000000
202334  27.160  -17.684  7.613 0.5000000000
98279  26.466  -16.982  8.437 0.5000000000
190612  26.498  -16.079  8.754 0.7500000000
99478  25.544  -15.602  8.524 0.7500000000
98298  28.550  -17.696  6.593 0.1250000000
99476  27.784  -16.984  7.318 0.3750000000
99477  26.877  -16.053  7.937 0.6250000000
188709  26.177  -15.396  8.380 0.6250000000
100627  26.758  -15.205  8.159 0.6250000000
99494  29.012  -17.224  6.549 0.1250000000
98306  28.869  -17.682  6.328 0.1250000000
100659  28.397  -16.209  5.821 0.1250000000
101904  28.568  -15.981  5.214 0.1250000000
185196  28.209  -14.205  7.423 0.6250000000
103079  28.331  -13.516  7.584 0.6250000000
103080  27.667  -13.186  7.878 0.7500000000
100666  29.140  -16.167  4.956 0.1250000000
192068  30.295  -15.213  4.125 0.1250000000
101895  29.350  -14.154  5.738 0.1250000000
103096  29.289  -13.375  6.663 0.5000000000
192414  28.848  -13.030  7.795 0.6250000000
203343  29.038  -12.045  7.275 0.7500000000
100665  30.089  -16.004  5.046 0.1250000000
104265  29.332  -12.813  5.363 0.5000000000
105459  29.505  -11.858  5.885 0.5000000000
105446  29.209  -11.773  6.726 0.6250000000
209366  29.014  -11.463  7.256 0.7500000000
120706  24.199  -1.355  6.045 0.5000000000
106698  29.410  -10.936  5.776 0.6250000000
107859  29.505  -10.058  6.880 0.6250000000
108986  29.456  -9.457  7.255 0.8750000000
107880  29.740  -10.147  5.007 0.5000000000
106684  29.716  -10.187  6.209 0.6250000000
108985  30.052  -9.504  6.660 0.6250000000
119557  25.098  -1.645  5.103 0.7500000000
108964  29.184  -8.784  7.466 0.8750000000
113669  28.204  -6.245  7.725 0.8750000000
114837  28.553  -5.493  7.425 0.8750000000
110138  29.646  -8.305  7.320 0.7500000000
203173  29.766  -7.152  7.041 0.8750000000
113684  29.571  -6.433  7.139 0.8750000000
183064  29.331  -5.684  7.256 0.8750000000
114848  29.095  -5.068  7.229 0.8750000000
182073  29.831  -9.839  4.502 0.3750000000
109012  30.032  -9.483  5.227 0.5000000000
110166  30.189  -8.716  5.231 0.5000000000
186789  30.232  -7.945  6.393 0.6250000000
205503  29.865  -9.292  3.550 0.2500000000
201372  30.052  -8.774  4.173 0.3750000000
110154  30.276  -8.464  6.048 0.5000000000
120705  24.850  -1.109  5.396 0.6250000000
120722  26.120  -1.062  4.650 0.7500000000
119556  25.780  -1.805  4.976 0.7500000000
118332  26.252  -2.303  5.040 0.8750000000
182401  27.930  -4.625  6.621 0.8750000000
115945  28.534  -4.315  6.598 0.7500000000
115944  29.163  -4.579  6.884 0.8750000000
191250  30.170  -7.428  6.692 0.6250000000
112492  30.261  -6.760  6.558 0.7500000000
110179  30.556  -8.162  4.801 0.3750000000
111312  30.852  -7.582  4.335 0.5000000000
113696  31.044  -5.809  6.099 0.7500000000
199440  30.298  -8.275  3.782 0.2500000000
120704  25.635  -0.659  4.938 0.6250000000
119555  26.378  -1.526  4.907 0.8750000000
119536  26.973  -2.080  5.338 0.8750000000
118313  27.852  -2.720  6.103 0.8750000000
119535  27.780  -1.680  5.539 0.7500000000
117065  28.653  -3.865  6.396 0.8750000000
115943  29.769  -4.318  6.633 0.7500000000
196910  30.785  -6.475  6.123 0.5000000000
191466  31.263  -6.792  3.607 0.2500000000
112523  31.232  -6.953  4.355 0.5000000000
112513  31.199  -7.071  5.110 0.5000000000
111331  30.222  -7.868  2.305 0.2500000000
193324  26.076  0.408  4.344 0.5000000000
121921  26.622  0.012  4.369 0.6250000000
120720  27.140  -0.536  4.794 0.7500000000
120703  27.552  -0.924  5.381 0.7500000000
120702  28.927  -1.181  6.055 0.7500000000
208390  29.359  -1.711  6.371 0.7500000000
119534  28.598  -1.789  5.897 0.7500000000
202546  28.214  -0.921  5.839 0.7500000000
118312  28.907  -2.302  6.062 0.7500000000
117063  29.990  -3.396  6.631 0.7500000000
118295  29.515  -2.556  6.720 0.7500000000
205425  31.411  -4.517  5.834 0.5000000000
117081  31.176  -4.028  6.116 0.3750000000
115942  30.446  -4.065  6.459 0.6250000000
113713  31.768  -5.880  3.976 0.2500000000
114867  31.734  -5.285  5.002 0.3750000000
115971  31.812  -4.703  5.398 0.3750000000
122954  26.941  0.614  4.597 0.6250000000
121920  27.270  0.014  4.741 0.7500000000
187996  28.391  0.033  5.782 0.7500000000
121909  28.932  -0.526  6.094 0.7500000000
120684  30.020  -1.151  6.563 0.7500000000
119511  30.890  -2.127  6.601 0.6250000000
117080  31.920  -3.349  5.658 0.3750000000
118311  31.223  -2.796  6.422 0.3750000000
114885  31.866  -5.555  3.342 0.1250000000
117115  32.545  -3.823  3.941 0.1250000000
115970  32.239  -4.243  5.124 0.2500000000
122944  27.687  0.409  5.112 0.6250000000
122942  28.846  0.664  6.198 0.7500000000
190745  29.030  0.065  6.245 0.6250000000
210511  29.816  -0.694  6.375 0.7500000000
119533  31.575  -2.126  6.276 0.3750000000
120683  30.676  -1.449  6.628 0.3750000000
119512  30.118  -1.961  6.755 0.7500000000
118331  32.641  -2.591  5.202 0.2500000000
118310  31.856  -2.761  5.942 0.3750000000
118294  30.445  -2.758  6.658 0.6250000000
118367  32.608  -3.048  2.436 0.1250000000
118356  32.616  -3.234  3.378 0.1250000000
114890  32.081  -4.931  3.034 0.1250000000
122943  28.198  0.887  5.599 0.6250000000
122929  29.470  0.442  6.595 0.3750000000
122928  30.111  0.158  6.765 0.3750000000
120699  33.022  -0.761  5.837 0.2500000000
119510  31.244  -1.594  6.353 0.3750000000
192684  30.612  -0.799  6.695 0.3750000000
119567  33.072  -2.019  4.288 0.1250000000
119554  32.571  -1.989  5.581 0.3750000000
119532  32.160  -2.027  6.050 0.3750000000
204396  32.394  -2.961  1.655 0.1250000000
118330  32.880  -2.624  4.618 0.1250000000
125071  29.504  2.256  6.677 0.3750000000
188868  30.542  1.659  7.032 0.3750000000
124029  29.318  1.140  6.633 0.3750000000
122925  31.934  0.744  6.459 0.3750000000
122926  31.307  0.426  6.735 0.3750000000
122927  30.641  0.493  6.833 0.3750000000
122940  32.447  0.373  6.121 0.3750000000
121908  31.947  -0.695  6.471 0.3750000000
191372  33.241  -0.674  3.068 0.1250000000
120719  32.941  -1.415  5.408 0.1250000000
121919  33.343  -0.232  5.365 0.2500000000
191737  33.061  -1.784  2.450 0.1250000000
126104  30.622  2.898  6.805 0.2500000000
125068  31.901  1.851  7.008 0.2500000000
125069  31.115  2.256  6.885 0.3750000000
191834  29.810  1.687  6.923 0.3750000000
124036  33.051  1.398  5.864 0.1250000000
124027  31.614  1.182  6.894 0.3750000000
196963  31.255  1.592  6.998 0.3750000000
122939  32.886  0.711  5.874 0.1250000000
124037  32.514  1.186  6.279 0.2500000000
122975  33.604  0.919  3.856 0.1250000000
121906  33.018  -0.004  5.870 0.1250000000
126105  29.841  2.836  6.679 0.3750000000
125070  30.229  2.289  6.868 0.3750000000
126103  31.378  2.985  6.924 0.2500000000
125081  32.883  1.880  6.276 0.1250000000
126116  32.608  2.962  6.393 0.1250000000
125080  33.213  1.998  5.708 0.1250000000
126127  33.387  2.616  5.493 0.1250000000
124069  33.500  1.190  2.597 0.1250000000
125092  33.959  1.927  4.543 0.1250000000
127115  32.877  3.732  6.202 0.1250000000
198803  34.150  2.408  4.294 0.1250000000
126114  33.876  3.203  5.530 0.1250000000
126143  34.028  2.803  2.614 0.1250000000
126144  33.467  2.441  2.156 0.1250000000
94657  21.917  -18.695  8.928 0.8750000000
95880  25.317  -18.210  8.982 0.6250000000
111276  29.912  -7.824  6.964 0.8750000000
191716  30.852  -7.138  5.842 0.5000000000
111322  30.505  -7.723  3.380 0.3750000000
121922  26.126  -0.317  4.426 0.6250000000
120721  26.515  -0.781  4.521 0.8750000000
196615  26.961  -1.226  5.203 0.7500000000
188844  27.660  -2.295  5.661 0.8750000000
197334  28.303  -2.212  5.860 0.7500000000
117082  29.293  -3.147  6.798 0.7500000000
117064  29.354  -3.740  6.566 0.7500000000
113695  31.460  -5.831  5.339 0.5000000000
198268  31.321  -5.125  5.715 0.5000000000
114859  30.859  -5.134  6.237 0.7500000000
113706  31.702  -5.862  4.617 0.5000000000
121934  33.727  0.348  3.933 0.1250000000
199550  32.282  2.405  6.789 0.2500000000
126126  33.989  2.592  4.926 0.1250000000
125105  34.195  2.586  3.307 0.1250000000
100643  28.221  -15.085  6.834 0.5000000000
100645  27.318  -14.753  8.013 0.6250000000
187578  26.698  -14.491  8.272 0.7500000000
105458  29.424  -11.578  5.030 0.3750000000
203258  29.605  -11.004  4.684 0.3750000000
109020  29.902  -9.919  3.654 0.2500000000
114860  30.485  -5.457  6.604 0.7500000000
124058  33.378  0.985  4.878 0.1250000000
109024  29.416  -9.621  2.610 0.1250000000
85562  21.288  -23.981  10.859 0.7500000000
86775  20.706  -23.486  10.807 0.7500000000
88131  19.581  -22.725  10.742 0.7500000000
89449  19.305  -22.113  10.609 0.7500000000
86773  22.548  -23.926  10.552 0.7500000000
86790  22.928  -23.569  10.300 0.7500000000
93422  19.389  -19.854  10.308 0.6250000000
92143  20.067  -20.523  9.949 0.7500000000
89464  23.173  -22.151  9.994 0.6250000000
92139  23.422  -20.924  9.594 0.7500000000
196034  23.561  -19.243  9.250 0.6250000000
94674  26.628  -19.705  7.745 0.3750000000
97032  27.309  -18.372  7.730 0.1250000000
98277  28.298  -17.525  7.107 0.1250000000
98297  28.731  -17.741  6.580 0.1250000000
100642  29.244  -15.706  7.366 0.1250000000
100657  30.049  -15.773  5.849 0.1250000000
100664  30.679  -15.827  4.854 0.1250000000
101911  31.158  -15.656  4.371 0.1250000000
119537  24.389  -1.838  5.612 0.3750000000
103112  30.828  -15.020  3.850 0.1250000000
103113  29.964  -13.988  3.904 0.1250000000
105468  29.519  -11.980  4.044 0.1250000000
193967  29.953  -11.547  3.545 0.2500000000
107886  30.085  -10.568  3.992 0.2500000000
121912  25.184  -0.433  5.724 0.5000000000
110193  29.851  -8.685  1.671 0.1250000000
110186  30.030  -8.492  2.739 0.2500000000
112537  30.761  -6.671  1.436 0.1250000000
114891  31.752  -5.365  2.518 0.1250000000
115993  31.731  -4.818  2.125 0.1250000000
121893  25.118  0.432  6.181 0.3750000000
117130  31.964  -3.773  1.321 0.1250000000
119596  31.954  -1.914  0.734 0.1250000000
118374  31.879  -2.559  0.821 0.1250000000
121957  33.091  -0.263  2.514 0.1250000000
200789  32.221  1.202  0.526 0.1250000000
201293  26.527  2.269  6.931 0.1250000000
127104  30.956  3.567  6.920 0.2500000000
127103  31.643  3.610  6.868 0.1250000000
209510  32.158  4.662  6.523 0.1250000000
127124  34.234  3.267  4.909 0.1250000000
127114  33.493  3.940  5.773 0.1250000000
126138  34.288  2.692  3.879 0.1250000000
191018  32.898  2.626  1.519 0.1250000000
98281  24.464  -16.146  8.525 0.7500000000
106672  28.410  -10.432  7.390 0.7500000000
106686  28.794  -10.988  7.445 0.7500000000
118318  23.770  -2.853  5.841 0.3750000000
114850  28.009  -5.117  7.023 0.8750000000
95883  22.798  -17.568  8.702 0.8750000000
94637  19.772  -18.944  9.748 0.7500000000
94659  20.207  -19.339  9.480 0.8750000000
95869  21.647  -18.174  8.666 0.8750000000
98280  25.531  -16.270  8.926 0.7500000000
101879  27.629  -13.898  7.846 0.6250000000
111261  28.873  -8.095  7.429 0.8750000000
117086  26.822  -3.284  5.573 0.8750000000
117085  27.442  -3.320  6.085 0.8750000000
125082  28.857  2.125  6.271 0.3750000000
126106  29.149  2.699  6.344 0.3750000000
127105  30.192  3.466  6.680 0.2500000000
88130  20.298  -22.871  10.694 0.7500000000
88147  21.435  -22.509  10.337 0.7500000000
86792  21.581  -23.218  10.143 0.7500000000
88145  22.887  -22.962  10.074 0.7500000000
90799  19.197  -21.426  10.624 0.7500000000
90822  19.820  -21.140  10.248 0.7500000000
89466  21.202  -21.901  10.213 0.7500000000
90821  20.517  -21.014  9.986 0.7500000000
199934  19.753  -20.100  9.941 0.7500000000
184879  19.390  -19.187  10.291 0.6250000000
198462  21.365  -19.957  9.664 0.8750000000
207174  22.854  -20.788  9.735 0.7500000000
92141  21.925  -19.890  9.349 0.8750000000
93440  22.478  -19.776  9.205 0.7500000000
93439  23.247  -19.780  9.483 0.7500000000
94655  23.753  -18.709  8.964 0.7500000000
94656  23.034  -18.751  9.133 0.8750000000
192320  24.428  -19.387  8.990 0.6250000000
212857  24.336  -17.105  8.588 0.7500000000
95878  26.815  -19.085  7.737 0.2500000000
95879  26.274  -18.658  8.468 0.5000000000
188154  25.835  -17.799  8.831 0.6250000000
188152  27.254  -16.829  8.164 0.5000000000
98278  27.809  -17.607  7.377 0.2500000000
212175  27.630  -18.005  7.623 0.1250000000
98307  28.549  -17.495  6.267 0.2500000000
100644  27.665  -15.506  7.185 0.3750000000
100626  27.340  -15.844  7.549 0.6250000000
200716  29.193  -16.642  5.444 0.1250000000
100658  29.289  -16.257  6.168 0.1250000000
99519  28.938  -16.571  5.401 0.1250000000
101897  28.689  -15.093  6.231 0.5000000000
101903  29.115  -15.333  5.298 0.1250000000
193255  29.800  -15.082  4.858 0.1250000000
101896  29.004  -14.170  6.461 0.5000000000
101912  30.449  -15.726  4.802 0.1250000000
103104  29.417  -13.966  4.811 0.1250000000
194076  29.383  -13.154  4.437 0.1250000000
104253  29.256  -12.537  6.471 0.6250000000
104264  29.414  -12.328  4.732 0.1250000000
106685  29.134  -11.128  6.651 0.6250000000
203838  29.373  -10.569  6.522 0.6250000000
110137  30.000  -8.544  6.669 0.6250000000
113683  30.020  -5.906  6.908 0.7500000000
114847  29.794  -5.092  6.951 0.7500000000
110153  30.728  -8.005  5.757 0.5000000000
204724  29.097  -4.163  6.513 0.7500000000
203139  30.768  -7.187  3.814 0.3750000000
199488  28.525  -2.734  6.230 0.7500000000
115958  30.916  -4.617  6.162 0.6250000000
212003  29.915  -3.884  6.562 0.7500000000
112504  31.232  -6.474  5.637 0.5000000000
113721  31.590  -6.253  3.395 0.1250000000
112529  31.084  -6.689  2.674 0.1250000000
112530  30.670  -7.205  3.013 0.2500000000
112538  30.422  -7.286  1.814 0.1250000000
121910  27.737  -0.316  5.237 0.7500000000
117062  30.791  -3.410  6.337 0.6250000000
115957  31.897  -4.040  5.763 0.3750000000
192182  31.485  -3.408  6.053 0.3750000000
114876  31.938  -5.315  4.237 0.1250000000
114866  32.092  -4.803  4.734 0.3750000000
121892  29.593  -0.261  6.356 0.3750000000
183158  32.790  -3.213  4.988 0.3750000000
114884  32.146  -5.024  3.690 0.1250000000
118345  32.788  -3.232  4.302 0.1250000000
207449  32.537  -3.916  3.272 0.1250000000
120701  31.949  -1.429  6.366 0.3750000000
121889  31.372  -0.334  6.668 0.3750000000
119553  32.898  -2.008  4.992 0.2500000000
118366  32.945  -2.518  2.897 0.1250000000
119588  32.588  -2.404  1.818 0.1250000000
188091  32.294  -3.924  2.136 0.1250000000
118355  32.939  -2.606  3.837 0.1250000000
124038  28.589  1.437  6.226 0.3750000000
120700  32.525  -1.421  5.974 0.2500000000
119578  33.128  -1.949  3.456 0.1250000000
120749  33.218  -1.280  3.211 0.1250000000
120737  33.545  -0.900  4.424 0.1250000000
195848  29.188  1.736  6.632 0.3750000000
122941  31.837  0.049  6.271 0.3750000000
120761  32.996  -0.958  2.497 0.1250000000
186627  33.411  -0.773  3.722 0.1250000000
122976  33.331  0.718  3.359 0.1250000000
122987  33.238  0.426  2.595 0.1250000000
203085  33.466  -0.400  4.741 0.1250000000
122965  33.379  0.277  4.664 0.1250000000
120770  32.600  -1.239  1.717 0.1250000000
121966  32.672  -0.544  1.754 0.1250000000
126102  32.029  3.031  6.834 0.2500000000
124050  33.322  1.497  5.306 0.1250000000
124057  33.712  1.312  4.221 0.1250000000
122964  33.523  0.796  4.300 0.1250000000
125111  33.989  2.003  2.800 0.1250000000
126115  33.282  3.138  5.979 0.1250000000
125093  33.582  2.013  5.127 0.1250000000
124075  33.135  1.344  1.901 0.1250000000
124049  33.647  1.508  4.822 0.1250000000
128098  33.066  4.424  6.101 0.1250000000
127102  32.278  3.637  6.602 0.1250000000
85539  20.521  -24.149  11.143 0.7500000000
86774  21.848  -23.720  10.571 0.7500000000
85561  22.029  -24.415  10.809 0.7500000000
86776  19.892  -23.447  10.911 0.7500000000
92123  18.940  -20.238  10.692 0.5000000000
92122  19.478  -20.516  10.355 0.6250000000
92154  23.674  -20.389  9.452 0.6250000000
94654  25.402  -19.917  8.662 0.5000000000
104278  30.007  -13.340  3.604 0.1250000000
213181  31.080  -13.859  3.372 0.1250000000
104270  29.512  -12.887  3.687 0.1250000000
113728  31.444  -6.038  2.323 0.1250000000
122998  32.872  0.208  1.693 0.1250000000
187377  33.149  0.807  2.042 0.1250000000
86754  19.326  -23.573  11.315 0.7500000000
89450  18.699  -21.867  10.856 0.5000000000
82984  21.737  -25.413  11.448 0.6250000000
85537  21.862  -25.000  11.071 0.6250000000
85535  23.294  -24.410  10.930 0.3750000000
85560  22.757  -24.479  10.726 0.6250000000
86753  24.061  -24.132  11.131 0.2500000000
86772  23.663  -23.801  10.529 0.3750000000
94675  25.717  -19.330  8.654 0.3750000000
121894  24.729  -0.280  6.622 0.2500000000
122930  25.446  1.091  5.607 0.2500000000
85538  21.334  -24.661  11.102 0.6250000000
88144  23.663  -22.805  10.071 0.5000000000
90817  23.847  -21.595  9.432 0.5000000000
92138  24.059  -20.975  9.450 0.3750000000
84244  23.503  -25.159  12.358 0.5000000000
85536  22.743  -24.855  11.158 0.6250000000
93437  24.871  -20.084  9.019 0.5000000000
82960  21.201  -26.098  12.151 0.6250000000
89425  18.491  -22.178  11.377 0.3750000000
88107  18.849  -22.943  11.480 0.3750000000
82985  21.278  -25.516  11.793 0.6250000000
84267  20.720  -24.976  11.511 0.6250000000
85540  19.808  -23.994  11.269 0.6250000000
82938  23.177  -25.807  12.676 0.3750000000
82959  21.811  -25.939  12.067 0.6250000000
89451  18.291  -21.588  11.255 0.2500000000
85502  24.261  -24.862  12.662 0.3750000000
86771  24.180  -23.440  10.792 0.2500000000
86734  24.027  -24.017  11.977 0.2500000000
88143  24.222  -22.546  10.113 0.2500000000
89462  24.398  -21.930  9.750 0.3750000000
90815  24.805  -21.395  9.616 0.2500000000
191118  25.037  -20.570  9.140 0.2500000000
93436  25.762  -20.491  8.669 0.2500000000
110097  17.558  -7.932  9.486 0.1250000000
111268  20.272  -7.734  7.082 0.2500000000
113697  21.696  -5.916  6.146 0.3750000000
117090  23.131  -3.459  5.981 0.2500000000
110113  19.009  -7.331  8.239 0.1250000000
108942  16.548  -9.075  9.655 0.2500000000
203059  21.851  -6.786  6.219 0.3750000000
212874  23.535  -21.819  9.799 0.5000000000
86777  19.279  -23.082  10.979 0.5000000000
88132  18.889  -22.562  10.835 0.5000000000
182458  22.371  -24.877  10.899 0.6250000000
85559  23.174  -24.126  10.328 0.5000000000
86789  23.432  -23.473  10.183 0.5000000000
94653  26.340  -20.312  7.985 0.2500000000
90800  18.572  -21.252  10.896 0.3750000000
185104  18.952  -20.827  10.697 0.3750000000
94622  18.842  -18.794  10.553 0.2500000000
92124  18.549  -20.676  10.974 0.3750000000
92153  24.399  -20.470  9.294 0.2500000000
84246  22.151  -25.515  11.857 0.6250000000
84245  22.753  -25.320  11.921 0.5000000000
183775  23.617  -24.390  11.621 0.2500000000
85514  23.748  -24.542  12.194 0.2500000000
86752  24.253  -23.478  11.638 0.2500000000
88128  24.082  -23.291  10.140 0.3750000000
89463  23.822  -22.128  9.870 0.3750000000
84232  23.822  -25.411  12.985 0.3750000000
82925  23.161  -26.234  13.355 0.3750000000
82958  22.488  -25.989  12.256 0.5000000000
89424  24.910  -22.432  10.166 0.2500000000
92152  25.394  -20.938  9.188 0.2500000000
202091  16.770  -8.279  10.014 0.1250000000
82962  19.819  -26.191  12.297 0.5000000000
82939  22.664  -26.375  12.801 0.2500000000
81640  21.976  -27.009  13.450 0.3750000000
81652  21.615  -26.987  12.719 0.5000000000
82961  20.532  -26.195  12.247 0.5000000000
81671  19.501  -26.655  12.593 0.3750000000
199585  18.864  -25.365  12.265 0.5000000000
84268  19.957  -25.230  11.752 0.5000000000
84247  19.482  -25.553  12.087 0.5000000000
200131  19.315  -24.169  11.625 0.3750000000
179265  19.901  -24.596  11.458 0.5000000000
81657  18.221  -26.538  13.672 0.1250000000
81672  18.789  -26.418  12.794 0.3750000000
85541  18.640  -24.303  11.925 0.2500000000
80449  18.624  -28.268  14.430 0.1250000000
81642  18.292  -27.156  13.680 0.2500000000
80470  19.573  -27.548  13.227 0.3750000000
81631  22.527  -27.100  14.161 0.2500000000
80468  20.815  -27.658  13.378 0.3750000000
81653  20.863  -27.480  12.687 0.5000000000
81632  17.694  -27.199  14.791 0.1250000000
81656  18.605  -26.784  13.271 0.3750000000
80469  20.281  -27.670  13.116 0.3750000000
84233  18.058  -25.338  13.290 0.1250000000
85516  18.251  -24.382  12.545 0.1250000000
214876  29.988  -10.541  3.414 0.1250000000
82940  22.097  -26.508  12.458 0.3750000000
82986  20.647  -25.575  11.988 0.5000000000
81669  21.075  -26.768  12.399 0.5000000000
188184  18.803  -23.631  11.772 0.2500000000
81638  23.275  -26.633  13.942 0.2500000000
81670  20.305  -26.884  12.524 0.5000000000
82963  19.104  -25.985  12.414 0.5000000000
81651  22.214  -26.741  12.923 0.3750000000
81641  21.332  -27.412  13.295 0.3750000000
81655  19.181  -27.046  12.968 0.3750000000
82964  18.391  -25.787  12.598 0.2500000000
84249  18.389  -25.051  12.671 0.1250000000
84248  19.211  -24.916  11.789 0.5000000000
81643  17.897  -26.765  14.189 0.1250000000
82927  17.758  -26.195  14.563 0.1250000000
82926  17.949  -25.937  13.963 0.1250000000
82941  18.263  -26.141  13.210 0.1250000000
85542  18.190  -23.819  12.156 0.1250000000
80461  18.153  -27.528  14.304 0.1250000000
80471  18.933  -27.321  13.444 0.3750000000
80457  21.109  -27.783  13.892 0.2500000000
181078  18.089  -24.667  13.093 0.1250000000
79225  19.361  -28.294  14.092 0.2500000000
79224  20.153  -28.445  14.085 0.2500000000
93400  18.558  -20.024  10.997 0.2500000000
80456  21.740  -27.504  13.990 0.2500000000
80460  18.780  -27.689  13.951 0.1250000000
80458  20.482  -27.901  13.804 0.2500000000
80459  19.868  -27.988  13.625 0.2500000000
93384  18.402  -19.543  11.565 0.1250000000
197735  23.525  -2.260  6.129 0.1250000000
119538  23.593  -1.721  6.478 0.1250000000
119513  22.949  -1.497  7.349 0.1250000000
120687  23.772  -1.226  6.858 0.1250000000
120672  23.306  -0.443  8.481 0.1250000000
183026  23.389  -1.018  7.762 0.1250000000
121880  24.521  0.377  7.442 0.1250000000
118319  22.686  -2.656  6.317 0.1250000000
121895  24.127  -0.594  7.488 0.1250000000
121881  23.845  0.110  8.371 0.1250000000
121868  24.084  0.498  9.270 0.1250000000
193222  20.839  -7.348  7.390 0.1250000000
92107  18.335  -20.532  11.500 0.1250000000
113686  21.232  -5.508  6.770 0.1250000000
202010  22.852  -3.505  7.208 0.1250000000
203044  22.426  -2.454  7.167 0.1250000000
119493  22.268  -1.687  7.711 0.1250000000
119483  22.470  -1.001  8.311 0.1250000000
120660  23.766  0.160  9.359 0.1250000000
121867  24.243  0.603  9.556 0.1250000000
122913  24.456  0.940  8.945 0.1250000000
177714  22.818  -3.810  6.604 0.1250000000
97013  18.073  -17.515  10.260 0.1250000000
95857  18.095  -17.778  10.667 0.1250000000
93399  18.935  -19.542  10.690 0.1250000000
120686  24.483  -0.902  6.258 0.1250000000
90801  18.327  -21.086  11.181 0.1250000000
90781  18.241  -21.281  11.719 0.1250000000
203795  21.090  -6.192  6.467 0.1250000000
95841  18.417  -18.369  10.837 0.1250000000
94623  18.615  -19.142  11.037 0.1250000000
119514  22.808  -2.039  6.882 0.1250000000
184158  22.756  -0.458  8.561 0.1250000000
206908  24.296  0.534  8.376 0.1250000000
121876  23.610  0.101  9.011 0.1250000000
190237  24.204  -1.892  8.690 0.1250000000
121866  24.798  1.101  9.463 0.1250000000
213562  23.561  -25.864  13.315 0.1250000000
84231  24.231  -25.027  13.424 0.1250000000
85513  24.131  -24.081  12.665 0.1250000000
88086  24.538  -22.958  12.135 0.1250000000
88127  24.498  -22.859  10.502 0.1250000000
89423  24.954  -22.492  10.831 0.1250000000
89461  24.856  -21.865  10.067 0.1250000000
90779  25.563  -20.866  11.468 0.1250000000
92121  25.352  -20.856  10.601 0.1250000000
90798  25.042  -21.409  10.276 0.1250000000
92120  25.802  -20.500  10.035 0.1250000000
93397  26.354  -19.560  10.247 0.1250000000
93418  26.312  -20.232  9.291 0.1250000000
94652  26.825  -19.934  7.920 0.1250000000
80447  22.102  -27.732  14.627 0.1250000000
80446  22.805  -27.509  14.843 0.1250000000
82913  23.991  -26.595  14.383 0.1250000000
84210  24.420  -25.223  14.078 0.1250000000
82923  24.228  -25.897  14.225 0.1250000000
85501  24.399  -24.341  13.258 0.1250000000
86721  25.030  -23.408  13.239 0.1250000000
88085  24.863  -22.521  12.512 0.1250000000
195219  25.038  -21.923  11.452 0.1250000000
90765  25.278  -21.404  11.890 0.1250000000
93398  26.067  -19.931  10.523 0.1250000000
94651  27.275  -19.511  8.029 0.1250000000
94636  27.142  -19.126  8.937 0.1250000000
181956  26.549  -19.276  9.674 0.1250000000
94690  27.384  -18.984  7.777 0.1250000000
82924  23.769  -26.230  13.768 0.1250000000
84211  23.869  -25.514  13.741 0.1250000000
93435  26.318  -20.316  8.311 0.1250000000
86733  24.308  -23.500  12.450 0.1250000000
92137  25.374  -21.070  9.597 0.1250000000
81639  22.632  -26.657  13.457 0.1250000000
81630  23.319  -27.042  14.564 0.1250000000
80448  21.432  -28.084  14.404 0.1250000000
86722  24.447  -23.672  13.045 0.1250000000
88105  24.867  -22.459  11.759 0.1250000000
88073  24.620  -23.064  12.812 0.1250000000
89446  24.998  -21.953  10.638 0.1250000000
90780  25.152  -21.359  11.112 0.1250000000
92106  25.819  -20.393  11.015 0.1250000000
92136  25.841  -20.657  8.995 0.1250000000
93417  26.761  -19.833  8.516 0.1250000000
190047  26.436  -19.508  10.986 0.1250000000
80437  22.433  -28.079  15.198 0.1250000000
85489  24.632  -24.587  13.870 0.1250000000
95854  27.361  -18.359  9.531 0.1250000000
81654  19.864  -27.285  12.792 0.3750000000
81668  21.620  -26.553  12.303 0.6250000000
82987  20.072  -25.719  12.085 0.5000000000
84265  22.236  -25.192  11.320 0.6250000000
84266  21.403  -25.236  11.228 0.6250000000
85515  23.230  -24.806  11.689 0.5000000000
86714  24.818  -23.965  13.579 0.1250000000
88106  24.498  -22.916  11.281 0.1250000000
88146  22.114  -22.770  10.079 0.7500000000
90816  24.299  -21.448  9.417 0.3750000000
90831  24.695  -20.993  9.386 0.2500000000
93438  24.019  -19.868  9.252 0.6250000000
94673  27.129  -19.440  7.739 0.2500000000
94677  23.836  -18.175  8.786 0.8750000000
97011  19.518  -17.204  9.609 0.8750000000
97035  25.081  -17.405  8.947 0.7500000000
98284  22.780  -16.566  7.949 1.0000000000
99483  21.732  -16.025  7.953 1.0000000000
99495  28.158  -16.468  6.434 0.2500000000
99496  27.963  -16.746  6.876 0.3750000000
99498  22.168  -15.679  7.764 1.0000000000
99506  29.718  -16.399  5.261 0.1250000000
99507  28.875  -17.028  5.968 0.1250000000
99508  28.751  -17.102  5.944 0.1250000000
99516  29.982  -16.062  4.940 0.1250000000
99517  29.792  -16.265  4.944 0.1250000000
99518  29.437  -16.377  5.091 0.1250000000
100629  25.082  -14.635  8.418 0.8750000000
100630  24.421  -14.792  8.384 1.0000000000
100632  20.594  -14.981  8.141 1.0000000000
100647  22.892  -14.927  7.695 1.0000000000
100656  30.601  -15.596  5.429 0.1250000000
100673  29.587  -16.238  4.852 0.1250000000
101851  18.829  -14.280  9.047 1.0000000000
101863  26.972  -13.963  8.236 0.7500000000
101864  25.264  -13.941  8.218 0.8750000000
101867  19.776  -14.085  8.545 1.0000000000
101878  28.700  -14.204  7.100 0.6250000000
101882  22.808  -13.889  7.219 1.0000000000
101913  29.613  -15.942  4.717 0.1250000000
103038  16.607  -13.697  10.813 0.2500000000
103063  26.472  -13.380  8.151 0.8750000000
103065  24.926  -13.281  8.077 1.0000000000
103067  20.073  -13.539  8.471 1.0000000000
103078  28.996  -13.473  7.301 0.6250000000
103084  21.744  -13.423  6.947 1.0000000000
103086  20.488  -12.755  7.634 1.0000000000
103105  29.331  -13.339  5.899 0.5000000000
103119  30.796  -14.254  3.461 0.1250000000
104185  16.084  -12.486  11.167 0.1250000000
104202  17.329  -12.311  10.101 0.7500000000
104203  16.419  -12.157  10.848 0.3750000000
104225  27.331  -12.680  8.076 0.8750000000
104228  25.352  -12.790  7.817 0.8750000000
104229  24.759  -12.835  7.791 1.0000000000
104236  29.063  -12.804  7.302 0.6250000000
104237  28.652  -12.333  7.746 0.7500000000
104240  24.443  -12.739  7.441 1.0000000000
104241  23.555  -12.804  6.805 1.0000000000
104243  20.936  -12.502  7.138 1.0000000000
104244  20.408  -12.105  7.372 1.0000000000
104255  22.553  -11.934  6.372 1.0000000000
104276  31.399  -13.329  3.458 0.1250000000
104277  30.596  -13.242  3.539 0.1250000000
105374  15.522  -11.600  10.974 0.2500000000
105397  16.444  -11.670  10.513 0.2500000000
105422  27.316  -11.038  7.770 1.0000000000
105424  26.219  -11.536  8.088 1.0000000000
105426  19.122  -12.058  8.579 1.0000000000
105434  28.601  -11.587  7.635 0.7500000000
105448  21.472  -11.751  6.567 1.0000000000
105449  20.890  -11.870  6.937 1.0000000000
106605  15.193  -11.145  10.952 0.1250000000
106606  14.755  -10.563  11.065 0.1250000000
106629  16.394  -11.200  10.093 0.2500000000
106664  19.249  -10.750  8.239 0.8750000000
106675  25.260  -10.967  7.511 1.0000000000
106687  25.035  -10.449  7.369 1.0000000000
106690  22.648  -11.322  6.167 1.0000000000
106691  20.584  -10.715  6.932 1.0000000000
107795  16.510  -9.385  9.737 0.3750000000
107796  15.266  -9.377  10.397 0.3750000000
107818  18.470  -9.924  8.911 0.6250000000
107847  26.861  -10.188  7.772 1.0000000000
107848  26.118  -10.069  7.611 1.0000000000
107860  28.888  -9.955  7.330 0.7500000000
107861  24.757  -9.966  7.294 1.0000000000
107865  21.198  -9.554  6.523 1.0000000000
107873  30.075  -9.814  5.883 0.6250000000
108941  17.059  -8.785  9.452 0.2500000000
108965  28.663  -9.299  7.557 0.8750000000
108987  24.446  -9.445  7.225 1.0000000000
108992  21.275  -8.869  6.175 0.8750000000
109002  30.164  -9.073  5.990 0.6250000000
110066  16.993  -7.959  9.952 0.1250000000
110081  17.183  -7.845  9.754 0.1250000000
110098  17.045  -8.305  9.747 0.2500000000
110109  26.295  -8.302  8.120 1.0000000000
110114  18.652  -7.697  8.433 0.1250000000
110124  27.787  -8.466  8.081 1.0000000000
110139  24.400  -8.004  6.989 1.0000000000
110180  29.827  -9.006  3.123 0.2500000000
110187  29.467  -9.290  2.129 0.2500000000
111262  27.521  -7.824  7.867 1.0000000000
111266  24.353  -7.392  6.966 1.0000000000
111277  29.364  -7.610  7.293 0.8750000000
111299  30.930  -7.598  5.206 0.5000000000
111340  29.667  -7.849  1.040 0.1250000000
112479  28.629  -7.360  7.549 1.0000000000
112493  29.162  -6.903  7.414 1.0000000000
112512  31.464  -6.451  4.904 0.5000000000
112522  31.583  -6.399  4.162 0.2500000000
113668  28.972  -6.219  7.623 0.8750000000
114849  28.539  -4.787  7.074 0.8750000000
114875  32.246  -4.810  4.141 0.3750000000
115946  27.349  -4.423  6.361 0.8750000000
115959  30.312  -4.790  6.366 0.7500000000
115977  32.364  -4.327  4.380 0.1250000000
115986  32.375  -4.467  3.603 0.1250000000
115992  32.311  -4.319  2.679 0.1250000000
116000  31.898  -4.296  1.668 0.1250000000
117079  32.306  -3.019  5.443 0.2500000000
117083  28.777  -3.235  6.637 0.7500000000
117084  28.142  -3.273  6.409 0.8750000000
117098  32.312  -3.615  5.301 0.3750000000
117107  32.509  -3.755  4.666 0.2500000000
117121  32.492  -3.651  2.684 0.1250000000
117129  32.367  -3.439  1.945 0.1250000000
117135  31.963  -3.190  1.051 0.1250000000
118315  26.164  -3.055  5.141 1.0000000000
119482  22.925  -0.323  8.883 0.1250000000
119595  32.528  -1.790  1.570 0.1250000000
120682  31.248  -0.993  6.487 0.3750000000
120685  29.462  -0.908  6.239 0.7500000000
120718  33.425  -0.905  5.183 0.2500000000
120723  25.516  -1.256  5.033 0.7500000000
121890  30.752  -0.150  6.751 0.3750000000
121891  30.155  -0.479  6.637 0.7500000000
121907  32.462  -0.337  6.119 0.3750000000
121935  33.765  -0.236  4.096 0.1250000000
122907  24.842  1.136  9.573 0.1250000000
122953  33.235  0.469  5.412 0.1250000000
124026  32.150  1.376  6.815 0.3750000000
124028  30.922  1.066  6.934 0.3750000000
124065  33.783  1.321  3.435 0.1250000000
124084  32.633  0.924  1.426 0.1250000000
125067  32.461  1.828  6.722 0.2500000000
125099  34.113  2.006  3.781 0.1250000000
125112  33.535  1.785  2.218 0.1250000000
125115  32.951  1.998  1.781 0.1250000000
128084  31.911  4.193  6.679 0.1250000000
128099  32.494  4.255  6.387 0.1250000000
177603  16.307  -8.571  9.854 0.2500000000
177745  26.348  -6.118  7.661 1.0000000000
177821  26.542  -5.735  6.970 1.0000000000
177979  25.039  -5.012  5.722 1.0000000000
178177  15.829  -9.971  10.376 0.2500000000
178191  23.707  -4.468  5.358 1.0000000000
179009  27.263  -9.011  8.173 1.0000000000
179343  22.900  -8.545  6.499 1.0000000000
179345  22.732  -9.739  6.503 1.0000000000
179534  23.914  -5.360  5.675 0.7500000000
179595  25.253  -8.959  7.831 1.0000000000
179971  20.649  -18.588  8.906 1.0000000000
181264  23.148  -4.262  5.907 0.5000000000
181684  33.302  -0.046  3.347 0.1250000000
182007  26.392  -10.485  7.607 1.0000000000
183901  23.628  -10.404  6.540 1.0000000000
184593  19.311  -27.765  13.659 0.3750000000
185407  18.161  -10.556  9.259 0.6250000000
185620  19.411  -16.131  9.177 0.8750000000
186338  20.911  -10.087  6.831 1.0000000000
186430  25.726  -9.546  7.764 1.0000000000
187796  27.242  -7.251  7.654 1.0000000000
188654  21.627  -11.225  6.539 1.0000000000
189313  29.781  -8.941  7.143 0.7500000000
192266  28.662  -6.692  7.678 1.0000000000
192767  27.825  -14.636  7.522 0.6250000000
194319  29.046  -10.529  7.065 0.6250000000
194663  29.941  -9.284  4.409 0.3750000000
195053  27.052  -8.322  8.093 1.0000000000
195463  19.049  -11.340  8.469 1.0000000000
196273  33.328  -1.472  4.787 0.1250000000
198103  33.038  2.493  6.092 0.1250000000
198186  31.793  2.509  6.915 0.2500000000
198345  18.251  -11.359  9.164 1.0000000000
198678  29.733  -10.404  5.564 0.6250000000
199851  32.690  2.304  6.507 0.1250000000
200300  33.289  -1.422  3.991 0.1250000000
200307  32.420  -0.948  6.208 0.3750000000
200373  23.090  -14.284  7.604 1.0000000000
201982  22.591  -3.017  6.551 0.1250000000
202006  26.081  -6.735  7.935 1.0000000000
202066  24.867  -5.517  5.992 1.0000000000
202281  18.739  -24.783  12.289 0.1250000000
202500  20.434  -13.444  7.845 1.0000000000
202889  21.683  -10.079  6.276 1.0000000000
204349  30.486  -6.086  6.445 0.7500000000
205808  33.186  1.031  5.488 0.1250000000
205922  30.991  -0.540  6.698 0.3750000000
206315  22.528  -7.248  6.201 0.6250000000
206716  32.335  -2.507  5.678 0.3750000000
207122  25.616  -4.181  5.342 1.0000000000
207453  30.100  0.959  6.864 0.3750000000
207603  25.150  -4.682  5.562 1.0000000000
207960  22.488  -22.392  9.860 0.7500000000
209605  21.278  -23.476  10.616 0.7500000000
209631  17.395  -16.764  11.342 0.1250000000
210208  18.946  -12.475  9.070 1.0000000000
210829  20.049  -16.429  8.796 1.0000000000
210900  30.439  -7.457  6.229 0.6250000000
211111  19.728  -10.229  7.442 0.7500000000
211569  24.000  0.392  8.896 0.1250000000
211639  22.528  -12.445  6.507 1.0000000000
213268  23.613  -14.159  7.720 1.0000000000
213370  22.700  -10.777  6.237 1.0000000000
213384  19.384  -20.946  10.526 0.7500000000
213438  29.015  -2.788  6.434 0.7500000000
213607  20.387  -27.441  12.731 0.5000000000
213955  21.112  -20.968  9.809 0.7500000000
214219  24.997  -19.354  8.857 0.5000000000
214445  14.748  -10.427  11.013 0.1250000000
