#!ascii label  , from subject sub-01_ses-014.long.sub-01 vox2ras=TkReg
1998
233320  -13.436  -21.888  46.147 0.0000000000
225285  -25.829  -18.100  29.102 0.0000000000
222238  -26.394  -10.257  27.951 0.0000000000
75779  -21.010  -18.273  36.659 0.0000000000
91965  -36.390  -8.058  21.791 0.0000000000
89165  -34.174  -9.899  22.543 0.0000000000
72106  -29.000  -20.190  36.656 0.0000000000
78533  -24.664  -16.378  34.296 0.0000000000
99777  -41.284  -3.631  27.219 0.0000000000
109590  -44.912  3.458  27.279 0.0000000000
111963  -48.127  4.527  24.674 0.0000000000
89003  -32.261  -9.696  31.583 0.0000000000
93225  -30.244  -7.757  24.015 0.0000000000
90404  -35.728  -8.941  28.797 0.0000000000
86618  -37.691  -11.697  25.370 0.0000000000
79875  -16.108  -15.764  36.735 0.0000000000
67009  -11.745  -23.627  51.760 0.0000000000
81371  -25.776  -14.831  29.266 0.0000000000
83814  -30.515  -12.798  34.403 0.0000000000
211407  -17.966  -18.969  32.889 0.0000000000
77237  -19.314  -16.989  30.495 0.0000000000
108493  -46.949  1.924  16.497 0.0000000000
196110  -51.227  2.719  21.892 0.0000000000
87983  -36.761  -11.614  21.487 0.0000000000
91887  -39.476  -9.102  26.352 0.0000000000
70708  -13.727  -21.156  42.934 0.0000000000
203633  -8.219  -28.527  50.850 0.0000000000
233043  -43.503  -0.346  27.138 0.0000000000
90376  -34.029  -8.863  30.016 0.0000000000
74472  -14.693  -18.977  35.576 0.0000000000
69355  -12.764  -22.869  49.263 0.0000000000
81410  -24.581  -15.587  25.323 0.0000000000
78593  -26.297  -16.950  28.881 0.0000000000
218659  -19.489  -18.653  34.050 0.0000000000
75861  -18.886  -18.490  32.301 0.0000000000
78527  -20.541  -16.930  33.752 0.0000000000
77196  -25.596  -17.444  31.970 0.0000000000
79932  -23.382  -15.730  30.632 0.0000000000
227147  -23.625  -16.103  28.226 0.0000000000
74416  -19.705  -19.311  38.258 0.0000000000
77130  -18.719  -17.900  35.699 0.0000000000
107130  -40.634  0.886  20.974 0.0000000000
108465  -45.215  2.259  18.088 0.0000000000
109660  -49.661  3.016  23.358 0.0000000000
91947  -32.213  -8.480  23.128 0.0000000000
86709  -35.280  -11.699  21.782 0.0000000000
87903  -40.045  -11.228  24.352 0.0000000000
77047  -12.561  -17.352  40.331 0.0000000000
77009  -10.876  -16.959  43.174 0.0000000000
75631  -10.308  -17.891  45.200 0.0000000000
70730  -13.557  -20.924  40.755 0.0000000000
63037  -8.702  -27.134  47.220 0.0000000000
74538  -27.477  -19.267  32.645 0.0000000000
75865  -28.046  -18.233  32.066 0.0000000000
75795  -29.730  -19.090  35.970 0.0000000000
75733  -23.259  -18.213  38.745 0.0000000000
78496  -23.145  -16.812  36.126 0.0000000000
77067  -25.813  -17.510  38.367 0.0000000000
202355  -27.179  -18.231  36.062 0.0000000000
97244  -37.889  -5.219  25.406 0.0000000000
102191  -40.144  -1.922  25.029 0.0000000000
105853  -41.652  0.685  23.910 0.0000000000
109658  -43.553  2.907  23.507 0.0000000000
110914  -45.733  3.262  22.178 0.0000000000
113137  -46.253  5.118  26.305 0.0000000000
227515  -29.419  -9.829  29.705 0.0000000000
91875  -28.339  -8.346  26.118 0.0000000000
91823  -31.174  -8.560  28.458 0.0000000000
93196  -32.688  -7.834  26.055 0.0000000000
91918  -34.633  -8.726  24.866 0.0000000000
89145  -35.650  -10.478  23.680 0.0000000000
89076  -36.848  -10.086  26.523 0.0000000000
79830  -14.654  -15.095  39.542 0.0000000000
230955  -13.921  -18.009  38.284 0.0000000000
108499  -52.355  2.337  16.487 0.0000000000
66999  -10.719  -23.644  54.605 0.0000000000
83891  -24.377  -13.601  25.247 0.0000000000
85179  -25.897  -12.428  29.241 0.0000000000
225894  -27.746  -16.429  32.992 0.0000000000
83824  -27.846  -13.574  32.208 0.0000000000
86531  -28.634  -11.653  31.412 0.0000000000
86513  -31.296  -11.395  33.432 0.0000000000
79911  -21.738  -15.583  32.575 0.0000000000
219547  -18.398  -16.023  39.064 0.0000000000
77167  -16.988  -17.461  34.065 0.0000000000
109724  -47.091  2.914  20.629 0.0000000000
109751  -48.871  2.909  18.693 0.0000000000
109782  -50.705  2.783  17.495 0.0000000000
226474  -52.483  2.421  20.694 0.0000000000
66011  -13.040  -24.556  43.465 0.0000000000
66001  -12.568  -24.577  44.794 0.0000000000
89195  -37.589  -10.160  20.965 0.0000000000
204477  -36.936  -12.177  23.357 0.0000000000
89188  -38.685  -10.684  22.477 0.0000000000
91919  -37.459  -8.353  24.128 0.0000000000
218808  -39.637  -5.644  27.657 0.0000000000
70661  -13.566  -21.696  44.982 0.0000000000
64958  -10.874  -24.759  47.839 0.0000000000
63990  -10.774  -25.478  51.386 0.0000000000
63009  -9.502  -26.486  53.545 0.0000000000
234353  -13.065  -22.466  48.232 0.0000000000
77301  -24.855  -17.099  27.134 0.0000000000
78637  -25.264  -16.914  26.966 0.0000000000
75934  -26.139  -17.802  28.707 0.0000000000
75806  -20.206  -18.404  35.172 0.0000000000
75846  -19.929  -18.270  33.790 0.0000000000
77149  -20.424  -17.825  34.803 0.0000000000
75880  -25.916  -18.315  30.828 0.0000000000
77238  -24.544  -16.799  29.890 0.0000000000
78604  -24.551  -17.045  28.034 0.0000000000
212744  -24.401  -16.693  27.027 0.0000000000
74418  -21.129  -19.140  38.172 0.0000000000
203018  -20.566  -19.678  39.201 0.0000000000
205205  -20.093  -18.928  36.869 0.0000000000
74474  -19.615  -18.789  36.029 0.0000000000
108449  -43.781  2.060  18.998 0.0000000000
86585  -25.722  -10.788  26.812 0.0000000000
89088  -26.387  -9.604  25.806 0.0000000000
90525  -33.260  -9.094  22.712 0.0000000000
89184  -33.210  -10.021  21.893 0.0000000000
89186  -34.516  -10.552  22.302 0.0000000000
73226  -13.324  -19.575  39.504 0.0000000000
75682  -11.854  -17.623  41.227 0.0000000000
211137  -13.016  -19.453  40.732 0.0000000000
73176  -12.846  -19.585  41.480 0.0000000000
195902  -13.483  -20.908  40.128 0.0000000000
73283  -28.241  -19.680  35.166 0.0000000000
73296  -28.774  -19.627  34.533 0.0000000000
73286  -29.552  -20.024  36.035 0.0000000000
75696  -24.491  -18.372  40.167 0.0000000000
75735  -24.635  -17.766  39.047 0.0000000000
75715  -25.869  -17.998  39.661 0.0000000000
74422  -28.553  -19.595  37.638 0.0000000000
75768  -27.620  -18.723  36.977 0.0000000000
74477  -27.982  -19.337  35.770 0.0000000000
74496  -27.318  -18.770  34.489 0.0000000000
99793  -39.467  -3.869  26.085 0.0000000000
99809  -38.956  -3.680  25.420 0.0000000000
101019  -40.543  -2.946  26.372 0.0000000000
107054  -43.809  1.444  27.252 0.0000000000
105827  -42.368  0.324  25.438 0.0000000000
107077  -43.031  1.639  25.791 0.0000000000
108355  -42.574  1.981  24.199 0.0000000000
214734  -44.329  3.597  25.618 0.0000000000
111959  -45.167  4.291  25.048 0.0000000000
111925  -45.552  4.531  26.886 0.0000000000
89012  -30.856  -9.938  30.560 0.0000000000
228207  -30.250  -9.201  29.130 0.0000000000
90373  -31.780  -9.201  29.862 0.0000000000
234375  -34.800  -8.759  29.297 0.0000000000
197910  -33.423  -8.398  28.260 0.0000000000
91840  -34.092  -8.280  27.208 0.0000000000
91900  -34.049  -8.392  25.317 0.0000000000
91883  -34.839  -8.513  26.194 0.0000000000
90451  -35.817  -9.298  26.065 0.0000000000
221247  -36.330  -9.108  27.705 0.0000000000
79831  -16.674  -15.084  39.702 0.0000000000
81251  -16.022  -15.035  41.032 0.0000000000
79842  -15.544  -15.100  38.738 0.0000000000
75776  -14.289  -18.098  36.753 0.0000000000
108467  -53.302  2.343  17.694 0.0000000000
108486  -54.330  1.655  17.443 0.0000000000
67005  -11.299  -23.760  53.159 0.0000000000
81384  -25.225  -15.062  27.405 0.0000000000
198460  -24.620  -15.037  25.524 0.0000000000
82607  -25.024  -14.071  27.607 0.0000000000
83871  -25.208  -13.231  27.928 0.0000000000
82594  -25.796  -13.899  29.316 0.0000000000
77155  -28.780  -17.406  34.498 0.0000000000
77198  -27.846  -17.531  32.023 0.0000000000
78521  -28.643  -16.485  34.368 0.0000000000
82560  -30.450  -13.665  35.184 0.0000000000
81343  -28.716  -14.384  33.801 0.0000000000
83819  -29.171  -13.141  33.282 0.0000000000
83832  -27.969  -12.824  32.078 0.0000000000
85144  -29.171  -12.264  32.518 0.0000000000
86522  -30.094  -11.559  32.407 0.0000000000
86496  -31.001  -11.874  33.808 0.0000000000
75894  -18.974  -17.805  31.387 0.0000000000
78509  -24.332  -16.495  35.709 0.0000000000
78530  -22.509  -16.067  34.344 0.0000000000
78531  -23.609  -16.019  33.989 0.0000000000
79938  -21.374  -15.342  29.971 0.0000000000
77055  -19.263  -17.312  39.763 0.0000000000
75826  -18.188  -18.274  34.009 0.0000000000
77148  -17.993  -17.350  34.726 0.0000000000
75844  -17.762  -18.564  33.357 0.0000000000
74534  -16.598  -19.192  33.119 0.0000000000
110883  -46.762  3.672  22.993 0.0000000000
194705  -46.301  3.052  21.502 0.0000000000
109676  -47.331  3.371  22.362 0.0000000000
109694  -50.102  2.755  22.064 0.0000000000
195668  -49.095  2.838  21.139 0.0000000000
225440  -49.830  2.838  20.257 0.0000000000
200065  -49.741  2.798  17.872 0.0000000000
195505  -50.528  2.864  19.348 0.0000000000
109754  -51.603  2.765  19.078 0.0000000000
109715  -51.785  2.641  20.896 0.0000000000
93208  -29.570  -7.736  25.158 0.0000000000
91913  -28.563  -8.450  24.300 0.0000000000
87991  -37.114  -10.523  20.474 0.0000000000
213472  -37.273  -10.875  21.151 0.0000000000
220152  -36.861  -11.123  24.903 0.0000000000
87927  -36.448  -11.607  23.444 0.0000000000
214440  -37.314  -11.973  24.329 0.0000000000
89106  -40.183  -10.290  25.213 0.0000000000
87951  -39.256  -11.168  23.215 0.0000000000
90509  -38.981  -9.562  23.919 0.0000000000
90507  -37.963  -9.189  23.258 0.0000000000
91902  -38.258  -8.562  25.173 0.0000000000
94592  -37.950  -6.818  26.129 0.0000000000
93181  -38.643  -7.799  26.979 0.0000000000
73135  -11.905  -19.671  43.703 0.0000000000
73115  -11.561  -19.897  45.053 0.0000000000
71968  -12.043  -20.494  45.347 0.0000000000
199850  -13.904  -21.682  43.478 0.0000000000
212480  -13.177  -23.457  42.821 0.0000000000
194565  -13.066  -23.086  41.921 0.0000000000
64973  -11.203  -25.193  44.565 0.0000000000
64966  -11.685  -24.454  45.824 0.0000000000
64968  -10.227  -25.343  45.858 0.0000000000
61894  -8.458  -27.554  49.023 0.0000000000
63993  -9.540  -26.236  49.736 0.0000000000
199615  -9.288  -26.969  51.021 0.0000000000
63981  -10.244  -26.107  52.650 0.0000000000
61883  -8.900  -27.719  52.224 0.0000000000
74370  -26.882  -18.556  40.514 0.0000000000
100993  -42.968  -2.637  27.821 0.0000000000
102154  -42.780  -1.710  27.076 0.0000000000
104561  -44.191  -0.702  27.972 0.0000000000
90363  -33.110  -9.115  30.653 0.0000000000
77145  -15.415  -17.469  34.955 0.0000000000
77126  -14.925  -17.168  36.109 0.0000000000
213003  -11.256  -21.935  51.001 0.0000000000
68195  -12.434  -23.222  50.322 0.0000000000
80017  -24.392  -15.913  25.209 0.0000000000
79993  -25.223  -16.367  26.736 0.0000000000
220720  -26.146  -16.250  28.993 0.0000000000
85088  -32.161  -12.338  35.685 0.0000000000
74536  -18.526  -18.928  32.975 0.0000000000
73326  -18.265  -19.285  32.078 0.0000000000
74554  -19.072  -18.578  32.757 0.0000000000
75862  -19.322  -18.185  32.681 0.0000000000
77194  -19.766  -17.065  32.247 0.0000000000
77171  -25.460  -16.853  33.654 0.0000000000
78544  -24.343  -16.233  33.201 0.0000000000
206069  -24.479  -16.238  31.314 0.0000000000
79941  -23.349  -15.819  29.454 0.0000000000
80005  -22.566  -16.006  26.165 0.0000000000
75711  -19.596  -18.937  39.027 0.0000000000
77078  -18.959  -17.782  37.856 0.0000000000
75763  -19.073  -18.411  37.013 0.0000000000
223920  -18.736  -18.385  34.844 0.0000000000
214713  -39.463  0.043  21.660 0.0000000000
108480  -46.108  2.231  17.384 0.0000000000
199169  -49.413  5.137  26.142 0.0000000000
204985  -49.046  3.795  24.175 0.0000000000
93244  -31.416  -7.841  23.931 0.0000000000
86744  -34.953  -11.975  20.757 0.0000000000
86734  -35.557  -11.790  21.421 0.0000000000
85223  -38.968  -12.337  26.084 0.0000000000
226763  -38.845  -12.327  24.535 0.0000000000
86620  -40.689  -11.814  25.395 0.0000000000
198786  -12.553  -15.723  41.283 0.0000000000
79767  -11.785  -15.255  42.995 0.0000000000
228189  -10.580  -15.923  45.361 0.0000000000
75654  -10.881  -17.740  43.449 0.0000000000
73146  -12.050  -19.577  43.071 0.0000000000
230698  -13.658  -21.410  41.752 0.0000000000
68271  -13.182  -22.533  41.435 0.0000000000
67086  -12.947  -22.680  40.618 0.0000000000
75896  -26.352  -18.697  30.496 0.0000000000
75897  -27.194  -18.489  30.389 0.0000000000
74557  -27.757  -19.218  32.279 0.0000000000
75831  -28.797  -18.858  33.826 0.0000000000
75750  -22.032  -18.415  37.853 0.0000000000
77112  -22.031  -17.463  36.480 0.0000000000
77079  -23.156  -17.684  37.778 0.0000000000
77097  -24.376  -16.950  37.026 0.0000000000
77136  -25.529  -16.757  35.646 0.0000000000
75737  -26.981  -17.964  38.702 0.0000000000
77100  -26.704  -17.674  37.211 0.0000000000
77137  -26.188  -17.229  35.365 0.0000000000
75807  -26.729  -18.101  34.161 0.0000000000
75847  -26.439  -18.534  32.646 0.0000000000
74404  -22.437  -19.211  39.517 0.0000000000
94625  -36.173  -6.774  23.655 0.0000000000
96044  -35.656  -6.191  22.691 0.0000000000
98499  -37.014  -4.494  24.351 0.0000000000
101044  -38.071  -2.760  24.106 0.0000000000
103336  -38.944  -1.511  23.530 0.0000000000
103304  -41.983  -1.172  26.030 0.0000000000
225370  -41.287  -0.515  24.619 0.0000000000
104634  -40.277  -0.203  23.203 0.0000000000
107116  -41.607  1.056  23.059 0.0000000000
108388  -42.367  1.827  22.331 0.0000000000
108414  -43.406  2.457  21.443 0.0000000000
109721  -44.433  2.612  20.773 0.0000000000
110899  -44.858  3.408  22.819 0.0000000000
111988  -45.957  4.104  23.792 0.0000000000
113139  -47.532  5.265  25.826 0.0000000000
113085  -46.583  5.364  28.360 0.0000000000
220636  -48.488  5.608  26.544 0.0000000000
89031  -27.859  -9.881  28.839 0.0000000000
90433  -27.274  -9.089  26.534 0.0000000000
194296  -28.647  -9.046  28.048 0.0000000000
91834  -29.718  -8.344  27.353 0.0000000000
91877  -30.282  -7.815  26.212 0.0000000000
230025  -32.459  -8.494  28.782 0.0000000000
91858  -32.006  -8.241  27.072 0.0000000000
93210  -31.528  -7.675  25.438 0.0000000000
93229  -32.713  -8.016  24.720 0.0000000000
91935  -33.790  -8.616  23.916 0.0000000000
90505  -34.168  -9.092  23.544 0.0000000000
89166  -34.771  -10.269  22.883 0.0000000000
89123  -35.395  -9.863  24.111 0.0000000000
89104  -36.081  -10.090  25.155 0.0000000000
89091  -37.112  -10.679  26.122 0.0000000000
89064  -38.008  -10.620  27.616 0.0000000000
86586  -38.565  -11.652  26.766 0.0000000000
81248  -14.112  -14.964  41.145 0.0000000000
78484  -14.467  -16.550  37.564 0.0000000000
78469  -13.991  -16.262  38.857 0.0000000000
79819  -13.293  -16.132  40.053 0.0000000000
75709  -13.536  -17.963  38.968 0.0000000000
204625  -25.181  -11.931  27.001 0.0000000000
86564  -26.307  -11.116  28.699 0.0000000000
77226  -27.076  -17.853  30.212 0.0000000000
78571  -26.926  -16.968  30.606 0.0000000000
81362  -26.484  -15.213  31.037 0.0000000000
81353  -27.446  -14.996  32.716 0.0000000000
82584  -26.639  -14.176  31.111 0.0000000000
228171  -26.787  -13.076  30.807 0.0000000000
85171  -27.263  -11.939  30.392 0.0000000000
86554  -27.303  -11.088  29.552 0.0000000000
87794  -28.748  -10.844  30.477 0.0000000000
87783  -30.312  -10.770  31.523 0.0000000000
87773  -32.065  -10.456  32.621 0.0000000000
86470  -32.205  -11.563  34.856 0.0000000000
87715  -33.179  -10.787  34.753 0.0000000000
78515  -21.281  -16.663  34.716 0.0000000000
78541  -20.943  -16.314  33.360 0.0000000000
214524  -19.984  -16.138  31.178 0.0000000000
79921  -22.819  -15.468  31.711 0.0000000000
79928  -20.649  -15.625  31.016 0.0000000000
79823  -17.684  -15.591  40.823 0.0000000000
79855  -16.990  -15.203  37.984 0.0000000000
78485  -18.378  -16.573  37.118 0.0000000000
78494  -17.467  -16.011  36.199 0.0000000000
78503  -16.330  -16.428  35.605 0.0000000000
74515  -16.198  -18.639  33.588 0.0000000000
108438  -44.849  2.602  20.268 0.0000000000
109748  -46.159  2.726  19.225 0.0000000000
109762  -47.093  2.708  18.386 0.0000000000
109692  -48.233  2.971  21.822 0.0000000000
109750  -47.729  2.745  19.117 0.0000000000
109778  -47.804  2.645  17.648 0.0000000000
109792  -48.769  2.653  16.910 0.0000000000
108497  -49.784  2.422  16.317 0.0000000000
108509  -50.243  2.189  15.851 0.0000000000
108498  -51.338  2.539  16.525 0.0000000000
109769  -52.053  2.745  18.253 0.0000000000
67062  -13.807  -23.135  44.720 0.0000000000
66002  -13.353  -23.828  45.302 0.0000000000
64979  -12.814  -25.021  43.592 0.0000000000
90469  -27.267  -8.937  25.456 0.0000000000
90545  -37.430  -9.131  21.757 0.0000000000
207694  -35.854  -11.082  23.080 0.0000000000
86681  -36.147  -11.845  22.726 0.0000000000
86711  -36.904  -11.988  22.134 0.0000000000
86657  -38.052  -12.135  23.743 0.0000000000
86713  -38.249  -11.615  22.710 0.0000000000
87972  -37.461  -11.334  21.823 0.0000000000
89187  -38.302  -10.197  22.126 0.0000000000
90528  -37.491  -9.065  22.582 0.0000000000
91936  -36.572  -8.126  23.148 0.0000000000
94603  -37.305  -6.634  25.263 0.0000000000
96004  -38.433  -5.579  26.413 0.0000000000
97223  -40.247  -4.514  27.228 0.0000000000
71921  -10.685  -20.675  48.379 0.0000000000
71945  -10.936  -20.433  47.008 0.0000000000
69422  -13.792  -22.085  45.350 0.0000000000
207843  -13.396  -23.373  43.632 0.0000000000
206483  -12.877  -24.716  42.426 0.0000000000
65985  -12.896  -23.889  46.782 0.0000000000
65978  -12.775  -23.862  48.084 0.0000000000
65953  -12.174  -24.259  49.798 0.0000000000
64005  -9.713  -25.693  47.798 0.0000000000
64949  -10.554  -25.272  49.680 0.0000000000
64943  -11.504  -24.638  52.064 0.0000000000
64939  -10.872  -25.089  53.263 0.0000000000
63975  -10.141  -25.316  53.997 0.0000000000
59356  -7.906  -29.264  51.885 0.0000000000
60650  -8.333  -28.028  52.823 0.0000000000
70629  -12.798  -21.874  47.447 0.0000000000
69394  -13.621  -22.363  46.784 0.0000000000
77269  -25.483  -17.751  28.041 0.0000000000
77284  -25.467  -17.479  27.521 0.0000000000
75920  -25.840  -17.877  28.593 0.0000000000
75793  -20.315  -18.450  35.845 0.0000000000
77131  -20.605  -17.938  35.482 0.0000000000
75895  -25.921  -18.404  30.095 0.0000000000
77239  -25.394  -17.972  29.607 0.0000000000
77252  -25.449  -17.839  28.774 0.0000000000
78618  -24.659  -17.060  27.367 0.0000000000
75764  -21.250  -18.497  37.188 0.0000000000
74435  -20.850  -18.915  37.594 0.0000000000
74454  -20.447  -18.557  36.471 0.0000000000
207302  -20.130  -18.723  36.217 0.0000000000
108436  -43.350  2.002  19.583 0.0000000000
87841  -26.081  -10.529  27.355 0.0000000000
89074  -26.114  -10.224  26.640 0.0000000000
89060  -26.555  -10.030  27.214 0.0000000000
89164  -33.605  -9.538  22.218 0.0000000000
89185  -33.861  -10.230  22.045 0.0000000000
222069  -34.191  -10.906  21.853 0.0000000000
216069  -13.355  -20.027  39.319 0.0000000000
73212  -13.257  -19.638  40.146 0.0000000000
197649  -13.343  -20.068  39.943 0.0000000000
206522  -13.380  -20.169  40.550 0.0000000000
215542  -28.624  -19.725  35.003 0.0000000000
72120  -29.270  -20.180  36.319 0.0000000000
74368  -24.825  -18.700  40.721 0.0000000000
75697  -25.270  -18.229  40.246 0.0000000000
75698  -25.897  -18.256  40.276 0.0000000000
73256  -28.772  -19.993  37.070 0.0000000000
74456  -28.137  -19.382  36.495 0.0000000000
73271  -28.408  -19.840  35.912 0.0000000000
74353  -24.343  -19.127  41.201 0.0000000000
98479  -40.011  -3.810  26.502 0.0000000000
227287  -39.917  -3.498  26.111 0.0000000000
99795  -40.792  -3.259  26.806 0.0000000000
221379  -44.491  2.523  27.362 0.0000000000
108320  -43.478  1.586  26.491 0.0000000000
109601  -44.092  2.831  26.460 0.0000000000
109620  -43.917  3.132  25.781 0.0000000000
110812  -44.368  3.446  26.243 0.0000000000
110830  -44.801  4.030  25.853 0.0000000000
111902  -45.197  4.030  27.251 0.0000000000
89013  -31.421  -9.784  30.837 0.0000000000
89023  -31.329  -9.480  30.266 0.0000000000
90361  -31.935  -9.285  30.483 0.0000000000
91814  -35.156  -8.749  28.966 0.0000000000
91827  -34.575  -8.555  28.698 0.0000000000
226745  -34.818  -8.545  28.063 0.0000000000
91860  -34.877  -8.439  26.858 0.0000000000
91842  -35.363  -8.597  27.728 0.0000000000
207270  -35.962  -8.820  27.364 0.0000000000
90420  -35.849  -8.856  28.045 0.0000000000
79854  -16.232  -15.063  38.426 0.0000000000
79843  -16.276  -14.999  39.165 0.0000000000
79864  -15.631  -15.544  37.389 0.0000000000
199941  -53.654  2.205  19.127 0.0000000000
108468  -53.899  2.063  17.920 0.0000000000
108453  -54.087  2.057  18.600 0.0000000000
205671  -11.569  -23.187  52.146 0.0000000000
69326  -11.283  -22.758  52.861 0.0000000000
69319  -11.075  -22.840  53.733 0.0000000000
227666  -11.509  -23.609  52.526 0.0000000000
81377  -25.609  -15.141  28.522 0.0000000000
81376  -25.280  -14.656  28.104 0.0000000000
82600  -25.310  -13.834  28.295 0.0000000000
78522  -29.026  -16.496  34.899 0.0000000000
83801  -30.197  -13.349  34.674 0.0000000000
82566  -29.659  -13.652  34.414 0.0000000000
83813  -29.959  -13.079  34.145 0.0000000000
85134  -29.444  -12.558  33.035 0.0000000000
85125  -30.252  -12.559  33.854 0.0000000000
85136  -30.556  -12.114  33.537 0.0000000000
85126  -30.799  -12.358  34.091 0.0000000000
73317  -17.728  -19.332  32.521 0.0000000000
73325  -17.937  -19.594  32.140 0.0000000000
78520  -24.973  -16.513  35.140 0.0000000000
78519  -24.137  -16.339  35.037 0.0000000000
78532  -24.138  -16.208  33.829 0.0000000000
74535  -17.367  -18.979  32.948 0.0000000000
108505  -47.363  1.749  16.098 0.0000000000
111977  -47.631  4.270  24.169 0.0000000000
204920  -47.236  3.541  22.696 0.0000000000
111991  -47.914  3.788  23.681 0.0000000000
195378  -50.657  2.725  21.837 0.0000000000
109712  -50.169  2.729  21.564 0.0000000000
109713  -50.489  2.695  21.146 0.0000000000
109738  -50.408  2.858  20.030 0.0000000000
109729  -50.785  2.751  20.554 0.0000000000
109730  -51.348  2.747  20.397 0.0000000000
109714  -51.130  2.713  21.199 0.0000000000
93224  -29.645  -7.844  24.402 0.0000000000
91914  -29.146  -8.272  24.059 0.0000000000
91915  -29.713  -8.183  23.741 0.0000000000
86735  -36.090  -11.645  21.101 0.0000000000
86746  -36.100  -11.449  20.317 0.0000000000
87990  -36.599  -11.115  20.762 0.0000000000
87886  -37.220  -11.387  25.158 0.0000000000
86635  -37.064  -11.575  24.582 0.0000000000
86636  -37.485  -11.857  24.812 0.0000000000
90474  -39.738  -9.829  25.554 0.0000000000
90492  -39.633  -9.898  24.878 0.0000000000
90473  -39.220  -9.431  25.227 0.0000000000
90472  -38.691  -9.091  24.891 0.0000000000
91903  -38.809  -8.907  25.516 0.0000000000
93198  -38.480  -8.122  26.426 0.0000000000
91862  -39.009  -8.518  26.665 0.0000000000
72006  -13.039  -20.478  43.029 0.0000000000
73124  -11.747  -19.756  44.386 0.0000000000
71992  -12.981  -20.618  43.645 0.0000000000
71980  -12.869  -20.765  44.312 0.0000000000
194422  -13.908  -21.630  42.868 0.0000000000
194494  -13.733  -22.189  42.895 0.0000000000
68265  -13.382  -22.441  42.252 0.0000000000
64016  -10.309  -25.603  44.981 0.0000000000
61890  -8.260  -28.182  49.861 0.0000000000
61891  -8.868  -27.477  50.686 0.0000000000
61886  -8.541  -28.108  51.197 0.0000000000
61887  -8.951  -27.643  51.502 0.0000000000
60658  -8.523  -28.240  51.905 0.0000000000
195977  -34.770  -9.202  32.061 0.0000000000
74493  -15.337  -18.556  34.393 0.0000000000
213253  -11.972  -22.276  49.488 0.0000000000
70580  -11.216  -21.737  50.361 0.0000000000
70581  -11.730  -22.301  50.411 0.0000000000
69337  -12.151  -22.804  50.368 0.0000000000
69343  -12.522  -22.914  49.740 0.0000000000
223640  -24.402  -16.214  25.633 0.0000000000
78605  -25.951  -16.975  27.997 0.0000000000
78619  -25.654  -16.794  27.158 0.0000000000
79980  -25.787  -16.293  27.728 0.0000000000
194983  -26.077  -16.507  28.353 0.0000000000
74517  -18.902  -18.726  33.466 0.0000000000
74537  -18.891  -18.784  32.954 0.0000000000
74518  -19.305  -18.579  33.269 0.0000000000
77184  -20.043  -17.484  33.378 0.0000000000
75845  -19.665  -18.148  33.271 0.0000000000
77183  -19.663  -17.591  32.797 0.0000000000
228095  -19.426  -17.652  32.311 0.0000000000
77195  -20.047  -17.006  32.860 0.0000000000
77185  -25.523  -17.236  32.728 0.0000000000
78554  -25.148  -16.813  32.281 0.0000000000
78563  -25.231  -17.041  31.677 0.0000000000
215534  -24.398  -16.706  29.330 0.0000000000
219136  -23.936  -16.309  29.710 0.0000000000
79953  -23.430  -16.088  28.772 0.0000000000
79964  -22.917  -15.689  28.354 0.0000000000
209018  -22.704  -15.616  27.720 0.0000000000
79977  -22.964  -15.704  27.133 0.0000000000
78651  -23.103  -16.266  25.678 0.0000000000
73241  -20.058  -19.535  38.406 0.0000000000
73213  -20.354  -19.668  39.539 0.0000000000
73228  -19.888  -19.551  39.175 0.0000000000
74383  -19.768  -19.263  39.433 0.0000000000
75731  -19.459  -18.951  38.442 0.0000000000
75749  -19.282  -18.543  37.931 0.0000000000
74432  -19.349  -18.731  37.456 0.0000000000
74495  -19.478  -18.758  35.473 0.0000000000
74494  -19.209  -18.743  35.702 0.0000000000
75804  -19.136  -18.672  34.879 0.0000000000
75827  -18.865  -18.596  34.048 0.0000000000
224257  -39.991  0.421  21.183 0.0000000000
91933  -31.824  -8.149  23.577 0.0000000000
210235  -31.512  -8.443  22.985 0.0000000000
90523  -31.855  -8.953  22.646 0.0000000000
86710  -35.926  -11.896  22.136 0.0000000000
198860  -40.229  -12.551  26.245 0.0000000000
233878  -40.043  -12.377  25.393 0.0000000000
90455  -40.339  -10.080  26.311 0.0000000000
78450  -12.371  -16.670  40.662 0.0000000000
79785  -12.353  -15.510  41.868 0.0000000000
78430  -11.996  -15.961  41.543 0.0000000000
77036  -11.469  -17.271  41.804 0.0000000000
78412  -11.230  -16.343  42.807 0.0000000000
78397  -10.986  -16.307  43.337 0.0000000000
78376  -10.543  -16.195  44.985 0.0000000000
75663  -10.965  -17.591  42.843 0.0000000000
199712  -13.347  -20.339  41.655 0.0000000000
73159  -12.709  -19.797  42.128 0.0000000000
72045  -13.527  -20.662  41.604 0.0000000000
73148  -13.060  -20.346  42.453 0.0000000000
197479  -13.599  -21.009  41.408 0.0000000000
197351  -13.252  -21.925  40.945 0.0000000000
195465  -13.496  -21.375  41.177 0.0000000000
74555  -26.895  -18.935  31.556 0.0000000000
74572  -27.177  -19.074  31.440 0.0000000000
74539  -27.888  -19.361  32.856 0.0000000000
74498  -29.097  -19.326  34.685 0.0000000000
74521  -28.824  -19.316  34.087 0.0000000000
74478  -29.386  -19.228  35.355 0.0000000000
75732  -22.688  -18.428  38.564 0.0000000000
75766  -22.482  -18.000  37.524 0.0000000000
195748  -23.048  -18.036  38.315 0.0000000000
77066  -25.029  -17.509  38.475 0.0000000000
77081  -24.512  -17.404  38.073 0.0000000000
77082  -25.384  -17.253  37.754 0.0000000000
77098  -25.240  -16.987  36.940 0.0000000000
74388  -27.877  -18.813  39.555 0.0000000000
74387  -27.231  -18.400  39.844 0.0000000000
75767  -27.168  -18.128  37.402 0.0000000000
77138  -26.727  -17.671  35.751 0.0000000000
77117  -26.692  -17.615  36.512 0.0000000000
77153  -26.276  -17.363  34.603 0.0000000000
77154  -26.786  -17.889  34.955 0.0000000000
201863  -27.365  -19.317  33.231 0.0000000000
75830  -27.055  -18.903  33.670 0.0000000000
75864  -26.921  -18.989  32.237 0.0000000000
75881  -26.393  -18.695  31.187 0.0000000000
74385  -23.086  -18.945  39.775 0.0000000000
74405  -22.872  -18.702  39.092 0.0000000000
74420  -22.144  -18.623  38.332 0.0000000000
216652  -36.907  -6.014  24.877 0.0000000000
96023  -36.484  -5.676  24.250 0.0000000000
97243  -37.438  -4.834  24.935 0.0000000000
101032  -39.201  -2.931  25.077 0.0000000000
99824  -38.590  -3.238  24.738 0.0000000000
101045  -38.875  -2.537  24.424 0.0000000000
101054  -38.505  -2.065  23.827 0.0000000000
102189  -39.244  -1.930  24.054 0.0000000000
103296  -42.829  -1.058  26.740 0.0000000000
102166  -42.344  -1.410  26.583 0.0000000000
104583  -42.453  -0.826  26.191 0.0000000000
105826  -42.029  0.286  24.970 0.0000000000
104597  -42.054  -0.154  25.306 0.0000000000
105839  -41.466  0.154  24.259 0.0000000000
104625  -40.469  -0.387  23.807 0.0000000000
105852  -41.273  0.399  23.694 0.0000000000
105863  -40.580  0.299  22.786 0.0000000000
105860  -41.518  0.818  23.433 0.0000000000
109642  -43.006  2.491  23.887 0.0000000000
107118  -42.303  1.869  23.026 0.0000000000
108389  -42.890  2.122  22.421 0.0000000000
108399  -42.874  2.155  21.840 0.0000000000
108400  -43.379  2.493  21.982 0.0000000000
109704  -43.935  2.727  21.643 0.0000000000
109659  -44.124  3.294  23.142 0.0000000000
206224  -45.496  4.529  25.692 0.0000000000
111974  -45.583  4.250  24.359 0.0000000000
111960  -45.879  4.598  24.940 0.0000000000
111961  -46.605  4.771  24.819 0.0000000000
113138  -46.827  5.249  26.049 0.0000000000
114329  -48.581  5.852  27.115 0.0000000000
89021  -28.830  -10.029  29.699 0.0000000000
89046  -28.477  -9.478  28.777 0.0000000000
89033  -28.992  -9.630  29.244 0.0000000000
90402  -30.671  -8.910  28.771 0.0000000000
90419  -30.015  -8.561  27.931 0.0000000000
91835  -30.443  -8.329  27.517 0.0000000000
91855  -29.726  -8.113  26.590 0.0000000000
91857  -30.996  -8.236  27.033 0.0000000000
221559  -33.470  -8.921  30.195 0.0000000000
90375  -32.956  -8.963  30.048 0.0000000000
91805  -33.417  -8.800  29.697 0.0000000000
195358  -33.203  -8.170  27.205 0.0000000000
91838  -32.488  -8.280  27.627 0.0000000000
91880  -32.292  -7.975  26.519 0.0000000000
91879  -31.589  -8.043  26.599 0.0000000000
93195  -32.050  -7.790  25.912 0.0000000000
93211  -32.164  -7.721  25.120 0.0000000000
93212  -32.751  -7.797  25.435 0.0000000000
91917  -33.932  -8.494  24.583 0.0000000000
90487  -34.395  -8.922  24.201 0.0000000000
90506  -34.794  -9.421  23.812 0.0000000000
90488  -35.011  -9.303  24.512 0.0000000000
90452  -36.308  -9.692  26.343 0.0000000000
89089  -36.156  -9.896  25.749 0.0000000000
89090  -36.642  -10.252  25.944 0.0000000000
87867  -36.869  -10.829  25.487 0.0000000000
87817  -38.582  -10.701  28.637 0.0000000000
87830  -38.932  -11.206  28.298 0.0000000000
87843  -38.431  -11.178  27.201 0.0000000000
86588  -39.341  -12.188  26.990 0.0000000000
81269  -15.545  -14.877  40.575 0.0000000000
81250  -15.435  -14.935  41.224 0.0000000000
81233  -14.739  -14.958  42.019 0.0000000000
81285  -14.466  -14.943  40.113 0.0000000000
75790  -14.683  -17.874  35.953 0.0000000000
77091  -14.633  -16.985  36.875 0.0000000000
75777  -14.562  -17.531  36.539 0.0000000000
202562  -14.021  -18.512  37.424 0.0000000000
77077  -14.092  -17.091  38.044 0.0000000000
77063  -13.878  -16.927  38.587 0.0000000000
78459  -13.721  -16.034  39.482 0.0000000000
78468  -13.662  -16.788  39.089 0.0000000000
78458  -13.289  -16.728  39.578 0.0000000000
219701  -13.747  -18.282  38.601 0.0000000000
66996  -10.471  -23.527  54.899 0.0000000000
82644  -24.412  -14.275  24.463 0.0000000000
85237  -24.513  -12.783  25.571 0.0000000000
85190  -25.272  -12.624  28.342 0.0000000000
85201  -25.144  -12.460  27.612 0.0000000000
86562  -25.320  -12.057  28.139 0.0000000000
86563  -25.740  -11.503  28.256 0.0000000000
86552  -26.119  -11.770  28.957 0.0000000000
75882  -27.650  -18.651  31.417 0.0000000000
77211  -27.669  -17.959  31.327 0.0000000000
78555  -27.516  -16.610  32.297 0.0000000000
78564  -27.504  -17.150  31.517 0.0000000000
204601  -27.106  -16.372  31.703 0.0000000000
79923  -26.747  -16.222  31.143 0.0000000000
79924  -26.861  -15.512  31.694 0.0000000000
82571  -28.431  -14.104  33.244 0.0000000000
81348  -27.902  -14.498  33.007 0.0000000000
82576  -27.614  -14.248  32.471 0.0000000000
81357  -26.862  -14.577  31.632 0.0000000000
82580  -27.000  -13.869  31.562 0.0000000000
211525  -26.488  -13.638  30.672 0.0000000000
83831  -27.413  -13.270  31.698 0.0000000000
85153  -28.264  -12.185  31.787 0.0000000000
85161  -27.528  -12.225  30.910 0.0000000000
86539  -27.835  -11.643  30.620 0.0000000000
86546  -27.574  -11.379  30.075 0.0000000000
86547  -28.154  -11.115  30.279 0.0000000000
86540  -28.413  -11.394  30.820 0.0000000000
86523  -30.622  -11.366  32.623 0.0000000000
87770  -30.373  -10.988  32.160 0.0000000000
87771  -30.912  -10.850  32.315 0.0000000000
87785  -31.245  -10.451  31.886 0.0000000000
87755  -31.642  -10.877  33.059 0.0000000000
85089  -32.682  -12.014  35.998 0.0000000000
85104  -31.893  -12.101  35.138 0.0000000000
86437  -33.270  -11.695  36.295 0.0000000000
87738  -33.010  -10.601  34.129 0.0000000000
74570  -18.546  -18.910  31.959 0.0000000000
73335  -18.228  -19.323  31.604 0.0000000000
77113  -22.655  -17.179  36.631 0.0000000000
77133  -21.801  -17.190  35.932 0.0000000000
78506  -22.219  -16.599  35.532 0.0000000000
79893  -22.234  -15.815  33.723 0.0000000000
78542  -21.530  -15.951  33.595 0.0000000000
79901  -21.329  -15.829  32.953 0.0000000000
79909  -20.594  -16.132  32.219 0.0000000000
79910  -21.158  -15.751  32.260 0.0000000000
219658  -23.910  -15.841  31.538 0.0000000000
79913  -23.437  -15.664  32.123 0.0000000000
79931  -22.653  -15.333  30.989 0.0000000000
79845  -17.746  -15.584  39.476 0.0000000000
226371  -17.664  -15.463  38.674 0.0000000000
77093  -18.869  -17.812  37.188 0.0000000000
78486  -18.676  -17.100  37.453 0.0000000000
77092  -18.602  -17.148  36.802 0.0000000000
77147  -17.281  -17.068  34.528 0.0000000000
77128  -17.626  -16.730  35.090 0.0000000000
78514  -16.817  -16.658  35.014 0.0000000000
78504  -17.146  -16.336  35.610 0.0000000000
77146  -16.534  -17.094  34.523 0.0000000000
77166  -16.254  -17.579  34.202 0.0000000000
75824  -16.606  -18.046  33.815 0.0000000000
109705  -44.600  2.782  21.353 0.0000000000
207897  -45.025  2.761  20.875 0.0000000000
195931  -46.426  2.988  20.853 0.0000000000
109737  -45.974  2.782  19.859 0.0000000000
202286  -46.734  2.756  19.479 0.0000000000
203366  -46.598  2.694  18.797 0.0000000000
110868  -49.286  3.376  23.728 0.0000000000
233116  -48.312  3.234  22.679 0.0000000000
194437  -48.744  2.973  22.415 0.0000000000
195584  -48.698  2.880  19.872 0.0000000000
109726  -48.374  2.826  20.586 0.0000000000
196766  -48.143  2.850  18.677 0.0000000000
109763  -47.595  2.770  18.590 0.0000000000
199843  -47.989  2.807  18.165 0.0000000000
109791  -48.110  2.447  17.079 0.0000000000
109779  -48.483  2.763  17.635 0.0000000000
109781  -50.146  2.816  17.528 0.0000000000
109793  -49.447  2.622  16.866 0.0000000000
109794  -50.134  2.652  16.971 0.0000000000
223166  -50.343  2.462  16.428 0.0000000000
108510  -50.814  2.381  16.149 0.0000000000
109795  -50.766  2.620  16.811 0.0000000000
109741  -52.027  2.681  19.490 0.0000000000
200452  -51.681  2.749  18.608 0.0000000000
109755  -52.074  2.708  18.888 0.0000000000
109756  -52.614  2.625  18.657 0.0000000000
108429  -53.064  2.264  20.296 0.0000000000
66012  -13.265  -23.878  43.868 0.0000000000
66007  -13.074  -24.397  44.046 0.0000000000
90434  -27.933  -8.672  26.647 0.0000000000
90448  -26.963  -9.172  25.920 0.0000000000
90449  -27.609  -8.675  25.920 0.0000000000
196624  -37.667  -9.646  20.815 0.0000000000
197916  -37.480  -9.191  21.035 0.0000000000
89167  -35.317  -10.565  23.164 0.0000000000
86682  -36.582  -12.096  22.927 0.0000000000
221070  -36.465  -12.100  22.433 0.0000000000
201330  -36.992  -12.144  22.729 0.0000000000
85259  -39.399  -12.262  24.588 0.0000000000
85279  -38.467  -12.249  24.204 0.0000000000
86659  -39.317  -11.618  23.627 0.0000000000
89169  -38.990  -10.719  22.932 0.0000000000
87950  -38.794  -11.189  22.720 0.0000000000
216941  -38.233  -11.060  22.197 0.0000000000
87984  -37.920  -10.573  21.555 0.0000000000
91938  -37.851  -8.819  23.800 0.0000000000
91937  -37.282  -8.595  23.363 0.0000000000
91950  -36.879  -8.535  22.749 0.0000000000
93247  -36.865  -7.918  23.794 0.0000000000
93230  -36.523  -7.246  24.138 0.0000000000
93231  -37.105  -7.666  24.455 0.0000000000
95990  -38.236  -6.383  26.612 0.0000000000
95991  -38.734  -5.886  26.965 0.0000000000
97222  -39.638  -4.632  26.912 0.0000000000
97209  -39.927  -5.056  27.445 0.0000000000
71969  -12.741  -20.927  45.032 0.0000000000
71958  -11.833  -20.666  45.989 0.0000000000
230239  -12.817  -21.141  45.459 0.0000000000
70647  -12.388  -21.162  46.339 0.0000000000
69437  -13.770  -21.945  44.740 0.0000000000
68253  -13.847  -22.664  44.301 0.0000000000
69438  -13.884  -22.238  44.525 0.0000000000
67079  -13.007  -23.620  42.292 0.0000000000
66018  -12.994  -24.146  42.632 0.0000000000
66017  -12.803  -24.280  42.090 0.0000000000
232065  -12.962  -24.250  45.200 0.0000000000
65994  -13.364  -23.596  46.138 0.0000000000
66000  -12.441  -24.340  45.466 0.0000000000
65976  -11.550  -24.381  47.509 0.0000000000
218540  -12.154  -24.171  47.290 0.0000000000
65968  -11.629  -24.425  48.250 0.0000000000
65962  -12.591  -23.936  49.117 0.0000000000
65960  -11.677  -24.480  48.950 0.0000000000
63038  -8.995  -26.757  46.626 0.0000000000
64007  -9.320  -26.230  46.801 0.0000000000
64004  -9.317  -26.181  47.465 0.0000000000
63989  -10.235  -25.901  50.967 0.0000000000
63999  -9.984  -25.741  49.323 0.0000000000
63995  -10.806  -25.247  50.497 0.0000000000
202853  -11.203  -25.072  50.970 0.0000000000
64945  -11.126  -25.161  51.779 0.0000000000
64940  -11.266  -24.686  52.848 0.0000000000
63986  -10.750  -25.576  52.250 0.0000000000
63012  -9.717  -26.617  52.973 0.0000000000
63977  -10.058  -26.058  53.325 0.0000000000
204361  -9.836  -25.933  53.825 0.0000000000
63971  -9.905  -25.034  54.298 0.0000000000
59353  -7.873  -29.048  52.197 0.0000000000
60653  -8.106  -28.567  52.506 0.0000000000
69368  -12.849  -22.595  48.673 0.0000000000
196413  -24.564  -16.505  26.243 0.0000000000
77302  -25.317  -17.180  27.209 0.0000000000
77270  -25.811  -17.702  27.927 0.0000000000
77253  -26.124  -17.382  28.361 0.0000000000
75805  -19.738  -18.679  34.945 0.0000000000
231080  -19.630  -18.475  33.598 0.0000000000
75828  -20.149  -18.443  34.415 0.0000000000
77169  -20.236  -17.631  34.130 0.0000000000
77209  -25.534  -17.634  31.254 0.0000000000
77208  -25.030  -16.956  31.050 0.0000000000
232407  -24.971  -17.341  29.737 0.0000000000
77251  -24.918  -17.315  29.189 0.0000000000
78592  -24.465  -16.934  28.730 0.0000000000
79978  -23.749  -16.195  27.034 0.0000000000
74402  -21.210  -19.407  38.748 0.0000000000
201493  -20.621  -19.544  38.648 0.0000000000
73242  -20.441  -19.302  38.029 0.0000000000
74433  -19.778  -18.964  37.461 0.0000000000
74453  -19.730  -18.837  36.638 0.0000000000
74475  -19.916  -18.695  35.610 0.0000000000
107142  -41.177  1.284  20.721 0.0000000000
108464  -44.359  2.045  18.296 0.0000000000
87865  -25.292  -11.013  25.730 0.0000000000
91948  -32.917  -8.600  23.221 0.0000000000
90524  -32.556  -8.984  22.660 0.0000000000
90544  -32.909  -9.429  22.148 0.0000000000
86708  -34.555  -11.432  21.523 0.0000000000
87970  -34.907  -11.167  22.039 0.0000000000
75693  -12.796  -18.202  40.072 0.0000000000
77042  -12.174  -17.249  40.818 0.0000000000
75683  -12.355  -18.104  40.715 0.0000000000
75673  -12.058  -18.398  41.261 0.0000000000
75672  -11.624  -18.154  41.736 0.0000000000
74341  -12.257  -18.988  41.790 0.0000000000
73194  -13.292  -19.916  40.772 0.0000000000
208486  -13.392  -20.270  41.147 0.0000000000
69475  -13.384  -21.363  40.518 0.0000000000
200498  -13.326  -21.417  39.856 0.0000000000
73294  -27.997  -19.648  33.839 0.0000000000
73306  -28.148  -19.502  33.340 0.0000000000
73295  -28.323  -19.662  34.462 0.0000000000
73285  -29.127  -19.720  35.349 0.0000000000
74479  -29.635  -19.632  35.954 0.0000000000
75712  -23.508  -18.448  39.337 0.0000000000
75734  -23.913  -17.967  38.924 0.0000000000
75713  -24.194  -18.149  39.537 0.0000000000
75714  -24.971  -17.974  39.638 0.0000000000
211154  -25.426  -17.742  39.011 0.0000000000
74421  -28.081  -18.996  38.024 0.0000000000
74437  -28.095  -19.143  37.267 0.0000000000
75782  -27.629  -18.779  36.292 0.0000000000
231099  -27.570  -18.796  35.716 0.0000000000
74476  -27.229  -18.421  35.348 0.0000000000
226492  -27.682  -19.185  35.144 0.0000000000
219606  -27.846  -19.536  34.452 0.0000000000
74367  -24.047  -18.841  40.657 0.0000000000
98478  -38.467  -4.802  25.589 0.0000000000
98487  -38.084  -4.521  25.192 0.0000000000
99810  -39.578  -3.267  25.677 0.0000000000
201747  -40.277  -2.395  25.505 0.0000000000
107053  -43.400  0.892  26.879 0.0000000000
105814  -43.123  0.401  26.626 0.0000000000
107064  -43.012  0.970  26.278 0.0000000000
107076  -42.690  0.940  25.559 0.0000000000
108337  -42.679  1.634  24.984 0.0000000000
198024  -42.268  1.439  24.389 0.0000000000
108338  -43.088  2.213  25.341 0.0000000000
109619  -43.505  2.835  25.135 0.0000000000
110865  -43.814  3.247  24.605 0.0000000000
110866  -44.287  3.630  24.468 0.0000000000
110852  -44.551  3.885  25.090 0.0000000000
111943  -45.770  4.757  26.293 0.0000000000
205403  -30.404  -9.988  30.229 0.0000000000
90385  -29.656  -9.345  29.205 0.0000000000
89022  -30.815  -9.617  29.986 0.0000000000
90386  -30.844  -9.229  29.385 0.0000000000
90403  -31.363  -8.862  28.953 0.0000000000
91807  -34.709  -8.904  29.851 0.0000000000
91813  -33.296  -8.610  29.202 0.0000000000
91826  -33.776  -8.489  28.749 0.0000000000
231649  -33.590  -8.312  27.720 0.0000000000
198651  -33.678  -8.160  26.545 0.0000000000
91881  -33.375  -8.073  25.845 0.0000000000
91882  -34.172  -8.306  25.996 0.0000000000
91901  -34.722  -8.680  25.558 0.0000000000
90470  -35.169  -9.160  25.174 0.0000000000
90450  -35.309  -8.966  25.805 0.0000000000
90435  -35.956  -9.038  26.715 0.0000000000
90436  -36.500  -9.426  27.043 0.0000000000
79805  -16.513  -15.303  41.317 0.0000000000
206752  -16.467  -15.130  40.792 0.0000000000
81287  -15.653  -14.882  40.058 0.0000000000
79841  -14.818  -15.289  38.946 0.0000000000
74471  -14.484  -18.583  36.139 0.0000000000
74415  -13.801  -18.874  37.944 0.0000000000
108483  -52.561  2.499  17.025 0.0000000000
108500  -52.920  2.115  16.451 0.0000000000
108484  -53.173  2.224  17.064 0.0000000000
108501  -53.628  1.801  16.494 0.0000000000
107191  -54.155  1.428  16.200 0.0000000000
67000  -10.904  -23.472  54.345 0.0000000000
81390  -25.128  -15.568  26.736 0.0000000000
81389  -24.699  -15.106  26.215 0.0000000000
82615  -24.820  -14.655  26.954 0.0000000000
208925  -24.732  -13.869  27.065 0.0000000000
83876  -24.692  -13.311  26.708 0.0000000000
83877  -24.947  -13.239  27.317 0.0000000000
83861  -25.323  -13.181  28.500 0.0000000000
83852  -25.784  -13.114  29.379 0.0000000000
223534  -28.436  -18.218  33.007 0.0000000000
77199  -28.195  -17.913  32.543 0.0000000000
77188  -28.303  -17.538  33.196 0.0000000000
78546  -28.053  -16.748  33.405 0.0000000000
81334  -29.423  -14.295  34.607 0.0000000000
82565  -29.200  -14.017  34.094 0.0000000000
82572  -28.938  -13.748  33.560 0.0000000000
83818  -28.704  -13.502  32.951 0.0000000000
83825  -28.385  -13.198  32.493 0.0000000000
85143  -28.568  -12.506  32.316 0.0000000000
85154  -28.882  -11.928  32.020 0.0000000000
86532  -29.277  -11.441  31.644 0.0000000000
85145  -29.780  -12.068  32.713 0.0000000000
86511  -30.322  -11.864  32.941 0.0000000000
86512  -30.803  -11.633  33.188 0.0000000000
86438  -33.888  -11.425  36.565 0.0000000000
75878  -18.757  -18.391  31.701 0.0000000000
78497  -23.809  -16.670  36.208 0.0000000000
78507  -22.937  -16.509  35.577 0.0000000000
78518  -23.416  -16.289  35.015 0.0000000000
196328  -23.200  -16.112  34.417 0.0000000000
79903  -22.597  -15.641  33.199 0.0000000000
79940  -22.826  -15.477  30.098 0.0000000000
211510  -18.865  -16.654  39.372 0.0000000000
75791  -18.553  -17.895  35.051 0.0000000000
77129  -18.293  -17.184  35.352 0.0000000000
77168  -17.687  -17.606  34.185 0.0000000000
75825  -17.411  -18.040  33.770 0.0000000000
75843  -16.986  -18.538  33.385 0.0000000000
226408  -17.246  -19.458  32.733 0.0000000000
110901  -46.163  3.471  22.602 0.0000000000
109689  -45.717  3.029  21.668 0.0000000000
110902  -46.674  3.413  22.432 0.0000000000
109690  -46.813  3.221  21.967 0.0000000000
109708  -46.956  3.009  21.346 0.0000000000
109693  -49.530  2.802  22.228 0.0000000000
109711  -49.657  2.792  21.653 0.0000000000
223835  -49.322  2.869  19.881 0.0000000000
109752  -49.090  2.891  19.348 0.0000000000
202403  -49.053  2.847  18.037 0.0000000000
109765  -49.551  2.768  18.449 0.0000000000
226623  -50.094  2.795  18.373 0.0000000000
109766  -50.403  2.833  18.010 0.0000000000
109767  -50.968  2.762  18.134 0.0000000000
109753  -51.099  2.816  19.203 0.0000000000
109740  -51.500  2.771  19.693 0.0000000000
109731  -51.940  2.667  20.174 0.0000000000
64983  -12.722  -25.270  42.521 0.0000000000
64982  -12.805  -25.183  43.052 0.0000000000
210048  -28.812  -7.944  25.540 0.0000000000
91897  -28.356  -8.304  24.983 0.0000000000
91898  -28.994  -8.026  24.742 0.0000000000
91929  -28.764  -8.694  23.719 0.0000000000
87997  -36.632  -10.952  20.053 0.0000000000
202414  -36.566  -11.160  24.286 0.0000000000
87926  -36.153  -10.908  23.763 0.0000000000
86655  -36.911  -11.870  23.982 0.0000000000
87904  -40.323  -10.869  24.868 0.0000000000
87928  -39.684  -11.205  23.789 0.0000000000
89127  -39.834  -10.740  24.213 0.0000000000
89148  -39.377  -10.622  23.539 0.0000000000
218956  -39.001  -10.246  23.184 0.0000000000
89168  -38.719  -10.188  22.719 0.0000000000
90508  -38.390  -9.228  23.849 0.0000000000
91920  -38.140  -8.803  24.450 0.0000000000
93232  -37.677  -8.133  24.796 0.0000000000
93213  -37.373  -7.404  25.070 0.0000000000
93197  -38.088  -7.652  26.048 0.0000000000
93180  -38.259  -7.314  26.620 0.0000000000
95979  -39.122  -6.261  27.551 0.0000000000
74308  -11.315  -19.126  44.031 0.0000000000
73123  -11.004  -19.214  44.736 0.0000000000
74296  -10.650  -18.906  45.301 0.0000000000
73102  -11.358  -20.108  45.672 0.0000000000
70673  -13.270  -21.262  44.626 0.0000000000
70674  -13.628  -21.534  44.341 0.0000000000
68259  -13.722  -22.696  43.556 0.0000000000
69457  -13.879  -22.032  43.361 0.0000000000
215516  -13.202  -23.062  42.467 0.0000000000
67082  -12.785  -23.725  41.702 0.0000000000
64974  -12.083  -25.057  44.366 0.0000000000
64970  -11.824  -24.712  45.036 0.0000000000
64969  -10.970  -24.938  45.386 0.0000000000
64965  -10.872  -24.744  46.230 0.0000000000
64964  -10.222  -25.275  46.657 0.0000000000
63029  -8.729  -27.163  48.408 0.0000000000
63030  -9.072  -26.687  48.598 0.0000000000
217434  -9.113  -26.724  49.356 0.0000000000
209590  -9.173  -26.824  50.177 0.0000000000
63020  -9.808  -26.534  51.411 0.0000000000
63985  -10.318  -26.068  51.830 0.0000000000
63016  -9.872  -26.666  52.234 0.0000000000
63015  -9.316  -27.158  52.582 0.0000000000
63011  -9.163  -27.040  53.184 0.0000000000
217601  -26.233  -18.458  40.555 0.0000000000
73231  -29.017  -19.883  38.930 0.0000000000
99779  -42.411  -2.902  27.607 0.0000000000
101007  -42.043  -2.647  27.195 0.0000000000
101008  -42.621  -2.319  27.396 0.0000000000
103297  -43.228  -1.297  27.274 0.0000000000
104572  -43.875  -0.115  27.632 0.0000000000
108310  -44.953  2.230  27.930 0.0000000000
109579  -44.904  2.919  27.608 0.0000000000
110798  -45.397  3.931  27.920 0.0000000000
88994  -33.198  -9.668  32.438 0.0000000000
90350  -32.945  -9.330  31.363 0.0000000000
90339  -34.003  -9.377  32.260 0.0000000000
90352  -34.270  -9.215  31.654 0.0000000000
196155  -34.467  -9.136  31.075 0.0000000000
90365  -35.207  -9.227  30.958 0.0000000000
90377  -35.228  -9.132  30.358 0.0000000000
90390  -36.263  -9.187  29.303 0.0000000000
78502  -15.742  -16.636  35.656 0.0000000000
78501  -15.349  -16.724  35.979 0.0000000000
77144  -15.025  -17.504  35.505 0.0000000000
75801  -14.926  -17.958  35.186 0.0000000000
216623  -11.713  -22.943  51.478 0.0000000000
67010  -12.072  -23.417  50.981 0.0000000000
80006  -24.820  -16.078  25.663 0.0000000000
78653  -24.912  -16.462  26.327 0.0000000000
81399  -25.069  -16.029  26.079 0.0000000000
79979  -25.391  -15.948  27.272 0.0000000000
79966  -25.526  -15.492  27.865 0.0000000000
79942  -26.025  -15.668  29.422 0.0000000000
83803  -31.214  -12.822  35.140 0.0000000000
73318  -18.207  -19.159  32.483 0.0000000000
74553  -18.631  -18.912  32.529 0.0000000000
75879  -19.023  -18.034  31.988 0.0000000000
77207  -19.355  -17.422  31.768 0.0000000000
77223  -19.273  -17.201  31.136 0.0000000000
207501  -24.702  -16.440  33.596 0.0000000000
78545  -24.989  -16.597  32.998 0.0000000000
78561  -24.243  -16.011  32.005 0.0000000000
78569  -23.975  -15.979  30.950 0.0000000000
78570  -24.526  -16.542  30.627 0.0000000000
78580  -23.958  -16.251  30.332 0.0000000000
219797  -23.508  -15.891  30.060 0.0000000000
79952  -22.697  -15.498  29.423 0.0000000000
78634  -23.289  -15.974  26.392 0.0000000000
75710  -19.570  -18.209  39.281 0.0000000000
75730  -19.493  -18.398  38.801 0.0000000000
199812  -19.077  -18.308  37.494 0.0000000000
77110  -18.842  -17.953  36.472 0.0000000000
74473  -19.335  -18.723  36.315 0.0000000000
211371  -18.930  -18.516  36.012 0.0000000000
75792  -18.880  -18.479  35.368 0.0000000000
210570  -18.689  -18.439  34.448 0.0000000000
74516  -18.425  -18.771  33.453 0.0000000000
104637  -39.053  -0.525  21.893 0.0000000000
208991  -46.488  2.091  16.895 0.0000000000
113150  -48.621  4.843  25.219 0.0000000000
111978  -48.364  4.005  24.177 0.0000000000
111964  -49.224  4.472  25.057 0.0000000000
111979  -49.552  3.991  24.678 0.0000000000
109681  -51.439  2.755  22.922 0.0000000000
93226  -30.904  -7.700  24.343 0.0000000000
91931  -30.267  -8.270  23.452 0.0000000000
91932  -31.273  -8.154  23.397 0.0000000000
218102  -36.279  -11.899  21.874 0.0000000000
86602  -38.464  -12.149  25.784 0.0000000000
86619  -37.985  -12.102  25.015 0.0000000000
197234  -39.018  -12.440  25.501 0.0000000000
85240  -39.620  -12.369  25.154 0.0000000000
86639  -40.290  -11.575  24.883 0.0000000000
89107  -40.535  -10.689  25.580 0.0000000000
89092  -40.274  -10.188  25.828 0.0000000000
90454  -39.878  -9.685  26.091 0.0000000000
91863  -39.520  -8.904  26.880 0.0000000000
78429  -11.603  -16.387  42.081 0.0000000000
79749  -11.610  -15.209  43.553 0.0000000000
75642  -10.741  -17.923  44.199 0.0000000000
75655  -11.301  -18.319  42.999 0.0000000000
233123  -11.739  -19.013  42.845 0.0000000000
74319  -11.520  -19.026  43.399 0.0000000000
72007  -13.380  -20.716  42.789 0.0000000000
70722  -13.704  -21.176  42.168 0.0000000000
69462  -13.779  -21.758  42.277 0.0000000000
69468  -13.491  -21.883  41.650 0.0000000000
60664  -7.742  -28.743  49.560 0.0000000000
218312  -26.343  -18.613  29.905 0.0000000000
217869  -26.526  -18.469  29.555 0.0000000000
74586  -26.782  -18.616  30.251 0.0000000000
74588  -27.408  -18.890  31.222 0.0000000000
74574  -27.932  -18.908  32.077 0.0000000000
74520  -28.509  -19.254  33.511 0.0000000000
75849  -28.506  -18.793  33.214 0.0000000000
77174  -29.029  -18.377  34.295 0.0000000000
73273  -29.947  -19.903  36.609 0.0000000000
77111  -21.414  -17.788  36.282 0.0000000000
75780  -21.667  -18.055  36.798 0.0000000000
77094  -22.261  -17.743  36.996 0.0000000000
77114  -23.315  -16.991  36.688 0.0000000000
75752  -23.711  -17.729  38.314 0.0000000000
77080  -23.961  -17.307  37.700 0.0000000000
227081  -23.908  -16.850  36.705 0.0000000000
77115  -24.487  -16.665  36.354 0.0000000000
77135  -24.916  -16.568  35.836 0.0000000000
75699  -26.489  -18.253  40.056 0.0000000000
75716  -26.754  -18.022  39.413 0.0000000000
75736  -26.238  -17.758  38.914 0.0000000000
75754  -27.118  -18.019  38.038 0.0000000000
231951  -26.738  -17.753  37.742 0.0000000000
77083  -26.211  -17.461  37.748 0.0000000000
225469  -25.979  -17.133  36.227 0.0000000000
209166  -25.749  -16.811  34.930 0.0000000000
77152  -25.859  -16.942  34.303 0.0000000000
77172  -26.189  -17.500  33.866 0.0000000000
77186  -26.070  -17.697  33.086 0.0000000000
75829  -26.604  -18.267  33.394 0.0000000000
77197  -26.000  -17.960  32.318 0.0000000000
77210  -25.954  -18.164  31.573 0.0000000000
73216  -22.065  -19.737  39.965 0.0000000000
74403  -21.674  -19.047  38.570 0.0000000000
74419  -21.694  -18.797  38.106 0.0000000000
217482  -36.218  -7.667  22.870 0.0000000000
93257  -36.068  -7.490  22.263 0.0000000000
94624  -35.872  -6.354  23.260 0.0000000000
96033  -35.893  -5.105  23.149 0.0000000000
98486  -37.686  -4.153  24.727 0.0000000000
99822  -37.338  -3.827  24.165 0.0000000000
99838  -37.018  -3.529  23.511 0.0000000000
101021  -41.611  -2.334  26.749 0.0000000000
102164  -41.267  -2.051  26.170 0.0000000000
103316  -40.713  -1.486  25.109 0.0000000000
104598  -42.422  -0.232  25.870 0.0000000000
103317  -41.271  -1.113  25.208 0.0000000000
103330  -40.425  -1.277  24.604 0.0000000000
103338  -40.114  -0.921  24.137 0.0000000000
103345  -39.330  -0.919  23.273 0.0000000000
104632  -39.177  -0.710  22.617 0.0000000000
104638  -39.624  -0.278  22.279 0.0000000000
105862  -40.180  0.307  22.064 0.0000000000
105864  -41.000  0.789  22.209 0.0000000000
107117  -41.847  1.241  23.433 0.0000000000
225219  -41.973  1.449  22.237 0.0000000000
107122  -41.649  1.247  21.884 0.0000000000
108398  -42.281  1.746  21.668 0.0000000000
108413  -42.904  2.104  21.235 0.0000000000
195259  -43.479  2.286  20.899 0.0000000000
108426  -43.596  2.132  20.292 0.0000000000
109720  -43.967  2.577  21.127 0.0000000000
109687  -44.493  2.916  21.925 0.0000000000
109675  -45.045  3.183  22.263 0.0000000000
110880  -44.665  3.634  23.636 0.0000000000
213976  -45.301  3.620  23.191 0.0000000000
110882  -45.973  3.702  23.213 0.0000000000
111989  -46.517  4.110  23.606 0.0000000000
111976  -46.919  4.437  24.176 0.0000000000
113149  -47.810  4.984  25.228 0.0000000000
111903  -45.710  4.568  27.482 0.0000000000
202253  -46.141  5.091  27.339 0.0000000000
113123  -46.588  5.350  26.813 0.0000000000
113124  -47.332  5.516  26.458 0.0000000000
113125  -48.020  5.475  26.197 0.0000000000
196547  -48.738  5.272  25.990 0.0000000000
113126  -49.219  5.461  26.713 0.0000000000
87828  -27.339  -10.185  28.830 0.0000000000
89061  -26.964  -9.875  27.819 0.0000000000
90398  -27.513  -9.433  27.767 0.0000000000
222633  -28.029  -9.150  27.740 0.0000000000
90417  -28.306  -8.784  27.339 0.0000000000
90400  -29.195  -9.169  28.664 0.0000000000
91833  -28.974  -8.547  27.449 0.0000000000
194464  -29.065  -8.164  26.317 0.0000000000
91876  -29.601  -7.836  25.900 0.0000000000
93192  -30.192  -7.671  25.527 0.0000000000
208541  -30.575  -7.628  25.282 0.0000000000
233408  -32.544  -9.131  30.382 0.0000000000
90387  -32.253  -8.961  29.441 0.0000000000
221645  -31.689  -8.561  28.640 0.0000000000
91825  -32.799  -8.382  28.397 0.0000000000
91824  -32.147  -8.420  28.351 0.0000000000
91836  -31.128  -8.346  27.747 0.0000000000
91878  -30.935  -7.941  26.439 0.0000000000
93193  -30.859  -7.697  25.739 0.0000000000
93209  -30.978  -7.618  25.046 0.0000000000
93227  -31.616  -7.684  24.626 0.0000000000
93245  -31.950  -7.847  24.080 0.0000000000
232186  -32.562  -8.132  23.887 0.0000000000
91899  -33.335  -8.203  25.026 0.0000000000
91916  -33.259  -8.319  24.308 0.0000000000
90504  -33.616  -8.728  23.243 0.0000000000
90526  -33.902  -9.292  22.861 0.0000000000
90527  -34.453  -9.685  23.213 0.0000000000
89144  -35.052  -10.034  23.479 0.0000000000
90471  -35.684  -9.526  25.458 0.0000000000
90489  -35.518  -9.773  24.841 0.0000000000
89124  -36.016  -10.392  24.401 0.0000000000
89125  -36.461  -10.668  24.952 0.0000000000
87868  -37.368  -11.258  25.769 0.0000000000
90405  -36.444  -9.203  28.442 0.0000000000
90406  -37.086  -9.697  28.361 0.0000000000
90422  -37.190  -9.953  27.711 0.0000000000
89037  -38.582  -10.549  29.297 0.0000000000
89048  -38.091  -10.411  28.379 0.0000000000
89063  -37.531  -10.312  27.310 0.0000000000
87842  -37.843  -10.843  26.920 0.0000000000
87854  -38.115  -11.406  26.572 0.0000000000
86601  -37.944  -11.662  25.971 0.0000000000
86587  -38.907  -12.094  26.656 0.0000000000
199811  -39.980  -12.524  27.007 0.0000000000
79863  -14.883  -15.897  37.365 0.0000000000
79852  -14.571  -15.923  37.964 0.0000000000
79840  -14.363  -15.797  38.563 0.0000000000
77108  -14.375  -17.562  37.025 0.0000000000
78476  -14.183  -16.411  38.256 0.0000000000
196324  -14.209  -15.600  39.150 0.0000000000
79829  -14.073  -15.340  39.726 0.0000000000
79820  -13.717  -15.254  40.712 0.0000000000
79804  -13.153  -15.500  41.023 0.0000000000
78451  -12.858  -16.686  40.142 0.0000000000
77048  -12.988  -17.455  39.760 0.0000000000
74400  -13.570  -18.865  38.556 0.0000000000
74399  -13.450  -18.640  39.033 0.0000000000
75694  -13.222  -18.287  39.479 0.0000000000
108469  -54.496  1.763  18.086 0.0000000000
204764  -54.788  1.288  16.976 0.0000000000
85211  -24.908  -12.039  26.450 0.0000000000
86600  -25.100  -11.547  26.053 0.0000000000
86584  -25.435  -11.342  26.955 0.0000000000
86575  -25.710  -11.088  27.497 0.0000000000
234319  -26.505  -10.624  28.441 0.0000000000
75922  -26.527  -18.123  29.218 0.0000000000
77240  -26.725  -17.834  29.502 0.0000000000
78594  -26.556  -17.248  29.298 0.0000000000
78572  -27.404  -17.514  30.860 0.0000000000
216165  -26.700  -17.109  29.923 0.0000000000
78581  -26.320  -16.460  29.555 0.0000000000
79943  -26.166  -15.735  29.948 0.0000000000
81365  -26.043  -14.994  29.895 0.0000000000
226735  -28.088  -15.752  33.513 0.0000000000
222080  -27.761  -15.133  33.190 0.0000000000
79914  -27.176  -15.701  32.277 0.0000000000
82588  -26.248  -14.442  30.452 0.0000000000
215846  -26.210  -13.739  30.220 0.0000000000
83845  -26.056  -13.433  29.821 0.0000000000
85169  -26.146  -12.690  29.793 0.0000000000
83839  -27.143  -12.777  31.210 0.0000000000
85160  -26.958  -12.546  30.640 0.0000000000
85180  -26.439  -12.045  29.519 0.0000000000
86553  -26.687  -11.391  29.264 0.0000000000
87815  -26.953  -10.733  28.968 0.0000000000
87816  -27.655  -10.450  29.322 0.0000000000
87804  -28.426  -10.509  29.930 0.0000000000
87805  -29.100  -10.319  30.116 0.0000000000
86541  -29.005  -11.122  31.047 0.0000000000
87782  -29.670  -10.893  31.288 0.0000000000
87796  -30.217  -10.391  30.807 0.0000000000
87784  -30.946  -10.355  31.232 0.0000000000
89002  -31.586  -10.003  31.444 0.0000000000
88993  -32.458  -9.938  32.250 0.0000000000
85103  -31.459  -12.384  34.847 0.0000000000
86469  -31.675  -11.881  34.603 0.0000000000
86498  -31.961  -11.299  34.312 0.0000000000
86454  -33.000  -11.464  35.701 0.0000000000
87714  -32.543  -11.020  34.543 0.0000000000
87736  -31.773  -11.055  33.707 0.0000000000
87756  -32.217  -10.625  33.262 0.0000000000
88976  -32.654  -10.137  32.865 0.0000000000
88977  -33.288  -9.904  33.117 0.0000000000
77132  -21.149  -17.514  35.739 0.0000000000
77150  -20.918  -17.296  35.126 0.0000000000
78516  -22.000  -16.412  34.874 0.0000000000
78528  -21.112  -16.492  34.027 0.0000000000
78540  -20.380  -16.691  33.102 0.0000000000
78550  -20.258  -16.553  32.502 0.0000000000
78560  -20.135  -16.415  31.901 0.0000000000
78568  -19.536  -16.653  30.959 0.0000000000
78543  -23.739  -15.929  33.432 0.0000000000
79904  -23.223  -15.698  32.959 0.0000000000
79912  -22.483  -15.469  32.439 0.0000000000
225126  -21.925  -15.216  31.058 0.0000000000
79920  -22.185  -15.332  31.646 0.0000000000
229509  -21.786  -15.478  32.092 0.0000000000
78578  -19.727  -16.367  30.385 0.0000000000
79806  -17.141  -15.571  41.514 0.0000000000
79832  -17.181  -15.375  39.874 0.0000000000
207728  -16.837  -15.113  38.707 0.0000000000
79865  -16.550  -15.396  37.291 0.0000000000
77064  -19.187  -17.574  38.960 0.0000000000
78471  -18.805  -16.744  38.708 0.0000000000
78470  -18.425  -16.077  38.330 0.0000000000
78505  -17.947  -16.539  35.766 0.0000000000
78495  -18.103  -16.402  36.538 0.0000000000
79856  -17.896  -15.625  37.822 0.0000000000
79866  -17.400  -15.505  37.260 0.0000000000
78493  -16.619  -16.020  36.154 0.0000000000
78513  -16.001  -16.883  35.087 0.0000000000
75823  -15.820  -18.175  34.101 0.0000000000
108437  -43.987  2.188  19.725 0.0000000000
221276  -44.486  2.399  19.837 0.0000000000
108451  -45.054  2.444  18.855 0.0000000000
109722  -45.460  2.775  20.411 0.0000000000
109747  -45.565  2.668  19.355 0.0000000000
109761  -45.849  2.556  18.613 0.0000000000
109776  -46.468  2.543  18.027 0.0000000000
209909  -46.646  2.361  17.388 0.0000000000
204437  -48.151  3.526  23.279 0.0000000000
109677  -47.985  3.248  22.334 0.0000000000
109709  -47.743  2.864  21.151 0.0000000000
109710  -48.477  2.855  21.304 0.0000000000
109725  -47.653  2.839  20.395 0.0000000000
196053  -47.348  2.737  19.440 0.0000000000
109749  -47.190  2.675  18.981 0.0000000000
109777  -47.161  2.570  17.679 0.0000000000
108481  -47.056  2.286  17.016 0.0000000000
108494  -47.622  2.133  16.587 0.0000000000
108495  -48.374  2.238  16.413 0.0000000000
108507  -48.706  1.923  15.799 0.0000000000
109780  -49.201  2.770  17.425 0.0000000000
108496  -49.090  2.337  16.307 0.0000000000
108511  -51.388  2.189  15.857 0.0000000000
109796  -51.907  2.620  16.979 0.0000000000
195920  -51.235  2.739  17.771 0.0000000000
109783  -51.690  2.731  17.697 0.0000000000
109784  -52.255  2.673  17.604 0.0000000000
109770  -52.712  2.633  18.034 0.0000000000
206751  -53.050  2.401  19.024 0.0000000000
108441  -53.871  2.061  19.675 0.0000000000
68244  -13.915  -22.645  45.500 0.0000000000
67053  -13.784  -23.076  45.852 0.0000000000
203154  -13.667  -23.423  45.108 0.0000000000
202747  -13.074  -24.299  44.671 0.0000000000
64975  -12.727  -24.811  44.185 0.0000000000
64978  -12.355  -25.326  43.756 0.0000000000
89075  -26.560  -9.597  26.472 0.0000000000
90468  -26.816  -9.308  25.337 0.0000000000
230526  -30.224  -8.682  22.993 0.0000000000
213394  -36.862  -8.614  22.113 0.0000000000
87949  -35.150  -10.883  22.635 0.0000000000
87971  -35.570  -11.547  22.392 0.0000000000
86637  -37.848  -12.170  24.389 0.0000000000
86683  -37.652  -12.130  23.115 0.0000000000
86685  -38.873  -11.526  23.190 0.0000000000
86684  -38.372  -11.851  23.191 0.0000000000
86712  -37.604  -11.777  22.420 0.0000000000
89196  -37.828  -9.799  21.466 0.0000000000
90529  -38.247  -9.633  22.650 0.0000000000
90546  -37.937  -9.542  22.090 0.0000000000
91949  -36.358  -8.180  22.497 0.0000000000
93246  -36.332  -7.474  23.450 0.0000000000
94612  -36.479  -6.450  24.266 0.0000000000
96014  -37.537  -5.910  25.451 0.0000000000
94591  -37.661  -6.486  25.708 0.0000000000
96003  -37.981  -6.013  26.005 0.0000000000
97231  -38.258  -5.359  25.858 0.0000000000
97233  -39.185  -4.436  26.421 0.0000000000
98468  -40.136  -4.155  26.851 0.0000000000
233624  -40.956  -4.017  27.268 0.0000000000
93171  -39.237  -7.876  27.856 0.0000000000
70637  -12.924  -21.644  46.722 0.0000000000
71935  -10.822  -20.568  47.689 0.0000000000
70636  -12.249  -21.359  47.046 0.0000000000
69407  -13.630  -22.006  45.916 0.0000000000
202783  -13.908  -22.646  44.918 0.0000000000
67068  -13.595  -23.236  44.115 0.0000000000
66015  -13.150  -23.917  43.256 0.0000000000
67074  -13.353  -23.231  43.256 0.0000000000
66014  -12.992  -24.684  42.891 0.0000000000
67052  -13.650  -23.235  46.332 0.0000000000
65986  -13.436  -23.394  46.965 0.0000000000
67040  -13.502  -23.226  47.790 0.0000000000
65992  -12.378  -24.161  46.235 0.0000000000
196003  -12.687  -23.933  47.458 0.0000000000
67034  -13.229  -23.337  48.547 0.0000000000
67028  -12.830  -23.449  49.432 0.0000000000
67022  -12.523  -23.542  50.043 0.0000000000
65949  -12.218  -23.974  50.594 0.0000000000
64015  -9.731  -25.947  45.649 0.0000000000
64012  -9.712  -25.812  46.358 0.0000000000
64961  -10.238  -25.259  47.426 0.0000000000
63998  -9.436  -26.184  48.943 0.0000000000
64954  -10.398  -25.241  48.937 0.0000000000
64955  -10.947  -24.799  48.583 0.0000000000
64951  -11.688  -24.569  49.608 0.0000000000
232155  -11.964  -24.148  50.923 0.0000000000
214848  -11.744  -23.847  51.830 0.0000000000
65943  -11.543  -24.287  52.319 0.0000000000
65940  -11.247  -24.268  53.168 0.0000000000
65939  -10.852  -24.387  53.927 0.0000000000
63982  -10.619  -25.595  53.010 0.0000000000
64936  -10.678  -24.986  53.811 0.0000000000
64934  -10.454  -24.732  54.244 0.0000000000
64932  -10.211  -24.344  54.539 0.0000000000
60662  -7.876  -28.991  50.485 0.0000000000
59359  -7.705  -29.755  50.960 0.0000000000
60660  -8.210  -28.729  51.628 0.0000000000
60657  -8.152  -28.765  52.177 0.0000000000
60654  -8.407  -28.220  52.458 0.0000000000
61879  -8.662  -27.421  53.227 0.0000000000
59352  -7.624  -29.617  51.940 0.0000000000
59360  -8.009  -29.028  51.183 0.0000000000
59364  -7.582  -29.562  50.124 0.0000000000
61880  -8.798  -27.645  52.809 0.0000000000
63019  -9.380  -27.144  51.836 0.0000000000
63023  -9.632  -26.311  50.584 0.0000000000
63025  -8.810  -27.094  49.014 0.0000000000
63026  -8.724  -27.380  49.790 0.0000000000
63033  -8.632  -27.262  47.855 0.0000000000
63034  -8.991  -26.754  47.827 0.0000000000
63974  -9.576  -25.690  54.142 0.0000000000
63978  -10.404  -25.518  53.601 0.0000000000
63994  -10.111  -25.765  50.131 0.0000000000
64001  -9.334  -26.167  48.180 0.0000000000
64002  -9.822  -25.709  48.545 0.0000000000
64008  -9.692  -25.729  47.072 0.0000000000
64937  -11.017  -24.694  53.443 0.0000000000
64942  -11.069  -25.091  52.582 0.0000000000
64947  -11.608  -24.660  50.367 0.0000000000
64950  -11.048  -24.868  49.280 0.0000000000
64957  -10.261  -25.217  48.182 0.0000000000
64962  -10.850  -24.712  47.057 0.0000000000
65933  -10.611  -24.112  54.474 0.0000000000
65936  -10.814  -23.908  54.259 0.0000000000
65946  -11.800  -24.149  51.434 0.0000000000
65954  -12.381  -24.045  49.858 0.0000000000
65961  -12.178  -24.264  49.247 0.0000000000
65969  -12.374  -24.130  48.638 0.0000000000
65970  -12.946  -23.691  48.641 0.0000000000
65977  -12.254  -24.157  47.900 0.0000000000
65983  -11.690  -24.304  46.698 0.0000000000
65984  -12.428  -24.089  46.891 0.0000000000
65993  -12.987  -24.039  45.847 0.0000000000
66008  -13.433  -23.749  44.554 0.0000000000
67002  -11.018  -23.879  53.804 0.0000000000
67015  -11.964  -23.780  51.153 0.0000000000
67016  -12.283  -23.580  50.576 0.0000000000
67029  -13.145  -23.244  48.956 0.0000000000
67033  -13.026  -23.471  48.979 0.0000000000
67039  -13.123  -23.564  47.936 0.0000000000
67045  -13.138  -23.593  47.599 0.0000000000
67046  -13.661  -23.090  46.995 0.0000000000
67047  -13.726  -23.051  46.360 0.0000000000
67057  -13.654  -23.355  45.661 0.0000000000
67058  -13.843  -23.044  45.293 0.0000000000
68180  -11.059  -23.354  53.804 0.0000000000
68186  -11.318  -23.275  53.071 0.0000000000
68190  -11.845  -23.250  51.420 0.0000000000
68194  -11.973  -22.964  50.929 0.0000000000
68199  -12.722  -23.269  49.724 0.0000000000
68203  -12.953  -23.168  49.334 0.0000000000
68208  -12.940  -22.937  48.992 0.0000000000
68209  -13.280  -23.039  48.418 0.0000000000
68218  -13.437  -22.902  47.882 0.0000000000
68227  -13.591  -22.783  47.305 0.0000000000
68228  -13.738  -22.638  46.650 0.0000000000
68236  -13.840  -22.760  45.987 0.0000000000
68254  -13.888  -22.163  43.901 0.0000000000
69332  -11.403  -22.651  51.964 0.0000000000
69342  -12.203  -22.582  49.754 0.0000000000
69354  -12.359  -22.440  49.189 0.0000000000
69369  -13.254  -22.770  48.216 0.0000000000
69381  -13.189  -22.331  47.818 0.0000000000
69382  -13.452  -22.608  47.536 0.0000000000
69393  -13.301  -22.169  47.119 0.0000000000
69395  -13.765  -22.318  46.234 0.0000000000
69408  -13.879  -22.303  45.715 0.0000000000
69423  -13.889  -22.284  45.134 0.0000000000
69451  -13.842  -21.812  44.114 0.0000000000
70571  -11.666  -22.554  51.106 0.0000000000
70593  -11.660  -22.077  49.832 0.0000000000
70628  -12.058  -21.606  47.721 0.0000000000
70638  -13.294  -21.849  46.367 0.0000000000
70648  -13.033  -21.433  45.917 0.0000000000
70649  -13.531  -21.774  45.632 0.0000000000
70660  -13.216  -21.388  45.265 0.0000000000
70691  -13.714  -21.361  43.684 0.0000000000
71936  -11.481  -21.054  47.337 0.0000000000
71946  -11.648  -20.861  46.658 0.0000000000
71957  -11.133  -20.279  46.310 0.0000000000
71959  -12.484  -21.001  45.664 0.0000000000
71979  -12.245  -20.346  44.698 0.0000000000
71981  -13.357  -21.094  43.966 0.0000000000
72026  -13.442  -20.654  42.223 0.0000000000
72058  -13.522  -20.578  40.967 0.0000000000
72069  -13.460  -20.512  40.347 0.0000000000
72119  -29.082  -20.034  35.860 0.0000000000
73125  -12.373  -20.247  44.012 0.0000000000
73136  -12.509  -20.139  43.340 0.0000000000
73147  -12.592  -20.015  42.727 0.0000000000
73160  -13.128  -20.124  41.899 0.0000000000
73177  -13.223  -19.940  41.299 0.0000000000
73195  -20.080  -19.276  40.058 0.0000000000
73229  -20.162  -19.607  38.938 0.0000000000
73230  -21.721  -19.463  39.231 0.0000000000
73240  -19.862  -19.495  38.736 0.0000000000
73272  -28.780  -20.141  36.100 0.0000000000
73284  -28.690  -19.893  35.576 0.0000000000
73307  -28.443  -19.530  33.941 0.0000000000
74318  -11.051  -18.474  43.711 0.0000000000
74328  -11.681  -18.619  42.348 0.0000000000
74329  -12.192  -19.356  42.484 0.0000000000
74351  -12.528  -18.950  41.045 0.0000000000
74363  -12.741  -18.795  40.479 0.0000000000
74364  -13.084  -18.944  40.053 0.0000000000
74369  -25.618  -18.548  40.727 0.0000000000
74382  -13.287  -19.072  39.534 0.0000000000
74386  -23.765  -18.648  40.011 0.0000000000
74401  -19.665  -19.343  38.845 0.0000000000
74417  -19.979  -19.299  37.934 0.0000000000
74434  -20.245  -19.037  37.500 0.0000000000
74436  -21.478  -18.701  37.683 0.0000000000
74438  -28.394  -19.669  36.955 0.0000000000
74452  -19.415  -18.720  36.908 0.0000000000
74455  -20.617  -18.708  37.055 0.0000000000
74457  -28.531  -19.982  36.496 0.0000000000
74492  -14.936  -18.591  34.926 0.0000000000
74497  -27.569  -19.398  33.787 0.0000000000
74519  -27.769  -19.466  33.257 0.0000000000
74540  -28.159  -19.182  32.811 0.0000000000
74556  -27.338  -19.171  31.902 0.0000000000
74571  -26.855  -18.803  30.929 0.0000000000
74573  -27.551  -19.023  31.669 0.0000000000
74587  -27.208  -18.805  30.819 0.0000000000
75632  -10.584  -18.420  44.834 0.0000000000
75641  -10.509  -17.764  44.749 0.0000000000
75664  -11.240  -17.852  42.319 0.0000000000
75729  -13.868  -17.651  38.471 0.0000000000
75748  -13.935  -18.306  38.063 0.0000000000
75751  -22.584  -18.184  38.082 0.0000000000
75753  -26.529  -17.658  38.269 0.0000000000
75755  -27.588  -18.587  37.674 0.0000000000
75762  -14.160  -17.915  37.464 0.0000000000
75765  -21.865  -18.253  37.340 0.0000000000
75778  -19.000  -18.433  36.580 0.0000000000
75781  -27.185  -18.157  36.744 0.0000000000
75794  -20.790  -18.088  36.102 0.0000000000
75802  -15.315  -18.069  34.642 0.0000000000
75803  -18.336  -17.979  34.502 0.0000000000
75848  -26.955  -18.973  32.970 0.0000000000
75863  -26.439  -18.614  31.897 0.0000000000
75866  -28.242  -18.636  32.572 0.0000000000
75898  -27.419  -18.641  30.908 0.0000000000
75910  -26.071  -18.416  29.502 0.0000000000
75911  -26.808  -18.307  29.811 0.0000000000
75921  -26.228  -18.144  29.117 0.0000000000
76985  -10.298  -17.278  45.057 0.0000000000
76996  -10.544  -17.240  44.474 0.0000000000
76997  -10.731  -17.158  43.879 0.0000000000
77022  -11.176  -17.046  42.474 0.0000000000
77062  -13.658  -17.393  38.877 0.0000000000
77065  -24.357  -17.659  38.568 0.0000000000
77090  -14.294  -17.309  37.494 0.0000000000
77095  -22.884  -17.432  37.163 0.0000000000
77096  -23.576  -17.164  37.202 0.0000000000
77099  -26.059  -17.292  37.068 0.0000000000
77109  -18.539  -17.085  36.053 0.0000000000
77116  -25.179  -16.762  36.286 0.0000000000
77127  -15.390  -17.070  35.531 0.0000000000
77134  -22.441  -16.881  36.107 0.0000000000
77151  -21.543  -16.909  35.358 0.0000000000
77165  -15.725  -17.700  34.465 0.0000000000
77170  -20.679  -17.075  34.463 0.0000000000
77173  -28.646  -18.071  33.688 0.0000000000
77187  -27.899  -17.147  32.753 0.0000000000
77224  -24.968  -17.254  30.234 0.0000000000
77225  -25.408  -17.844  30.489 0.0000000000
77227  -27.432  -18.204  30.734 0.0000000000
77254  -26.463  -17.664  28.916 0.0000000000
77268  -25.005  -17.423  28.390 0.0000000000
77283  -24.833  -17.229  27.778 0.0000000000
77285  -25.617  -17.329  27.334 0.0000000000
78398  -11.296  -15.730  43.286 0.0000000000
78442  -11.921  -16.727  41.283 0.0000000000
78443  -12.317  -16.227  41.078 0.0000000000
78461  -18.809  -16.502  39.970 0.0000000000
78477  -18.406  -16.335  37.652 0.0000000000
78478  -18.743  -16.900  38.072 0.0000000000
78491  -15.062  -16.529  36.456 0.0000000000
78492  -15.768  -16.278  36.197 0.0000000000
78508  -23.648  -16.480  35.626 0.0000000000
78517  -22.716  -16.287  34.973 0.0000000000
78529  -21.774  -16.208  34.221 0.0000000000
78534  -28.416  -17.113  33.868 0.0000000000
78551  -20.748  -16.148  32.741 0.0000000000
78552  -23.961  -15.913  32.729 0.0000000000
78553  -24.619  -16.301  32.505 0.0000000000
78559  -19.620  -16.765  31.540 0.0000000000
78562  -24.888  -16.450  31.790 0.0000000000
78591  -23.942  -16.386  29.083 0.0000000000
78603  -24.087  -16.466  28.432 0.0000000000
78617  -24.135  -16.463  27.692 0.0000000000
78635  -24.212  -16.506  26.476 0.0000000000
78650  -22.209  -16.281  25.658 0.0000000000
79722  -10.857  -15.631  45.163 0.0000000000
79747  -10.935  -16.045  43.847 0.0000000000
79766  -11.627  -15.788  42.604 0.0000000000
79784  -11.904  -15.774  42.091 0.0000000000
79788  -16.569  -15.502  41.949 0.0000000000
79803  -12.817  -16.082  40.653 0.0000000000
79821  -16.688  -15.143  40.272 0.0000000000
79822  -17.236  -15.438  40.372 0.0000000000
79833  -17.765  -15.629  40.122 0.0000000000
79844  -17.053  -15.246  39.278 0.0000000000
79853  -15.582  -15.301  38.075 0.0000000000
79867  -18.010  -15.940  37.156 0.0000000000
79874  -15.270  -15.921  36.770 0.0000000000
79876  -16.985  -15.673  36.710 0.0000000000
79877  -17.659  -15.792  36.738 0.0000000000
79894  -23.034  -15.787  33.753 0.0000000000
79902  -21.979  -15.665  33.087 0.0000000000
79905  -27.533  -15.766  32.884 0.0000000000
79918  -20.619  -15.867  31.702 0.0000000000
79919  -21.364  -15.455  31.508 0.0000000000
79922  -23.341  -15.640  31.330 0.0000000000
79930  -22.045  -15.088  30.404 0.0000000000
79933  -26.410  -16.190  30.433 0.0000000000
79954  -25.922  -15.693  28.799 0.0000000000
79965  -23.395  -15.892  27.703 0.0000000000
79967  -25.810  -15.824  28.238 0.0000000000
81249  -14.730  -14.901  41.335 0.0000000000
81267  -14.299  -14.955  40.692 0.0000000000
81268  -14.921  -14.859  40.662 0.0000000000
81270  -16.100  -14.955  40.439 0.0000000000
81286  -15.097  -14.895  40.047 0.0000000000
81288  -16.137  -14.935  39.846 0.0000000000
81301  -15.451  -14.978  39.469 0.0000000000
81349  -28.234  -14.795  33.486 0.0000000000
81358  -27.158  -14.807  32.146 0.0000000000
81366  -26.212  -15.322  30.393 0.0000000000
82559  -29.910  -13.969  34.899 0.0000000000
82577  -28.193  -13.863  32.680 0.0000000000
82581  -27.320  -14.030  31.966 0.0000000000
82587  -25.976  -14.198  29.851 0.0000000000
82601  -25.443  -14.332  28.776 0.0000000000
82614  -24.579  -14.125  26.495 0.0000000000
82630  -24.438  -14.367  25.157 0.0000000000
83802  -30.748  -13.080  34.907 0.0000000000
83812  -29.403  -13.370  33.890 0.0000000000
83820  -29.739  -12.849  33.563 0.0000000000
83826  -28.877  -12.826  32.787 0.0000000000
83838  -26.881  -13.434  31.222 0.0000000000
83846  -26.448  -13.048  30.296 0.0000000000
83862  -25.397  -12.806  28.944 0.0000000000
83883  -24.499  -13.475  26.029 0.0000000000
85074  -32.995  -12.266  36.591 0.0000000000
85087  -31.655  -12.585  35.410 0.0000000000
85102  -31.024  -12.591  34.611 0.0000000000
85127  -31.268  -12.171  34.314 0.0000000000
85135  -30.024  -12.334  33.271 0.0000000000
85152  -27.706  -12.505  31.512 0.0000000000
85162  -28.043  -11.901  31.190 0.0000000000
85170  -26.693  -12.310  30.080 0.0000000000
85191  -25.599  -12.194  28.671 0.0000000000
85212  -39.495  -12.420  26.458 0.0000000000
85224  -39.714  -12.509  25.752 0.0000000000
85239  -38.481  -12.299  25.251 0.0000000000
85241  -40.245  -12.124  25.154 0.0000000000
85257  -38.397  -12.355  24.735 0.0000000000
85258  -38.941  -12.407  24.974 0.0000000000
85260  -39.913  -12.044  24.774 0.0000000000
85280  -39.130  -12.116  24.071 0.0000000000
86453  -32.437  -11.812  35.409 0.0000000000
86471  -32.745  -11.218  35.139 0.0000000000
86497  -31.489  -11.620  34.036 0.0000000000
86521  -29.515  -11.748  32.203 0.0000000000
86533  -29.857  -11.213  31.895 0.0000000000
86545  -26.951  -11.662  29.851 0.0000000000
86574  -25.388  -11.683  27.563 0.0000000000
86577  -39.527  -12.082  27.547 0.0000000000
86638  -39.746  -11.712  24.252 0.0000000000
86656  -37.418  -12.160  23.835 0.0000000000
86658  -38.711  -11.937  23.651 0.0000000000
86714  -38.604  -11.539  22.917 0.0000000000
87737  -32.351  -10.800  33.934 0.0000000000
87739  -33.644  -10.370  34.343 0.0000000000
87754  -31.113  -11.126  32.852 0.0000000000
87757  -32.801  -10.326  33.521 0.0000000000
87772  -31.474  -10.666  32.458 0.0000000000
87795  -29.413  -10.615  30.643 0.0000000000
87803  -27.861  -10.835  29.808 0.0000000000
87806  -29.775  -10.121  30.197 0.0000000000
87826  -26.047  -10.795  28.061 0.0000000000
87827  -26.895  -10.223  28.430 0.0000000000
87829  -38.490  -10.908  27.963 0.0000000000
87852  -25.346  -11.075  26.354 0.0000000000
87853  -37.593  -11.088  26.346 0.0000000000
87866  -25.705  -10.498  26.073 0.0000000000
88992  -31.817  -10.178  32.058 0.0000000000
88995  -33.791  -9.601  32.772 0.0000000000
89004  -32.849  -9.570  31.905 0.0000000000
89014  -31.917  -9.637  31.051 0.0000000000
89032  -28.316  -10.042  29.363 0.0000000000
89034  -30.173  -9.635  29.688 0.0000000000
89045  -27.426  -9.847  28.322 0.0000000000
89062  -37.039  -9.978  27.135 0.0000000000
89077  -37.321  -10.515  26.705 0.0000000000
89105  -36.438  -10.360  25.472 0.0000000000
89126  -39.484  -10.063  24.150 0.0000000000
89146  -38.661  -9.718  23.292 0.0000000000
89147  -39.120  -10.018  23.596 0.0000000000
90351  -33.478  -9.347  31.823 0.0000000000
90353  -35.005  -9.207  31.512 0.0000000000
90362  -32.440  -9.352  30.906 0.0000000000
90364  -33.900  -8.998  30.604 0.0000000000
90372  -31.256  -9.321  29.786 0.0000000000
90374  -32.385  -9.060  29.917 0.0000000000
90388  -32.815  -8.801  29.539 0.0000000000
90399  -27.986  -9.435  28.276 0.0000000000
90401  -29.969  -8.946  28.550 0.0000000000
90416  -27.032  -9.415  27.179 0.0000000000
90418  -29.415  -8.729  28.029 0.0000000000
90421  -36.774  -9.559  27.724 0.0000000000
90437  -39.983  -9.487  26.556 0.0000000000
90438  -40.416  -9.898  26.771 0.0000000000
90453  -39.346  -9.293  25.826 0.0000000000
90485  -27.389  -9.170  24.786 0.0000000000
90490  -38.672  -9.241  24.332 0.0000000000
90491  -39.123  -9.526  24.551 0.0000000000
91806  -34.083  -8.693  29.350 0.0000000000
91811  -32.060  -8.671  29.002 0.0000000000
91812  -32.699  -8.589  29.057 0.0000000000
91822  -30.546  -8.567  28.173 0.0000000000
91828  -35.239  -8.650  28.373 0.0000000000
91837  -31.791  -8.321  27.669 0.0000000000
91839  -33.102  -8.309  27.852 0.0000000000
91841  -34.808  -8.460  27.514 0.0000000000
91843  -39.045  -8.262  27.268 0.0000000000
91854  -28.647  -8.473  26.800 0.0000000000
91856  -30.359  -8.141  26.859 0.0000000000
91859  -32.539  -8.135  26.980 0.0000000000
91861  -35.453  -8.592  27.104 0.0000000000
91884  -35.447  -8.718  26.454 0.0000000000
91885  -38.385  -8.339  25.815 0.0000000000
91886  -38.945  -8.702  26.099 0.0000000000
91896  -27.771  -8.637  25.208 0.0000000000
91934  -33.234  -8.455  23.714 0.0000000000
93170  -38.918  -7.341  27.510 0.0000000000
93194  -31.405  -7.804  26.059 0.0000000000
93214  -37.930  -7.856  25.400 0.0000000000
93228  -32.216  -7.829  24.476 0.0000000000
93243  -30.821  -7.987  23.682 0.0000000000
94581  -38.597  -6.824  27.104 0.0000000000
94604  -37.707  -7.143  25.611 0.0000000000
94613  -36.908  -6.903  24.703 0.0000000000
94638  -35.896  -6.959  22.903 0.0000000000
95992  -39.308  -5.374  27.249 0.0000000000
96034  -36.153  -6.068  23.733 0.0000000000
97221  -38.987  -5.098  26.703 0.0000000000
97232  -38.707  -4.920  26.139 0.0000000000
97253  -36.495  -4.977  24.107 0.0000000000
97254  -36.864  -5.220  24.662 0.0000000000
97265  -36.217  -4.740  23.580 0.0000000000
98459  -40.580  -4.203  27.172 0.0000000000
98469  -40.563  -3.828  26.878 0.0000000000
98488  -38.579  -4.260  25.394 0.0000000000
98498  -36.572  -4.464  23.872 0.0000000000
98511  -36.863  -4.070  23.860 0.0000000000
99778  -41.882  -3.220  27.425 0.0000000000
99792  -38.896  -4.318  25.852 0.0000000000
99794  -40.312  -3.423  26.436 0.0000000000
99808  -38.312  -3.876  25.022 0.0000000000
99811  -40.167  -2.967  25.895 0.0000000000
99823  -37.936  -3.509  24.482 0.0000000000
99839  -37.569  -3.292  23.969 0.0000000000
100994  -43.519  -2.431  28.080 0.0000000000
101006  -41.437  -2.987  26.996 0.0000000000
101020  -41.013  -2.653  26.552 0.0000000000
101033  -39.786  -2.635  25.327 0.0000000000
101034  -40.665  -2.386  25.945 0.0000000000
101046  -39.487  -2.216  24.765 0.0000000000
102141  -43.233  -1.981  27.621 0.0000000000
102153  -42.223  -2.038  26.899 0.0000000000
102165  -41.832  -1.745  26.380 0.0000000000
102176  -40.571  -1.992  25.419 0.0000000000
102177  -41.016  -1.756  25.587 0.0000000000
102190  -39.837  -1.579  24.400 0.0000000000
103286  -43.700  -0.859  27.479 0.0000000000
103318  -41.501  -1.455  25.821 0.0000000000
103331  -40.927  -1.040  24.726 0.0000000000
103337  -39.565  -1.236  23.834 0.0000000000
104584  -43.151  -0.127  26.715 0.0000000000
104596  -41.698  -0.590  25.166 0.0000000000
104613  -40.736  -0.725  24.301 0.0000000000
104614  -41.737  -0.069  24.781 0.0000000000
104624  -39.892  -0.647  23.573 0.0000000000
104626  -41.009  -0.132  24.037 0.0000000000
104633  -39.739  -0.472  22.946 0.0000000000
104635  -40.789  0.138  23.455 0.0000000000
104639  -40.103  -0.087  22.655 0.0000000000
105802  -43.484  0.189  27.055 0.0000000000
105803  -43.780  0.681  27.491 0.0000000000
105813  -42.797  0.246  26.125 0.0000000000
105840  -41.856  0.470  24.453 0.0000000000
105859  -41.190  0.657  23.031 0.0000000000
105869  -40.611  0.708  21.585 0.0000000000
107087  -42.240  0.863  24.842 0.0000000000
107103  -41.961  1.040  24.127 0.0000000000
107104  -42.133  1.700  23.778 0.0000000000
107121  -41.575  1.096  22.552 0.0000000000
107131  -41.145  1.087  21.441 0.0000000000
107132  -41.759  1.445  21.177 0.0000000000
107170  -54.723  1.704  18.704 0.0000000000
108309  -44.405  1.885  27.567 0.0000000000
108321  -43.977  2.219  26.898 0.0000000000
108327  -43.529  2.388  26.004 0.0000000000
108356  -42.946  2.402  24.649 0.0000000000
108374  -42.645  2.131  23.501 0.0000000000
108390  -43.322  2.467  22.523 0.0000000000
108401  -51.708  2.645  21.601 0.0000000000
108412  -42.370  1.805  20.891 0.0000000000
108425  -42.988  2.019  20.608 0.0000000000
108427  -44.223  2.392  20.289 0.0000000000
108428  -52.547  2.527  19.919 0.0000000000
108439  -44.961  2.555  19.598 0.0000000000
108450  -44.419  2.331  19.213 0.0000000000
108452  -53.323  2.397  18.444 0.0000000000
108466  -45.815  2.354  17.901 0.0000000000
108482  -47.557  2.414  17.206 0.0000000000
108485  -53.780  1.975  17.229 0.0000000000
108502  -54.254  1.586  16.764 0.0000000000
109589  -44.504  3.120  26.974 0.0000000000
109643  -43.454  2.876  24.304 0.0000000000
109672  -43.187  2.481  23.165 0.0000000000
109673  -43.706  2.884  22.803 0.0000000000
109674  -44.348  3.085  22.485 0.0000000000
109678  -49.508  2.888  22.794 0.0000000000
109686  -43.847  2.796  22.174 0.0000000000
109688  -45.140  2.980  21.791 0.0000000000
109691  -47.484  3.107  21.876 0.0000000000
109706  -45.218  2.873  21.355 0.0000000000
109707  -45.706  2.879  21.034 0.0000000000
109723  -46.571  2.853  20.193 0.0000000000
109727  -49.191  2.852  20.455 0.0000000000
109728  -50.298  2.740  20.617 0.0000000000
109736  -45.358  2.705  19.916 0.0000000000
109739  -50.965  2.829  19.869 0.0000000000
109742  -52.569  2.531  19.263 0.0000000000
109764  -48.491  2.877  18.243 0.0000000000
109768  -51.476  2.739  18.193 0.0000000000
109785  -52.794  2.579  17.493 0.0000000000
110797  -45.193  3.412  27.762 0.0000000000
110813  -44.816  3.744  26.692 0.0000000000
110851  -44.035  3.416  25.128 0.0000000000
110867  -44.912  3.996  24.389 0.0000000000
110879  -43.919  3.356  23.903 0.0000000000
110881  -45.388  3.898  23.769 0.0000000000
110884  -47.522  3.646  23.133 0.0000000000
110885  -48.589  3.587  23.693 0.0000000000
110900  -45.543  3.447  22.653 0.0000000000
110903  -47.893  3.441  22.781 0.0000000000
110904  -48.752  3.176  23.129 0.0000000000
111942  -45.237  4.288  26.466 0.0000000000
111944  -49.314  4.856  25.564 0.0000000000
111962  -47.353  4.729  24.717 0.0000000000
111975  -46.240  4.445  24.254 0.0000000000
111990  -47.219  4.000  23.582 0.0000000000
113103  -46.610  5.410  27.582 0.0000000000
113122  -45.963  4.945  26.856 0.0000000000
113140  -48.141  5.191  25.691 0.0000000000
113147  -46.236  4.972  25.603 0.0000000000
113148  -47.054  5.066  25.350 0.0000000000
114328  -47.903  5.750  26.805 0.0000000000
194297  -48.846  4.307  24.619 0.0000000000
194458  -32.948  -8.003  26.517 0.0000000000
194841  -13.396  -20.476  39.746 0.0000000000
195107  -33.689  -9.161  31.206 0.0000000000
195122  -38.464  -11.902  26.305 0.0000000000
195230  -51.283  2.701  17.238 0.0000000000
195329  -48.955  2.858  21.773 0.0000000000
195408  -13.674  -15.602  40.103 0.0000000000
195504  -50.647  2.810  18.650 0.0000000000
195506  -50.482  2.770  22.473 0.0000000000
195585  -47.215  2.862  19.950 0.0000000000
195664  -50.047  2.843  18.866 0.0000000000
195665  -49.827  2.872  19.514 0.0000000000
195666  -48.375  2.845  19.235 0.0000000000
195667  -49.849  2.774  21.000 0.0000000000
196052  -51.249  2.742  18.640 0.0000000000
196290  -40.489  -12.299  25.618 0.0000000000
197257  -13.438  -22.822  42.897 0.0000000000
197379  -14.026  -15.188  40.239 0.0000000000
197711  -14.822  -16.340  36.983 0.0000000000
198391  -12.106  -15.362  42.429 0.0000000000
198434  -49.882  5.114  26.541 0.0000000000
198633  -19.244  -18.160  38.392 0.0000000000
199362  -38.112  -11.987  25.483 0.0000000000
199658  -24.696  -17.184  37.497 0.0000000000
200112  -43.253  -0.693  26.922 0.0000000000
200176  -27.643  -9.050  27.208 0.0000000000
200240  -13.319  -15.713  40.491 0.0000000000
201020  -9.067  -26.613  47.179 0.0000000000
201188  -51.896  2.325  16.200 0.0000000000
201595  -42.816  -0.436  26.434 0.0000000000
202129  -34.150  -8.454  28.041 0.0000000000
202336  -23.860  -16.174  34.435 0.0000000000
203022  -34.605  -8.989  30.485 0.0000000000
204298  -41.946  1.432  22.774 0.0000000000
204393  -25.504  -13.533  28.886 0.0000000000
205106  -14.929  -15.467  38.330 0.0000000000
205886  -28.334  -16.365  33.881 0.0000000000
205960  -10.592  -15.755  45.697 0.0000000000
205969  -31.491  -8.241  27.201 0.0000000000
205986  -30.291  -7.622  24.812 0.0000000000
206832  -13.378  -19.133  39.109 0.0000000000
207260  -18.957  -17.453  38.409 0.0000000000
208226  -14.047  -17.730  37.981 0.0000000000
208230  -16.190  -15.232  37.821 0.0000000000
208983  -37.258  -5.427  25.123 0.0000000000
209089  -12.079  -24.215  50.475 0.0000000000
210148  -11.167  -24.933  49.902 0.0000000000
210842  -28.144  -8.320  25.552 0.0000000000
211192  -34.344  -8.272  26.554 0.0000000000
211386  -14.263  -14.915  41.603 0.0000000000
212542  -15.061  -15.599  37.803 0.0000000000
213420  -14.698  -18.368  35.502 0.0000000000
214032  -10.896  -18.642  44.288 0.0000000000
214861  -11.547  -23.960  52.472 0.0000000000
215047  -15.961  -17.315  34.611 0.0000000000
215183  -31.600  -9.078  29.402 0.0000000000
215553  -49.734  2.749  17.329 0.0000000000
215982  -36.157  -5.382  23.684 0.0000000000
217618  -29.752  -8.585  23.183 0.0000000000
217962  -11.679  -24.512  51.175 0.0000000000
219059  -31.577  -8.414  28.166 0.0000000000
221039  -30.752  -10.674  31.828 0.0000000000
221223  -33.185  -8.477  28.785 0.0000000000
221512  -29.042  -18.977  34.290 0.0000000000
221939  -42.037  -0.640  25.692 0.0000000000
222119  -13.436  -20.898  43.328 0.0000000000
222129  -46.233  3.245  22.039 0.0000000000
223042  -35.807  -5.765  23.219 0.0000000000
223528  -29.221  -8.321  26.913 0.0000000000
223611  -47.525  2.727  18.114 0.0000000000
223989  -49.491  2.845  18.951 0.0000000000
224604  -22.246  -18.899  38.871 0.0000000000
224856  -27.177  -16.871  31.146 0.0000000000
224924  -52.202  2.529  21.309 0.0000000000
225608  -42.865  2.204  22.928 0.0000000000
225996  -10.164  -17.522  45.394 0.0000000000
226247  -45.999  2.856  20.465 0.0000000000
226273  -10.907  -21.592  51.531 0.0000000000
226356  -43.947  2.410  20.681 0.0000000000
226388  -8.520  -27.926  50.473 0.0000000000
226680  -25.199  -11.567  26.562 0.0000000000
227061  -26.122  -9.976  26.110 0.0000000000
227088  -39.985  -10.342  24.617 0.0000000000
227337  -47.889  2.825  19.779 0.0000000000
227718  -22.915  -15.650  28.985 0.0000000000
229307  -46.207  3.363  22.316 0.0000000000
229418  -44.267  2.669  26.922 0.0000000000
229858  -28.045  -10.455  29.632 0.0000000000
230198  -35.528  -9.264  30.729 0.0000000000
230352  -13.373  -17.457  39.246 0.0000000000
230560  -29.631  -14.508  35.076 0.0000000000
230664  -27.570  -18.293  30.972 0.0000000000
230864  -19.522  -18.963  37.923 0.0000000000
231663  -24.828  -16.780  36.662 0.0000000000
232104  -37.942  -5.630  25.676 0.0000000000
232501  -24.840  -15.687  25.702 0.0000000000
232887  -39.667  -4.149  26.528 0.0000000000
233377  -38.811  -11.345  27.722 0.0000000000
233843  -38.192  -10.317  28.994 0.0000000000
234112  -25.383  -16.606  34.464 0.0000000000
234435  -41.707  -0.996  25.556 0.0000000000
