#!ascii label  , from subject sub-01_ses-003.long.sub-01 vox2ras=TkReg
1586
22278  45.070  -48.039  -20.318 0.3000000119
22388  40.784  -47.265  -25.811 0.6000000238
25349  42.179  -45.218  -28.414 0.6999999881
202707  41.408  -45.094  -28.293 0.6999999881
22279  44.328  -48.093  -20.163 0.4000000060
25226  36.828  -45.407  -19.575 0.4000000060
22244  44.746  -47.553  -19.763 0.5000000000
23259  45.692  -46.668  -19.902 0.5000000000
210698  40.207  -46.841  -25.200 0.6999999881
22404  42.129  -47.685  -27.062 0.6999999881
23400  41.612  -46.989  -26.324 0.5000000000
24389  42.571  -45.566  -28.265 0.6000000238
25348  42.659  -45.182  -28.254 0.6000000238
27261  42.064  -43.868  -28.381 0.6999999881
28294  40.638  -42.717  -27.979 0.6999999881
22246  43.240  -47.548  -19.602 0.5000000000
24243  38.235  -45.955  -18.687 0.4000000060
22245  44.015  -47.601  -19.628 0.6000000238
25271  36.544  -45.442  -21.436 0.4000000060
25288  37.660  -45.418  -22.300 0.5000000000
23247  43.475  -46.407  -18.878 0.6000000238
24339  37.711  -46.359  -23.299 0.6000000238
23358  38.635  -46.423  -23.945 0.6000000238
24254  44.761  -46.333  -19.270 0.6000000238
24356  39.312  -46.128  -24.126 0.6000000238
219337  42.468  -46.591  -26.876 0.6000000238
24372  42.618  -45.662  -27.388 0.6000000238
230259  43.580  -43.407  -27.651 0.6999999881
26304  42.962  -44.586  -28.150 0.6999999881
28298  42.582  -42.936  -28.123 0.6999999881
206156  42.097  -43.442  -28.278 0.6999999881
30418  40.056  -41.152  -27.706 0.6999999881
30423  42.897  -41.554  -28.092 0.6999999881
29392  41.693  -41.548  -27.885 0.6999999881
229943  40.578  -40.927  -27.734 0.6999999881
31573  41.847  -40.361  -27.806 0.6999999881
22248  41.684  -47.446  -19.632 0.5000000000
23251  40.127  -46.643  -18.847 0.5000000000
23252  39.386  -46.693  -18.800 0.5000000000
198906  36.873  -44.831  -19.912 0.4000000060
236355  42.422  -46.835  -19.124 0.5000000000
25248  37.078  -45.021  -21.147 0.5000000000
25303  38.739  -45.633  -22.995 0.6000000238
24236  43.876  -45.859  -18.633 0.6000000238
24237  43.218  -45.859  -18.561 0.5000000000
25216  42.351  -45.377  -18.252 0.5000000000
24366  40.328  -46.179  -24.994 0.6999999881
24374  42.136  -46.129  -26.422 0.6000000238
23390  41.024  -46.590  -25.477 0.6999999881
205254  42.941  -44.284  -27.312 0.6000000238
25331  42.401  -45.545  -26.931 0.6000000238
27249  43.745  -43.361  -27.399 0.6000000238
26299  43.171  -44.274  -27.925 0.6000000238
29391  43.802  -42.417  -27.634 0.6000000238
219043  43.813  -41.750  -28.093 0.6999999881
32757  39.762  -39.996  -27.046 0.6999999881
31578  44.098  -40.667  -28.100 0.6000000238
31574  41.007  -40.440  -27.456 0.6999999881
32739  40.197  -39.186  -26.955 0.6999999881
31579  43.221  -40.814  -28.176 0.6999999881
26179  37.354  -44.658  -18.993 0.4000000060
23249  41.473  -46.451  -18.875 0.5000000000
24232  39.322  -45.673  -18.334 0.4000000060
26206  37.244  -44.317  -20.253 0.5000000000
25269  38.058  -44.930  -21.955 0.6000000238
24239  41.045  -45.930  -18.580 0.4000000060
25315  39.587  -45.579  -23.799 0.6000000238
207183  41.801  -45.765  -18.499 0.4000000060
25203  40.080  -45.008  -18.023 0.4000000060
25202  41.233  -45.279  -18.138 0.4000000060
26164  40.205  -44.463  -17.833 0.4000000060
25314  39.913  -45.326  -24.147 0.6999999881
24364  41.480  -45.830  -25.844 0.6000000238
25332  41.930  -45.398  -26.387 0.6000000238
28273  43.720  -42.977  -26.946 0.6000000238
27245  42.327  -44.109  -26.758 0.6000000238
217223  43.986  -41.788  -27.259 0.6000000238
216326  39.607  -38.827  -26.706 0.6999999881
209944  40.911  -38.593  -26.827 0.6999999881
32754  42.600  -39.717  -27.893 0.6000000238
33956  41.739  -38.326  -27.167 0.6000000238
25206  38.272  -44.552  -18.271 0.4000000060
26178  37.825  -44.332  -18.646 0.4000000060
25286  39.028  -45.004  -22.799 0.6999999881
26166  38.869  -43.880  -17.855 0.4000000060
25301  39.642  -45.120  -23.670 0.8000000119
26163  41.371  -44.455  -17.780 0.5000000000
25324  40.713  -45.402  -25.369 0.6999999881
204188  40.968  -44.183  -25.936 0.6000000238
28274  42.969  -42.856  -26.535 0.5000000000
27246  41.589  -43.768  -26.230 0.6000000238
36445  38.933  -37.295  -26.134 0.6999999881
199920  45.349  -39.611  -27.301 0.6000000238
30415  44.280  -41.117  -27.686 0.6000000238
35180  39.678  -37.453  -26.563 0.8000000119
210080  39.133  -36.581  -26.251 0.8000000119
32752  45.011  -39.257  -27.633 0.6000000238
32753  43.823  -39.441  -27.703 0.6000000238
27188  37.523  -43.803  -19.823 0.5000000000
26237  38.208  -44.305  -21.495 0.6000000238
27178  38.205  -43.287  -18.777 0.5000000000
28167  40.224  -42.590  -17.902 0.6999999881
27169  39.237  -43.272  -17.771 0.4000000060
25325  40.034  -44.949  -24.808 0.6999999881
27239  40.246  -43.691  -25.635 0.6999999881
227373  42.128  -42.727  -26.335 0.6000000238
27238  40.840  -43.327  -25.953 0.6000000238
30391  42.834  -41.396  -26.409 0.6000000238
37653  38.871  -36.069  -25.735 0.6000000238
30389  44.173  -40.821  -27.114 0.6000000238
36456  40.235  -36.960  -26.906 0.6999999881
37667  39.667  -36.107  -26.566 0.6999999881
230974  44.116  -38.115  -27.459 0.6999999881
33967  42.848  -38.129  -27.641 0.6999999881
35178  41.221  -37.653  -27.000 0.6999999881
27196  38.023  -43.254  -20.036 0.5000000000
27203  38.478  -43.687  -21.289 0.6000000238
26236  38.760  -44.581  -22.187 0.6000000238
28195  39.241  -42.222  -19.162 0.6999999881
28183  38.778  -42.755  -18.851 0.6000000238
202364  39.150  -44.357  -22.763 0.6999999881
29249  40.945  -41.731  -18.856 0.6999999881
28166  41.551  -42.653  -17.749 0.6999999881
26275  39.372  -44.183  -23.979 0.6999999881
27240  39.841  -44.076  -25.092 0.6999999881
28264  40.834  -42.496  -26.053 0.5000000000
28265  40.112  -42.811  -25.849 0.6000000238
41144  38.086  -34.318  -25.313 0.5000000000
31548  42.681  -40.703  -26.166 0.6000000238
29361  41.823  -41.594  -26.237 0.6000000238
41154  38.563  -34.001  -25.977 0.6000000238
42223  38.364  -33.458  -25.753 0.5000000000
32730  44.131  -39.750  -26.683 0.6000000238
31547  43.644  -40.642  -26.638 0.6000000238
37677  40.191  -35.736  -27.334 0.6000000238
41168  38.967  -33.758  -26.648 0.5000000000
44429  38.897  -32.480  -26.510 0.5000000000
33949  44.675  -38.456  -26.805 0.6999999881
35176  44.545  -38.099  -27.271 0.6999999881
36465  42.830  -37.178  -28.447 0.6999999881
37675  41.710  -36.296  -28.077 0.6999999881
40021  40.016  -34.491  -27.641 0.5000000000
36464  43.177  -37.221  -27.824 0.6999999881
38837  41.804  -35.251  -28.595 0.6000000238
203013  39.040  -43.975  -22.252 0.6000000238
28207  38.527  -42.728  -20.139 0.6999999881
200949  38.775  -43.359  -21.452 0.6000000238
29294  40.125  -41.508  -19.945 0.6999999881
27230  39.104  -43.921  -23.459 0.6999999881
29364  39.519  -42.252  -25.624 0.6999999881
28254  38.831  -42.981  -24.796 0.6999999881
29363  40.226  -41.956  -25.913 0.6000000238
217270  37.767  -33.185  -24.974 0.4000000060
30380  40.511  -41.165  -25.846 0.5000000000
44414  38.789  -31.597  -25.962 0.4000000060
33934  43.486  -38.400  -25.749 0.6000000238
32714  43.583  -39.065  -25.994 0.6000000238
40022  39.496  -34.210  -27.038 0.5000000000
42245  39.233  -33.454  -26.945 0.5000000000
40020  40.571  -34.949  -28.092 0.5000000000
42257  39.664  -33.020  -27.640 0.4000000060
36442  43.803  -37.499  -26.854 0.6000000238
38828  43.479  -35.104  -28.147 0.6999999881
38836  42.618  -35.435  -28.648 0.6000000238
41178  41.842  -34.151  -28.268 0.5000000000
29274  39.008  -42.157  -20.273 0.6000000238
28219  38.864  -42.668  -21.272 0.6999999881
200295  38.836  -43.304  -22.404 0.6999999881
30305  40.642  -41.361  -20.700 0.6999999881
29315  39.394  -41.783  -20.672 0.6999999881
28256  38.489  -42.740  -24.233 0.6000000238
29351  38.574  -42.149  -24.773 0.6000000238
32716  40.450  -39.891  -25.347 0.6000000238
31532  40.079  -40.568  -25.547 0.5000000000
31530  41.921  -40.348  -25.912 0.6000000238
208504  42.735  -38.087  -25.435 0.6000000238
32715  42.371  -39.460  -25.756 0.6000000238
215570  39.378  -33.118  -27.175 0.4000000060
45537  39.415  -31.335  -27.072 0.5000000000
46758  39.401  -30.517  -26.965 0.4000000060
37651  42.887  -36.563  -25.972 0.6000000238
46768  39.854  -30.397  -27.779 0.4000000060
38821  43.366  -35.284  -27.184 0.6000000238
41173  42.269  -33.895  -27.832 0.5000000000
29323  38.802  -42.109  -21.767 0.6999999881
28238  38.170  -42.263  -23.046 0.6000000238
30319  40.139  -41.201  -21.413 0.6999999881
29332  38.062  -41.653  -23.097 0.6000000238
29340  38.178  -42.032  -24.122 0.6000000238
30318  40.893  -41.155  -21.559 0.6999999881
220846  38.648  -41.468  -24.923 0.5000000000
32699  40.797  -39.155  -25.204 0.6000000238
32700  39.950  -39.360  -24.951 0.6000000238
33936  41.733  -38.960  -25.426 0.6000000238
35144  42.018  -37.863  -25.029 0.5000000000
223133  42.330  -36.456  -25.300 0.6000000238
39999  42.731  -35.009  -26.465 0.6000000238
42251  42.039  -33.390  -27.488 0.5000000000
228781  39.453  -40.774  -22.171 0.6999999881
30346  38.605  -40.862  -22.795 0.6999999881
31519  38.446  -40.397  -24.335 0.6000000238
32701  39.309  -39.660  -24.593 0.5000000000
35146  40.788  -37.537  -24.135 0.6000000238
33904  39.918  -38.047  -24.185 0.6000000238
37639  41.598  -36.260  -24.365 0.6000000238
39990  41.277  -35.077  -25.132 0.6000000238
42244  41.684  -33.335  -26.605 0.5000000000
27174  45.304  -43.623  -18.754 0.5000000000
27164  43.163  -43.477  -17.960 0.5000000000
28175  45.465  -42.955  -18.945 0.5000000000
27175  44.219  -43.078  -18.415 0.5000000000
28164  42.787  -42.826  -18.034 0.6999999881
29247  43.743  -41.902  -19.356 0.6999999881
213543  43.596  -42.141  -18.829 0.5000000000
28194  44.912  -42.248  -19.249 0.5000000000
28180  42.190  -41.863  -18.910 0.6999999881
29248  43.124  -41.793  -19.152 0.6999999881
215559  40.819  -41.432  -19.696 0.6999999881
22277  46.489  -47.680  -20.660 0.3000000119
27255  41.214  -43.552  -28.128 0.6999999881
23402  42.745  -47.184  -27.513 0.6000000238
29393  41.057  -42.134  -27.989 0.6999999881
200417  39.078  -38.949  -26.575 0.6999999881
211781  40.779  -42.957  -17.517 0.6000000238
29372  43.478  -42.200  -26.687 0.6000000238
35177  42.266  -37.484  -27.660 0.6999999881
37668  39.198  -35.902  -26.078 0.6000000238
36455  40.887  -36.484  -27.398 0.6999999881
40014  39.151  -34.572  -26.591 0.6000000238
36466  42.523  -36.742  -28.760 0.6999999881
236289  38.644  -33.286  -26.186 0.5000000000
216165  38.596  -32.317  -25.780 0.5000000000
42255  41.015  -33.257  -28.260 0.5000000000
29350  39.032  -41.787  -25.263 0.5000000000
30335  38.712  -41.408  -22.212 0.6999999881
31533  39.450  -40.649  -25.306 0.5000000000
36412  41.915  -36.696  -24.611 0.6000000238
38810  42.002  -35.404  -25.454 0.6000000238
31506  38.209  -40.630  -23.823 0.6000000238
35145  41.364  -37.692  -24.591 0.6000000238
31505  38.515  -39.887  -23.840 0.5000000000
28216  44.776  -43.261  -21.683 0.6000000238
28262  47.444  -43.952  -25.812 0.6000000238
28272  47.912  -43.628  -26.064 0.4000000060
27228  46.006  -43.879  -23.967 0.5000000000
28217  44.336  -42.833  -21.403 0.6000000238
22375  38.084  -47.706  -24.497 0.5000000000
29370  48.471  -43.039  -26.239 0.4000000060
23376  39.045  -46.777  -24.393 0.5000000000
21403  39.770  -48.286  -25.744 0.5000000000
28241  47.049  -43.810  -24.510 0.5000000000
30388  48.647  -42.162  -26.193 0.4000000060
22390  39.302  -47.885  -25.095 0.5000000000
21417  41.114  -48.600  -26.805 0.5000000000
28251  47.047  -44.087  -25.284 0.6000000238
22406  40.530  -48.029  -26.088 0.5000000000
28234  45.080  -43.715  -23.243 0.5000000000
203104  43.273  -41.865  -20.000 0.6000000238
31557  49.629  -40.869  -26.967 0.4000000060
31570  49.884  -40.533  -27.275 0.4000000060
29348  46.866  -43.101  -25.392 0.4000000060
200089  41.723  -49.908  -29.713 0.5000000000
28253  45.831  -43.679  -24.590 0.5000000000
21426  42.662  -49.122  -28.325 0.5000000000
23416  40.763  -47.579  -28.913 0.5000000000
28226  44.386  -43.179  -22.134 0.6000000238
29312  43.304  -42.116  -21.462 0.6000000238
29270  42.234  -41.630  -19.519 0.6000000238
23407  42.783  -47.248  -28.380 0.5000000000
23408  40.804  -46.729  -28.520 0.5000000000
233458  39.962  -46.940  -28.295 0.4000000060
28244  44.489  -43.431  -23.387 0.5000000000
28243  45.194  -43.644  -24.201 0.5000000000
29330  43.781  -42.261  -22.549 0.6000000238
29321  42.960  -41.760  -22.029 0.6000000238
198205  42.256  -41.802  -20.796 0.6000000238
29314  41.933  -41.565  -21.372 0.6000000238
29293  41.385  -41.476  -20.335 0.6000000238
30376  48.420  -41.805  -25.612 0.4000000060
31545  48.976  -41.259  -26.074 0.4000000060
26301  40.609  -44.681  -28.076 0.5000000000
25345  40.010  -45.057  -27.788 0.5000000000
25335  38.728  -45.359  -27.202 0.4000000060
203706  39.456  -45.522  -27.628 0.4000000060
29338  45.221  -42.967  -24.301 0.6000000238
30344  44.118  -41.940  -23.046 0.6000000238
30330  43.283  -41.396  -22.406 0.6000000238
236498  42.387  -41.109  -22.073 0.6000000238
32728  49.647  -39.657  -26.570 0.4000000060
26302  39.669  -44.272  -27.695 0.5000000000
201752  38.454  -43.984  -26.828 0.4000000060
215178  37.505  -43.227  -26.607 0.4000000060
31516  47.002  -41.356  -24.313 0.6000000238
30377  47.745  -42.277  -25.255 0.4000000060
30342  45.350  -41.344  -23.511 0.6000000238
29337  45.907  -42.743  -24.589 0.6000000238
29328  44.349  -42.636  -23.533 0.5000000000
31467  43.385  -40.912  -22.297 0.6000000238
30328  44.526  -41.243  -22.614 0.5000000000
30332  41.076  -40.926  -21.840 0.6000000238
202429  49.772  -39.161  -27.065 0.4000000060
31527  48.740  -40.887  -25.426 0.4000000060
29396  39.093  -42.475  -27.211 0.6000000238
29383  37.976  -42.036  -26.856 0.5000000000
30405  37.343  -41.787  -26.684 0.5000000000
29385  36.757  -42.411  -26.518 0.5000000000
31502  47.473  -40.697  -23.866 0.4000000060
31515  47.704  -41.156  -24.599 0.4000000060
31485  46.661  -40.260  -23.120 0.5000000000
31465  44.970  -40.673  -22.006 0.5000000000
31446  43.763  -40.435  -21.685 0.5000000000
31448  42.309  -40.583  -21.970 0.6000000238
31449  41.700  -40.509  -21.767 0.6000000238
30333  40.432  -40.913  -21.884 0.6000000238
228630  49.037  -39.304  -24.771 0.4000000060
32711  49.352  -39.616  -25.930 0.4000000060
33932  49.277  -39.137  -25.447 0.4000000060
33948  49.484  -38.939  -26.266 0.4000000060
30419  39.454  -40.687  -27.223 0.6000000238
33902  48.293  -38.896  -23.571 0.4000000060
32712  48.969  -39.953  -25.239 0.4000000060
30404  38.078  -40.872  -26.789 0.6000000238
31563  36.831  -40.541  -26.527 0.5000000000
31564  36.172  -40.818  -26.549 0.4000000060
32688  47.728  -40.006  -23.592 0.4000000060
31486  45.877  -40.637  -22.926 0.5000000000
32646  42.694  -39.974  -21.414 0.5000000000
32647  42.012  -39.968  -21.422 0.6000000238
32664  40.742  -40.268  -21.720 0.6000000238
32666  39.682  -39.873  -22.034 0.6000000238
35143  48.964  -38.067  -24.263 0.4000000060
199880  38.603  -40.016  -26.887 0.6000000238
31560  38.538  -40.636  -26.924 0.6000000238
203312  37.552  -39.444  -26.207 0.5000000000
224582  35.121  -39.668  -24.838 0.5000000000
33903  47.902  -38.902  -23.113 0.4000000060
32677  46.944  -39.535  -22.510 0.4000000060
31464  46.289  -40.003  -22.442 0.5000000000
33862  44.490  -39.130  -20.974 0.5000000000
32627  41.022  -39.401  -20.818 0.5000000000
35156  49.137  -37.773  -25.118 0.4000000060
32731  38.269  -39.083  -26.365 0.6000000238
33937  37.458  -38.745  -25.590 0.5000000000
35148  36.262  -38.256  -24.418 0.5000000000
32663  45.356  -39.910  -21.561 0.5000000000
32623  43.820  -39.316  -20.832 0.4000000060
33848  41.234  -38.788  -20.284 0.4000000060
32650  39.930  -39.527  -21.569 0.4000000060
33864  39.575  -39.015  -21.834 0.6000000238
33920  38.985  -39.339  -24.075 0.4000000060
37637  48.324  -36.557  -24.240 0.4000000060
35133  48.589  -37.696  -23.749 0.4000000060
35172  38.659  -38.004  -26.088 0.6000000238
221806  47.609  -37.455  -22.649 0.4000000060
37654  38.640  -36.485  -25.542 0.5000000000
35161  37.829  -38.151  -25.590 0.5000000000
215055  36.933  -37.933  -24.574 0.5000000000
35138  35.596  -38.014  -23.750 0.4000000060
35147  37.456  -37.764  -25.086 0.4000000060
33843  44.762  -38.436  -20.919 0.5000000000
202633  43.859  -38.278  -20.224 0.5000000000
35057  42.613  -37.837  -19.662 0.6000000238
32628  40.530  -38.963  -20.628 0.4000000060
203170  39.723  -38.307  -21.363 0.4000000060
33891  39.138  -38.522  -23.110 0.4000000060
33828  41.011  -38.109  -19.819 0.5000000000
37641  38.357  -36.113  -25.366 0.5000000000
37642  37.792  -36.377  -24.923 0.6000000238
39993  37.619  -34.481  -24.629 0.4000000060
204715  39.802  -37.233  -22.176 0.5000000000
33905  39.295  -38.648  -23.767 0.5000000000
221327  40.977  -37.105  -19.383 0.5000000000
35058  41.811  -38.198  -19.739 0.5000000000
35082  40.203  -37.605  -20.455 0.5000000000
35099  39.926  -37.546  -21.090 0.5000000000
36384  47.680  -36.777  -22.983 0.4000000060
38800  40.897  -35.290  -24.486 0.5000000000
35135  40.347  -37.444  -23.557 0.4000000060
36401  40.031  -37.255  -22.866 0.5000000000
36348  40.110  -37.020  -20.575 0.5000000000
37580  40.142  -36.649  -19.975 0.5000000000
41145  37.634  -33.839  -24.774 0.4000000060
39979  40.511  -35.164  -23.893 0.4000000060
38788  40.837  -35.852  -23.381 0.4000000060
36413  41.376  -36.576  -24.029 0.5000000000
234776  40.756  -36.223  -23.095 0.5000000000
36374  39.931  -36.690  -21.814 0.5000000000
36387  40.201  -36.660  -22.356 0.5000000000
36361  39.946  -36.803  -21.225 0.5000000000
38764  39.656  -35.592  -21.745 0.5000000000
39956  39.585  -34.959  -22.090 0.4000000060
24391  42.449  -46.827  -28.684 0.5000000000
215453  40.241  -43.181  -27.845 0.6000000238
22412  42.812  -48.285  -27.961 0.6000000238
29395  39.546  -42.177  -27.489 0.6000000238
207520  37.932  -46.709  -23.761 0.5000000000
38812  38.424  -35.425  -25.686 0.5000000000
31488  38.897  -40.149  -22.830 0.6000000238
33892  38.990  -39.042  -22.904 0.4000000060
21435  42.424  -49.399  -29.737 0.5000000000
232122  43.578  -48.382  -29.504 0.5000000000
24392  41.907  -47.168  -28.948 0.5000000000
25346  39.176  -44.826  -27.536 0.4000000060
202400  37.867  -44.629  -26.573 0.4000000060
31504  46.073  -41.035  -23.633 0.6000000238
228248  39.035  -43.725  -27.358 0.6000000238
218064  38.062  -43.397  -26.744 0.4000000060
32687  48.231  -39.580  -23.838 0.4000000060
31576  38.961  -41.050  -27.056 0.6000000238
30403  38.451  -41.407  -26.925 0.6000000238
225786  37.587  -41.139  -26.669 0.5000000000
30407  35.547  -41.240  -26.278 0.5000000000
28287  36.084  -42.956  -26.580 0.5000000000
32734  35.980  -40.081  -25.779 0.5000000000
32732  37.950  -39.116  -26.236 0.5000000000
32718  36.314  -39.508  -25.538 0.5000000000
32717  37.088  -39.201  -25.661 0.5000000000
33847  42.051  -38.859  -20.305 0.5000000000
33906  35.456  -38.691  -24.134 0.5000000000
211327  45.296  -38.258  -21.077 0.5000000000
35160  38.228  -37.781  -25.703 0.6000000238
213431  39.466  -38.310  -21.992 0.3000000119
37617  40.439  -36.028  -22.730 0.4000000060
216213  46.280  -55.003  -25.038 0.3000000119
13754  47.133  -53.922  -25.858 0.3000000119
225550  47.049  -53.927  -25.536 0.3000000119
15536  48.267  -52.482  -25.139 0.3000000119
14643  47.688  -53.298  -25.852 0.3000000119
15518  48.385  -52.644  -24.807 0.3000000119
16506  48.119  -51.813  -25.913 0.3000000119
16474  49.438  -52.008  -25.267 0.3000000119
18429  49.891  -50.128  -23.671 0.3000000119
17495  49.491  -51.985  -24.549 0.3000000119
18467  50.143  -50.725  -24.572 0.3000000119
17533  49.986  -51.640  -25.547 0.3000000119
18447  49.851  -50.647  -24.116 0.3000000119
20388  51.095  -48.663  -23.262 0.3000000119
19424  50.208  -49.840  -23.953 0.3000000119
18445  50.270  -50.058  -24.229 0.4000000060
18466  50.578  -50.251  -24.912 0.4000000060
208818  51.700  -48.847  -25.332 0.4000000060
21411  50.557  -48.798  -25.932 0.3000000119
21346  52.376  -47.826  -23.363 0.3000000119
21359  52.061  -48.597  -23.683 0.4000000060
21383  52.244  -48.597  -24.383 0.4000000060
20436  51.740  -48.948  -24.699 0.4000000060
227637  51.995  -47.694  -22.674 0.3000000119
21398  51.678  -48.211  -25.254 0.4000000060
23299  53.185  -46.101  -21.414 0.4000000060
22313  53.130  -46.385  -22.057 0.4000000060
21400  50.951  -47.702  -25.397 0.4000000060
23387  51.225  -46.719  -24.852 0.3000000119
23340  53.422  -46.445  -22.986 0.4000000060
22350  53.088  -47.567  -23.831 0.3000000119
215292  52.967  -47.768  -24.357 0.4000000060
24300  53.642  -45.735  -22.036 0.4000000060
23372  52.911  -46.619  -24.585 0.5000000000
22381  52.994  -47.111  -24.665 0.4000000060
208062  45.286  -46.319  -19.573 0.5000000000
25245  53.802  -45.147  -21.042 0.4000000060
23386  51.838  -46.946  -24.866 0.4000000060
23303  47.079  -47.449  -20.865 0.3000000119
213604  47.785  -46.238  -20.456 0.4000000060
24337  50.780  -46.488  -23.750 0.3000000119
22354  37.173  -46.908  -23.422 0.4000000060
23378  37.499  -47.314  -24.117 0.4000000060
26161  42.889  -44.133  -17.966 0.4000000060
201833  44.065  -43.896  -18.369 0.4000000060
25214  43.564  -45.298  -18.383 0.4000000060
24299  54.264  -45.681  -22.749 0.4000000060
23353  53.912  -46.565  -23.782 0.3000000119
23370  53.898  -46.580  -24.117 0.5000000000
26175  44.425  -44.497  -18.633 0.4000000060
24253  45.201  -45.708  -19.260 0.4000000060
25265  53.989  -45.222  -21.804 0.4000000060
23279  46.726  -46.998  -20.456 0.4000000060
24362  51.692  -46.329  -24.647 0.4000000060
24250  47.516  -45.667  -20.037 0.5000000000
24363  51.022  -46.187  -24.547 0.5000000000
198579  48.363  -46.112  -20.702 0.4000000060
23302  47.683  -47.352  -21.127 0.4000000060
24336  51.013  -45.947  -23.959 0.3000000119
206319  48.708  -46.808  -21.369 0.4000000060
21404  39.020  -48.547  -25.469 0.4000000060
27165  42.165  -43.172  -17.733 0.4000000060
25283  54.595  -45.317  -22.760 0.4000000060
24335  54.360  -46.090  -23.948 0.4000000060
26173  45.749  -44.216  -18.906 0.4000000060
25225  45.934  -45.449  -19.369 0.5000000000
26261  54.654  -44.928  -23.344 0.4000000060
25310  54.208  -45.656  -23.970 0.4000000060
26190  46.822  -44.620  -19.331 0.5000000000
27215  54.326  -44.094  -22.164 0.4000000060
27216  54.232  -43.954  -22.343 0.4000000060
25297  53.784  -45.064  -23.724 0.4000000060
26273  53.109  -44.916  -23.640 0.5000000000
25299  52.078  -45.163  -23.391 0.5000000000
26172  46.392  -44.056  -19.110 0.4000000060
26188  48.063  -44.224  -19.750 0.5000000000
27206  54.614  -43.435  -21.809 0.4000000060
25284  51.703  -45.393  -23.001 0.5000000000
25235  47.945  -44.996  -19.924 0.4000000060
24319  51.060  -46.022  -23.268 0.4000000060
25268  50.358  -45.677  -21.665 0.4000000060
24273  49.642  -46.022  -21.486 0.4000000060
24263  49.239  -45.680  -20.965 0.4000000060
27173  45.925  -43.505  -18.963 0.4000000060
28192  46.219  -42.600  -19.522 0.3000000119
27217  53.652  -43.862  -22.404 0.4000000060
227102  53.177  -44.000  -22.244 0.4000000060
202325  46.994  -43.878  -19.405 0.4000000060
205305  36.908  -43.769  -26.296 0.4000000060
197166  54.013  -42.539  -20.771 0.4000000060
28230  54.197  -43.464  -22.028 0.4000000060
26252  52.172  -44.919  -22.628 0.5000000000
25266  51.624  -45.128  -22.144 0.5000000000
28190  47.788  -42.985  -19.622 0.5000000000
26187  48.649  -44.019  -20.005 0.4000000060
28212  54.029  -42.689  -20.999 0.4000000060
25267  51.007  -45.432  -21.914 0.4000000060
26204  49.057  -44.536  -20.437 0.4000000060
26219  50.105  -44.608  -21.037 0.4000000060
26203  49.693  -44.170  -20.706 0.4000000060
29267  45.225  -42.151  -19.940 0.4000000060
28191  46.739  -42.707  -19.551 0.3000000119
27207  53.482  -43.651  -21.911 0.4000000060
27208  52.861  -43.940  -21.700 0.4000000060
29264  47.848  -42.202  -19.851 0.3000000119
223173  53.354  -42.855  -21.030 0.4000000060
28213  52.634  -43.034  -20.927 0.4000000060
26234  52.135  -44.138  -21.556 0.4000000060
26217  51.417  -44.001  -21.310 0.5000000000
30295  53.788  -40.795  -20.406 0.4000000060
30296  53.245  -41.040  -20.347 0.4000000060
27202  51.229  -43.527  -20.957 0.4000000060
27192  50.669  -43.497  -20.754 0.4000000060
28205  49.273  -43.094  -20.021 0.4000000060
29291  44.880  -42.243  -20.409 0.4000000060
233396  52.097  -43.204  -20.873 0.4000000060
218612  44.880  -50.505  -27.932 0.3000000119
19406  49.913  -49.475  -22.984 0.3000000119
20364  51.430  -48.274  -22.783 0.3000000119
23300  52.746  -46.467  -21.247 0.4000000060
26200  54.268  -43.899  -20.388 0.4000000060
26216  54.235  -43.984  -21.191 0.4000000060
235764  54.542  -42.852  -19.894 0.4000000060
230776  54.071  -42.116  -20.438 0.4000000060
237261  47.150  -41.998  -20.038 0.3000000119
30314  54.343  -40.572  -20.493 0.4000000060
219867  46.110  -42.018  -20.351 0.4000000060
212320  47.817  -41.189  -20.711 0.4000000060
222099  48.187  -41.621  -20.110 0.4000000060
211900  53.962  -40.055  -21.423 0.4000000060
30297  52.410  -41.021  -20.258 0.4000000060
233004  51.660  -42.189  -20.348 0.4000000060
208547  50.617  -42.394  -20.159 0.4000000060
30300  49.625  -41.201  -19.946 0.3000000119
28188  49.160  -42.362  -19.817 0.4000000060
31419  52.922  -40.318  -20.504 0.4000000060
24252  46.355  -45.930  -19.766 0.4000000060
29309  45.320  -42.727  -21.314 0.4000000060
13770  47.291  -53.715  -26.073 0.3000000119
15519  47.943  -53.006  -24.998 0.3000000119
15560  47.838  -52.620  -25.865 0.3000000119
17583  44.816  -50.665  -28.682 0.3000000119
18541  45.870  -50.336  -27.821 0.3000000119
16457  49.532  -52.126  -24.859 0.3000000119
19405  50.263  -49.473  -23.629 0.3000000119
18468  49.942  -50.754  -24.380 0.4000000060
19461  50.950  -50.529  -25.333 0.4000000060
20400  51.149  -48.858  -23.794 0.3000000119
21347  51.812  -48.120  -23.124 0.3000000119
19422  50.945  -49.270  -24.052 0.4000000060
221714  52.135  -48.505  -24.916 0.4000000060
22305  51.881  -47.104  -21.302 0.3000000119
25231  53.556  -45.007  -20.349 0.4000000060
25311  53.343  -45.552  -24.032 0.4000000060
25313  51.145  -45.553  -23.995 0.5000000000
24320  50.456  -46.518  -22.720 0.3000000119
25312  51.781  -45.403  -24.000 0.5000000000
27191  54.412  -43.007  -20.660 0.4000000060
219690  50.711  -44.434  -21.248 0.4000000060
28204  49.893  -42.733  -20.115 0.4000000060
29335  48.272  -42.841  -24.145 0.4000000060
29336  47.613  -43.187  -23.892 0.4000000060
28260  49.750  -44.126  -25.648 0.4000000060
221225  49.090  -44.122  -25.978 0.3000000119
28240  47.661  -43.586  -24.836 0.5000000000
28231  47.034  -43.458  -23.595 0.4000000060
28223  46.190  -43.162  -22.670 0.4000000060
198424  54.092  -37.016  -22.594 0.3000000119
36396  54.134  -37.128  -23.197 0.3000000119
33959  53.899  -38.259  -27.020 0.3000000119
31566  51.947  -40.493  -27.645 0.3000000119
211422  50.584  -40.768  -27.984 0.3000000119
30414  49.635  -41.394  -27.275 0.3000000119
36408  53.285  -37.433  -24.212 0.3000000119
35154  54.088  -36.897  -25.262 0.3000000119
36447  54.268  -36.993  -26.784 0.3000000119
35093  53.902  -37.463  -21.798 0.3000000119
203108  53.861  -37.138  -22.871 0.3000000119
31567  51.066  -40.129  -27.859 0.3000000119
31568  50.571  -39.929  -27.651 0.3000000119
212100  53.505  -37.196  -24.908 0.3000000119
36448  53.658  -36.675  -26.690 0.3000000119
32747  52.043  -39.154  -27.079 0.3000000119
37625  52.426  -37.148  -24.273 0.3000000119
36409  52.760  -37.539  -25.034 0.3000000119
37669  52.269  -36.704  -26.106 0.3000000119
37635  52.092  -37.166  -25.180 0.3000000119
37663  51.872  -36.759  -25.994 0.3000000119
36383  52.416  -36.920  -22.811 0.3000000119
33961  51.143  -38.726  -26.983 0.3000000119
237017  50.606  -38.239  -27.239 0.3000000119
33954  49.669  -38.683  -26.900 0.3000000119
37626  51.807  -36.854  -23.998 0.3000000119
35183  51.991  -37.735  -26.696 0.3000000119
214560  50.174  -37.538  -27.367 0.3000000119
37636  51.478  -36.687  -25.310 0.3000000119
37670  51.605  -36.622  -26.325 0.3000000119
36450  51.264  -37.096  -26.756 0.3000000119
37671  51.056  -36.375  -26.677 0.3000000119
36424  49.327  -37.576  -26.005 0.3000000119
33963  50.129  -38.129  -27.322 0.3000000119
36440  49.401  -37.445  -26.737 0.3000000119
37650  48.608  -36.464  -24.967 0.3000000119
37627  47.993  -36.641  -23.627 0.3000000119
38798  47.969  -35.406  -24.631 0.3000000119
38787  47.620  -35.402  -23.812 0.3000000119
211743  47.286  -35.417  -23.083 0.3000000119
28270  49.883  -44.194  -26.182 0.3000000119
28249  48.907  -44.008  -25.418 0.4000000060
30413  50.081  -41.029  -27.730 0.3000000119
206287  49.952  -38.847  -27.273 0.3000000119
29346  49.255  -42.913  -24.967 0.5000000000
200705  53.943  -37.123  -22.991 0.3000000119
35182  52.723  -37.970  -26.913 0.3000000119
219492  52.259  -39.810  -27.448 0.3000000119
30412  51.152  -41.503  -27.713 0.3000000119
216375  50.236  -42.255  -27.371 0.3000000119
36422  53.892  -36.508  -25.470 0.3000000119
37614  52.953  -37.014  -23.516 0.3000000119
33969  51.038  -39.265  -27.254 0.3000000119
36439  53.030  -36.450  -25.858 0.3000000119
37649  51.448  -36.567  -25.961 0.3000000119
38817  50.923  -36.005  -26.574 0.3000000119
35184  51.009  -37.885  -27.058 0.3000000119
38786  50.422  -35.963  -24.161 0.3000000119
205043  50.902  -37.364  -27.074 0.3000000119
30301  48.947  -40.844  -20.194 0.3000000119
31423  49.696  -40.114  -20.477 0.4000000060
31481  51.820  -39.871  -23.437 0.4000000060
31482  50.851  -39.936  -23.167 0.4000000060
30302  48.411  -40.694  -20.732 0.3000000119
31500  50.812  -40.637  -24.286 0.4000000060
31499  51.656  -40.418  -24.245 0.3000000119
31463  49.123  -40.134  -21.865 0.4000000060
31501  50.419  -40.407  -23.717 0.4000000060
30361  50.989  -41.051  -24.994 0.3000000119
30340  48.393  -41.396  -22.890 0.3000000119
30338  49.700  -40.665  -23.504 0.4000000060
30362  50.637  -41.449  -25.122 0.4000000060
29325  48.106  -42.315  -23.291 0.3000000119
30353  48.727  -41.955  -23.561 0.4000000060
29344  50.490  -42.406  -25.304 0.4000000060
30327  47.589  -41.536  -22.080 0.3000000119
29326  47.465  -42.522  -22.882 0.3000000119
29318  46.528  -42.602  -22.094 0.3000000119
30316  47.336  -41.430  -21.324 0.3000000119
30364  49.678  -42.020  -24.505 0.4000000060
31462  49.810  -39.767  -21.956 0.4000000060
23276  52.443  -46.522  -20.524 0.3000000119
31421  51.300  -40.223  -20.322 0.3000000119
22223  51.085  -47.700  -19.013 0.3000000119
22243  51.177  -47.617  -19.513 0.3000000119
23277  52.124  -46.792  -20.057 0.3000000119
23275  52.963  -46.011  -20.764 0.3000000119
32643  50.650  -39.581  -21.688 0.3000000119
31420  52.106  -40.283  -20.387 0.3000000119
24218  51.418  -46.358  -18.223 0.3000000119
24249  52.299  -46.358  -19.434 0.3000000119
24234  52.192  -46.168  -18.919 0.3000000119
24247  52.827  -45.520  -19.733 0.3000000119
26201  53.935  -44.411  -19.939 0.3000000119
32642  51.474  -39.425  -21.544 0.3000000119
25187  50.705  -45.679  -18.005 0.3000000119
25198  52.069  -45.409  -18.187 0.3000000119
25186  51.427  -45.727  -18.115 0.3000000119
25210  53.091  -45.044  -18.915 0.3000000119
24227  52.627  -45.476  -18.742 0.3000000119
26186  53.951  -44.245  -19.320 0.3000000119
26144  51.525  -44.369  -17.927 0.3000000119
26159  52.681  -44.819  -18.089 0.3000000119
26171  53.466  -44.447  -18.691 0.3000000119
26158  53.268  -44.340  -18.324 0.3000000119
27181  54.527  -43.155  -19.355 0.3000000119
29281  54.708  -41.532  -19.763 0.3000000119
30313  54.674  -40.262  -20.567 0.3000000119
26145  50.773  -44.381  -17.893 0.3000000119
27172  54.473  -43.304  -18.775 0.3000000119
27161  54.321  -43.399  -18.378 0.3000000119
28186  54.792  -41.968  -19.458 0.3000000119
32641  52.704  -39.390  -21.740 0.3000000119
27151  51.706  -43.731  -17.870 0.3000000119
224859  51.136  -43.902  -17.848 0.3000000119
27150  52.943  -43.605  -17.997 0.3000000119
212281  54.030  -43.293  -18.084 0.3000000119
29231  54.979  -41.428  -18.561 0.3000000119
30312  54.806  -40.765  -19.861 0.3000000119
197554  54.867  -40.344  -21.647 0.3000000119
31460  53.789  -40.072  -22.240 0.3000000119
209617  52.715  -40.510  -23.107 0.3000000119
203164  50.394  -41.498  -19.925 0.3000000119
28144  53.623  -42.497  -17.826 0.3000000119
29232  54.856  -41.499  -18.315 0.3000000119
31417  55.354  -40.320  -19.644 0.3000000119
31436  55.280  -40.125  -21.283 0.3000000119
24262  52.656  -46.030  -20.143 0.3000000119
23245  51.479  -47.232  -18.821 0.3000000119
23258  52.023  -46.819  -19.608 0.3000000119
12949  46.318  -54.864  -24.921 0.3000000119
13749  46.818  -54.203  -25.268 0.3000000119
13771  46.912  -54.148  -26.036 0.3000000119
14619  48.022  -53.002  -25.372 0.3000000119
14620  47.339  -53.448  -25.267 0.3000000119
15500  48.098  -52.887  -24.849 0.3000000119
15537  47.840  -52.931  -25.738 0.3000000119
15559  48.122  -52.179  -25.352 0.3000000119
16458  48.822  -52.314  -24.768 0.3000000119
16475  48.748  -52.046  -24.751 0.3000000119
16505  48.645  -51.696  -25.337 0.3000000119
17477  49.592  -51.146  -24.457 0.3000000119
17494  49.754  -51.407  -24.727 0.3000000119
17509  50.168  -51.337  -25.025 0.3000000119
17510  49.795  -51.761  -25.059 0.3000000119
17559  48.793  -51.500  -25.798 0.3000000119
17584  44.340  -51.142  -29.019 0.3000000119
18428  49.985  -50.186  -23.860 0.3000000119
18446  50.148  -50.320  -24.230 0.4000000060
18487  50.557  -50.983  -25.185 0.4000000060
18505  50.678  -51.148  -25.622 0.4000000060
18525  45.456  -50.355  -27.515 0.3000000119
18542  45.365  -50.294  -28.401 0.3000000119
18549  45.215  -50.474  -29.087 0.3000000119
19386  50.305  -49.043  -22.828 0.3000000119
19404  50.680  -49.193  -23.713 0.3000000119
19423  50.511  -49.467  -23.993 0.4000000060
19439  50.531  -49.669  -24.280 0.4000000060
19460  50.948  -49.778  -25.006 0.4000000060
19480  51.320  -49.975  -25.722 0.4000000060
19481  50.952  -50.531  -25.777 0.4000000060
20387  51.603  -48.525  -23.370 0.3000000119
20399  51.609  -49.009  -24.110 0.4000000060
20420  51.064  -49.310  -24.449 0.4000000060
20437  51.457  -49.435  -25.169 0.4000000060
20450  51.385  -49.353  -25.785 0.4000000060
20485  41.558  -50.618  -29.732 0.5000000000
21289  50.825  -48.017  -19.092 0.3000000119
21306  50.786  -47.905  -19.734 0.3000000119
21330  51.930  -47.408  -22.015 0.3000000119
21331  51.664  -47.836  -22.374 0.3000000119
21358  52.646  -48.132  -24.104 0.4000000060
21382  52.694  -48.126  -24.717 0.4000000060
21399  51.243  -48.525  -25.705 0.3000000119
21416  41.961  -48.490  -27.381 0.5000000000
21434  42.735  -49.263  -29.214 0.5000000000
22222  51.613  -47.270  -19.314 0.3000000119
22242  51.687  -47.128  -19.838 0.3000000119
22247  42.426  -47.412  -19.523 0.5000000000
22275  51.910  -46.961  -20.523 0.3000000119
22304  52.295  -46.809  -21.159 0.4000000060
22314  52.588  -46.832  -21.838 0.4000000060
22330  52.872  -46.882  -22.642 0.4000000060
22331  52.790  -47.351  -23.222 0.3000000119
22349  53.275  -47.001  -23.464 0.4000000060
22371  52.977  -47.641  -24.608 0.4000000060
22374  38.801  -47.456  -24.643 0.5000000000
22376  36.992  -47.866  -23.937 0.4000000060
22382  52.461  -47.484  -24.891 0.4000000060
22383  51.577  -47.430  -25.069 0.4000000060
22389  39.992  -47.559  -25.454 0.6000000238
22391  38.571  -48.127  -24.899 0.4000000060
22400  50.221  -47.797  -25.815 0.4000000060
22403  42.662  -47.592  -27.553 0.6999999881
22405  41.350  -47.821  -26.533 0.5000000000
22411  43.188  -47.929  -28.300 0.6000000238
22415  43.636  -48.050  -29.200 0.5000000000
22416  43.356  -48.555  -29.012 0.5000000000
22423  43.562  -48.106  -29.633 0.5000000000
22424  41.963  -48.448  -29.616 0.5000000000
23235  51.799  -46.318  -18.529 0.3000000119
23244  51.929  -46.799  -19.145 0.3000000119
23246  44.144  -46.413  -18.974 0.6000000238
23248  42.782  -46.383  -18.855 0.5000000000
23250  40.819  -46.518  -18.933 0.5000000000
23253  38.619  -46.633  -18.867 0.5000000000
23257  52.368  -46.471  -19.902 0.3000000119
23260  45.055  -46.873  -19.602 0.5000000000
23261  44.418  -46.979  -19.349 0.6000000238
23262  43.720  -47.037  -19.194 0.6000000238
23263  42.997  -46.965  -19.174 0.5000000000
23264  41.884  -46.958  -19.190 0.5000000000
23278  47.411  -46.852  -20.654 0.4000000060
23280  46.093  -47.213  -20.242 0.5000000000
23281  45.442  -47.416  -19.987 0.5000000000
23325  49.225  -46.629  -21.645 0.4000000060
23354  53.273  -47.225  -24.243 0.4000000060
23355  50.128  -46.916  -23.425 0.3000000119
23357  38.992  -45.874  -23.581 0.6000000238
23371  53.409  -46.687  -24.345 0.5000000000
23377  38.289  -47.040  -24.260 0.5000000000
23385  52.407  -46.783  -24.799 0.4000000060
23391  39.696  -46.448  -24.681 0.6999999881
23392  39.498  -47.156  -24.892 0.5000000000
23399  42.472  -47.117  -26.802 0.6999999881
23409  39.195  -46.767  -27.805 0.4000000060
23413  43.109  -47.584  -29.205 0.5000000000
23414  42.936  -47.578  -29.320 0.5000000000
23415  41.891  -47.572  -29.107 0.5000000000
24228  52.189  -45.774  -18.512 0.3000000119
24229  51.792  -45.916  -18.307 0.3000000119
24230  40.566  -45.469  -18.215 0.4000000060
24231  39.905  -45.621  -18.204 0.4000000060
24235  44.499  -45.787  -18.907 0.6000000238
24238  42.553  -45.863  -18.501 0.5000000000
24240  40.368  -46.066  -18.523 0.4000000060
24241  39.677  -46.162  -18.483 0.4000000060
24242  38.979  -46.087  -18.549 0.5000000000
24248  52.621  -45.641  -19.294 0.3000000119
24251  46.930  -45.650  -19.780 0.5000000000
24261  53.061  -45.507  -20.226 0.4000000060
24264  48.734  -45.659  -20.715 0.4000000060
24265  48.166  -45.637  -20.376 0.4000000060
24266  46.992  -46.263  -20.206 0.4000000060
24267  46.293  -46.547  -20.110 0.4000000060
24274  48.870  -46.216  -21.099 0.4000000060
24275  48.172  -46.719  -20.953 0.4000000060
24301  50.774  -45.940  -22.342 0.3000000119
24302  50.228  -46.143  -22.045 0.4000000060
24304  36.874  -45.534  -22.172 0.4000000060
24317  54.560  -45.692  -23.317 0.4000000060
24318  54.108  -46.066  -23.344 0.4000000060
24321  37.957  -45.858  -22.832 0.6000000238
24334  54.524  -45.446  -23.650 0.4000000060
24338  38.362  -46.171  -23.365 0.6000000238
24350  53.979  -46.205  -24.236 0.4000000060
24351  53.147  -46.163  -24.382 0.5000000000
24352  52.426  -46.236  -24.514 0.4000000060
24353  51.342  -45.830  -24.320 0.5000000000
24354  50.902  -46.069  -24.239 0.5000000000
24355  39.891  -45.838  -24.385 0.6000000238
24365  40.940  -46.049  -25.369 0.6999999881
24373  42.477  -45.973  -27.024 0.6000000238
24375  41.695  -46.405  -25.830 0.6000000238
24377  42.606  -46.365  -27.517 0.6000000238
24383  42.705  -45.599  -27.808 0.6000000238
24384  42.670  -46.118  -27.945 0.6000000238
24385  41.394  -46.199  -28.568 0.6000000238
24386  40.330  -45.835  -28.076 0.5000000000
24390  42.510  -46.662  -28.537 0.5000000000
25185  51.924  -44.875  -18.010 0.3000000119
25197  53.040  -44.963  -18.445 0.3000000119
25199  43.231  -44.742  -18.158 0.4000000060
25200  42.592  -44.798  -18.053 0.5000000000
25201  41.916  -45.015  -18.029 0.5000000000
25204  39.419  -45.096  -18.190 0.4000000060
25205  38.681  -45.315  -18.356 0.4000000060
25209  53.508  -44.599  -19.162 0.3000000119
25211  45.494  -44.938  -19.028 0.4000000060
25212  44.797  -45.096  -18.896 0.4000000060
25213  44.179  -45.222  -18.602 0.4000000060
25215  42.931  -45.332  -18.292 0.5000000000
25217  37.838  -45.162  -18.641 0.4000000060
25218  37.272  -45.366  -19.111 0.4000000060
25221  53.373  -44.895  -19.694 0.3000000119
25222  53.086  -45.135  -19.332 0.3000000119
25223  47.212  -45.115  -19.638 0.5000000000
25224  46.593  -45.276  -19.444 0.5000000000
25230  54.028  -44.531  -20.713 0.4000000060
25232  49.525  -44.729  -20.850 0.4000000060
25233  49.151  -45.180  -20.747 0.4000000060
25234  48.594  -45.124  -20.379 0.4000000060
25236  36.915  -44.874  -20.536 0.4000000060
25244  54.134  -44.672  -21.563 0.4000000060
25246  50.528  -45.054  -21.391 0.4000000060
25247  49.795  -45.288  -21.123 0.4000000060
25249  36.543  -45.229  -20.822 0.4000000060
25264  54.404  -44.984  -22.281 0.4000000060
25270  37.339  -45.205  -21.742 0.5000000000
25285  51.259  -45.638  -22.685 0.4000000060
25287  38.450  -45.276  -22.474 0.6000000238
25296  54.676  -45.237  -23.185 0.4000000060
25298  52.535  -45.173  -23.746 0.5000000000
25300  51.216  -45.628  -23.498 0.5000000000
25302  39.249  -45.309  -23.345 0.6000000238
25334  42.785  -45.117  -27.593 0.6000000238
25342  42.958  -44.928  -27.954 0.6000000238
25343  41.912  -45.774  -28.490 0.6000000238
25344  40.905  -45.418  -28.194 0.5000000000
25347  42.924  -45.013  -28.040 0.6000000238
26143  52.312  -44.167  -17.983 0.3000000119
26157  53.785  -43.865  -18.419 0.3000000119
26160  43.476  -44.042  -18.185 0.4000000060
26162  42.176  -44.125  -17.721 0.5000000000
26165  39.560  -44.426  -17.886 0.4000000060
26170  53.992  -44.039  -19.024 0.3000000119
26174  45.069  -44.359  -18.788 0.5000000000
26176  43.824  -44.620  -18.403 0.4000000060
26177  38.238  -43.869  -18.261 0.4000000060
26185  54.289  -43.801  -19.620 0.3000000119
26189  47.447  -44.431  -19.572 0.5000000000
26191  46.194  -44.787  -19.127 0.5000000000
26192  37.498  -44.024  -19.119 0.4000000060
26193  37.215  -44.395  -19.575 0.5000000000
26202  50.327  -43.982  -20.961 0.4000000060
26205  48.456  -44.598  -20.083 0.4000000060
26218  50.908  -43.935  -21.136 0.4000000060
26220  37.933  -43.842  -20.668 0.5000000000
26221  37.465  -44.489  -20.951 0.6000000238
26233  54.301  -44.315  -21.941 0.4000000060
26235  51.185  -44.909  -21.533 0.4000000060
26238  37.657  -44.791  -21.479 0.5000000000
26249  54.641  -44.823  -22.687 0.4000000060
26250  54.451  -44.509  -22.859 0.4000000060
26251  52.641  -44.321  -22.333 0.5000000000
26262  54.251  -44.642  -23.422 0.4000000060
26263  53.448  -44.513  -23.326 0.5000000000
26264  52.657  -44.520  -23.261 0.4000000060
26265  39.457  -44.679  -23.326 0.6999999881
26274  39.799  -44.808  -23.951 0.8000000119
26282  41.177  -45.023  -25.925 0.6000000238
26283  40.470  -44.575  -25.486 0.6999999881
26284  39.669  -44.392  -24.481 0.6999999881
26287  42.741  -44.957  -27.367 0.6000000238
26288  42.318  -44.830  -26.959 0.6000000238
26289  41.704  -44.574  -26.371 0.6000000238
26292  43.096  -44.375  -27.732 0.6000000238
26293  38.540  -44.704  -27.070 0.4000000060
26300  41.505  -44.469  -28.304 0.6999999881
26303  38.943  -44.276  -27.364 0.4000000060
26305  42.516  -44.692  -28.381 0.6999999881
27152  50.502  -43.715  -17.798 0.3000000119
27162  53.471  -43.743  -18.121 0.3000000119
27163  52.953  -44.136  -18.078 0.3000000119
27166  41.466  -43.518  -17.606 0.6000000238
27167  40.649  -43.891  -17.620 0.4000000060
27168  39.946  -43.252  -17.509 0.4000000060
27176  43.691  -43.305  -18.171 0.5000000000
27177  38.690  -43.298  -18.221 0.5000000000
27182  54.272  -43.697  -19.126 0.3000000119
27183  48.250  -43.527  -19.701 0.5000000000
27184  47.620  -43.709  -19.576 0.4000000060
27185  46.514  -43.262  -19.284 0.3000000119
27186  45.984  -42.960  -19.154 0.4000000060
27187  37.821  -43.442  -19.328 0.5000000000
27193  49.960  -43.490  -20.444 0.4000000060
27194  49.257  -43.797  -20.251 0.4000000060
27195  38.478  -43.157  -20.771 0.6000000238
27199  54.647  -43.417  -21.602 0.4000000060
27200  52.412  -43.577  -21.222 0.4000000060
27201  51.795  -43.619  -21.083 0.4000000060
27209  38.822  -43.943  -21.748 0.6000000238
27218  53.189  -44.203  -22.769 0.4000000060
27219  45.418  -43.856  -23.716 0.5000000000
27220  44.955  -43.759  -23.710 0.5000000000
27221  38.968  -43.618  -22.914 0.6999999881
27226  53.860  -44.265  -22.884 0.4000000060
27227  46.180  -43.861  -24.494 0.5000000000
27229  45.557  -43.900  -24.141 0.5000000000
27234  39.252  -43.718  -24.683 0.6999999881
27243  43.760  -43.354  -27.165 0.6000000238
27244  43.275  -43.544  -26.966 0.6000000238
27250  43.518  -43.653  -27.517 0.6000000238
27251  36.093  -43.617  -26.447 0.5000000000
27254  43.426  -43.675  -27.667 0.6000000238
27256  40.472  -43.949  -27.919 0.6000000238
27257  39.651  -43.492  -27.648 0.5000000000
27258  43.315  -43.095  -28.000 0.6999999881
27259  43.260  -44.052  -27.931 0.6999999881
27260  42.966  -43.664  -28.152 0.6999999881
28145  53.492  -42.947  -17.935 0.3000000119
28146  51.797  -43.066  -17.758 0.3000000119
28162  54.661  -42.822  -18.392 0.3000000119
28165  42.187  -42.394  -18.197 0.6999999881
28168  39.599  -42.781  -17.993 0.6999999881
28169  39.101  -42.888  -18.225 0.6000000238
28173  54.864  -41.996  -19.004 0.3000000119
28174  54.718  -42.655  -18.907 0.3000000119
28176  44.824  -42.964  -18.718 0.5000000000
28177  44.205  -42.338  -18.857 0.5000000000
28178  43.217  -42.317  -18.463 0.5000000000
28179  42.711  -42.082  -18.645 0.6999999881
28181  39.839  -42.332  -18.320 0.6999999881
28182  39.366  -42.467  -18.549 0.6999999881
28187  54.708  -42.497  -19.403 0.3000000119
28189  48.537  -42.814  -19.712 0.4000000060
28193  45.607  -42.540  -19.482 0.5000000000
28196  38.814  -42.458  -19.615 0.6999999881
28197  38.280  -42.914  -19.458 0.5000000000
28200  54.410  -42.323  -19.981 0.3000000119
28201  52.097  -42.539  -20.558 0.4000000060
28202  51.375  -42.528  -20.409 0.4000000060
28203  51.010  -43.020  -20.573 0.4000000060
28206  38.821  -42.564  -20.681 0.6999999881
28211  54.161  -42.557  -20.546 0.4000000060
28214  51.603  -43.088  -20.737 0.4000000060
28215  45.180  -43.200  -21.993 0.6000000238
28218  43.911  -42.669  -21.795 0.6000000238
28221  54.644  -42.938  -21.608 0.4000000060
28222  53.879  -43.192  -21.515 0.4000000060
28224  45.458  -43.335  -22.632 0.4000000060
28225  44.793  -43.546  -22.545 0.5000000000
28227  38.751  -42.832  -21.951 0.6999999881
28228  38.370  -42.042  -22.451 0.6999999881
28232  46.428  -43.576  -23.412 0.5000000000
28233  45.741  -43.589  -23.298 0.5000000000
28235  44.438  -43.347  -22.811 0.5000000000
28236  44.057  -42.765  -22.427 0.6000000238
28237  38.574  -42.890  -23.054 0.6999999881
28242  46.540  -43.802  -24.194 0.5000000000
28245  38.708  -43.168  -23.611 0.6000000238
28246  38.260  -42.513  -23.624 0.6000000238
28250  47.937  -43.991  -25.415 0.5000000000
28252  46.485  -43.932  -25.047 0.6000000238
28255  38.850  -43.474  -24.183 0.6999999881
28261  48.231  -43.985  -25.866 0.6000000238
28263  46.810  -43.865  -25.595 0.6000000238
28266  39.490  -43.139  -25.305 0.6999999881
28271  48.572  -43.699  -26.226 0.3000000119
28275  41.504  -42.984  -26.193 0.6000000238
28280  50.023  -43.578  -26.732 0.3000000119
28282  48.992  -43.032  -26.558 0.4000000060
28283  43.926  -42.826  -27.195 0.6000000238
28284  38.591  -43.281  -26.972 0.4000000060
28285  38.101  -42.775  -26.856 0.5000000000
28286  36.824  -43.102  -26.368 0.5000000000
28292  49.862  -42.011  -27.374 0.3000000119
28293  43.848  -42.804  -27.344 0.6000000238
28295  39.584  -42.826  -27.560 0.6000000238
28296  39.111  -43.089  -27.277 0.6000000238
28297  43.589  -42.902  -27.876 0.6999999881
28299  41.568  -42.869  -27.991 0.6999999881
29210  53.211  -41.913  -17.805 0.3000000119
29233  54.640  -42.271  -18.186 0.3000000119
29234  41.592  -42.042  -18.488 0.6999999881
29235  40.925  -42.265  -18.076 0.6999999881
29246  54.828  -42.121  -18.488 0.3000000119
29250  40.350  -42.033  -18.509 0.6999999881
29251  39.781  -41.986  -18.841 0.6999999881
29262  55.012  -41.350  -19.106 0.3000000119
29263  48.550  -42.117  -19.820 0.4000000060
29265  46.565  -42.154  -19.874 0.3000000119
29266  45.859  -42.154  -19.934 0.4000000060
29268  44.290  -42.001  -19.474 0.6999999881
29269  43.917  -42.067  -20.178 0.6999999881
29271  41.607  -41.700  -19.443 0.6999999881
29272  40.268  -41.550  -19.158 0.6999999881
29273  39.680  -41.793  -19.469 0.6999999881
29282  53.641  -41.550  -20.511 0.4000000060
29283  51.944  -41.774  -20.261 0.4000000060
29284  51.214  -41.789  -20.185 0.4000000060
29285  49.795  -41.959  -19.874 0.3000000119
29286  48.963  -41.577  -19.866 0.4000000060
29287  48.453  -41.144  -20.287 0.4000000060
29288  47.435  -41.613  -20.345 0.4000000060
29289  46.697  -41.807  -20.488 0.3000000119
29290  45.460  -42.210  -20.547 0.4000000060
29292  43.402  -42.127  -20.705 0.6000000238
29295  39.521  -41.756  -20.103 0.6999999881
29302  54.303  -41.773  -20.207 0.4000000060
29303  54.096  -41.287  -20.299 0.3000000119
29304  53.998  -41.714  -20.489 0.4000000060
29305  53.573  -42.196  -20.737 0.4000000060
29306  52.896  -42.429  -20.653 0.4000000060
29307  47.031  -42.113  -22.045 0.3000000119
29308  46.656  -41.959  -21.280 0.4000000060
29310  44.844  -42.654  -21.007 0.4000000060
29311  43.838  -42.453  -21.039 0.6000000238
29313  42.553  -41.805  -21.449 0.6000000238
29316  39.056  -42.046  -21.092 0.6000000238
29319  45.915  -42.773  -21.798 0.4000000060
29320  43.565  -42.222  -22.159 0.6000000238
29322  42.269  -41.383  -21.866 0.6000000238
29327  46.823  -42.990  -22.770 0.4000000060
29329  44.145  -42.662  -22.942 0.5000000000
29331  43.365  -41.783  -22.365 0.6000000238
29334  48.997  -42.452  -24.291 0.4000000060
29339  44.636  -43.341  -23.985 0.5000000000
29345  49.963  -42.587  -25.061 0.4000000060
29347  48.435  -43.324  -25.035 0.4000000060
29349  46.332  -43.502  -25.155 0.6000000238
29357  50.343  -43.440  -25.383 0.4000000060
29358  49.588  -43.325  -25.354 0.5000000000
29359  48.072  -42.855  -25.920 0.4000000060
29360  47.374  -43.473  -25.820 0.4000000060
29362  41.007  -41.736  -26.083 0.5000000000
29371  43.633  -42.460  -26.847 0.6000000238
29373  42.469  -42.183  -26.354 0.6000000238
29374  41.556  -42.261  -26.289 0.6000000238
29381  43.877  -42.285  -27.214 0.6000000238
29382  38.546  -42.196  -26.986 0.6000000238
29384  37.440  -42.580  -26.692 0.4000000060
29389  51.760  -42.002  -27.372 0.3000000119
29394  40.164  -41.943  -27.858 0.6999999881
29397  43.566  -42.260  -28.026 0.6999999881
29398  43.188  -42.325  -28.138 0.6999999881
29399  42.132  -42.246  -27.928 0.6999999881
30269  54.858  -41.156  -18.103 0.3000000119
30294  55.150  -40.171  -20.486 0.3000000119
30298  51.632  -40.985  -20.207 0.4000000060
30299  50.863  -40.880  -20.081 0.3000000119
30303  47.137  -41.459  -20.821 0.3000000119
30304  41.377  -41.382  -21.143 0.6999999881
30306  39.848  -41.433  -20.660 0.6999999881
30315  47.976  -40.986  -21.349 0.3000000119
30317  41.560  -41.192  -21.696 0.6000000238
30320  39.494  -41.493  -21.332 0.6999999881
30321  39.108  -41.689  -21.687 0.6999999881
30325  48.708  -40.627  -22.372 0.3000000119
30326  48.132  -41.013  -22.150 0.3000000119
30329  43.804  -41.416  -22.598 0.6000000238
30331  42.826  -41.406  -22.202 0.6000000238
30334  39.198  -41.182  -21.941 0.6999999881
30336  38.322  -41.400  -22.719 0.6000000238
30339  49.033  -41.076  -23.164 0.4000000060
30341  47.873  -41.672  -22.713 0.3000000119
30343  44.716  -41.684  -23.287 0.5000000000
30345  43.738  -41.916  -22.661 0.6000000238
30347  38.233  -41.038  -23.251 0.6000000238
30350  50.619  -41.162  -24.618 0.4000000060
30351  50.110  -41.122  -24.173 0.4000000060
30352  49.400  -41.562  -23.837 0.4000000060
30354  46.312  -41.626  -24.213 0.6000000238
30355  45.569  -41.969  -24.127 0.6000000238
30356  44.900  -42.320  -23.911 0.5000000000
30357  38.056  -41.351  -23.798 0.6000000238
30363  50.206  -41.720  -24.875 0.4000000060
30365  47.213  -42.019  -24.791 0.4000000060
30366  46.617  -42.366  -24.706 0.6000000238
30367  39.013  -41.062  -25.158 0.5000000000
30368  38.275  -41.459  -24.484 0.5000000000
30378  42.078  -41.026  -26.094 0.6000000238
30379  41.341  -41.049  -25.975 0.5000000000
30381  39.662  -41.328  -25.581 0.5000000000
30390  43.705  -41.403  -26.838 0.6000000238
30400  49.280  -41.570  -26.606 0.3000000119
30401  48.918  -42.411  -26.506 0.4000000060
30402  44.298  -41.165  -27.513 0.6000000238
30406  36.877  -41.106  -26.620 0.5000000000
30411  51.947  -41.470  -27.557 0.3000000119
30416  42.217  -40.924  -28.017 0.6999999881
30417  41.310  -40.938  -27.782 0.6999999881
30420  39.032  -41.791  -27.101 0.6000000238
30421  44.214  -41.204  -28.020 0.6000000238
30422  43.782  -41.209  -28.167 0.6999999881
31418  53.667  -40.262  -20.708 0.4000000060
31422  50.492  -40.148  -20.343 0.3000000119
31424  49.017  -40.333  -20.663 0.3000000119
31437  54.275  -40.115  -21.181 0.3000000119
31438  53.322  -39.876  -20.943 0.4000000060
31439  52.610  -39.708  -20.919 0.4000000060
31440  51.750  -39.707  -20.754 0.3000000119
31441  50.950  -39.688  -20.786 0.3000000119
31442  50.112  -39.739  -20.986 0.3000000119
31443  49.331  -39.959  -21.167 0.4000000060
31444  48.613  -40.420  -21.411 0.4000000060
31445  44.593  -40.310  -21.480 0.5000000000
31447  43.014  -40.458  -21.955 0.6000000238
31458  55.585  -40.734  -22.128 0.3000000119
31461  50.489  -39.666  -22.467 0.4000000060
31466  44.197  -40.881  -22.068 0.5000000000
31468  42.836  -40.984  -22.219 0.6000000238
31469  41.183  -40.658  -21.861 0.6000000238
31470  40.608  -40.700  -21.932 0.6000000238
31471  39.923  -40.605  -22.040 0.6000000238
31472  39.330  -40.287  -22.336 0.6999999881
31483  50.061  -40.065  -22.939 0.4000000060
31484  49.345  -40.299  -22.667 0.4000000060
31487  45.202  -40.966  -22.721 0.6000000238
31489  38.482  -40.378  -23.313 0.5000000000
31498  52.468  -40.558  -23.725 0.3000000119
31503  46.789  -40.831  -23.735 0.5000000000
31512  51.556  -40.500  -24.603 0.3000000119
31513  51.057  -40.840  -24.691 0.4000000060
31514  48.358  -40.529  -24.821 0.4000000060
31517  39.681  -40.069  -25.114 0.6000000238
31518  38.996  -40.362  -24.818 0.5000000000
31520  38.195  -40.917  -24.251 0.6000000238
31526  49.204  -40.355  -25.996 0.4000000060
31528  48.206  -41.294  -25.129 0.4000000060
31529  43.040  -39.994  -26.152 0.6000000238
31531  40.916  -40.451  -25.718 0.6000000238
31544  49.487  -40.649  -26.526 0.4000000060
31546  44.547  -40.278  -27.120 0.6000000238
31549  36.458  -40.305  -26.228 0.4000000060
31550  35.576  -40.686  -26.071 0.5000000000
31558  44.540  -40.388  -27.463 0.6000000238
31559  39.037  -40.035  -26.923 0.6000000238
31561  38.189  -40.172  -26.769 0.6000000238
31562  37.548  -40.500  -26.549 0.5000000000
31569  50.173  -40.132  -27.429 0.4000000060
31571  44.401  -40.493  -27.711 0.6000000238
31572  43.535  -40.157  -28.095 0.6999999881
31575  40.188  -40.556  -27.433 0.6999999881
31577  51.051  -39.621  -27.624 0.3000000119
32624  43.106  -39.426  -20.812 0.4000000060
32625  42.370  -39.464  -20.781 0.5000000000
32626  41.642  -39.465  -20.762 0.6000000238
32640  53.278  -39.650  -21.574 0.3000000119
32644  44.796  -39.663  -21.209 0.5000000000
32645  43.424  -39.944  -21.270 0.5000000000
32648  41.249  -39.991  -21.465 0.5000000000
32649  40.500  -39.614  -21.309 0.4000000060
32659  53.131  -39.665  -22.428 0.3000000119
32660  52.201  -39.436  -22.388 0.3000000119
32661  51.249  -39.506  -22.508 0.3000000119
32662  46.476  -39.349  -21.984 0.5000000000
32665  40.206  -40.151  -21.811 0.6000000238
32667  39.194  -39.502  -22.473 0.6000000238
32676  47.448  -39.653  -23.063 0.4000000060
32678  38.887  -39.510  -22.978 0.4000000060
32689  38.868  -39.214  -23.440 0.4000000060
32697  48.580  -39.776  -24.453 0.4000000060
32698  48.073  -40.336  -24.093 0.4000000060
32702  38.788  -39.901  -24.339 0.6000000238
32713  44.113  -38.582  -26.196 0.6000000238
32729  44.606  -38.992  -26.729 0.6000000238
32733  36.912  -39.623  -25.975 0.5000000000
32736  49.826  -40.085  -26.908 0.4000000060
32737  45.444  -38.763  -27.318 0.6000000238
32738  41.199  -39.204  -26.937 0.6999999881
32740  39.343  -39.430  -26.821 0.6999999881
32741  38.734  -39.506  -26.754 0.6000000238
32742  38.382  -39.538  -26.715 0.6000000238
32743  37.879  -39.663  -26.471 0.5000000000
32744  37.210  -39.997  -26.330 0.5000000000
32745  53.852  -38.922  -26.754 0.3000000119
32746  53.001  -39.616  -27.039 0.3000000119
32748  51.451  -39.588  -27.569 0.3000000119
32749  50.644  -39.276  -27.367 0.3000000119
32750  50.191  -39.364  -27.397 0.3000000119
32751  49.892  -39.700  -27.081 0.4000000060
32755  41.576  -39.841  -27.271 0.6000000238
32756  40.635  -39.898  -27.147 0.6999999881
32758  44.475  -39.975  -27.780 0.6000000238
33844  44.184  -38.656  -20.567 0.5000000000
33845  43.522  -38.813  -20.376 0.4000000060
33846  42.799  -38.884  -20.314 0.5000000000
33860  45.889  -38.407  -21.289 0.5000000000
33861  45.248  -39.000  -21.175 0.5000000000
33863  39.977  -38.960  -21.132 0.4000000060
33877  45.968  -39.207  -21.492 0.5000000000
33878  39.232  -38.685  -22.473 0.3000000119
33907  34.653  -39.023  -24.131 0.5000000000
33916  48.736  -38.940  -24.166 0.4000000060
33917  41.226  -38.382  -25.017 0.6000000238
33918  40.323  -38.675  -24.689 0.6000000238
33919  39.566  -38.930  -24.381 0.5000000000
33921  36.137  -38.884  -24.725 0.5000000000
33922  34.521  -39.560  -24.513 0.5000000000
33930  54.544  -36.925  -25.857 0.3000000119
33933  49.175  -38.598  -24.865 0.4000000060
33935  42.686  -38.703  -25.576 0.6000000238
33938  36.693  -39.031  -25.275 0.5000000000
33939  35.844  -39.396  -25.035 0.5000000000
33950  39.512  -38.199  -26.475 0.6999999881
33951  38.863  -38.452  -26.306 0.6999999881
33952  38.435  -38.598  -26.206 0.6000000238
33955  45.155  -38.370  -27.168 0.6999999881
33957  40.281  -38.355  -26.659 0.8000000119
33958  38.599  -39.044  -26.488 0.6000000238
33960  52.927  -38.605  -26.966 0.3000000119
33962  50.961  -38.724  -27.069 0.3000000119
33964  49.753  -38.283  -27.082 0.3000000119
33965  45.196  -38.600  -27.330 0.6999999881
33966  44.011  -38.543  -27.541 0.6999999881
33968  42.170  -39.027  -27.365 0.6000000238
35077  44.445  -37.941  -20.453 0.5000000000
35079  43.247  -38.246  -19.913 0.6000000238
35080  42.499  -38.391  -19.989 0.6000000238
35081  40.506  -37.894  -20.073 0.5000000000
35098  40.151  -38.263  -20.631 0.5000000000
35112  39.687  -37.737  -21.818 0.5000000000
35123  47.833  -38.155  -22.829 0.4000000060
35125  39.469  -37.913  -22.566 0.4000000060
35134  48.274  -38.218  -23.316 0.4000000060
35136  39.620  -37.957  -23.353 0.5000000000
35155  49.339  -38.359  -25.746 0.4000000060
35157  43.976  -38.215  -26.172 0.6999999881
35158  43.261  -37.906  -25.641 0.6000000238
35159  42.606  -37.575  -25.232 0.6000000238
35162  37.059  -38.426  -25.045 0.5000000000
35168  54.626  -37.275  -26.444 0.3000000119
35169  49.528  -38.147  -26.571 0.3000000119
35170  44.428  -38.044  -26.942 0.6999999881
35171  39.139  -37.730  -26.323 0.8000000119
35173  38.200  -38.185  -25.931 0.6000000238
35174  54.194  -37.662  -26.966 0.3000000119
35175  49.673  -37.886  -27.028 0.3000000119
35179  40.324  -37.568  -26.691 0.6999999881
35181  53.465  -37.961  -27.086 0.3000000119
35185  50.561  -37.755  -27.299 0.3000000119
35187  43.680  -37.743  -27.720 0.6999999881
35188  43.379  -37.735  -27.918 0.6999999881
35189  43.061  -37.476  -28.477 0.6999999881
36332  41.326  -37.616  -19.416 0.5000000000
36333  40.754  -37.513  -19.657 0.5000000000
36347  40.324  -37.294  -19.986 0.5000000000
36354  53.224  -37.340  -21.958 0.3000000119
36369  53.951  -37.211  -22.389 0.3000000119
36381  54.289  -37.179  -22.891 0.3000000119
36382  53.006  -37.060  -22.834 0.3000000119
36386  40.623  -36.944  -23.268 0.5000000000
36397  53.661  -37.251  -23.515 0.3000000119
36398  53.177  -37.420  -24.093 0.3000000119
36399  48.352  -37.065  -23.849 0.3000000119
36400  48.101  -37.397  -23.235 0.4000000060
36403  35.780  -37.297  -23.461 0.4000000060
36410  48.775  -37.196  -24.470 0.4000000060
36411  41.985  -37.301  -24.767 0.5000000000
36414  37.625  -37.100  -24.983 0.4000000060
36415  37.108  -37.402  -24.420 0.5000000000
36421  54.436  -36.545  -25.716 0.3000000119
36423  53.029  -36.766  -25.412 0.3000000119
36425  49.014  -37.006  -25.442 0.3000000119
36426  43.494  -37.698  -26.144 0.6000000238
36427  43.027  -37.309  -25.647 0.6000000238
36428  42.421  -37.027  -25.196 0.6000000238
36429  38.831  -36.752  -25.849 0.6000000238
36430  38.482  -37.197  -25.566 0.6000000238
36431  38.034  -37.507  -25.386 0.5000000000
36437  54.508  -36.627  -26.249 0.3000000119
36438  53.851  -36.307  -26.093 0.3000000119
36443  43.363  -36.949  -26.553 0.6000000238
36444  39.485  -36.924  -26.573 0.6999999881
36446  38.569  -37.597  -25.824 0.5000000000
36449  52.792  -36.644  -26.439 0.3000000119
36453  43.963  -37.547  -27.343 0.6999999881
36454  43.511  -36.863  -27.350 0.6999999881
36457  53.464  -37.308  -26.988 0.3000000119
36458  52.763  -37.025  -26.967 0.3000000119
36459  51.497  -37.482  -26.806 0.3000000119
36460  50.785  -36.753  -27.059 0.3000000119
37581  39.900  -36.265  -20.686 0.5000000000
37597  39.721  -36.206  -21.447 0.5000000000
37607  39.972  -36.112  -22.085 0.5000000000
37615  52.301  -36.852  -23.383 0.3000000119
37628  47.646  -36.056  -23.355 0.3000000119
37629  40.968  -36.456  -23.433 0.5000000000
37638  48.001  -35.990  -24.018 0.3000000119
37640  41.271  -36.082  -23.882 0.4000000060
37643  37.291  -36.722  -24.256 0.4000000060
37648  52.377  -36.911  -25.570 0.3000000119
37652  41.987  -36.077  -24.978 0.6000000238
37655  38.230  -36.819  -25.283 0.6000000238
37662  52.500  -36.658  -25.784 0.3000000119
37664  51.312  -36.406  -26.311 0.3000000119
37666  43.298  -35.962  -26.834 0.6000000238
37673  43.500  -36.283  -27.280 0.6000000238
37674  43.507  -35.643  -27.703 0.6999999881
37676  40.994  -35.955  -27.773 0.6999999881
37678  50.540  -36.369  -27.162 0.3000000119
37681  42.851  -36.373  -27.935 0.6999999881
37682  42.430  -36.114  -28.819 0.6999999881
38778  39.929  -35.503  -22.440 0.4000000060
38785  51.188  -36.562  -24.317 0.3000000119
38789  40.240  -35.361  -23.111 0.4000000060
38797  48.284  -36.020  -24.611 0.3000000119
38799  41.433  -35.717  -24.569 0.5000000000
38801  37.514  -35.144  -24.476 0.4000000060
38809  42.662  -35.809  -25.979 0.6000000238
38811  38.803  -35.540  -25.937 0.6000000238
38818  50.687  -35.635  -26.465 0.3000000119
38822  39.655  -35.424  -26.715 0.6000000238
38823  39.250  -35.141  -26.301 0.6000000238
38829  41.598  -35.831  -28.771 0.6000000238
38830  40.884  -35.399  -28.227 0.5000000000
38831  40.085  -35.111  -27.610 0.5000000000
38838  41.126  -35.056  -28.435 0.6000000238
39946  39.443  -35.030  -21.391 0.5000000000
39968  39.743  -34.861  -22.810 0.4000000060
39992  38.007  -34.983  -25.211 0.5000000000
40000  42.005  -34.741  -25.933 0.6000000238
40001  38.820  -34.955  -26.109 0.6000000238
40002  38.490  -34.707  -25.827 0.5000000000
40011  43.054  -34.693  -27.613 0.6000000238
40012  42.536  -34.202  -27.351 0.5000000000
40013  39.590  -34.777  -26.939 0.5000000000
40015  38.880  -34.332  -26.321 0.5000000000
40018  42.791  -34.817  -28.485 0.6000000238
40019  42.594  -34.335  -28.152 0.5000000000
40026  41.882  -34.718  -28.440 0.6000000238
40027  40.915  -34.508  -28.234 0.5000000000
41167  42.110  -33.770  -26.982 0.5000000000
41174  39.717  -33.964  -27.347 0.5000000000
41179  41.051  -33.873  -28.200 0.5000000000
42209  37.236  -33.285  -24.188 0.4000000060
42232  38.722  -33.591  -26.353 0.5000000000
42246  38.924  -33.398  -26.645 0.5000000000
42252  39.696  -33.515  -27.430 0.4000000060
43286  37.744  -32.533  -24.850 0.4000000060
43298  38.293  -32.854  -25.583 0.5000000000
43313  39.074  -33.120  -26.823 0.5000000000
43314  38.753  -32.990  -26.350 0.5000000000
43322  39.211  -32.645  -27.029 0.5000000000
43329  39.549  -32.487  -27.539 0.4000000060
44400  38.132  -32.112  -25.056 0.4000000060
44428  39.121  -31.883  -26.747 0.5000000000
44438  39.636  -31.642  -27.557 0.4000000060
45527  39.205  -31.043  -26.445 0.4000000060
45536  39.618  -30.835  -27.466 0.4000000060
197302  42.620  -41.667  -19.191 0.6999999881
197499  37.650  -39.013  -26.003 0.5000000000
197512  42.006  -41.604  -20.157 0.6000000238
197683  47.230  -40.305  -23.436 0.4000000060
197707  53.537  -37.066  -23.269 0.3000000119
198192  43.047  -38.946  -27.594 0.6000000238
199165  46.004  -42.128  -20.931 0.4000000060
199356  44.602  -42.037  -19.976 0.4000000060
199428  51.099  -40.227  -23.828 0.4000000060
199509  43.225  -48.648  -29.641 0.5000000000
199753  37.017  -44.510  -26.346 0.4000000060
200557  52.507  -45.688  -24.192 0.4000000060
200861  42.871  -41.959  -20.757 0.6000000238
201043  54.517  -43.356  -20.120 0.4000000060
201207  46.907  -53.902  -25.117 0.3000000119
201793  40.273  -45.648  -24.813 0.6999999881
201831  41.404  -37.094  -24.305 0.6000000238
202076  43.715  -42.655  -18.424 0.5000000000
202366  36.123  -41.451  -26.413 0.5000000000
203097  40.710  -44.790  -17.883 0.4000000060
203180  38.092  -38.720  -26.091 0.5000000000
203348  42.454  -45.933  -28.395 0.6000000238
203450  35.306  -39.251  -24.521 0.5000000000
203768  39.031  -40.778  -22.416 0.6999999881
203851  52.062  -44.635  -22.038 0.5000000000
203863  44.653  -43.793  -23.165 0.5000000000
204100  52.154  -40.727  -24.062 0.3000000119
204136  49.926  -45.626  -17.893 0.3000000119
204261  52.365  -47.296  -22.477 0.3000000119
204426  54.420  -43.450  -20.867 0.4000000060
205001  45.001  -39.738  -27.436 0.6000000238
205559  53.485  -45.658  -21.264 0.4000000060
205740  45.727  -46.062  -19.669 0.5000000000
206174  40.721  -41.418  -27.945 0.6999999881
206206  41.609  -32.836  -28.228 0.5000000000
206350  41.342  -39.697  -25.599 0.6000000238
206414  35.384  -39.912  -25.283 0.5000000000
206470  40.640  -38.451  -20.181 0.4000000060
206767  38.904  -43.585  -21.890 0.6000000238
207000  37.921  -35.657  -25.030 0.5000000000
207602  47.144  -43.178  -19.540 0.4000000060
207661  51.448  -39.234  -27.093 0.3000000119
208016  40.229  -36.349  -27.037 0.6000000238
208478  49.278  -43.849  -26.611 0.3000000119
208647  50.344  -44.992  -17.926 0.3000000119
208754  50.858  -36.078  -25.958 0.3000000119
208953  51.219  -45.064  -17.964 0.3000000119
210354  37.063  -44.906  -19.412 0.4000000060
210514  54.994  -40.941  -19.507 0.3000000119
210665  51.924  -36.869  -26.257 0.3000000119
210691  42.083  -34.169  -26.381 0.5000000000
211225  42.149  -46.630  -26.391 0.6000000238
211317  38.892  -44.584  -18.109 0.4000000060
211835  51.764  -46.704  -18.744 0.3000000119
211895  45.825  -47.921  -20.450 0.3000000119
212058  37.879  -43.783  -18.795 0.4000000060
212509  39.970  -43.952  -17.617 0.4000000060
212631  42.055  -36.779  -27.604 0.6999999881
213433  51.334  -40.842  -27.798 0.3000000119
213729  47.921  -39.427  -23.419 0.4000000060
214096  45.958  -39.763  -21.947 0.5000000000
214272  50.338  -41.643  -27.876 0.3000000119
214556  51.922  -45.878  -24.339 0.5000000000
214684  51.343  -38.159  -26.917 0.3000000119
214962  39.374  -33.781  -27.003 0.5000000000
215585  41.965  -32.895  -27.719 0.5000000000
215669  43.259  -44.117  -27.841 0.6000000238
215876  41.846  -33.477  -28.137 0.5000000000
215950  44.166  -39.851  -21.158 0.5000000000
216383  41.041  -36.874  -27.266 0.6999999881
216466  41.813  -32.948  -27.082 0.5000000000
216532  53.598  -45.982  -22.631 0.4000000060
216787  40.684  -38.072  -24.525 0.6000000238
216891  39.511  -41.472  -27.399 0.6000000238
216908  50.352  -38.692  -27.343 0.3000000119
217054  50.464  -37.165  -27.344 0.3000000119
217086  47.500  -53.516  -25.830 0.3000000119
217091  54.413  -42.936  -18.117 0.3000000119
217102  54.767  -40.118  -21.056 0.4000000060
217103  38.512  -40.913  -24.724 0.5000000000
217473  39.754  -41.033  -21.876 0.6999999881
217527  36.072  -42.192  -26.490 0.5000000000
217692  43.077  -35.667  -28.377 0.6999999881
217972  41.021  -35.651  -23.988 0.4000000060
218114  51.786  -36.899  -24.622 0.3000000119
218553  52.185  -37.215  -26.619 0.3000000119
218601  44.063  -41.746  -27.606 0.6000000238
218849  44.662  -43.748  -18.569 0.5000000000
219086  38.689  -35.888  -25.636 0.5000000000
219117  54.619  -43.033  -21.389 0.4000000060
219308  41.001  -37.016  -23.717 0.5000000000
219376  39.729  -46.273  -27.928 0.4000000060
219655  51.085  -43.327  -17.753 0.3000000119
220231  43.948  -41.843  -27.944 0.6000000238
220392  51.830  -38.450  -26.841 0.3000000119
220480  44.370  -42.416  -20.675 0.6000000238
220607  52.523  -46.020  -19.712 0.3000000119
220693  40.523  -36.897  -19.544 0.5000000000
220729  42.296  -43.350  -26.444 0.6000000238
220854  48.688  -38.348  -23.713 0.4000000060
220946  51.581  -44.503  -21.641 0.5000000000
221091  52.637  -41.827  -20.320 0.4000000060
221210  39.480  -43.722  -17.635 0.4000000060
221562  37.222  -45.765  -22.594 0.5000000000
221676  50.098  -40.725  -20.078 0.3000000119
221799  47.214  -42.495  -19.709 0.3000000119
221936  38.704  -39.803  -23.285 0.5000000000
222029  42.890  -44.293  -28.256 0.6999999881
222307  53.202  -41.845  -20.481 0.4000000060
222641  40.911  -36.442  -19.161 0.5000000000
223306  38.693  -42.764  -27.035 0.6000000238
223435  47.584  -34.913  -24.257 0.3000000119
223867  42.632  -41.714  -19.925 0.6000000238
223986  53.089  -43.421  -21.336 0.4000000060
223999  37.661  -43.899  -26.494 0.4000000060
224033  38.473  -42.661  -22.585 0.6000000238
224046  38.092  -33.770  -25.364 0.5000000000
224160  50.861  -36.353  -25.004 0.3000000119
224191  45.638  -40.365  -22.222 0.5000000000
224285  38.881  -40.464  -26.972 0.6000000238
224374  40.548  -36.589  -22.920 0.5000000000
224602  42.659  -43.556  -17.798 0.4000000060
224686  39.812  -37.177  -21.636 0.5000000000
225020  47.177  -36.230  -22.678 0.4000000060
225081  49.434  -51.773  -25.629 0.3000000119
225243  48.513  -51.892  -25.183 0.3000000119
225381  52.545  -45.296  -18.320 0.3000000119
225626  40.000  -42.569  -27.818 0.6000000238
225672  43.325  -42.903  -18.140 0.5000000000
225759  39.226  -42.045  -19.721 0.6999999881
226632  52.299  -43.490  -17.901 0.3000000119
226846  48.797  -43.440  -19.854 0.4000000060
227064  41.790  -41.586  -20.812 0.6000000238
227326  39.360  -32.072  -27.211 0.5000000000
227640  50.751  -47.102  -25.188 0.3000000119
227689  37.907  -41.450  -26.801 0.5000000000
227898  38.085  -41.936  -23.534 0.6000000238
228247  54.245  -45.300  -22.403 0.4000000060
228449  41.763  -40.979  -21.941 0.6000000238
228702  53.547  -47.014  -23.921 0.3000000119
228928  42.137  -46.377  -18.853 0.5000000000
229214  39.002  -42.480  -25.231 0.6999999881
229246  42.557  -34.521  -26.771 0.5000000000
229253  42.068  -38.380  -25.315 0.5000000000
230285  54.380  -45.117  -23.688 0.4000000060
230537  39.135  -34.109  -26.740 0.6000000238
230701  42.645  -40.376  -28.078 0.6999999881
230734  42.945  -48.080  -29.692 0.5000000000
230809  45.442  -39.153  -27.444 0.6000000238
231482  42.607  -45.451  -27.245 0.6000000238
231871  50.301  -40.450  -27.803 0.3000000119
232190  45.997  -46.295  -19.904 0.4000000060
233011  43.879  -37.935  -26.533 0.6999999881
233077  51.874  -36.868  -25.746 0.3000000119
233327  53.349  -45.515  -20.704 0.4000000060
233550  38.405  -31.689  -25.307 0.5000000000
233636  42.801  -37.150  -28.656 0.6999999881
233894  50.461  -43.047  -20.394 0.4000000060
234041  37.083  -47.410  -23.731 0.4000000060
234075  46.625  -44.044  -24.806 0.5000000000
234327  36.644  -41.787  -26.526 0.5000000000
234330  37.931  -38.547  -25.900 0.5000000000
234983  41.601  -49.180  -29.677 0.5000000000
235115  51.151  -44.304  -21.386 0.5000000000
235147  47.894  -53.152  -25.922 0.3000000119
235334  52.210  -47.992  -25.024 0.4000000060
235438  38.515  -44.191  -18.054 0.4000000060
235559  51.677  -45.291  -18.067 0.3000000119
235634  49.464  -40.603  -20.214 0.4000000060
235824  53.481  -37.167  -22.585 0.3000000119
236435  43.311  -36.412  -26.655 0.6000000238
236571  51.562  -45.468  -23.625 0.5000000000
236643  43.145  -37.360  -28.294 0.6999999881
236817  52.185  -47.060  -21.730 0.4000000060
236973  52.132  -39.407  -21.421 0.3000000119
