#!ascii label  , from subject sub-01_ses-006.long.sub-01 vox2ras=TkReg
1487
30494  -42.582  -49.939  -28.470 0.5000000000
30503  -40.885  -50.234  -29.255 0.8000000119
32865  -39.206  -48.899  -28.301 0.8000000119
31667  -39.813  -49.710  -29.360 0.8000000119
31668  -40.652  -49.709  -29.226 0.8000000119
216608  -42.777  -51.255  -28.409 0.5000000000
30504  -41.676  -50.383  -29.177 0.5000000000
31669  -41.504  -49.925  -29.003 0.6000000238
34053  -38.116  -48.146  -27.248 0.6999999881
227645  -39.127  -48.342  -27.741 0.6999999881
32867  -41.035  -48.932  -28.345 0.8000000119
217673  -41.667  -48.606  -27.682 0.6999999881
29367  -43.124  -50.865  -27.826 0.6000000238
30495  -43.111  -50.146  -28.148 0.5000000000
221380  -43.262  -49.571  -28.037 0.6000000238
34031  -36.902  -47.489  -26.374 0.6999999881
31660  -42.322  -49.651  -28.438 0.6000000238
32841  -43.375  -48.415  -27.068 0.6000000238
34040  -37.655  -47.637  -26.646 0.6999999881
32839  -37.412  -48.362  -27.183 0.6999999881
32854  -39.739  -48.406  -27.819 0.6999999881
32857  -42.787  -48.789  -27.604 0.6000000238
34046  -42.964  -47.817  -26.692 0.6000000238
34056  -40.514  -47.851  -27.287 0.8000000119
32856  -41.264  -48.128  -27.182 0.8000000119
32840  -42.323  -48.277  -27.131 0.6999999881
30477  -43.681  -49.652  -26.972 0.4000000060
31651  -43.779  -49.330  -27.447 0.6000000238
197742  -36.826  -46.483  -25.881 0.6999999881
34047  -43.794  -47.996  -26.469 0.6000000238
210357  -37.680  -45.904  -25.830 0.6999999881
35191  -38.099  -46.971  -26.411 0.6999999881
34042  -39.142  -47.416  -26.931 0.6999999881
35193  -39.558  -46.834  -26.530 0.6999999881
35194  -40.486  -46.936  -26.578 0.6000000238
35183  -42.152  -46.622  -26.188 0.6999999881
39637  -43.617  -44.159  -26.080 0.5000000000
228558  -39.544  -46.254  -26.188 0.6000000238
35181  -40.192  -46.375  -26.191 0.6000000238
37382  -41.621  -45.283  -25.813 0.6000000238
37365  -42.514  -44.874  -25.870 0.6000000238
194876  -41.343  -44.564  -25.764 0.6000000238
39648  -43.232  -43.727  -26.535 0.5000000000
32824  -43.781  -48.495  -25.873 0.4000000060
31627  -44.133  -48.797  -26.308 0.5000000000
36239  -35.590  -45.810  -25.383 0.6999999881
32843  -44.104  -48.656  -26.494 0.6000000238
35186  -44.109  -47.094  -25.239 0.6000000238
36254  -38.183  -45.931  -25.965 0.6999999881
36260  -44.046  -46.379  -25.576 0.6000000238
226929  -38.679  -46.003  -26.084 0.6999999881
36241  -43.852  -45.786  -25.635 0.5000000000
38507  -44.028  -44.635  -25.632 0.6000000238
37380  -39.746  -45.099  -25.932 0.6999999881
37381  -40.305  -45.251  -25.937 0.6000000238
39649  -43.894  -43.839  -26.388 0.5000000000
39651  -44.431  -43.309  -26.760 0.5000000000
40773  -42.435  -43.263  -26.788 0.5000000000
36250  -33.252  -45.805  -26.025 0.6000000238
38498  -34.167  -44.626  -27.077 0.6000000238
32810  -42.954  -48.148  -25.457 0.5000000000
34019  -42.905  -47.385  -24.945 0.5000000000
37376  -34.805  -44.941  -25.825 0.6999999881
36238  -34.846  -45.991  -25.394 0.6999999881
32811  -43.674  -47.944  -25.479 0.5000000000
35164  -44.222  -46.795  -24.725 0.5000000000
37349  -43.915  -45.460  -24.372 0.4000000060
37362  -36.588  -45.295  -25.538 0.6999999881
35165  -44.369  -46.451  -24.923 0.5000000000
37364  -37.718  -44.388  -25.521 0.6999999881
194396  -38.423  -44.726  -25.502 0.6999999881
39610  -44.096  -44.489  -25.014 0.5000000000
199048  -39.348  -43.702  -25.930 0.6999999881
200102  -40.091  -43.807  -25.930 0.6000000238
40760  -44.129  -43.700  -25.768 0.5000000000
38504  -40.938  -43.922  -25.811 0.6000000238
41866  -44.555  -42.447  -27.062 0.5000000000
40772  -41.606  -42.983  -27.101 0.5000000000
40798  -42.925  -43.187  -28.117 0.5000000000
39663  -43.611  -43.348  -27.923 0.5000000000
40788  -45.125  -42.731  -28.025 0.5000000000
39664  -44.249  -43.438  -27.672 0.5000000000
205737  -46.062  -40.837  -28.640 0.3000000119
39596  -42.426  -43.981  -23.794 0.3000000119
214423  -32.742  -45.277  -27.426 0.6000000238
37374  -33.203  -45.312  -26.718 0.6000000238
36221  -42.866  -46.009  -24.200 0.4000000060
37332  -43.061  -45.115  -24.091 0.4000000060
39630  -35.763  -43.702  -26.898 0.6000000238
39609  -43.726  -44.329  -24.587 0.5000000000
38488  -36.413  -44.586  -25.581 0.6999999881
39632  -37.666  -43.672  -25.905 0.6999999881
41845  -43.848  -43.120  -25.683 0.5000000000
40756  -39.518  -42.858  -26.558 0.5000000000
41865  -44.088  -42.313  -26.593 0.5000000000
40757  -40.177  -42.899  -26.511 0.5000000000
42994  -44.709  -41.722  -27.491 0.4000000060
41873  -45.055  -42.317  -27.662 0.3000000119
44159  -45.884  -40.345  -28.477 0.4000000060
40809  -45.276  -42.384  -28.880 0.5000000000
41879  -45.565  -41.898  -28.773 0.4000000060
37394  -32.973  -45.076  -28.244 0.6000000238
38522  -34.097  -44.913  -28.950 0.6000000238
38523  -34.563  -45.196  -28.808 0.6000000238
38524  -35.009  -44.709  -28.727 0.6000000238
39661  -36.377  -44.274  -28.755 0.6000000238
41854  -42.795  -42.160  -25.619 0.3000000119
41855  -43.435  -42.461  -25.843 0.4000000060
39647  -36.900  -43.265  -27.004 0.6000000238
42976  -43.032  -41.744  -26.187 0.3000000119
40754  -37.645  -43.173  -26.645 0.6000000238
219704  -38.302  -43.427  -26.152 0.6999999881
44154  -44.039  -40.507  -27.530 0.3000000119
42987  -43.576  -41.696  -26.688 0.3000000119
40755  -38.398  -42.975  -26.736 0.6000000238
46537  -44.886  -39.148  -28.074 0.3000000119
42993  -44.300  -41.197  -27.401 0.3000000119
40794  -40.061  -43.174  -28.950 0.5000000000
40783  -39.862  -42.830  -27.951 0.5000000000
40771  -40.418  -42.666  -27.148 0.5000000000
46541  -46.207  -39.250  -28.582 0.3000000119
45375  -45.236  -39.743  -28.228 0.3000000119
40785  -41.316  -42.934  -28.057 0.5000000000
40797  -42.432  -43.303  -28.689 0.5000000000
45378  -46.424  -39.894  -28.680 0.3000000119
40806  -42.248  -43.101  -29.483 0.5000000000
43006  -46.168  -41.092  -29.611 0.4000000060
44161  -46.951  -39.772  -29.146 0.3000000119
38530  -33.708  -44.805  -28.790 0.5000000000
211235  -34.224  -44.898  -29.081 0.6000000238
38532  -34.862  -44.794  -29.271 0.5000000000
39662  -36.854  -43.600  -28.060 0.6000000238
225674  -37.325  -44.115  -29.531 0.5000000000
47685  -45.563  -37.800  -28.261 0.3000000119
40781  -38.300  -43.385  -28.657 0.6000000238
49801  -46.462  -36.580  -28.218 0.3000000119
47690  -45.920  -38.546  -28.357 0.3000000119
40782  -39.142  -43.082  -28.519 0.6000000238
208939  -40.808  -43.171  -28.990 0.5000000000
43012  -43.681  -41.809  -29.774 0.5000000000
41887  -45.976  -41.229  -29.576 0.4000000060
44175  -46.445  -40.290  -30.130 0.4000000060
40778  -34.664  -43.947  -28.649 0.5000000000
40790  -35.679  -44.086  -29.434 0.5000000000
40791  -36.270  -43.826  -29.624 0.5000000000
200938  -36.094  -44.268  -29.488 0.5000000000
40800  -36.936  -43.855  -29.784 0.5000000000
49791  -45.056  -36.286  -27.695 0.3000000119
49792  -45.800  -36.496  -27.963 0.3000000119
222111  -38.516  -43.565  -29.471 0.6000000238
40793  -39.492  -43.309  -29.359 0.6000000238
225619  -40.005  -43.227  -29.449 0.5000000000
41891  -42.379  -42.539  -29.821 0.5000000000
46547  -47.570  -39.269  -29.889 0.4000000060
45389  -47.385  -39.176  -30.673 0.4000000060
41875  -35.831  -43.320  -29.063 0.5000000000
41876  -36.397  -42.973  -29.153 0.5000000000
41878  -37.329  -42.494  -29.471 0.5000000000
50827  -44.665  -35.801  -27.227 0.4000000060
51882  -46.041  -34.901  -27.735 0.4000000060
40801  -37.508  -43.772  -29.789 0.5000000000
203733  -38.238  -43.565  -29.685 0.5000000000
50830  -46.392  -35.352  -28.039 0.4000000060
50841  -46.860  -35.945  -28.364 0.3000000119
43003  -39.302  -41.982  -29.383 0.4000000060
203572  -47.520  -36.241  -28.953 0.3000000119
41885  -40.058  -42.899  -29.575 0.5000000000
41888  -40.588  -42.564  -29.545 0.4000000060
43010  -42.127  -41.911  -29.819 0.4000000060
220538  -46.806  -39.645  -30.432 0.4000000060
41872  -36.134  -42.421  -28.312 0.5000000000
42996  -36.670  -42.120  -28.583 0.5000000000
42998  -37.676  -41.803  -29.148 0.5000000000
51871  -45.086  -34.597  -27.151 0.4000000060
221783  -37.920  -42.894  -29.694 0.5000000000
43002  -38.430  -41.714  -29.322 0.4000000060
52985  -46.987  -34.127  -28.224 0.4000000060
51896  -47.245  -34.677  -28.538 0.4000000060
44164  -39.739  -41.058  -29.406 0.4000000060
43004  -40.033  -42.120  -29.540 0.4000000060
51906  -47.764  -34.983  -29.038 0.4000000060
209948  -41.374  -41.199  -29.763 0.4000000060
204217  -41.944  -41.184  -29.848 0.4000000060
198125  -43.384  -40.156  -30.177 0.4000000060
44173  -44.706  -40.496  -30.346 0.4000000060
233703  -44.760  -39.925  -30.413 0.4000000060
46561  -46.923  -39.169  -30.749 0.4000000060
47717  -48.988  -38.353  -31.219 0.4000000060
46564  -48.415  -38.602  -31.062 0.4000000060
42991  -36.425  -41.459  -27.769 0.5000000000
44153  -36.856  -40.687  -27.905 0.4000000060
52960  -45.596  -33.668  -27.042 0.4000000060
211704  -46.088  -33.790  -27.426 0.4000000060
44157  -37.303  -40.937  -28.635 0.5000000000
44162  -38.283  -40.441  -29.095 0.4000000060
44165  -40.379  -41.074  -29.494 0.4000000060
54149  -48.378  -33.759  -29.264 0.4000000060
225176  -41.214  -40.587  -29.746 0.4000000060
44169  -41.728  -40.471  -29.894 0.4000000060
48785  -49.378  -37.598  -30.814 0.3000000119
45392  -45.988  -39.614  -30.482 0.4000000060
45376  -37.344  -39.430  -28.047 0.4000000060
210671  -37.634  -40.022  -28.710 0.5000000000
46544  -38.830  -39.076  -29.325 0.4000000060
218829  -46.929  -32.888  -27.917 0.4000000060
45380  -39.426  -39.480  -29.471 0.4000000060
197188  -39.447  -40.245  -29.369 0.4000000060
46550  -40.439  -39.160  -30.001 0.4000000060
45381  -40.140  -39.985  -29.554 0.4000000060
45384  -41.294  -39.872  -29.912 0.4000000060
46553  -42.534  -39.147  -30.103 0.4000000060
45387  -43.602  -39.472  -30.236 0.4000000060
45388  -44.340  -39.394  -30.339 0.4000000060
48792  -48.931  -37.318  -31.791 0.4000000060
208109  -46.989  -38.635  -30.879 0.4000000060
47718  -48.282  -38.277  -31.277 0.4000000060
46539  -37.826  -38.608  -28.802 0.4000000060
46543  -38.367  -38.574  -29.178 0.4000000060
46545  -39.316  -38.748  -29.678 0.4000000060
227259  -40.178  -38.635  -30.073 0.4000000060
207496  -41.371  -38.765  -30.073 0.4000000060
47707  -42.620  -38.558  -29.975 0.4000000060
49826  -49.838  -36.487  -31.680 0.4000000060
47708  -43.759  -38.135  -29.810 0.4000000060
46555  -45.079  -38.310  -30.332 0.4000000060
201956  -44.810  -37.765  -30.045 0.4000000060
47713  -46.164  -38.116  -30.586 0.4000000060
47714  -46.807  -38.037  -30.815 0.4000000060
47695  -38.579  -37.941  -29.469 0.4000000060
47704  -39.570  -37.661  -29.924 0.4000000060
48779  -40.182  -37.387  -29.866 0.4000000060
48770  -41.071  -37.579  -29.646 0.4000000060
215863  -41.223  -38.194  -29.973 0.4000000060
48772  -42.751  -37.396  -29.251 0.4000000060
47698  -42.341  -37.963  -29.672 0.4000000060
48773  -43.578  -37.549  -29.450 0.4000000060
48781  -44.630  -37.297  -29.684 0.4000000060
49828  -48.915  -36.832  -31.988 0.3000000119
49823  -46.869  -36.813  -30.737 0.4000000060
48788  -48.033  -37.729  -31.393 0.4000000060
202993  -38.137  -37.504  -29.348 0.4000000060
48777  -39.154  -37.073  -29.870 0.4000000060
197027  -39.239  -36.388  -30.006 0.4000000060
48769  -40.536  -36.908  -29.334 0.4000000060
49809  -41.329  -36.958  -29.078 0.4000000060
49811  -43.348  -36.878  -29.135 0.4000000060
48774  -44.099  -36.954  -29.387 0.4000000060
51920  -50.170  -35.033  -32.126 0.4000000060
50868  -49.683  -36.025  -32.457 0.3000000119
211140  -45.445  -36.665  -29.901 0.4000000060
49824  -47.624  -36.880  -31.289 0.5000000000
50865  -48.739  -36.050  -31.946 0.4000000060
49819  -46.434  -36.036  -30.495 0.5000000000
50854  -39.267  -35.650  -30.139 0.4000000060
50846  -39.716  -35.704  -29.619 0.4000000060
49807  -39.699  -36.475  -29.738 0.4000000060
50835  -40.614  -35.418  -28.518 0.4000000060
198812  -40.873  -36.479  -28.939 0.4000000060
49818  -45.098  -36.024  -29.724 0.4000000060
50861  -47.547  -35.974  -31.232 0.5000000000
51909  -39.075  -34.904  -30.074 0.4000000060
51888  -39.690  -34.611  -28.915 0.4000000060
51902  -40.179  -35.031  -28.644 0.4000000060
50857  -46.507  -35.347  -30.395 0.4000000060
50860  -46.949  -35.588  -30.826 0.5000000000
52994  -38.318  -33.841  -29.947 0.4000000060
212043  -39.282  -34.229  -29.079 0.4000000060
195291  -40.204  -34.453  -28.357 0.4000000060
51913  -46.877  -34.779  -30.632 0.5000000000
55387  -38.106  -32.199  -27.715 0.4000000060
54144  -38.210  -32.872  -29.617 0.4000000060
55388  -38.561  -32.650  -28.267 0.4000000060
54137  -38.849  -33.145  -28.570 0.4000000060
54126  -39.072  -33.045  -27.896 0.4000000060
54115  -40.046  -33.004  -27.009 0.5000000000
55403  -38.002  -32.281  -29.463 0.4000000060
40807  -43.598  -42.837  -29.449 0.5000000000
43013  -44.799  -41.451  -30.034 0.5000000000
44176  -46.758  -40.093  -30.071 0.4000000060
29386  -42.440  -50.985  -28.799 0.5000000000
31666  -39.179  -49.731  -29.574 0.8000000119
32864  -38.089  -49.251  -28.674 0.8000000119
32852  -37.764  -48.808  -27.854 0.6999999881
28239  -42.910  -51.631  -27.694 0.5000000000
32838  -36.728  -48.492  -27.170 0.6999999881
28225  -42.421  -51.832  -27.087 0.5000000000
34030  -35.817  -47.734  -26.269 0.6999999881
30473  -43.220  -49.649  -26.644 0.4000000060
29362  -42.927  -51.011  -27.392 0.4000000060
36252  -36.159  -46.351  -25.679 0.6999999881
36251  -33.831  -45.418  -26.027 0.6999999881
31625  -42.611  -49.328  -26.125 0.4000000060
34018  -42.092  -47.711  -25.147 0.4000000060
36249  -32.126  -46.026  -26.773 0.6000000238
37347  -41.957  -45.508  -23.993 0.4000000060
37393  -32.416  -45.005  -28.270 0.6000000238
39657  -32.929  -44.507  -28.459 0.5000000000
40777  -33.977  -43.795  -28.226 0.5000000000
41871  -35.509  -42.712  -28.134 0.5000000000
42990  -35.747  -41.850  -27.554 0.4000000060
44152  -36.302  -40.475  -27.240 0.4000000060
208793  -36.634  -39.222  -27.117 0.4000000060
46538  -37.319  -38.602  -28.204 0.4000000060
47688  -37.056  -37.920  -28.240 0.4000000060
48761  -37.088  -37.296  -28.575 0.4000000060
49805  -38.341  -36.221  -29.776 0.4000000060
50845  -38.163  -35.701  -29.929 0.4000000060
51908  -37.789  -34.455  -29.923 0.4000000060
52993  -37.932  -33.862  -29.987 0.4000000060
56713  -37.708  -31.765  -29.284 0.4000000060
30502  -39.982  -50.121  -29.369 0.8000000119
32866  -40.102  -48.874  -28.385 0.8000000119
30488  -43.521  -49.940  -27.983 0.5000000000
32853  -38.525  -48.610  -27.938 0.6999999881
35180  -39.014  -46.405  -26.244 0.6999999881
32842  -43.904  -48.567  -26.780 0.6000000238
35184  -43.261  -46.839  -25.920 0.6999999881
35195  -41.458  -47.032  -26.580 0.6999999881
36261  -44.307  -46.421  -25.162 0.6000000238
37366  -43.490  -45.272  -25.725 0.6000000238
36258  -41.838  -45.974  -25.989 0.6000000238
38487  -35.835  -44.471  -25.728 0.6999999881
38491  -44.238  -44.877  -25.115 0.5000000000
38514  -35.087  -44.099  -27.364 0.6000000238
203593  -42.432  -47.100  -24.831 0.5000000000
35146  -43.719  -46.464  -24.386 0.5000000000
40744  -42.991  -43.013  -24.773 0.3000000119
216640  -44.284  -42.980  -29.184 0.5000000000
39668  -36.604  -44.240  -29.449 0.6000000238
40811  -41.394  -43.157  -29.783 0.5000000000
205644  -44.822  -41.972  -29.531 0.5000000000
44174  -45.314  -40.830  -30.191 0.4000000060
44171  -43.329  -41.002  -29.891 0.4000000060
46557  -48.264  -38.823  -30.625 0.4000000060
46559  -45.475  -38.961  -30.459 0.4000000060
203845  -43.883  -38.779  -30.118 0.4000000060
47689  -37.413  -37.989  -28.731 0.4000000060
47710  -45.507  -37.810  -30.332 0.4000000060
52966  -39.413  -33.516  -28.208 0.4000000060
234408  -29.460  -55.478  -31.237 0.4000000060
22917  -29.857  -55.504  -31.275 0.4000000060
21917  -31.068  -55.764  -30.368 0.4000000060
20941  -31.610  -55.838  -30.228 0.4000000060
21888  -30.530  -56.204  -29.599 0.4000000060
20918  -31.256  -56.260  -29.373 0.4000000060
20919  -31.930  -56.236  -29.680 0.4000000060
20900  -32.433  -57.083  -28.416 0.4000000060
21892  -34.668  -56.695  -28.652 0.5000000000
20898  -31.080  -56.966  -28.315 0.4000000060
20899  -31.815  -56.881  -28.625 0.4000000060
216438  -32.771  -57.338  -27.800 0.5000000000
20901  -33.358  -57.239  -27.843 0.5000000000
21833  -34.932  -56.920  -26.988 0.6000000238
20010  -30.128  -57.637  -27.476 0.4000000060
20011  -30.845  -57.541  -27.531 0.4000000060
20849  -32.441  -57.627  -26.398 0.4000000060
20902  -34.482  -57.081  -27.693 0.5000000000
30472  -42.470  -50.344  -26.634 0.3000000119
30471  -41.641  -50.273  -26.279 0.4000000060
35163  -41.365  -47.228  -24.980 0.3000000119
21835  -36.304  -56.922  -27.308 0.5000000000
24958  -42.743  -53.805  -27.659 0.5000000000
27119  -42.376  -52.536  -26.918 0.4000000060
223809  -31.370  -57.071  -24.965 0.4000000060
20851  -33.695  -57.144  -26.420 0.5000000000
21832  -34.312  -57.004  -26.757 0.5000000000
19943  -30.903  -57.892  -25.612 0.4000000060
19970  -31.842  -57.784  -26.417 0.4000000060
22844  -36.609  -55.846  -26.361 0.6000000238
22855  -37.287  -56.169  -26.749 0.6000000238
209419  -38.602  -54.595  -26.647 0.6999999881
24959  -42.895  -53.095  -27.996 0.5000000000
198970  -38.038  -56.229  -26.991 0.6999999881
23884  -40.087  -55.252  -26.854 0.6999999881
24956  -42.097  -53.933  -28.161 0.6999999881
23883  -39.225  -54.897  -26.718 0.6999999881
24954  -40.398  -53.893  -27.143 0.6999999881
21819  -34.083  -56.610  -26.004 0.5000000000
22842  -34.944  -55.907  -25.772 0.6000000238
22843  -36.012  -55.538  -26.079 0.6000000238
24924  -37.101  -54.172  -26.283 0.6000000238
20829  -31.979  -57.096  -25.195 0.4000000060
21804  -33.041  -56.467  -25.237 0.5000000000
23866  -35.398  -55.273  -25.710 0.6000000238
203440  -36.950  -54.780  -26.164 0.6000000238
24925  -37.694  -54.284  -26.359 0.6000000238
24940  -39.020  -54.126  -26.761 0.6000000238
35144  -41.640  -46.670  -24.631 0.3000000119
199964  -37.128  -55.393  -26.294 0.6000000238
26031  -39.558  -53.615  -26.951 0.6999999881
26051  -42.405  -53.055  -28.429 0.6000000238
198451  -42.851  -51.851  -28.059 0.5000000000
24909  -33.168  -54.025  -25.204 0.6000000238
24910  -33.880  -54.215  -25.330 0.6000000238
26016  -34.694  -53.369  -25.724 0.6999999881
24922  -35.819  -54.000  -25.889 0.6000000238
26018  -36.522  -53.704  -26.204 0.6000000238
26029  -38.041  -53.213  -26.766 0.6000000238
204611  -33.040  -55.248  -24.939 0.5000000000
22834  -34.334  -55.655  -25.408 0.6000000238
26040  -39.267  -52.940  -27.271 0.6000000238
26041  -40.041  -53.177  -27.460 0.6999999881
27141  -40.896  -52.741  -28.265 0.6999999881
26042  -40.921  -53.382  -27.727 0.6999999881
216793  -42.077  -52.048  -28.758 0.6000000238
27143  -41.892  -52.763  -28.544 0.6999999881
26015  -34.083  -53.030  -25.763 0.6000000238
27113  -34.855  -52.285  -26.540 0.6999999881
27114  -35.564  -52.008  -26.907 0.6999999881
24921  -35.297  -53.322  -25.861 0.6999999881
27116  -37.129  -52.265  -26.861 0.6000000238
29385  -41.882  -50.961  -29.000 0.5000000000
27129  -38.987  -52.276  -27.682 0.6999999881
27140  -40.309  -52.162  -28.370 0.6999999881
27149  -41.670  -52.126  -28.838 0.6000000238
29374  -36.442  -50.927  -29.169 0.6999999881
29381  -38.057  -50.565  -29.898 0.6999999881
28235  -35.327  -51.485  -27.912 0.6999999881
28248  -37.442  -51.017  -28.897 0.6000000238
28249  -38.281  -51.184  -28.885 0.5000000000
27126  -36.796  -51.697  -27.432 0.6999999881
27127  -37.538  -51.798  -27.428 0.6000000238
28250  -39.075  -51.383  -28.731 0.6999999881
28256  -40.784  -51.268  -28.948 0.5000000000
27128  -38.263  -52.019  -27.552 0.6000000238
28251  -39.768  -51.467  -28.728 0.6999999881
28253  -41.136  -51.833  -28.913 0.6000000238
30499  -37.228  -50.426  -30.199 0.6999999881
30500  -37.893  -50.373  -30.095 0.6999999881
31654  -36.949  -49.810  -29.289 0.6999999881
28255  -39.993  -51.031  -29.025 0.6000000238
30501  -39.183  -50.106  -29.748 0.6999999881
27120  -42.717  -52.265  -27.449 0.5000000000
28254  -39.191  -50.977  -29.215 0.6000000238
21916  -30.287  -55.720  -30.578 0.4000000060
218456  -33.065  -56.839  -28.707 0.4000000060
19994  -30.587  -57.966  -26.834 0.4000000060
20013  -32.159  -57.423  -27.792 0.4000000060
20850  -33.013  -57.150  -25.907 0.4000000060
20848  -31.959  -57.592  -25.780 0.4000000060
23895  -41.870  -54.517  -27.492 0.6999999881
26043  -41.754  -53.823  -27.892 0.6999999881
194800  -35.947  -54.821  -25.912 0.6000000238
227761  -37.043  -53.520  -26.460 0.6000000238
197006  -33.719  -55.445  -25.138 0.6999999881
23851  -34.253  -54.937  -25.275 0.6000000238
26027  -36.661  -52.894  -26.456 0.6000000238
28236  -36.417  -51.269  -28.175 0.6999999881
215153  -37.893  -51.491  -28.226 0.6000000238
229181  -36.835  -50.886  -29.292 0.6000000238
28223  -34.782  -51.803  -27.373 0.5000000000
22818  -31.883  -55.422  -24.568 0.4000000060
26002  -32.883  -53.388  -25.363 0.5000000000
28234  -34.588  -51.331  -28.383 0.6000000238
23836  -31.301  -55.036  -24.389 0.4000000060
24892  -31.313  -54.303  -24.549 0.5000000000
24908  -32.442  -53.850  -25.074 0.5000000000
27096  -32.906  -52.510  -26.109 0.5000000000
205187  -33.639  -52.103  -27.321 0.5000000000
28245  -33.553  -50.865  -29.186 0.5000000000
221156  -33.808  -52.312  -26.623 0.5000000000
28246  -35.229  -51.034  -28.984 0.6000000238
231191  -35.353  -50.550  -29.825 0.5000000000
226151  -34.388  -50.786  -29.350 0.5000000000
30497  -35.223  -50.337  -29.794 0.6999999881
30493  -34.513  -50.251  -29.596 0.6000000238
31649  -35.911  -49.445  -28.302 0.6000000238
23835  -30.696  -54.682  -24.286 0.5000000000
231178  -31.344  -53.318  -25.360 0.5000000000
27110  -32.492  -52.136  -26.741 0.5000000000
28232  -33.007  -51.381  -28.773 0.5000000000
208242  -32.886  -51.786  -27.625 0.5000000000
31663  -36.500  -49.978  -29.557 0.6000000238
30492  -33.741  -50.373  -29.283 0.6000000238
31648  -35.289  -49.401  -27.932 0.5000000000
204147  -36.100  -48.609  -27.095 0.6000000238
25988  -30.493  -53.377  -24.677 0.5000000000
227404  -31.426  -52.449  -26.281 0.5000000000
28220  -31.353  -51.708  -27.429 0.5000000000
28221  -32.059  -51.785  -27.523 0.5000000000
29369  -32.732  -50.811  -29.003 0.5000000000
31650  -36.556  -49.537  -28.655 0.6000000238
30486  -33.399  -50.130  -28.649 0.5000000000
31636  -34.855  -49.132  -27.334 0.6000000238
24890  -30.063  -53.763  -24.296 0.5000000000
27095  -30.995  -52.406  -26.101 0.5000000000
28215  -30.668  -51.878  -26.593 0.5000000000
28218  -30.264  -51.417  -27.110 0.5000000000
216732  -30.016  -50.561  -27.969 0.6000000238
28229  -30.945  -51.239  -27.993 0.4000000060
196628  -30.019  -50.026  -27.748 0.4000000060
30482  -30.597  -50.565  -28.150 0.5000000000
30484  -31.964  -50.202  -28.252 0.5000000000
29368  -32.057  -50.912  -28.673 0.4000000060
31629  -29.619  -49.199  -27.455 0.4000000060
31630  -30.349  -49.221  -27.256 0.5000000000
31643  -31.525  -49.764  -27.656 0.5000000000
32848  -29.473  -48.420  -27.541 0.4000000060
31633  -32.758  -49.387  -26.878 0.6000000238
31635  -34.275  -49.268  -27.152 0.6000000238
32821  -35.179  -48.128  -26.324 0.6000000238
35160  -35.085  -47.074  -25.689 0.6000000238
31642  -30.745  -49.884  -27.693 0.5000000000
34037  -30.641  -47.727  -26.838 0.5000000000
32817  -32.117  -48.006  -26.223 0.5000000000
32832  -31.641  -48.557  -26.619 0.5000000000
35189  -30.121  -46.972  -27.640 0.4000000060
35190  -31.164  -47.127  -26.624 0.5000000000
34028  -33.310  -47.573  -25.796 0.6000000238
32834  -33.208  -48.737  -26.459 0.6000000238
215634  -34.037  -47.610  -25.787 0.6000000238
218982  -32.319  -46.251  -26.289 0.5000000000
38529  -31.742  -45.127  -28.154 0.3000000119
36276  -30.745  -46.016  -28.450 0.4000000060
36271  -30.680  -46.506  -27.929 0.4000000060
36266  -31.072  -46.479  -27.106 0.5000000000
198313  -32.800  -46.277  -25.934 0.5000000000
36237  -34.236  -45.864  -25.539 0.6000000238
42985  -35.366  -41.345  -26.907 0.3000000119
41863  -34.572  -42.443  -27.167 0.3000000119
40766  -34.299  -43.056  -27.621 0.4000000060
39644  -33.257  -43.742  -27.934 0.4000000060
46521  -36.060  -39.111  -26.775 0.3000000119
48751  -36.749  -37.472  -27.897 0.3000000119
46532  -36.418  -38.576  -27.235 0.3000000119
49795  -36.535  -36.190  -28.392 0.3000000119
48766  -37.371  -36.728  -29.003 0.3000000119
49796  -36.961  -36.007  -29.022 0.3000000119
50843  -36.737  -35.228  -29.279 0.3000000119
52987  -36.873  -33.662  -29.546 0.3000000119
231579  -37.620  -32.841  -29.986 0.3000000119
37392  -31.813  -45.391  -27.953 0.5000000000
45360  -35.854  -39.898  -26.798 0.3000000119
30498  -36.441  -50.408  -30.185 0.5000000000
26001  -32.061  -53.235  -25.455 0.5000000000
30485  -32.668  -50.166  -28.407 0.5000000000
32820  -34.379  -48.176  -26.144 0.6000000238
26022  -42.660  -53.935  -26.850 0.3000000119
208499  -40.988  -55.586  -27.017 0.6000000238
23896  -42.454  -54.592  -27.481 0.6000000238
28213  -39.570  -51.607  -25.384 0.3000000119
223496  -40.366  -51.790  -25.724 0.3000000119
28216  -41.107  -51.645  -26.119 0.3000000119
29358  -41.823  -50.992  -26.392 0.3000000119
27090  -40.719  -52.963  -25.501 0.3000000119
27103  -41.850  -52.751  -26.340 0.3000000119
28217  -41.973  -51.848  -26.569 0.3000000119
22859  -41.637  -55.764  -26.938 0.6000000238
23887  -42.476  -55.009  -27.033 0.5000000000
30465  -38.641  -50.211  -25.471 0.3000000119
30469  -40.015  -50.178  -25.927 0.3000000119
29356  -40.356  -50.814  -25.936 0.3000000119
32808  -41.005  -48.955  -25.822 0.3000000119
26020  -41.740  -53.399  -25.968 0.3000000119
26021  -42.319  -53.443  -26.523 0.3000000119
24928  -42.702  -54.540  -26.565 0.4000000060
21789  -31.882  -56.069  -24.601 0.4000000060
30464  -38.001  -50.191  -25.196 0.3000000119
31618  -38.910  -49.584  -25.710 0.3000000119
214457  -39.208  -48.849  -25.727 0.3000000119
31619  -40.097  -48.924  -25.784 0.3000000119
21947  -32.857  -56.141  -30.294 0.5000000000
21948  -33.876  -56.013  -30.275 0.5000000000
21944  -30.758  -55.702  -30.969 0.4000000060
21945  -31.503  -55.821  -30.731 0.4000000060
21946  -32.141  -55.919  -30.525 0.4000000060
20069  -32.222  -56.616  -30.507 0.5000000000
21924  -36.865  -56.523  -29.649 0.5000000000
21949  -34.975  -55.785  -30.276 0.5000000000
21920  -33.305  -56.033  -29.979 0.5000000000
219072  -34.625  -55.794  -29.905 0.5000000000
21919  -32.620  -55.971  -30.259 0.4000000060
21895  -38.833  -57.257  -28.935 0.6000000238
211773  -38.005  -57.013  -28.742 0.6000000238
21864  -37.400  -56.926  -28.070 0.5000000000
232141  -35.652  -56.356  -29.372 0.5000000000
21890  -32.922  -56.171  -29.686 0.3000000119
201324  -34.299  -56.144  -29.390 0.4000000060
223538  -34.807  -56.158  -29.408 0.5000000000
21867  -40.019  -57.139  -27.658 0.6000000238
21838  -38.868  -56.470  -27.209 0.6000000238
21837  -37.635  -56.622  -27.391 0.6000000238
21893  -35.334  -56.588  -28.898 0.4000000060
21863  -36.622  -56.968  -28.231 0.5000000000
232142  -41.425  -56.211  -26.733 0.6000000238
24912  -41.266  -54.213  -25.300 0.3000000119
22846  -42.134  -55.534  -26.082 0.4000000060
22858  -40.413  -56.065  -26.937 0.6000000238
21836  -36.999  -56.797  -27.386 0.4000000060
26006  -40.826  -53.654  -25.309 0.3000000119
27089  -40.139  -52.419  -25.284 0.3000000119
24926  -42.127  -54.034  -25.961 0.3000000119
22847  -42.396  -55.325  -26.568 0.5000000000
22857  -39.371  -55.801  -26.785 0.6000000238
21839  -39.872  -56.587  -27.228 0.6000000238
23854  -41.609  -55.206  -25.362 0.3000000119
232632  -40.125  -57.538  -28.264 0.5000000000
20904  -40.304  -57.717  -28.095 0.5000000000
21868  -40.614  -57.359  -27.352 0.5000000000
20015  -40.345  -58.010  -27.465 0.4000000060
20878  -41.095  -56.941  -26.880 0.5000000000
20048  -39.832  -58.209  -29.049 0.5000000000
20942  -39.234  -57.607  -29.594 0.5000000000
19148  -40.106  -58.493  -28.496 0.4000000060
19999  -40.533  -57.780  -26.894 0.4000000060
20853  -41.067  -57.128  -25.894 0.4000000060
21841  -41.639  -56.152  -26.565 0.5000000000
21925  -37.620  -56.655  -29.653 0.5000000000
21926  -38.279  -56.949  -29.680 0.5000000000
21808  -41.522  -56.412  -25.619 0.4000000060
12549  -28.248  -63.758  -30.107 0.3000000119
12566  -27.643  -64.458  -31.152 0.3000000119
13491  -28.959  -63.472  -30.477 0.3000000119
204776  -29.558  -63.016  -30.929 0.3000000119
228092  -29.954  -62.684  -31.496 0.4000000060
14478  -29.337  -62.912  -30.047 0.3000000119
14458  -29.167  -62.631  -29.213 0.3000000119
15542  -30.311  -62.158  -31.886 0.4000000060
15511  -30.398  -62.243  -30.556 0.4000000060
223308  -30.173  -62.150  -29.839 0.3000000119
15471  -29.764  -61.625  -28.791 0.3000000119
16469  -31.210  -61.288  -32.522 0.4000000060
16470  -31.715  -61.003  -32.192 0.4000000060
15512  -30.761  -61.887  -30.287 0.4000000060
15492  -30.569  -61.651  -29.505 0.4000000060
16438  -29.885  -61.026  -28.506 0.4000000060
16445  -30.838  -61.007  -29.103 0.4000000060
16476  -34.235  -60.642  -32.567 0.3000000119
17444  -32.296  -60.786  -32.565 0.4000000060
17441  -33.324  -60.239  -32.185 0.4000000060
17435  -32.515  -60.511  -31.228 0.4000000060
17430  -32.525  -60.157  -30.124 0.4000000060
17416  -31.846  -60.409  -29.665 0.4000000060
17403  -30.702  -60.280  -28.680 0.4000000060
17437  -35.583  -60.204  -31.896 0.3000000119
18349  -34.452  -59.963  -32.483 0.4000000060
18341  -34.238  -59.563  -31.762 0.4000000060
18345  -33.891  -59.950  -32.253 0.4000000060
18335  -33.569  -59.423  -30.498 0.4000000060
230172  -34.586  -58.422  -30.730 0.4000000060
18334  -32.958  -59.311  -29.816 0.4000000060
19185  -33.510  -58.620  -30.133 0.4000000060
17417  -32.214  -59.634  -29.391 0.4000000060
18320  -31.700  -59.087  -29.079 0.4000000060
225513  -36.103  -59.822  -31.634 0.4000000060
19201  -35.469  -59.359  -31.858 0.4000000060
20078  -35.403  -57.527  -30.728 0.4000000060
19186  -34.056  -57.968  -30.377 0.4000000060
19166  -32.138  -58.307  -29.427 0.4000000060
19184  -32.834  -58.275  -29.687 0.4000000060
217905  -30.503  -59.472  -28.540 0.4000000060
20084  -36.613  -58.190  -31.164 0.4000000060
218812  -36.015  -57.857  -30.983 0.4000000060
20984  -35.848  -56.881  -30.563 0.4000000060
233346  -34.617  -56.291  -30.560 0.4000000060
20046  -31.842  -57.590  -30.089 0.4000000060
231288  -33.417  -56.998  -30.304 0.4000000060
20079  -37.167  -57.402  -30.876 0.4000000060
20985  -36.952  -56.827  -30.553 0.4000000060
21951  -36.454  -56.472  -30.014 0.4000000060
19189  -39.524  -58.231  -29.437 0.4000000060
20986  -37.719  -56.926  -30.660 0.4000000060
21954  -38.368  -57.023  -29.960 0.4000000060
19115  -39.793  -58.364  -27.367 0.3000000119
19973  -39.915  -57.850  -26.323 0.3000000119
211543  -34.644  -55.909  -30.528 0.4000000060
219572  -38.991  -57.618  -29.884 0.4000000060
20833  -40.764  -57.057  -25.447 0.3000000119
21952  -37.254  -56.556  -30.115 0.4000000060
15529  -30.734  -61.927  -31.233 0.4000000060
16464  -31.253  -61.474  -30.816 0.4000000060
17429  -32.086  -60.684  -30.514 0.4000000060
16446  -31.352  -60.864  -29.576 0.4000000060
17442  -35.164  -60.164  -32.352 0.4000000060
17447  -34.096  -60.299  -32.512 0.4000000060
16468  -35.175  -60.617  -31.370 0.3000000119
18339  -33.122  -59.977  -30.765 0.4000000060
219025  -36.508  -59.715  -30.769 0.3000000119
17443  -35.502  -59.996  -32.257 0.4000000060
18347  -35.077  -59.718  -32.291 0.4000000060
19197  -35.523  -58.589  -31.255 0.4000000060
19203  -36.870  -58.763  -31.211 0.4000000060
202134  -36.522  -57.268  -30.825 0.4000000060
233901  -32.921  -57.620  -30.084 0.4000000060
20964  -36.200  -56.531  -30.313 0.4000000060
20081  -38.225  -57.876  -30.498 0.4000000060
14561  -32.307  -62.336  -32.974 0.3000000119
14558  -30.233  -62.736  -33.104 0.3000000119
13533  -29.795  -63.201  -32.952 0.3000000119
14545  -30.492  -62.121  -33.019 0.3000000119
15553  -31.576  -61.639  -33.215 0.3000000119
14544  -30.103  -62.572  -32.865 0.3000000119
15548  -30.779  -61.618  -32.870 0.3000000119
16479  -32.487  -61.318  -33.018 0.3000000119
16473  -32.114  -61.074  -32.948 0.3000000119
16474  -32.894  -60.842  -32.834 0.3000000119
200154  -37.074  -59.282  -30.710 0.3000000119
18338  -38.236  -58.871  -29.950 0.3000000119
201464  -38.586  -58.536  -30.165 0.3000000119
19147  -39.487  -58.691  -28.754 0.3000000119
15551  -33.702  -61.058  -32.723 0.3000000119
19198  -37.454  -58.468  -30.763 0.3000000119
12565  -26.816  -64.436  -31.312 0.3000000119
14459  -29.701  -62.536  -29.715 0.3000000119
14479  -29.951  -62.627  -30.417 0.3000000119
14501  -30.240  -62.400  -31.088 0.4000000060
14527  -29.684  -63.067  -32.624 0.3000000119
14528  -29.996  -62.589  -32.286 0.3000000119
15470  -29.297  -62.028  -28.688 0.3000000119
15491  -29.716  -62.152  -29.228 0.3000000119
15543  -30.722  -61.673  -32.236 0.4000000060
15545  -33.942  -61.257  -32.407 0.3000000119
15547  -30.357  -62.033  -32.646 0.3000000119
15549  -31.443  -61.358  -33.009 0.3000000119
15552  -31.033  -61.806  -33.140 0.3000000119
15554  -32.105  -61.740  -33.160 0.3000000119
16439  -30.377  -60.829  -28.616 0.4000000060
16444  -30.240  -61.329  -28.943 0.4000000060
16456  -31.134  -61.392  -29.886 0.4000000060
16457  -31.615  -61.022  -30.286 0.4000000060
16465  -31.818  -61.014  -31.288 0.4000000060
16472  -35.014  -60.552  -31.973 0.3000000119
16475  -33.642  -60.703  -32.805 0.3000000119
16477  -34.841  -60.446  -32.310 0.4000000060
16478  -31.926  -61.399  -33.120 0.3000000119
16480  -33.147  -61.184  -32.850 0.3000000119
17415  -31.268  -60.363  -29.098 0.4000000060
17436  -33.074  -60.236  -31.619 0.4000000060
17438  -36.138  -60.027  -31.366 0.3000000119
17439  -32.163  -60.705  -31.983 0.4000000060
17440  -32.701  -60.502  -32.100 0.4000000060
17445  -32.958  -60.586  -32.530 0.4000000060
17446  -33.516  -60.433  -32.617 0.4000000060
17448  -34.703  -60.135  -32.476 0.4000000060
17449  -35.145  -59.953  -32.444 0.4000000060
18319  -31.125  -59.646  -28.834 0.4000000060
18321  -32.338  -58.905  -29.388 0.4000000060
18337  -37.607  -59.171  -30.073 0.3000000119
18340  -33.663  -59.783  -31.512 0.4000000060
18342  -36.572  -59.534  -31.300 0.3000000119
18343  -37.024  -59.070  -31.030 0.4000000060
18344  -37.749  -58.798  -30.457 0.3000000119
18346  -34.600  -59.685  -32.207 0.4000000060
18348  -36.570  -59.306  -31.457 0.4000000060
18350  -34.801  -59.906  -32.463 0.4000000060
19129  -39.763  -58.681  -28.027 0.3000000119
19130  -40.264  -58.266  -28.214 0.4000000060
19165  -31.417  -58.411  -29.299 0.4000000060
19168  -39.382  -58.539  -29.377 0.3000000119
19169  -39.830  -58.425  -29.065 0.4000000060
19187  -38.832  -58.690  -29.731 0.3000000119
19188  -39.195  -58.402  -29.818 0.3000000119
19194  -34.134  -59.082  -30.822 0.4000000060
19195  -34.643  -59.138  -31.382 0.4000000060
19196  -35.045  -58.422  -30.967 0.4000000060
19199  -38.756  -58.159  -30.204 0.4000000060
19200  -34.843  -59.242  -31.543 0.4000000060
19202  -36.351  -59.115  -31.558 0.4000000060
19944  -31.424  -57.852  -26.022 0.4000000060
19949  -39.766  -57.645  -25.615 0.3000000119
19974  -40.809  -57.496  -26.371 0.4000000060
19995  -31.319  -57.891  -26.846 0.4000000060
19996  -31.971  -57.723  -27.059 0.4000000060
19998  -40.229  -58.085  -27.183 0.3000000119
20000  -40.769  -57.517  -26.869 0.4000000060
20012  -31.523  -57.461  -27.693 0.4000000060
20014  -40.234  -58.391  -27.866 0.4000000060
20016  -40.645  -57.607  -27.289 0.5000000000
20026  -40.134  -58.361  -28.702 0.4000000060
20047  -32.511  -57.585  -30.066 0.4000000060
20070  -32.922  -56.812  -30.346 0.4000000060
20071  -34.001  -57.106  -30.376 0.4000000060
20072  -34.629  -57.221  -30.527 0.4000000060
20073  -39.113  -58.022  -29.876 0.4000000060
20080  -37.780  -57.706  -30.692 0.4000000060
20082  -38.694  -57.651  -30.170 0.4000000060
20083  -35.983  -58.795  -31.494 0.4000000060
20085  -37.172  -58.090  -30.949 0.3000000119
20828  -31.433  -57.537  -25.359 0.4000000060
20830  -32.574  -56.919  -25.327 0.4000000060
20832  -40.096  -57.215  -25.311 0.3000000119
20852  -40.486  -57.395  -25.814 0.3000000119
20854  -41.181  -57.179  -26.371 0.4000000060
20875  -32.502  -57.604  -27.193 0.4000000060
20876  -33.120  -57.461  -26.968 0.5000000000
20877  -33.842  -57.280  -27.362 0.5000000000
20903  -39.615  -57.342  -28.340 0.5000000000
20905  -40.358  -57.888  -27.850 0.5000000000
20920  -32.424  -56.514  -29.167 0.4000000060
20921  -33.929  -56.907  -28.484 0.4000000060
20922  -39.447  -57.507  -29.056 0.5000000000
20923  -39.987  -57.745  -28.618 0.5000000000
20924  -40.151  -58.075  -28.526 0.5000000000
20943  -39.705  -57.888  -29.083 0.5000000000
20959  -30.942  -55.964  -31.152 0.4000000060
20960  -31.849  -55.984  -30.740 0.4000000060
20961  -32.509  -56.132  -30.532 0.5000000000
20962  -33.342  -56.297  -30.327 0.5000000000
20963  -35.406  -56.067  -30.511 0.4000000060
20965  -36.887  -56.613  -30.261 0.4000000060
20966  -37.560  -56.601  -30.481 0.4000000060
20967  -38.097  -56.831  -30.385 0.4000000060
20968  -38.517  -57.281  -30.107 0.4000000060
20969  -39.417  -57.933  -29.507 0.4000000060
20982  -30.330  -55.634  -31.273 0.4000000060
20983  -35.079  -56.468  -30.562 0.4000000060
20987  -38.226  -57.259  -30.427 0.4000000060
21787  -30.876  -56.075  -24.254 0.4000000060
21788  -31.654  -56.611  -24.774 0.4000000060
21803  -32.297  -56.501  -24.941 0.4000000060
21805  -33.790  -56.135  -25.412 0.6000000238
21807  -40.853  -56.765  -25.213 0.3000000119
21809  -41.781  -55.974  -25.921 0.4000000060
21818  -33.543  -56.702  -25.757 0.4000000060
21820  -35.305  -56.475  -26.377 0.6000000238
21821  -36.005  -56.349  -26.556 0.6000000238
21822  -41.630  -56.294  -25.936 0.4000000060
21834  -35.597  -56.922  -27.158 0.5000000000
21840  -40.676  -56.770  -27.175 0.6000000238
21842  -41.980  -55.816  -26.327 0.5000000000
21861  -35.149  -57.018  -27.894 0.5000000000
21862  -35.852  -57.034  -28.031 0.4000000060
21865  -37.976  -56.912  -27.869 0.6000000238
21866  -38.693  -57.074  -27.937 0.6000000238
21889  -32.423  -56.111  -29.951 0.3000000119
21891  -33.611  -56.184  -29.442 0.4000000060
21894  -36.562  -56.660  -29.131 0.5000000000
21918  -32.075  -55.787  -30.369 0.4000000060
21921  -34.071  -55.868  -29.970 0.5000000000
21922  -35.272  -56.037  -29.738 0.5000000000
21923  -36.052  -56.331  -29.645 0.5000000000
21927  -38.839  -57.292  -29.627 0.5000000000
21941  -29.039  -55.575  -30.977 0.4000000060
21942  -29.674  -55.520  -31.018 0.4000000060
21943  -30.223  -55.515  -31.149 0.4000000060
21950  -35.664  -56.149  -30.150 0.4000000060
21953  -37.911  -56.683  -30.182 0.4000000060
22817  -31.352  -55.712  -24.398 0.4000000060
22832  -32.572  -55.824  -24.786 0.5000000000
22833  -33.257  -55.843  -25.059 0.6999999881
22835  -34.798  -55.319  -25.457 0.6000000238
22836  -41.750  -55.782  -25.581 0.3000000119
22845  -37.854  -55.506  -26.579 0.6999999881
22854  -36.658  -56.472  -26.821 0.6000000238
22856  -38.519  -55.845  -26.801 0.6000000238
22860  -42.073  -55.526  -26.765 0.5000000000
22916  -28.996  -55.542  -31.168 0.4000000060
23837  -32.080  -54.343  -24.711 0.5000000000
23849  -32.750  -54.537  -25.002 0.6000000238
23850  -33.476  -54.735  -25.116 0.6000000238
23852  -34.892  -54.753  -25.547 0.6000000238
23853  -35.408  -54.575  -25.748 0.6000000238
23855  -42.145  -55.166  -25.792 0.4000000060
23867  -36.546  -55.151  -26.039 0.6000000238
23868  -37.466  -54.815  -26.319 0.6000000238
23869  -38.061  -54.742  -26.503 0.6000000238
23870  -42.528  -55.050  -26.299 0.4000000060
23882  -38.578  -55.241  -26.650 0.6999999881
23885  -41.558  -55.120  -27.304 0.6000000238
23886  -42.118  -55.153  -27.192 0.6000000238
23888  -42.658  -54.810  -26.807 0.5000000000
23897  -42.717  -54.482  -27.313 0.5000000000
24891  -30.601  -54.024  -24.480 0.5000000000
24896  -40.693  -54.323  -25.010 0.3000000119
24906  -30.996  -53.635  -24.946 0.5000000000
24907  -31.680  -53.784  -25.019 0.5000000000
24911  -34.985  -54.016  -25.665 0.6000000238
24913  -41.850  -54.560  -25.551 0.3000000119
24923  -36.492  -54.430  -26.055 0.6000000238
24927  -42.410  -54.623  -26.046 0.3000000119
24939  -38.245  -54.000  -26.597 0.6000000238
24941  -39.812  -54.393  -26.885 0.6999999881
24942  -40.700  -54.732  -27.037 0.6999999881
24943  -42.894  -54.310  -26.754 0.5000000000
24955  -41.253  -54.242  -27.378 0.6999999881
24957  -42.611  -54.031  -27.808 0.6999999881
24965  -42.011  -53.442  -28.248 0.6999999881
24966  -42.572  -53.614  -28.209 0.6999999881
24967  -42.795  -53.607  -28.075 0.6999999881
25993  -40.257  -53.735  -24.976 0.3000000119
26000  -30.788  -52.875  -25.359 0.5000000000
26003  -33.606  -53.528  -25.435 0.6000000238
26004  -34.294  -53.737  -25.527 0.6999999881
26005  -40.210  -53.161  -25.114 0.3000000119
26007  -41.553  -53.866  -25.567 0.3000000119
26013  -32.650  -52.954  -25.742 0.5000000000
26014  -33.296  -52.983  -25.731 0.5000000000
26017  -35.979  -53.180  -26.106 0.6000000238
26019  -37.562  -53.712  -26.546 0.6000000238
26028  -37.376  -53.023  -26.676 0.6000000238
26030  -38.785  -53.400  -26.833 0.6000000238
26032  -42.606  -52.964  -27.223 0.5000000000
26050  -41.514  -53.099  -28.298 0.6999999881
26052  -42.663  -53.148  -28.245 0.6000000238
26061  -42.506  -52.730  -28.418 0.6000000238
27094  -30.596  -52.116  -25.864 0.5000000000
27097  -34.244  -52.492  -26.245 0.6000000238
27098  -34.785  -52.811  -25.962 0.6999999881
27099  -35.441  -52.654  -26.201 0.6999999881
27100  -36.030  -52.550  -26.439 0.6999999881
27101  -40.784  -52.344  -25.803 0.3000000119
27102  -41.248  -52.862  -25.914 0.3000000119
27108  -31.103  -52.111  -26.768 0.5000000000
27109  -31.725  -52.145  -26.780 0.5000000000
27111  -33.236  -52.240  -26.715 0.5000000000
27112  -34.246  -52.114  -26.936 0.5000000000
27115  -36.398  -52.110  -26.848 0.6999999881
27117  -37.828  -52.468  -27.002 0.6000000238
27118  -38.540  -52.689  -27.107 0.6000000238
27130  -39.763  -52.481  -27.781 0.6999999881
27131  -40.405  -52.752  -27.909 0.6999999881
27132  -42.826  -52.380  -27.772 0.5000000000
27133  -42.859  -52.547  -27.919 0.5000000000
27139  -39.433  -51.880  -28.237 0.6999999881
27142  -41.173  -52.351  -28.665 0.6999999881
27144  -42.661  -52.535  -28.275 0.5000000000
27150  -42.074  -52.408  -28.600 0.6000000238
27151  -42.453  -52.296  -28.463 0.6000000238
28212  -38.735  -51.339  -25.132 0.3000000119
28219  -30.769  -51.596  -27.280 0.5000000000
28222  -34.097  -51.714  -27.782 0.5000000000
28224  -36.052  -51.586  -27.544 0.6999999881
28228  -30.444  -51.164  -27.654 0.5000000000
28230  -31.645  -51.419  -28.182 0.5000000000
28231  -32.311  -51.478  -28.402 0.5000000000
28233  -33.823  -51.289  -28.691 0.5000000000
28237  -37.144  -51.334  -28.127 0.6000000238
28238  -38.656  -51.680  -28.255 0.6999999881
28240  -42.930  -51.744  -27.950 0.5000000000
28242  -31.968  -51.214  -28.647 0.4000000060
28243  -32.486  -51.179  -28.945 0.5000000000
28244  -32.969  -51.000  -29.134 0.5000000000
28247  -36.036  -50.998  -28.949 0.6999999881
28252  -40.554  -51.681  -28.813 0.6999999881
28257  -41.455  -51.493  -28.958 0.5000000000
28258  -41.926  -51.660  -28.846 0.5000000000
28259  -42.484  -51.373  -28.680 0.5000000000
28260  -42.535  -51.842  -28.443 0.5000000000
29351  -37.852  -50.770  -25.040 0.3000000119
29352  -38.382  -50.755  -25.207 0.3000000119
29355  -39.695  -50.848  -25.755 0.3000000119
29357  -41.044  -50.861  -26.111 0.3000000119
29360  -29.925  -50.883  -27.624 0.6000000238
29361  -42.542  -51.027  -26.896 0.3000000119
29363  -43.339  -50.259  -27.498 0.4000000060
29364  -30.425  -50.787  -27.985 0.5000000000
29365  -30.848  -50.842  -28.174 0.4000000060
29366  -31.432  -51.102  -28.459 0.4000000060
29370  -33.362  -50.637  -29.171 0.6000000238
29371  -34.074  -50.475  -29.494 0.6000000238
29372  -34.887  -50.707  -29.593 0.5000000000
29373  -35.948  -50.614  -29.715 0.6000000238
29375  -37.454  -50.860  -29.494 0.6000000238
29376  -43.169  -50.585  -27.949 0.5000000000
29377  -34.858  -50.450  -29.775 0.5000000000
29378  -35.636  -50.408  -29.962 0.5000000000
29379  -36.160  -50.480  -30.007 0.5000000000
29380  -36.887  -50.546  -30.060 0.6999999881
29382  -39.364  -50.488  -29.616 0.8000000119
29383  -40.341  -50.648  -29.175 0.6000000238
29384  -41.186  -50.822  -29.104 0.5000000000
29387  -42.710  -50.917  -28.542 0.5000000000
29388  -43.179  -51.040  -27.995 0.5000000000
30466  -39.277  -50.193  -25.776 0.3000000119
30470  -40.834  -50.206  -26.014 0.3000000119
30476  -42.903  -50.276  -26.754 0.4000000060
30478  -43.634  -49.888  -27.458 0.5000000000
30481  -29.531  -50.253  -27.790 0.4000000060
30483  -31.302  -50.334  -28.204 0.5000000000
30487  -34.139  -50.102  -28.809 0.5000000000
30489  -31.819  -50.587  -28.505 0.5000000000
30490  -32.386  -50.540  -28.725 0.4000000060
30491  -33.043  -50.450  -28.994 0.5000000000
30496  -43.185  -50.360  -28.062 0.5000000000
30505  -41.931  -50.372  -29.001 0.5000000000
30506  -42.651  -50.512  -28.614 0.5000000000
30507  -42.935  -50.585  -28.328 0.5000000000
31622  -39.623  -49.511  -25.902 0.3000000119
31623  -40.487  -49.524  -25.968 0.3000000119
31624  -41.513  -49.555  -26.070 0.3000000119
31626  -43.642  -49.086  -26.205 0.4000000060
31631  -31.146  -49.166  -27.129 0.5000000000
31632  -31.952  -49.263  -26.949 0.5000000000
31634  -33.551  -49.372  -26.981 0.6000000238
31637  -43.877  -49.204  -26.746 0.4000000060
31638  -43.954  -49.016  -26.846 0.5000000000
31644  -32.311  -49.804  -27.592 0.6000000238
31645  -33.102  -49.857  -27.659 0.5000000000
31646  -33.862  -49.808  -27.822 0.5000000000
31647  -34.588  -49.739  -27.894 0.5000000000
31652  -35.457  -49.777  -28.678 0.6000000238
31653  -35.909  -49.851  -29.156 0.6999999881
31655  -37.531  -49.812  -29.336 0.6999999881
31656  -38.762  -49.415  -29.105 0.8000000119
31657  -39.591  -49.314  -29.011 0.8000000119
31658  -40.439  -49.295  -28.979 0.8000000119
31659  -41.346  -49.447  -28.735 0.6000000238
31661  -43.361  -49.881  -27.989 0.5000000000
31662  -35.946  -50.263  -29.858 0.6999999881
31664  -37.019  -50.162  -30.010 0.6999999881
31665  -37.829  -50.104  -29.956 0.6999999881
31670  -41.964  -50.002  -28.816 0.5000000000
32812  -43.997  -47.648  -25.518 0.5000000000
32818  -32.872  -48.116  -26.090 0.6000000238
32819  -33.625  -48.170  -26.051 0.6000000238
32823  -42.825  -48.761  -25.807 0.5000000000
32825  -44.002  -48.214  -25.957 0.6000000238
32830  -30.126  -48.446  -27.132 0.4000000060
32831  -30.858  -48.457  -26.862 0.5000000000
32833  -32.420  -48.686  -26.456 0.5000000000
32835  -33.964  -48.731  -26.533 0.6000000238
32836  -34.684  -48.690  -26.710 0.6000000238
32837  -35.404  -48.758  -27.043 0.6000000238
32849  -35.828  -49.066  -27.576 0.6000000238
32850  -36.375  -49.066  -27.711 0.6999999881
32851  -37.040  -48.996  -27.790 0.6000000238
32855  -40.600  -48.365  -27.764 0.8000000119
32858  -43.565  -48.977  -27.437 0.6000000238
32859  -43.923  -48.907  -26.995 0.6000000238
32863  -37.313  -49.370  -28.590 0.6999999881
32868  -41.841  -49.030  -28.043 0.6000000238
32869  -42.789  -49.171  -27.917 0.6000000238
34013  -34.426  -47.067  -25.605 0.6000000238
34020  -44.039  -47.321  -25.077 0.5000000000
34026  -31.863  -47.302  -26.201 0.5000000000
34027  -32.592  -47.476  -25.952 0.5000000000
34029  -34.746  -47.605  -25.887 0.6000000238
34032  -43.497  -47.449  -26.079 0.6000000238
34033  -43.945  -47.477  -26.000 0.6000000238
34034  -44.003  -47.799  -25.689 0.6000000238
34038  -31.383  -47.839  -26.531 0.5000000000
34039  -36.394  -47.991  -26.633 0.6999999881
34041  -38.422  -47.460  -26.879 0.6999999881
34043  -39.983  -47.467  -27.013 0.6999999881
34044  -40.889  -47.481  -26.951 0.6999999881
34045  -41.862  -47.679  -26.809 0.6999999881
34048  -43.989  -48.195  -26.175 0.6000000238
34052  -29.363  -47.836  -27.742 0.4000000060
34054  -38.791  -47.945  -27.338 0.6999999881
34055  -40.035  -47.965  -27.457 0.6999999881
35145  -42.710  -46.565  -24.474 0.5000000000
35159  -33.477  -46.432  -25.716 0.5000000000
35161  -35.383  -46.500  -25.498 0.6000000238
35172  -31.749  -46.532  -26.510 0.6000000238
35173  -32.378  -46.794  -26.031 0.5000000000
35174  -33.034  -46.939  -25.739 0.5000000000
35175  -33.737  -47.034  -25.589 0.6000000238
35176  -35.826  -47.106  -25.856 0.6999999881
35177  -36.572  -46.966  -26.019 0.6999999881
35178  -37.334  -46.896  -26.154 0.6999999881
35179  -38.438  -46.465  -26.224 0.6999999881
35182  -41.092  -46.461  -26.223 0.6000000238
35185  -44.050  -46.937  -25.567 0.6000000238
35192  -38.764  -46.918  -26.561 0.6999999881
35196  -42.510  -47.242  -26.383 0.6999999881
36220  -41.864  -46.128  -24.327 0.3000000119
36222  -44.268  -46.103  -24.619 0.5000000000
36223  -44.462  -46.067  -24.930 0.5000000000
36240  -36.715  -45.937  -25.703 0.6999999881
36242  -44.354  -45.919  -25.183 0.6000000238
36253  -37.281  -46.217  -25.882 0.6999999881
36255  -39.207  -45.698  -26.076 0.6999999881
36256  -39.928  -45.753  -26.070 0.6000000238
36257  -40.783  -45.759  -25.992 0.6000000238
36259  -42.995  -46.225  -25.824 0.6000000238
36267  -31.687  -45.971  -27.288 0.5000000000
36272  -31.253  -46.000  -28.095 0.5000000000
37331  -42.386  -44.877  -23.850 0.3000000119
37348  -43.061  -45.456  -24.073 0.4000000060
37350  -44.443  -45.442  -24.788 0.5000000000
37359  -34.527  -45.405  -25.603 0.6999999881
37360  -35.159  -45.306  -25.391 0.6999999881
37361  -35.872  -45.117  -25.453 0.6999999881
37363  -37.208  -45.592  -25.648 0.6999999881
37367  -44.168  -45.269  -25.368 0.5000000000
37373  -32.631  -45.741  -26.561 0.6000000238
37375  -34.296  -44.965  -26.297 0.6999999881
37377  -35.307  -44.687  -25.732 0.6999999881
37378  -37.850  -45.275  -25.599 0.6999999881
37379  -39.084  -44.928  -25.806 0.6999999881
37383  -42.699  -45.575  -25.756 0.6000000238
37387  -32.232  -45.598  -27.337 0.6000000238
37388  -33.350  -45.096  -27.772 0.6000000238
37389  -33.709  -44.963  -26.914 0.6000000238
37399  -31.267  -45.613  -28.467 0.3000000119
38462  -42.628  -44.470  -23.898 0.3000000119
38475  -44.209  -44.839  -24.765 0.5000000000
38489  -37.117  -44.844  -25.471 0.6999999881
38490  -43.581  -44.929  -25.782 0.6000000238
38499  -34.738  -44.433  -26.552 0.6000000238
38500  -35.437  -44.108  -26.284 0.6000000238
38501  -36.104  -43.919  -26.026 0.6999999881
38502  -36.928  -43.970  -25.774 0.6999999881
38503  -38.928  -44.237  -25.743 0.6999999881
38505  -41.887  -44.159  -25.934 0.6000000238
38506  -43.057  -44.462  -26.002 0.5000000000
38511  -33.572  -44.919  -28.519 0.6000000238
38512  -33.969  -44.849  -27.886 0.6000000238
38513  -34.476  -44.488  -27.798 0.6000000238
38520  -32.317  -44.823  -28.361 0.5000000000
38521  -33.054  -44.853  -28.553 0.5000000000
38531  -34.424  -44.903  -29.193 0.6000000238
39597  -43.171  -44.424  -24.194 0.4000000060
39608  -42.930  -43.835  -24.210 0.4000000060
39623  -43.893  -43.984  -25.012 0.5000000000
39624  -44.104  -44.142  -25.350 0.5000000000
39631  -37.106  -43.426  -26.266 0.6000000238
39633  -39.013  -43.163  -26.238 0.5000000000
39634  -39.764  -43.222  -26.151 0.5000000000
39635  -40.537  -43.376  -26.152 0.6000000238
39636  -41.385  -43.562  -26.115 0.6000000238
39638  -44.047  -44.123  -25.743 0.6000000238
39639  -44.252  -43.424  -26.167 0.5000000000
39645  -35.657  -44.220  -28.232 0.6000000238
39646  -36.272  -43.588  -27.510 0.6000000238
39650  -44.178  -43.488  -27.098 0.5000000000
39658  -34.115  -44.318  -29.031 0.5000000000
39659  -34.675  -44.833  -29.309 0.6000000238
39660  -35.723  -44.463  -29.200 0.5000000000
39665  -44.568  -43.280  -27.471 0.5000000000
39666  -44.897  -43.137  -27.897 0.5000000000
39667  -35.465  -44.421  -29.327 0.5000000000
39669  -36.878  -44.011  -28.950 0.5000000000
39670  -37.734  -43.916  -29.656 0.5000000000
39671  -42.306  -43.244  -29.191 0.5000000000
39672  -43.149  -43.299  -28.747 0.5000000000
39673  -44.061  -43.365  -28.425 0.5000000000
39674  -44.640  -43.315  -28.138 0.5000000000
39675  -35.998  -44.244  -29.530 0.5000000000
39676  -36.524  -44.162  -29.618 0.5000000000
39677  -37.125  -44.068  -29.682 0.6000000238
39678  -42.929  -43.111  -29.298 0.5000000000
39679  -43.776  -43.216  -29.041 0.5000000000
39680  -44.516  -43.244  -28.790 0.5000000000
40721  -42.111  -43.452  -23.942 0.3000000119
40733  -43.364  -43.650  -24.612 0.5000000000
40745  -43.725  -43.512  -25.176 0.4000000060
40758  -40.974  -42.981  -26.583 0.5000000000
40759  -41.750  -43.259  -26.449 0.5000000000
40767  -37.355  -43.245  -27.518 0.6000000238
40768  -37.945  -43.054  -27.574 0.6000000238
40769  -38.642  -42.869  -27.549 0.6000000238
40770  -39.326  -42.798  -27.325 0.5000000000
40774  -43.167  -43.393  -27.307 0.5000000000
40779  -35.282  -43.611  -28.916 0.5000000000
40780  -37.515  -43.629  -28.610 0.6000000238
40784  -40.568  -42.843  -28.040 0.5000000000
40786  -42.240  -43.039  -27.873 0.5000000000
40787  -44.748  -42.936  -27.384 0.5000000000
40789  -35.219  -44.335  -29.284 0.5000000000
40792  -37.839  -43.819  -29.355 0.6000000238
40795  -40.411  -43.245  -29.450 0.5000000000
40796  -41.667  -43.328  -29.022 0.5000000000
40799  -45.001  -42.956  -28.492 0.5000000000
40802  -39.060  -43.344  -29.614 0.5000000000
40803  -39.774  -43.178  -29.483 0.6000000238
40804  -40.376  -43.189  -29.611 0.5000000000
40805  -41.708  -43.334  -29.587 0.5000000000
40808  -44.847  -42.819  -29.047 0.5000000000
40810  -40.940  -43.100  -29.693 0.5000000000
40812  -41.967  -43.007  -29.702 0.5000000000
40813  -42.659  -42.857  -29.583 0.5000000000
40814  -44.461  -42.507  -29.415 0.5000000000
40815  -45.091  -42.171  -29.226 0.4000000060
41844  -43.257  -42.757  -25.312 0.3000000119
41856  -44.000  -42.762  -26.113 0.5000000000
41857  -44.368  -42.960  -26.471 0.5000000000
41864  -35.073  -42.086  -27.230 0.4000000060
41870  -34.903  -42.974  -27.924 0.5000000000
41874  -45.346  -42.091  -28.279 0.5000000000
41877  -36.885  -42.668  -29.317 0.5000000000
41880  -46.153  -41.188  -28.936 0.4000000060
41881  -36.706  -43.372  -29.617 0.5000000000
41882  -36.942  -43.037  -29.566 0.5000000000
41883  -38.920  -42.806  -29.602 0.4000000060
41884  -39.551  -42.883  -29.580 0.5000000000
41886  -45.571  -41.734  -29.177 0.5000000000
41889  -41.183  -42.590  -29.671 0.4000000060
41890  -41.739  -42.604  -29.782 0.5000000000
41892  -43.161  -42.469  -29.752 0.5000000000
41893  -45.462  -41.612  -29.577 0.4000000060
42977  -43.634  -42.192  -26.271 0.3000000119
42984  -34.476  -41.873  -26.693 0.3000000119
42986  -43.039  -40.957  -26.745 0.3000000119
42988  -44.182  -41.744  -27.031 0.5000000000
42992  -36.917  -41.399  -28.315 0.4000000060
42995  -45.276  -41.595  -27.988 0.3000000119
42997  -37.166  -41.901  -28.879 0.5000000000
42999  -45.759  -41.376  -28.619 0.3000000119
43000  -46.311  -40.853  -29.113 0.3000000119
43001  -46.753  -40.450  -29.379 0.4000000060
43005  -40.577  -41.794  -29.529 0.4000000060
43007  -46.705  -40.520  -29.720 0.4000000060
43008  -41.010  -41.890  -29.594 0.4000000060
43009  -41.532  -41.916  -29.776 0.4000000060
43011  -42.852  -41.855  -29.789 0.4000000060
43014  -45.850  -40.945  -29.938 0.4000000060
43015  -46.199  -40.782  -29.936 0.4000000060
44144  -35.615  -40.629  -26.793 0.3000000119
44155  -44.842  -40.894  -27.786 0.4000000060
44156  -45.236  -40.336  -28.184 0.3000000119
44158  -37.812  -40.941  -28.978 0.5000000000
44160  -46.479  -40.435  -28.870 0.3000000119
44163  -39.015  -40.894  -29.273 0.4000000060
44166  -47.098  -40.059  -29.754 0.4000000060
44167  -47.349  -39.582  -29.848 0.4000000060
44168  -40.895  -41.141  -29.569 0.4000000060
44170  -42.530  -40.450  -30.014 0.4000000060
44172  -43.981  -40.556  -30.180 0.4000000060
44177  -45.535  -40.159  -30.349 0.4000000060
44178  -46.473  -39.946  -30.347 0.4000000060
44179  -46.754  -39.949  -30.193 0.4000000060
45348  -35.513  -39.447  -26.507 0.3000000119
45371  -36.362  -39.679  -27.066 0.4000000060
45372  -36.835  -39.790  -27.554 0.4000000060
45374  -44.598  -39.933  -27.896 0.3000000119
45377  -45.806  -39.752  -28.432 0.4000000060
45379  -38.855  -39.898  -29.262 0.4000000060
45382  -47.312  -39.719  -29.537 0.4000000060
45383  -40.730  -39.681  -29.907 0.4000000060
45385  -42.061  -39.669  -30.059 0.4000000060
45386  -42.864  -39.628  -30.155 0.4000000060
45390  -47.481  -39.313  -30.447 0.4000000060
45391  -45.129  -39.493  -30.437 0.4000000060
45393  -46.727  -39.550  -30.548 0.4000000060
45394  -46.944  -39.449  -30.568 0.4000000060
45395  -48.012  -38.931  -30.908 0.4000000060
46533  -36.950  -38.967  -27.579 0.4000000060
46540  -45.519  -39.158  -28.343 0.3000000119
46542  -46.868  -39.396  -29.049 0.3000000119
46548  -48.081  -38.906  -30.155 0.4000000060
46549  -39.888  -39.031  -29.802 0.4000000060
46551  -40.986  -39.213  -30.127 0.4000000060
46552  -41.991  -38.947  -30.061 0.4000000060
46554  -44.686  -38.823  -30.333 0.4000000060
46556  -48.097  -38.940  -29.905 0.4000000060
46558  -48.735  -38.569  -30.869 0.4000000060
46560  -46.148  -38.975  -30.636 0.4000000060
46562  -46.942  -38.880  -31.131 0.4000000060
46563  -48.111  -38.805  -31.198 0.4000000060
47681  -36.774  -38.210  -27.763 0.4000000060
47684  -44.860  -37.738  -28.043 0.3000000119
47686  -46.234  -37.875  -28.512 0.3000000119
47691  -46.636  -38.618  -28.752 0.3000000119
47694  -37.950  -38.015  -29.114 0.4000000060
47696  -39.156  -38.132  -29.810 0.4000000060
47697  -41.683  -37.923  -29.740 0.4000000060
47699  -43.084  -38.030  -29.672 0.4000000060
47702  -48.668  -38.561  -30.432 0.4000000060
47703  -39.003  -37.619  -29.811 0.4000000060
47705  -40.174  -38.116  -30.043 0.4000000060
47706  -41.869  -38.373  -29.970 0.4000000060
47709  -44.395  -38.232  -30.072 0.4000000060
47711  -49.120  -38.161  -30.822 0.3000000119
47712  -45.798  -38.466  -30.555 0.4000000060
47715  -47.617  -38.207  -31.097 0.4000000060
47716  -48.680  -38.557  -31.150 0.4000000060
47719  -48.796  -38.401  -31.332 0.4000000060
47720  -49.057  -37.980  -31.445 0.4000000060
48756  -45.979  -37.157  -28.303 0.3000000119
48760  -36.703  -36.806  -28.115 0.3000000119
48762  -37.607  -37.417  -29.071 0.4000000060
48763  -46.599  -37.252  -28.617 0.3000000119
48767  -38.145  -36.799  -29.286 0.4000000060
48768  -38.634  -37.258  -29.603 0.4000000060
48771  -41.889  -37.481  -29.338 0.4000000060
48778  -39.547  -36.960  -29.841 0.4000000060
48780  -44.236  -37.695  -29.694 0.4000000060
48782  -45.139  -37.241  -29.941 0.4000000060
48783  -46.187  -37.581  -30.411 0.4000000060
48786  -46.671  -37.358  -30.630 0.4000000060
48787  -47.262  -37.516  -31.032 0.4000000060
48789  -49.461  -37.507  -31.441 0.4000000060
48790  -49.507  -37.085  -31.722 0.4000000060
48791  -48.721  -37.859  -31.608 0.4000000060
48793  -49.307  -37.538  -31.582 0.4000000060
49797  -40.733  -35.960  -28.641 0.4000000060
49802  -47.012  -36.701  -28.719 0.3000000119
49804  -37.701  -36.179  -29.453 0.3000000119
49806  -38.778  -36.595  -29.781 0.4000000060
49808  -40.262  -36.231  -29.136 0.4000000060
49814  -44.625  -35.948  -29.559 0.4000000060
49816  -38.834  -35.939  -30.129 0.4000000060
49817  -44.787  -36.651  -29.554 0.4000000060
49822  -46.196  -36.830  -30.223 0.5000000000
49825  -49.626  -36.924  -31.172 0.3000000119
49827  -48.279  -36.446  -31.647 0.4000000060
49829  -49.335  -36.797  -32.055 0.4000000060
49830  -49.691  -36.668  -32.068 0.4000000060
49831  -49.555  -36.514  -32.290 0.3000000119
50820  -44.875  -35.169  -27.129 0.4000000060
50828  -45.261  -35.599  -27.460 0.4000000060
50829  -45.830  -35.459  -27.700 0.3000000119
50840  -46.241  -36.005  -27.858 0.3000000119
50842  -47.372  -35.457  -28.717 0.3000000119
50844  -37.406  -35.517  -29.593 0.3000000119
50847  -40.141  -35.629  -28.843 0.4000000060
50851  -47.852  -35.655  -29.211 0.3000000119
50853  -38.692  -35.279  -30.095 0.4000000060
50866  -49.988  -36.191  -32.023 0.4000000060
50869  -49.750  -36.234  -32.320 0.3000000119
51881  -45.493  -34.942  -27.417 0.4000000060
51883  -46.592  -34.630  -28.077 0.4000000060
51889  -40.851  -34.909  -28.273 0.4000000060
51895  -46.873  -35.203  -28.372 0.4000000060
51897  -36.748  -34.458  -29.394 0.3000000119
51898  -37.274  -34.820  -29.701 0.3000000119
51899  -37.947  -35.047  -29.912 0.4000000060
51900  -39.323  -34.585  -29.735 0.4000000060
51901  -39.756  -35.107  -29.364 0.4000000060
51910  -39.450  -35.151  -29.972 0.4000000060
51921  -50.304  -34.595  -32.484 0.4000000060
51924  -49.881  -35.419  -32.362 0.4000000060
52967  -40.145  -33.840  -27.949 0.4000000060
52971  -45.634  -34.281  -27.247 0.4000000060
52972  -46.123  -34.355  -27.618 0.4000000060
52973  -46.596  -33.940  -27.823 0.4000000060
52978  -39.042  -33.742  -28.790 0.4000000060
52979  -39.588  -34.100  -28.508 0.4000000060
52986  -47.429  -34.019  -28.510 0.4000000060
52988  -37.344  -34.094  -29.835 0.4000000060
52989  -38.865  -33.969  -29.447 0.4000000060
52991  -47.707  -34.410  -28.853 0.4000000060
52992  -48.209  -34.489  -29.280 0.4000000060
52995  -38.724  -34.245  -29.870 0.4000000060
52998  -46.967  -34.044  -30.661 0.5000000000
54114  -39.305  -32.852  -27.257 0.4000000060
54120  -45.545  -33.204  -26.969 0.4000000060
54127  -39.732  -33.291  -27.611 0.4000000060
54133  -45.975  -33.263  -27.284 0.4000000060
54134  -46.532  -33.366  -27.646 0.4000000060
54140  -47.125  -33.545  -28.094 0.4000000060
54145  -38.632  -33.299  -29.238 0.4000000060
54148  -47.887  -33.929  -28.874 0.4000000060
54151  -37.467  -33.280  -29.980 0.3000000119
54152  -37.952  -33.223  -29.908 0.3000000119
54153  -38.433  -33.547  -29.771 0.4000000060
55394  -38.104  -32.205  -28.755 0.4000000060
55395  -38.434  -32.685  -29.036 0.4000000060
56705  -37.688  -31.723  -28.557 0.4000000060
194621  -42.449  -43.805  -26.228 0.5000000000
194637  -41.417  -56.812  -25.941 0.4000000060
194986  -47.092  -39.595  -30.298 0.4000000060
195097  -39.599  -44.383  -25.835 0.6000000238
195393  -40.395  -44.546  -25.826 0.6000000238
195964  -38.308  -43.997  -25.691 0.6999999881
196550  -43.133  -39.001  -30.113 0.4000000060
197179  -37.853  -46.417  -26.072 0.6999999881
197816  -34.468  -54.337  -25.456 0.6000000238
198190  -38.424  -34.493  -30.002 0.4000000060
198274  -44.378  -41.166  -30.035 0.4000000060
198402  -36.187  -45.694  -25.484 0.6999999881
198814  -43.881  -43.572  -27.156 0.5000000000
199528  -34.198  -46.453  -25.529 0.6000000238
199840  -36.316  -47.457  -26.213 0.6999999881
199924  -47.051  -36.251  -30.923 0.5000000000
199934  -31.208  -61.354  -31.757 0.4000000060
200248  -36.021  -56.676  -28.909 0.5000000000
200295  -50.086  -35.573  -31.887 0.4000000060
201983  -33.767  -44.514  -28.664 0.5000000000
202119  -39.025  -50.820  -25.450 0.3000000119
202180  -43.818  -39.693  -27.586 0.3000000119
202523  -46.535  -38.623  -30.776 0.4000000060
203201  -43.747  -41.107  -27.132 0.3000000119
203259  -42.534  -41.250  -29.833 0.4000000060
203299  -30.933  -58.010  -26.278 0.4000000060
203540  -38.548  -50.333  -29.899 0.6999999881
203586  -33.490  -51.608  -28.023 0.5000000000
204235  -45.685  -37.214  -30.159 0.4000000060
204544  -34.675  -56.523  -26.215 0.6000000238
204875  -40.702  -38.580  -30.123 0.4000000060
205293  -49.258  -37.923  -31.294 0.4000000060
205346  -30.154  -55.058  -24.037 0.5000000000
205385  -42.968  -51.074  -28.183 0.5000000000
205423  -36.476  -43.507  -26.497 0.6000000238
205789  -43.696  -49.764  -27.453 0.5000000000
206173  -45.500  -40.922  -28.307 0.4000000060
207491  -44.116  -39.991  -30.310 0.4000000060
208272  -34.162  -56.258  -30.480 0.4000000060
208419  -38.660  -50.629  -29.660 0.6999999881
208755  -29.972  -47.665  -27.329 0.4000000060
208790  -37.792  -39.181  -28.440 0.4000000060
208893  -37.196  -56.791  -28.933 0.5000000000
208973  -35.665  -60.364  -31.204 0.3000000119
209424  -43.611  -46.996  -24.656 0.5000000000
209781  -38.219  -39.370  -28.968 0.4000000060
209794  -47.141  -38.907  -29.207 0.3000000119
209857  -45.245  -38.491  -28.074 0.3000000119
210412  -37.044  -48.014  -26.735 0.6999999881
210697  -31.738  -61.074  -32.698 0.3000000119
211244  -41.020  -43.325  -29.590 0.5000000000
211287  -35.547  -55.906  -26.054 0.6000000238
211332  -41.104  -47.820  -25.215 0.3000000119
211588  -35.340  -47.538  -25.979 0.6000000238
212061  -38.200  -58.289  -30.513 0.3000000119
212163  -39.788  -58.097  -26.760 0.3000000119
212266  -36.725  -50.985  -28.825 0.6999999881
212512  -37.213  -40.153  -28.187 0.4000000060
212586  -40.786  -40.369  -29.667 0.4000000060
212683  -47.423  -35.170  -31.216 0.5000000000
213118  -41.199  -56.691  -26.830 0.5000000000
213173  -48.525  -37.288  -31.728 0.4000000060
213523  -32.362  -55.031  -24.743 0.4000000060
213631  -43.321  -50.276  -27.747 0.5000000000
213797  -41.382  -52.293  -26.135 0.3000000119
213948  -43.870  -49.419  -27.096 0.5000000000
214238  -33.608  -52.555  -26.120 0.5000000000
214372  -40.668  -37.991  -29.983 0.4000000060
214596  -30.680  -56.566  -28.753 0.4000000060
214840  -41.432  -56.753  -26.414 0.5000000000
215016  -42.706  -53.678  -27.263 0.5000000000
215483  -45.753  -36.077  -29.981 0.4000000060
215842  -32.087  -52.603  -26.093 0.5000000000
215875  -39.710  -38.370  -30.018 0.4000000060
215946  -39.430  -56.965  -27.649 0.6000000238
216184  -43.911  -44.928  -24.467 0.4000000060
216425  -44.395  -41.893  -29.694 0.5000000000
216459  -43.888  -42.376  -29.666 0.5000000000
216927  -31.649  -59.835  -29.123 0.4000000060
216931  -33.388  -57.579  -30.142 0.4000000060
217350  -44.130  -43.648  -26.187 0.6000000238
217378  -42.309  -49.826  -26.331 0.4000000060
217475  -35.489  -59.782  -32.177 0.4000000060
218407  -38.216  -56.679  -27.428 0.6000000238
218538  -42.818  -53.018  -27.752 0.5000000000
218576  -47.511  -32.930  -28.455 0.4000000060
218764  -47.922  -38.556  -31.047 0.4000000060
218803  -32.419  -57.304  -25.663 0.4000000060
219176  -38.485  -49.998  -29.788 0.8000000119
219566  -41.019  -56.206  -26.906 0.6000000238
219683  -39.868  -42.740  -27.017 0.5000000000
219691  -38.971  -42.861  -26.789 0.6999999881
219914  -39.451  -47.879  -27.397 0.6999999881
220546  -46.010  -40.447  -30.169 0.4000000060
220749  -45.667  -35.968  -27.670 0.3000000119
220768  -45.291  -42.447  -28.507 0.4000000060
221088  -31.084  -59.037  -28.809 0.4000000060
221373  -47.858  -38.757  -30.882 0.4000000060
221934  -30.518  -47.039  -27.072 0.4000000060
222826  -27.823  -64.193  -30.489 0.3000000119
222828  -30.091  -61.800  -29.250 0.4000000060
224108  -35.794  -51.257  -28.329 0.6999999881
224163  -43.674  -45.912  -24.287 0.5000000000
224470  -35.910  -41.144  -27.209 0.3000000119
224509  -40.982  -42.738  -27.308 0.5000000000
224756  -35.158  -49.915  -28.959 0.6999999881
225180  -40.852  -45.068  -25.844 0.6000000238
225349  -38.567  -45.422  -25.866 0.6999999881
225549  -44.137  -43.132  -25.990 0.5000000000
226062  -37.496  -50.512  -30.082 0.6000000238
226089  -42.899  -51.427  -28.167 0.5000000000
226292  -35.785  -48.222  -26.669 0.6999999881
226544  -33.802  -46.008  -25.720 0.6000000238
226575  -43.610  -43.653  -26.811 0.5000000000
226796  -38.120  -49.758  -29.446 0.6999999881
226893  -34.785  -46.616  -25.491 0.6000000238
227338  -34.433  -55.739  -30.250 0.5000000000
227395  -32.423  -45.220  -27.921 0.5000000000
227913  -31.342  -50.787  -28.397 0.5000000000
227974  -34.882  -49.942  -28.738 0.5000000000
228148  -38.773  -43.678  -25.927 0.6999999881
228481  -43.308  -38.502  -29.941 0.4000000060
228738  -36.898  -36.621  -28.663 0.3000000119
228881  -36.372  -56.826  -30.527 0.4000000060
229286  -31.428  -55.960  -30.916 0.4000000060
229556  -38.849  -38.484  -29.477 0.4000000060
229784  -31.399  -52.877  -25.800 0.5000000000
229793  -44.532  -42.898  -26.937 0.5000000000
229809  -34.374  -56.147  -25.720 0.5000000000
230266  -39.522  -58.403  -29.440 0.4000000060
231347  -30.452  -50.667  -28.044 0.5000000000
231493  -44.088  -44.506  -25.328 0.5000000000
231797  -40.088  -51.309  -25.797 0.3000000119
231893  -41.532  -39.290  -30.077 0.4000000060
232123  -35.838  -59.453  -31.790 0.4000000060
232493  -39.677  -43.214  -28.810 0.5000000000
232674  -45.526  -40.058  -28.323 0.4000000060
232704  -38.636  -49.049  -28.478 0.8000000119
233040  -41.223  -53.345  -25.622 0.3000000119
233207  -42.549  -54.160  -26.357 0.4000000060
233710  -40.572  -51.307  -25.961 0.3000000119
233779  -43.642  -40.165  -27.450 0.3000000119
233802  -45.819  -34.614  -27.486 0.4000000060
234003  -38.795  -57.375  -29.827 0.5000000000
234264  -31.794  -54.808  -24.554 0.4000000060
234402  -29.932  -62.705  -30.960 0.4000000060
234528  -46.596  -40.729  -29.470 0.4000000060
