#!ascii label  , from subject sub-06_ses-013 vox2ras=TkReg
1729
44444  25.295  -37.093  18.748 0.8999999762
180195  25.620  -37.797  18.593 0.8000000119
182991  25.884  -37.585  17.996 0.8000000119
42018  26.136  -38.476  17.424 0.6999999881
178906  26.073  -37.934  16.900 0.8000000119
44445  24.519  -36.727  18.827 0.8999999762
45678  25.568  -36.646  18.506 1.0000000000
44464  25.942  -36.891  17.898 1.0000000000
44486  26.072  -36.873  17.133 0.8999999762
202432  26.069  -37.331  16.829 0.8000000119
43278  25.679  -37.673  15.569 0.8000000119
43273  25.928  -37.519  16.264 0.8999999762
196757  25.630  -38.406  15.389 0.8000000119
43279  25.260  -37.774  14.823 0.6999999881
42050  25.029  -38.729  14.805 0.6999999881
201936  23.689  -36.406  18.614 0.8000000119
209269  23.952  -36.200  18.718 0.8999999762
45681  23.293  -35.825  18.712 0.8999999762
176083  22.459  -36.002  18.799 0.8999999762
45701  25.258  -36.005  18.443 0.8999999762
45700  25.740  -36.198  18.017 1.0000000000
44503  26.024  -36.908  16.473 0.8999999762
46886  25.842  -35.766  16.420 1.0000000000
45756  25.833  -36.377  16.112 0.8999999762
44517  25.771  -37.006  15.837 0.8999999762
185751  24.421  -38.356  13.839 0.6999999881
46831  23.465  -35.387  19.006 0.8999999762
45682  22.751  -35.810  18.854 0.8999999762
45651  22.575  -35.777  19.281 0.8999999762
44433  22.460  -36.509  19.660 0.8999999762
45680  24.164  -35.873  18.759 0.8999999762
185829  24.763  -35.752  18.724 0.8999999762
46852  25.873  -35.681  17.609 1.0000000000
45771  25.078  -36.493  15.057 0.8000000119
44531  24.967  -37.010  14.714 0.8000000119
43294  24.354  -37.769  13.810 0.8000000119
43295  23.801  -37.518  13.292 0.8000000119
43302  23.137  -37.895  12.955 0.8000000119
44554  22.786  -37.447  12.647 0.8000000119
44409  22.290  -37.203  20.430 0.8999999762
43168  21.950  -37.746  20.620 0.8000000119
43186  21.567  -38.032  20.236 0.8000000119
46830  24.239  -35.172  18.904 0.8999999762
183239  21.604  -37.791  21.185 0.6999999881
41925  21.154  -38.520  20.647 0.6999999881
41926  20.527  -38.671  20.961 0.6999999881
46829  25.010  -35.344  18.561 0.8999999762
43171  20.114  -38.133  21.315 0.6999999881
41927  19.775  -38.691  21.046 0.6999999881
47942  25.244  -34.832  18.140 1.0000000000
43173  18.639  -37.983  21.061 0.6000000238
46853  25.454  -35.554  18.066 1.0000000000
47957  25.810  -35.160  17.193 1.0000000000
46869  25.937  -35.739  17.017 1.0000000000
46907  25.434  -35.791  15.819 1.0000000000
45757  25.434  -36.466  15.562 0.8999999762
46887  25.611  -35.188  16.235 1.0000000000
46908  25.041  -35.486  15.298 0.8999999762
46924  24.856  -35.930  14.922 0.8000000119
45772  24.639  -36.441  14.670 0.8000000119
45785  23.798  -36.400  13.898 0.8000000119
45797  22.915  -36.458  13.099 0.8000000119
44547  23.193  -37.122  12.932 0.8000000119
45810  22.554  -36.911  12.724 0.8000000119
45798  22.244  -36.260  12.795 0.8000000119
46963  21.550  -36.049  12.397 0.8000000119
46798  22.874  -35.554  19.118 0.8999999762
45623  22.656  -36.059  20.009 0.8999999762
46775  22.904  -35.595  19.847 0.8999999762
187456  22.112  -37.329  21.066 0.8999999762
47913  23.742  -34.896  19.195 0.8999999762
43170  20.967  -38.150  21.229 0.6999999881
44388  20.481  -37.635  21.658 0.6000000238
43172  19.337  -38.105  21.347 0.6000000238
47911  24.804  -34.781  18.661 1.0000000000
43187  17.945  -37.869  20.845 0.5000000000
47958  25.516  -34.628  17.478 1.0000000000
44410  17.714  -37.230  20.601 0.5000000000
47976  25.569  -34.693  16.754 1.0000000000
183772  25.226  -35.165  15.739 1.0000000000
190999  24.525  -35.357  14.908 0.8999999762
45784  24.195  -36.411  14.281 0.8000000119
46925  24.038  -35.298  14.419 0.8999999762
46941  23.803  -35.895  14.186 0.8000000119
188293  23.165  -36.051  13.787 0.8000000119
48012  23.711  -34.796  14.413 0.8999999762
46942  23.470  -35.185  13.925 0.8000000119
48029  22.840  -34.801  13.697 0.8999999762
46954  21.990  -35.569  12.873 0.8000000119
46964  20.813  -35.697  12.496 0.8000000119
48061  20.664  -35.050  12.514 0.8000000119
207297  20.256  -35.441  12.357 0.8000000119
46748  22.821  -36.333  21.535 0.8999999762
46797  23.240  -35.203  19.437 0.8999999762
47863  23.421  -35.070  20.272 0.8999999762
45596  21.577  -37.239  21.546 0.6999999881
44387  20.938  -37.111  21.743 0.8000000119
47886  24.064  -34.331  19.308 0.8999999762
47887  23.763  -34.771  19.644 0.8999999762
44389  19.727  -37.559  21.635 0.6999999881
44390  19.018  -37.417  21.228 0.6000000238
44391  18.345  -37.321  20.898 0.6000000238
45598  19.433  -36.844  21.442 0.6999999881
45599  18.646  -36.682  21.049 0.6000000238
45600  18.130  -36.815  20.612 0.5000000000
49073  24.906  -34.317  18.486 1.0000000000
46750  18.113  -36.212  20.630 0.5000000000
45624  17.593  -36.615  20.391 0.5000000000
49099  25.070  -34.110  17.906 1.0000000000
49116  25.110  -34.066  17.158 1.0000000000
49135  24.997  -34.145  16.477 1.0000000000
47995  25.164  -34.686  16.102 1.0000000000
48011  24.124  -34.787  14.857 0.8999999762
49117  24.615  -33.529  16.759 1.0000000000
49136  24.535  -33.693  16.138 0.8999999762
49159  24.343  -34.005  15.626 0.8999999762
49178  23.636  -34.218  14.749 0.8999999762
49177  24.126  -34.301  15.184 0.8999999762
49179  22.959  -33.913  14.564 0.8999999762
48030  22.159  -34.499  13.539 0.8999999762
48046  21.766  -34.885  13.058 0.8999999762
50297  23.327  -33.613  14.952 0.8999999762
49197  22.587  -34.171  14.031 0.8999999762
48047  21.122  -34.607  12.748 0.8999999762
49198  21.911  -33.727  13.809 0.8999999762
182256  23.291  -35.643  20.768 0.8999999762
177848  23.010  -36.109  20.832 0.8999999762
45595  22.235  -36.852  21.587 0.8999999762
46747  23.206  -35.800  21.436 0.8999999762
45574  22.168  -36.200  21.992 1.0000000000
45575  21.514  -36.691  21.954 0.8000000119
47843  23.813  -34.777  21.108 0.8999999762
45597  20.213  -36.973  21.666 0.6999999881
47912  24.274  -34.438  18.945 0.8999999762
45577  19.902  -36.301  21.635 0.6999999881
46749  19.204  -36.153  21.228 0.6999999881
200306  18.616  -36.052  20.965 0.5000000000
49074  24.552  -33.705  18.396 1.0000000000
46777  17.470  -35.939  20.208 0.5000000000
46800  17.146  -35.544  19.766 0.5000000000
49100  24.571  -33.363  17.540 1.0000000000
50233  24.176  -32.896  17.049 1.0000000000
183016  24.312  -32.641  17.718 1.0000000000
50255  24.157  -33.094  16.406 0.8999999762
49160  23.824  -33.738  15.267 0.8999999762
50298  22.683  -33.268  14.937 0.8999999762
48115  18.269  -34.917  10.234 0.6999999881
48099  17.144  -34.126  10.793 0.8000000119
49283  17.328  -34.655  11.120 0.8000000119
49262  17.014  -34.005  11.224 0.8000000119
49025  24.029  -34.565  20.404 0.8999999762
184277  23.243  -35.333  21.723 1.0000000000
47827  22.359  -34.894  22.261 1.0000000000
46727  21.224  -35.884  22.155 0.6999999881
45576  20.695  -36.479  21.923 0.6999999881
179647  24.334  -33.884  19.035 0.8999999762
49050  24.175  -34.284  19.860 0.8999999762
46729  19.575  -35.616  21.628 0.6999999881
207906  18.398  -35.722  20.740 0.6000000238
49049  24.310  -33.623  19.563 0.8999999762
50210  24.454  -33.007  18.236 1.0000000000
50256  23.708  -32.514  16.799 1.0000000000
50338  18.852  -33.201  12.484 0.8999999762
48096  19.471  -34.728  9.985 0.6000000238
49282  18.311  -34.242  10.139 0.6000000238
49298  17.671  -34.274  10.651 0.8000000119
199398  16.683  -33.726  10.476 0.8000000119
189490  17.586  -34.291  11.619 0.8999999762
49222  18.466  -33.986  12.498 0.8999999762
49024  24.361  -33.839  20.511 0.8999999762
205768  24.149  -34.314  21.060 0.8999999762
195141  20.653  -35.302  22.301 0.8000000119
46728  20.306  -35.778  22.021 0.6999999881
47845  19.301  -34.959  21.548 0.6999999881
47864  18.633  -34.473  20.737 0.6000000238
47888  17.500  -34.517  19.714 0.4000000060
50188  24.464  -33.286  18.890 1.0000000000
51338  24.406  -32.178  17.799 1.0000000000
51360  23.908  -32.191  17.362 1.0000000000
52557  23.731  -31.874  17.047 1.0000000000
206835  19.391  -32.484  12.998 0.8999999762
52676  19.498  -31.893  13.292 0.8999999762
51506  17.133  -32.440  11.621 0.8999999762
199213  18.375  -32.916  12.233 0.8999999762
49279  20.865  -34.086  10.425 0.6000000238
49280  19.938  -34.103  10.337 0.6000000238
49281  19.106  -34.122  10.244 0.6000000238
50397  18.534  -33.554  10.490 0.8000000119
49299  16.945  -33.881  10.417 0.8000000119
50362  16.940  -33.368  11.392 0.8999999762
49005  23.326  -34.455  21.976 0.8999999762
47826  22.995  -34.906  21.964 0.8999999762
47828  21.537  -34.767  22.402 0.6999999881
48989  23.429  -33.891  22.144 0.8999999762
193816  22.723  -34.182  22.197 0.8999999762
47830  20.029  -34.995  22.073 0.6000000238
50149  24.632  -33.242  20.166 1.0000000000
49003  24.309  -33.828  21.379 1.0000000000
183522  19.658  -34.352  21.764 0.6000000238
47846  19.100  -34.392  21.281 0.6000000238
49026  18.500  -33.970  20.356 0.5000000000
50166  24.594  -33.013  19.471 1.0000000000
51298  25.136  -32.689  19.551 1.0000000000
51317  24.781  -32.604  18.802 1.0000000000
51337  24.875  -32.208  18.185 1.0000000000
52556  24.275  -31.800  17.385 1.0000000000
52586  23.370  -31.647  16.609 1.0000000000
51386  22.868  -31.723  16.247 1.0000000000
51408  22.511  -32.075  15.857 1.0000000000
52628  21.950  -31.443  15.053 1.0000000000
51425  21.720  -31.972  14.771 0.8999999762
51409  22.094  -32.067  15.418 0.8999999762
51475  20.067  -32.092  13.562 0.8999999762
51504  18.503  -32.031  12.335 0.8999999762
197689  16.625  -32.868  11.156 0.8999999762
188896  21.516  -33.717  10.938 0.6000000238
50395  20.433  -33.415  10.477 0.6000000238
50396  19.505  -33.444  10.522 0.6000000238
50398  17.829  -32.984  10.493 0.8000000119
202322  16.745  -33.081  10.488 0.8000000119
191907  23.956  -33.731  21.896 0.8999999762
50133  22.214  -33.635  22.441 0.6999999881
210984  20.685  -34.209  22.435 0.6000000238
48993  20.014  -33.739  21.879 0.6000000238
50139  24.847  -33.306  21.103 0.8999999762
49006  19.371  -33.773  21.488 0.6000000238
49007  18.850  -33.873  20.986 0.5000000000
50165  25.059  -32.896  19.980 1.0000000000
51283  25.557  -32.452  20.069 0.8999999762
52542  24.850  -31.922  17.816 1.0000000000
52585  24.806  -31.434  16.739 1.0000000000
182087  24.014  -31.555  16.670 1.0000000000
52608  22.978  -31.078  16.202 1.0000000000
53862  22.256  -30.908  15.152 1.0000000000
52629  21.457  -31.384  14.533 1.0000000000
53896  20.470  -30.975  13.484 0.8999999762
52675  19.974  -31.481  13.400 0.8999999762
52677  18.992  -31.949  12.858 0.8999999762
53916  17.615  -31.222  11.714 0.8999999762
194160  21.464  -32.657  10.978 0.6000000238
51538  20.788  -32.696  10.583 0.6000000238
51539  19.981  -32.735  10.547 0.6000000238
51540  18.959  -32.728  10.545 0.6999999881
51548  18.173  -32.285  10.163 0.6999999881
51549  17.182  -32.397  10.227 0.6999999881
193547  16.210  -32.187  10.443 0.8000000119
52712  16.144  -31.763  10.721 0.8999999762
49260  22.036  -33.180  11.146 0.6000000238
52750  17.493  -31.728  9.896 0.6999999881
51550  16.497  -32.408  10.283 0.8000000119
52735  16.143  -31.858  10.141 0.8999999762
48992  20.629  -33.710  22.330 0.6999999881
51271  19.712  -33.070  21.714 0.6000000238
50140  24.368  -33.276  21.858 0.8999999762
50131  23.698  -33.236  22.268 0.8000000119
50134  22.026  -32.977  22.354 0.6999999881
50148  25.182  -32.861  20.562 0.8999999762
50138  25.139  -32.683  21.128 0.8000000119
182415  25.562  -32.298  19.312 1.0000000000
51316  25.972  -31.660  18.987 0.8999999762
52521  25.373  -32.057  18.617 1.0000000000
52541  25.325  -31.824  18.069 1.0000000000
52555  25.281  -31.651  17.417 1.0000000000
52584  25.680  -31.184  16.768 1.0000000000
53823  24.457  -31.158  16.154 1.0000000000
53842  23.353  -30.745  15.781 1.0000000000
53843  22.810  -30.869  15.543 1.0000000000
53863  21.751  -30.924  14.675 1.0000000000
53895  20.841  -30.520  13.829 0.8999999762
53897  19.880  -30.892  13.064 0.8999999762
194461  19.375  -31.427  12.955 0.8999999762
53915  18.515  -30.660  11.926 0.8999999762
52749  18.542  -31.650  9.869 0.6999999881
53927  16.615  -31.114  11.069 0.8999999762
51537  22.197  -32.420  11.061 0.6000000238
53967  17.962  -31.062  9.640 0.6999999881
53969  16.331  -31.158  9.773 0.6999999881
194939  21.432  -33.480  22.412 0.6999999881
50135  20.288  -33.229  22.070 0.6000000238
51276  24.115  -32.607  22.287 0.8000000119
51267  23.320  -32.542  22.451 0.8000000119
51269  21.741  -32.285  22.364 0.6999999881
210286  21.375  -32.779  22.389 0.6999999881
51274  25.241  -32.151  21.428 0.6999999881
188036  24.932  -31.930  21.958 0.8000000119
52493  25.876  -31.720  20.510 0.6999999881
51297  25.946  -31.785  19.729 0.6999999881
183153  26.464  -31.639  18.394 0.8000000119
52539  26.590  -31.471  17.723 0.8000000119
52540  25.939  -31.660  17.874 0.8000000119
52553  26.681  -31.391  17.152 0.8000000119
52554  26.172  -31.529  17.251 0.8999999762
53822  25.285  -31.092  16.123 1.0000000000
53841  24.117  -30.863  15.648 1.0000000000
53861  22.776  -30.486  14.906 1.0000000000
53878  22.171  -30.405  14.623 1.0000000000
53860  23.835  -30.618  15.080 1.0000000000
194632  23.247  -30.579  15.161 1.0000000000
186707  21.612  -30.418  14.407 1.0000000000
55109  20.873  -29.938  13.513 1.0000000000
55110  20.355  -30.303  13.154 0.8999999762
55129  19.931  -29.746  12.583 0.8999999762
53914  19.208  -30.768  12.620 0.8999999762
55130  19.143  -30.006  12.327 0.8999999762
203808  21.753  -31.952  10.724 0.6000000238
52733  21.122  -32.039  10.618 0.6000000238
51547  19.711  -32.128  10.272 0.6000000238
52748  19.417  -31.550  9.978 0.6999999881
53926  17.510  -30.454  11.406 0.8999999762
181116  15.937  -31.089  10.468 0.8999999762
53987  18.496  -30.417  9.499 0.6999999881
53968  16.920  -31.218  9.240 0.6999999881
53945  15.944  -30.474  10.266 0.8999999762
55157  16.455  -29.787  10.249 0.8999999762
188071  23.707  -31.802  22.342 0.6999999881
192320  22.896  -31.859  22.370 0.6000000238
52479  21.514  -31.639  22.172 0.6000000238
192773  20.309  -32.651  22.031 0.6000000238
176094  25.181  -31.363  21.659 0.6999999881
53715  23.588  -30.902  22.237 0.6000000238
52484  25.679  -31.166  21.116 0.6999999881
53746  26.218  -31.139  20.051 0.6999999881
52504  26.234  -31.226  19.483 0.6999999881
53781  26.983  -31.044  17.480 0.8000000119
52583  26.491  -31.344  16.662 0.8000000119
53821  26.129  -31.207  16.038 0.8000000119
53840  24.920  -30.938  15.539 1.0000000000
53839  25.720  -30.954  15.484 0.8000000119
55069  23.458  -30.129  14.575 1.0000000000
55085  22.757  -29.846  14.399 1.0000000000
55108  21.492  -29.669  13.547 1.0000000000
179685  23.253  -29.735  13.927 1.0000000000
206141  22.100  -29.408  13.505 1.0000000000
56362  21.104  -29.402  13.065 1.0000000000
187369  20.606  -29.175  12.429 1.0000000000
56383  19.890  -29.040  12.325 1.0000000000
56384  19.442  -29.438  12.153 0.8999999762
52734  20.449  -32.054  10.476 0.6000000238
53925  18.410  -29.939  11.646 0.8999999762
52746  20.836  -31.432  10.393 0.6000000238
52747  20.174  -31.497  10.147 0.6999999881
55145  17.572  -29.688  11.072 0.8999999762
53965  19.852  -30.976  9.780 0.6999999881
55183  18.011  -29.865  9.170 0.6999999881
55185  16.820  -29.940  9.503 0.8999999762
53718  21.306  -31.019  21.928 0.5000000000
208980  24.115  -30.778  22.024 0.6000000238
53716  22.789  -30.769  22.318 0.5000000000
53734  25.816  -30.557  21.120 0.6999999881
53724  25.331  -30.561  21.533 0.6999999881
53733  26.060  -30.920  20.621 0.6999999881
53745  26.728  -30.762  19.692 0.6999999881
53732  26.610  -30.551  20.299 0.6999999881
53762  27.377  -30.405  18.392 0.6999999881
53780  27.310  -30.607  17.854 0.6999999881
53796  27.011  -31.149  16.798 0.8000000119
53820  26.789  -30.980  16.095 0.8000000119
53855  26.962  -30.601  15.474 0.8000000119
53838  26.419  -30.933  15.454 0.8000000119
53856  26.678  -30.578  14.941 0.8000000119
53857  26.092  -30.763  14.880 0.8000000119
53876  25.003  -30.570  14.340 0.8999999762
53877  24.253  -30.394  14.429 1.0000000000
53875  25.754  -30.520  14.316 0.8000000119
55105  24.505  -29.984  13.162 0.8999999762
205316  23.555  -29.874  13.467 1.0000000000
56361  22.599  -29.294  12.950 1.0000000000
56381  21.784  -29.187  12.919 1.0000000000
57631  20.338  -28.727  12.123 1.0000000000
56401  19.119  -28.929  11.780 0.8999999762
56385  18.957  -29.518  11.831 0.8999999762
56402  18.322  -29.220  11.503 0.8999999762
182110  19.058  -28.362  11.425 0.8999999762
56403  17.643  -28.984  10.904 0.8999999762
209442  21.883  -31.043  9.744 0.6000000238
53964  20.615  -31.046  9.777 0.6000000238
53986  19.490  -30.501  9.373 0.6999999881
56442  17.343  -29.290  9.447 0.8000000119
56415  16.850  -29.080  10.372 0.8999999762
53962  22.362  -30.959  9.750 0.6000000238
193709  20.419  -30.160  8.808 0.6999999881
55182  19.083  -29.885  9.250 0.6999999881
57700  17.317  -28.583  9.771 0.8000000119
57666  17.347  -28.045  10.320 0.8999999762
56441  17.875  -29.261  9.212 0.6999999881
57680  17.218  -27.913  9.766 0.8999999762
54957  23.871  -30.315  21.950 0.5000000000
54959  22.346  -30.195  22.169 0.5000000000
54981  25.499  -29.891  21.235 0.6999999881
54971  23.548  -29.736  21.688 0.5000000000
54980  26.175  -30.232  20.781 0.6999999881
54989  26.945  -30.199  19.816 0.6999999881
54990  26.529  -29.860  20.312 0.6999999881
55004  27.107  -30.491  19.029 0.6999999881
55003  27.529  -29.884  18.660 0.6999999881
189258  27.804  -29.937  17.272 0.6999999881
53795  27.458  -30.551  17.202 0.6999999881
53837  27.133  -30.357  15.981 0.8000000119
202610  27.192  -30.331  15.038 0.8000000119
53874  26.436  -30.456  14.309 0.8000000119
55104  25.146  -29.999  13.277 0.8000000119
55128  23.730  -29.436  12.634 0.8999999762
56360  23.188  -29.294  12.650 1.0000000000
184044  22.306  -29.033  12.466 1.0000000000
56382  21.195  -29.109  12.534 1.0000000000
55103  25.849  -29.858  13.146 0.8000000119
55126  25.171  -29.660  12.649 0.8000000119
56380  22.853  -29.075  12.317 0.8999999762
57663  21.428  -28.242  11.569 1.0000000000
57630  21.009  -28.762  12.047 1.0000000000
57644  22.193  -28.323  11.671 0.8999999762
58963  20.174  -28.019  11.192 1.0000000000
57646  19.787  -28.474  11.722 1.0000000000
57664  19.377  -27.949  11.180 1.0000000000
183993  17.916  -28.146  10.685 0.8999999762
53985  20.339  -30.584  9.149 0.6999999881
58979  18.896  -27.514  10.569 0.8999999762
53963  21.371  -31.131  9.836 0.6000000238
53984  21.089  -30.798  9.131 0.6000000238
58992  17.633  -27.412  9.899 0.8999999762
55180  20.868  -30.241  8.769 0.6999999881
56440  19.636  -29.434  8.800 0.6999999881
57697  19.308  -28.657  8.846 0.6999999881
57699  17.698  -28.487  9.270 0.6999999881
188562  17.445  -27.818  9.161 0.8000000119
57728  18.836  -28.029  8.531 0.6999999881
59005  17.632  -27.337  9.418 0.8000000119
60249  17.929  -26.864  9.606 0.8999999762
57729  17.949  -27.950  8.635 0.6999999881
54969  24.966  -29.974  21.735 0.6000000238
54970  24.325  -29.822  21.799 0.5000000000
56238  25.966  -29.469  20.774 0.5000000000
56263  27.102  -29.666  19.213 0.6999999881
56262  27.467  -29.231  18.886 0.6999999881
56291  28.001  -29.429  17.540 0.6999999881
55031  28.106  -29.605  16.954 0.6999999881
189801  27.739  -30.087  16.766 0.6999999881
55045  28.040  -29.761  16.464 0.6999999881
55046  27.669  -30.111  16.184 0.6999999881
55057  27.580  -30.134  15.493 0.8000000119
55068  26.956  -30.120  14.550 0.8000000119
55067  27.543  -29.891  14.856 0.8000000119
55102  26.510  -29.857  13.377 0.8000000119
56358  26.974  -28.760  13.071 0.8000000119
56376  25.896  -29.295  12.601 0.8000000119
56378  24.156  -29.193  12.071 0.8000000119
56400  23.081  -28.828  11.784 0.8999999762
57662  21.996  -27.913  11.276 0.8999999762
58962  20.854  -27.984  11.208 1.0000000000
57640  25.090  -28.408  11.611 0.8000000119
57641  24.370  -28.444  11.475 0.8000000119
58978  19.756  -27.540  10.697 1.0000000000
58977  20.568  -27.551  10.778 1.0000000000
54001  22.155  -30.542  8.457 0.6000000238
60235  19.302  -27.060  10.129 1.0000000000
55196  20.450  -29.677  8.565 0.6999999881
56464  20.151  -28.863  8.594 0.6999999881
60236  18.452  -26.947  10.102 0.8999999762
61471  19.086  -26.592  9.705 1.0000000000
57727  19.800  -28.171  8.454 0.6999999881
59026  19.402  -27.460  8.326 0.8000000119
59028  17.841  -27.321  8.811 0.8000000119
56274  27.714  -29.197  18.218 0.6999999881
57527  27.658  -28.442  18.169 0.6999999881
57545  28.076  -28.691  17.625 0.6999999881
56290  28.222  -29.101  17.124 0.6999999881
56306  28.284  -29.205  16.482 0.6999999881
56319  28.336  -29.107  15.702 0.6999999881
56331  27.866  -29.361  14.607 0.6999999881
56330  28.274  -28.975  15.029 0.6999999881
56343  27.623  -29.095  14.001 0.8000000119
56344  27.045  -29.402  13.551 0.8000000119
56375  26.393  -28.881  12.726 0.8000000119
57624  27.157  -28.060  12.894 0.8000000119
57639  25.780  -28.254  11.748 0.8000000119
57660  23.408  -28.038  10.972 0.8999999762
57661  22.689  -28.088  11.120 0.8999999762
200526  24.178  -27.851  11.056 0.8000000119
58974  23.009  -27.501  10.628 0.8999999762
58976  21.418  -27.650  10.881 0.8999999762
55194  21.820  -30.032  8.152 0.6000000238
60231  22.480  -27.069  10.266 0.8999999762
60232  21.758  -27.215  10.176 0.8999999762
60234  20.138  -27.029  10.291 1.0000000000
55193  22.381  -30.285  7.894 0.6000000238
61470  19.640  -26.487  9.852 0.8999999762
57726  20.569  -28.399  8.352 0.6999999881
182883  19.142  -26.022  9.330 0.8999999762
60276  19.127  -27.047  8.217 0.8000000119
61521  18.567  -26.237  8.909 0.8999999762
61500  18.892  -25.859  9.113 0.8000000119
57544  28.277  -28.592  16.949 0.6999999881
57561  28.380  -28.427  16.229 0.6999999881
57587  28.110  -28.745  14.407 0.6999999881
57586  28.463  -28.331  14.867 0.6999999881
182628  27.797  -28.484  13.867 0.6999999881
58961  24.825  -28.058  11.184 0.8000000119
199106  23.678  -27.521  10.783 0.8000000119
60229  24.195  -27.225  10.689 0.8000000119
61465  24.118  -26.648  10.236 0.8000000119
60233  20.985  -27.110  10.275 0.8999999762
56462  21.599  -29.361  7.972 0.6000000238
197993  23.053  -27.006  10.174 0.8000000119
61466  22.797  -26.574  9.946 0.8999999762
61468  21.381  -26.538  9.959 0.8999999762
61469  20.495  -26.424  9.914 0.8999999762
56486  22.238  -29.378  7.819 0.6000000238
56463  20.899  -29.089  8.308 0.6999999881
61488  19.841  -26.028  9.621 0.8999999762
193307  20.181  -27.763  8.262 0.6999999881
62711  19.207  -25.522  9.069 0.8000000119
61519  19.622  -25.890  7.795 0.6999999881
61520  18.706  -25.669  8.808 0.8000000119
58845  28.209  -27.927  16.845 0.6999999881
211450  28.546  -28.008  15.829 0.6999999881
58896  28.670  -27.710  14.709 0.6999999881
58959  26.020  -27.568  11.476 0.8000000119
58972  25.660  -27.327  10.927 0.8000000119
197676  24.659  -26.895  10.522 0.8000000119
201999  23.830  -26.067  9.967 0.8000000119
61467  22.119  -26.584  9.923 0.8999999762
62709  21.467  -25.454  9.427 0.8999999762
57724  21.864  -28.846  8.101 0.6000000238
61487  21.041  -25.920  9.692 0.8999999762
184171  21.532  -28.323  8.215 0.6999999881
201253  20.948  -27.896  8.343 0.6999999881
62710  20.603  -25.352  9.232 0.8999999762
209265  20.058  -25.951  7.905 0.6999999881
189266  19.565  -25.264  7.775 0.8000000119
62719  19.344  -24.993  8.700 0.8000000119
61535  20.021  -25.402  7.713 0.6999999881
62759  19.613  -24.645  7.644 0.8000000119
62720  18.965  -25.332  8.899 0.8000000119
181531  19.904  -24.891  7.189 0.8000000119
197667  28.693  -27.225  16.405 0.6999999881
187875  28.898  -27.450  15.810 0.6000000238
57739  22.567  -28.811  8.054 0.6000000238
62707  22.911  -25.531  9.648 0.8000000119
63923  21.906  -25.004  9.155 0.8999999762
63924  21.119  -24.870  9.066 0.8999999762
178969  22.133  -28.179  8.153 0.6000000238
63940  20.709  -24.264  8.704 0.8999999762
60274  20.412  -27.159  8.258 0.8000000119
63941  20.000  -24.434  8.442 0.8999999762
63953  19.646  -24.213  7.821 0.8000000119
62757  21.127  -25.078  7.549 0.6999999881
63975  19.639  -24.031  7.369 0.8000000119
65331  20.158  -23.324  7.166 0.8000000119
207344  22.040  -27.646  8.264 0.6999999881
63922  22.674  -25.062  9.311 0.8000000119
198488  22.498  -26.758  8.517 0.5000000000
60273  21.892  -27.052  8.374 0.6000000238
61516  22.141  -26.219  8.458 0.6000000238
61517  21.353  -26.337  8.252 0.6999999881
185583  20.793  -23.269  7.836 0.8000000119
61532  22.509  -25.466  8.400 0.6000000238
62756  21.898  -24.977  7.784 0.6000000238
63996  20.893  -24.216  6.775 0.6999999881
65355  20.326  -23.337  6.916 0.8000000119
65320  19.774  -23.917  8.005 0.8000000119
63995  21.696  -24.032  6.907 0.6000000238
63938  22.356  -24.542  8.875 0.8000000119
65317  22.398  -23.376  8.136 0.8000000119
65318  21.539  -23.236  8.029 0.8999999762
209844  23.482  -26.396  8.613 0.6000000238
66608  21.149  -22.328  6.534 0.8000000119
66577  20.491  -22.775  7.309 0.8000000119
66576  21.220  -22.560  7.486 0.8000000119
65353  21.353  -23.537  6.713 0.6000000238
65316  23.201  -23.334  8.410 0.8000000119
66575  21.985  -22.825  7.742 0.8000000119
61515  23.395  -25.811  8.303 0.6000000238
62755  22.602  -24.903  7.827 0.6000000238
67857  21.466  -22.303  7.143 0.8000000119
63971  22.203  -24.415  7.451 0.6000000238
67903  21.691  -21.911  6.271 0.6999999881
67856  22.089  -22.302  7.356 0.8000000119
65350  23.588  -23.459  6.077 0.6000000238
66623  22.637  -22.502  6.142 0.6000000238
67912  22.779  -22.182  6.310 0.6999999881
63969  23.886  -24.319  7.390 0.6000000238
63993  23.383  -23.835  6.917 0.6000000238
65314  24.733  -23.383  8.637 0.8000000119
62733  24.559  -25.417  8.184 0.6000000238
66572  24.349  -22.865  8.133 0.8000000119
61513  24.841  -25.886  8.405 0.5000000000
67880  23.370  -21.986  7.141 0.8000000119
67854  23.317  -22.378  7.582 0.8000000119
62734  23.889  -25.380  8.090 0.6000000238
67901  22.970  -21.995  6.712 0.6000000238
62731  25.760  -25.511  8.376 0.5000000000
62753  24.284  -24.791  7.876 0.6000000238
191195  24.608  -24.387  7.287 0.6000000238
65376  23.169  -23.068  6.072 0.6000000238
63968  25.356  -24.519  7.259 0.6000000238
63992  24.112  -23.926  6.566 0.6000000238
65349  24.391  -23.459  5.923 0.6000000238
65375  23.790  -22.699  5.851 0.6000000238
185065  23.914  -22.412  7.517 0.8000000119
190122  25.477  -22.406  7.949 0.8000000119
184229  25.248  -21.974  7.414 0.6999999881
67853  24.722  -22.398  7.571 0.6999999881
62751  25.733  -25.042  7.850 0.6000000238
205919  23.826  -22.289  6.056 0.6000000238
183848  24.076  -22.212  6.004 0.6000000238
191302  24.311  -22.069  6.560 0.6999999881
63967  26.085  -24.634  7.206 0.5000000000
66621  24.197  -22.106  5.831 0.6000000238
63990  25.705  -24.146  6.702 0.5000000000
65348  25.275  -23.690  6.111 0.6000000238
210495  24.931  -23.234  5.652 0.6000000238
180917  27.113  -24.339  6.469 0.5000000000
67852  25.988  -21.962  7.934 0.6999999881
67899  24.475  -21.962  5.901 0.6000000238
67878  24.620  -21.918  7.121 0.6000000238
69261  24.591  -21.187  4.984 0.6000000238
69245  24.904  -21.872  6.591 0.6000000238
64018  26.692  -24.174  5.884 0.5000000000
65373  25.506  -23.447  5.522 0.6000000238
65392  25.655  -22.987  4.948 0.6000000238
65374  24.524  -22.550  5.797 0.6000000238
67910  24.455  -21.639  5.426 0.6000000238
69254  24.675  -21.441  5.662 0.6000000238
65372  26.242  -23.719  5.353 0.6000000238
210888  27.268  -24.332  5.767 0.5000000000
65371  27.088  -24.061  5.117 0.5000000000
64031  27.765  -24.193  4.781 0.4000000060
65390  27.382  -23.728  4.653 0.5000000000
67877  25.669  -21.746  7.184 0.6000000238
67898  26.078  -21.574  6.918 0.6000000238
66636  24.999  -21.963  4.866 0.6000000238
67922  24.560  -21.230  4.847 0.6000000238
69244  25.355  -21.506  6.309 0.6000000238
66635  25.727  -22.268  4.421 0.6000000238
66645  25.345  -21.171  3.980 0.6000000238
65391  26.443  -23.476  4.611 0.5000000000
66634  26.884  -23.005  4.391 0.6000000238
65398  27.764  -23.243  4.504 0.5000000000
65389  28.234  -23.861  4.534 0.4000000060
66642  28.399  -22.993  4.206 0.4000000060
69260  24.662  -20.882  4.554 0.6000000238
69253  25.208  -20.954  5.204 0.5000000000
69243  26.125  -21.321  6.238 0.5000000000
67897  26.796  -21.588  7.005 0.5000000000
67921  24.810  -21.183  4.326 0.6000000238
69259  25.080  -20.592  4.508 0.5000000000
66644  26.514  -21.983  4.202 0.6000000238
66643  27.568  -22.620  4.191 0.5000000000
180360  28.055  -22.394  3.891 0.4000000060
69242  27.141  -21.198  6.371 0.4000000060
207656  25.278  -20.698  3.861 0.6000000238
69268  25.016  -20.670  4.107 0.5000000000
67929  27.216  -21.868  3.834 0.4000000060
67930  26.029  -21.035  3.759 0.6000000238
69267  25.541  -20.391  3.894 0.6000000238
203696  25.324  -20.435  4.105 0.4000000060
67934  27.934  -21.760  3.720 0.4000000060
69274  27.725  -20.969  3.466 0.4000000060
70678  25.919  -20.398  4.505 0.4000000060
67935  26.920  -21.128  3.497 0.4000000060
70696  26.206  -20.096  3.685 0.4000000060
67928  28.631  -22.359  3.849 0.4000000060
184359  28.466  -20.475  6.227 0.4000000060
70670  27.964  -20.464  5.537 0.4000000060
70684  26.529  -19.680  3.833 0.4000000060
70694  28.223  -20.447  3.286 0.4000000060
69275  26.684  -20.531  3.392 0.4000000060
70702  27.460  -19.737  3.125 0.4000000060
181680  26.742  -19.602  3.500 0.4000000060
70676  28.006  -19.778  5.159 0.4000000060
70677  26.986  -20.117  4.568 0.4000000060
70701  28.408  -19.817  2.993 0.3000000119
72006  26.907  -19.261  3.630 0.4000000060
72000  28.798  -19.440  5.570 0.4000000060
72001  27.331  -19.416  4.304 0.4000000060
49261  17.246  -34.750  11.210 0.8000000119
181227  17.773  -34.680  11.845 0.8999999762
49221  19.143  -33.882  12.482 0.8999999762
49236  18.282  -34.451  12.674 0.8999999762
48050  18.636  -34.538  12.637 0.8999999762
50278  24.044  -33.327  15.778 0.8999999762
180787  23.521  -32.802  16.211 1.0000000000
51361  23.554  -32.055  16.924 1.0000000000
49217  21.519  -34.240  13.268 0.8999999762
50299  22.055  -32.726  14.914 0.8999999762
51407  22.907  -32.483  16.065 1.0000000000
49219  20.407  -33.696  13.086 0.8999999762
177449  21.976  -33.113  14.299 0.8999999762
49199  21.453  -33.045  13.875 0.8999999762
50280  22.506  -32.667  15.529 1.0000000000
49220  19.804  -33.566  12.790 0.8999999762
51426  21.261  -31.891  14.292 0.8999999762
69252  26.150  -21.013  5.345 0.4000000060
70671  27.117  -20.800  5.384 0.4000000060
176661  27.962  -21.193  6.988 0.4000000060
45679  24.971  -36.400  18.733 0.8999999762
182804  25.983  -36.298  17.429 1.0000000000
43293  24.783  -38.129  14.243 0.8000000119
44446  22.906  -36.104  18.529 0.8999999762
44532  24.523  -36.863  14.381 0.8000000119
47996  24.661  -34.758  15.461 0.8999999762
46940  24.298  -35.908  14.604 0.8000000119
188900  22.591  -35.827  13.246 0.8000000119
48045  22.404  -35.150  13.283 0.8999999762
46955  21.354  -35.284  12.629 0.8000000119
48048  20.390  -34.347  12.509 0.8999999762
48062  19.921  -34.947  12.385 0.8000000119
50336  20.799  -33.029  13.543 0.8999999762
46746  23.451  -35.276  21.219 0.8999999762
46725  22.761  -35.625  21.965 1.0000000000
202475  18.873  -35.513  21.129 0.6000000238
46799  17.548  -35.151  20.199 0.4000000060
47865  18.088  -34.532  20.266 0.4000000060
50279  23.344  -33.093  15.463 0.8999999762
46978  17.081  -36.022  11.194 0.6999999881
50386  16.654  -33.441  10.787 0.8000000119
49004  23.846  -34.310  21.671 0.8999999762
50337  19.483  -33.189  12.766 0.8999999762
48114  19.005  -35.133  9.812 0.6000000238
49238  17.589  -33.749  11.777 0.8999999762
48991  21.110  -34.169  22.488 0.6999999881
192827  20.101  -32.907  13.184 0.8999999762
52695  17.790  -31.884  11.936 0.8999999762
52696  16.761  -31.775  11.458 0.8999999762
50132  22.869  -33.285  22.383 0.8000000119
53824  23.631  -31.110  16.232 1.0000000000
50300  21.643  -32.472  14.289 0.8999999762
52653  20.997  -31.401  14.165 0.8999999762
51447  20.678  -31.973  14.019 0.8999999762
50319  20.542  -32.466  13.650 0.8999999762
52694  18.623  -31.420  12.321 0.8999999762
51284  25.481  -32.330  20.803 0.8000000119
52520  26.580  -31.116  18.983 0.8000000119
205211  25.816  -31.755  18.400 0.8999999762
53966  18.977  -31.086  9.594 0.6999999881
55146  16.492  -30.249  10.685 0.8999999762
53989  16.890  -30.651  9.200 0.8000000119
192384  20.972  -32.261  22.233 0.6000000238
52485  24.477  -32.068  22.226 0.8000000119
192931  22.607  -31.350  22.280 0.6000000238
53763  26.972  -31.020  18.280 0.6999999881
53859  24.585  -30.735  14.972 1.0000000000
56363  20.561  -29.624  12.862 1.0000000000
56404  16.860  -29.326  10.611 0.8999999762
53717  22.075  -31.038  22.063 0.6000000238
52480  20.850  -31.533  22.013 0.5000000000
53858  25.351  -30.780  14.910 0.8999999762
54960  21.688  -30.411  21.792 0.5000000000
55018  27.689  -30.031  17.906 0.6999999881
53819  27.313  -30.589  16.483 0.8000000119
57647  18.344  -28.614  11.128 0.8999999762
56239  25.341  -29.200  21.024 0.6000000238
56225  23.958  -29.257  21.495 0.5000000000
56250  26.713  -29.335  19.763 0.6999999881
56379  23.451  -29.160  12.114 0.8999999762
56359  26.436  -29.365  13.056 0.8000000119
57627  25.394  -28.987  12.076 0.8000000119
61489  18.845  -26.191  9.263 0.8999999762
56240  24.871  -28.667  20.999 0.5000000000
56320  28.150  -29.669  15.202 0.6999999881
211638  27.454  -28.859  13.514 0.8000000119
56399  23.742  -28.807  11.625 0.8999999762
58975  22.224  -27.550  10.763 0.8999999762
60275  19.875  -26.561  7.932 0.8000000119
60289  18.571  -26.170  8.582 0.8000000119
57576  28.490  -28.484  15.471 0.6999999881
60214  26.676  -27.133  11.537 0.8000000119
188383  19.661  -25.511  9.152 0.8999999762
58866  28.471  -27.735  16.347 0.6999999881
62708  22.227  -25.559  9.432 0.8999999762
194037  28.414  -27.288  16.878 0.6000000238
63973  20.754  -24.729  6.981 0.6999999881
63939  21.512  -24.415  8.770 0.8999999762
66625  21.435  -22.760  6.231 0.6999999881
63994  22.579  -23.844  7.110 0.6000000238
65377  22.471  -23.209  6.565 0.6000000238
67902  22.217  -22.030  6.452 0.8000000119
66622  23.308  -22.384  6.076 0.6000000238
67879  24.097  -22.039  7.107 0.6999999881
63991  24.946  -23.947  6.696 0.6000000238
66620  24.449  -21.985  5.470 0.6000000238
64019  26.003  -23.880  6.088 0.6000000238
69241  27.969  -20.905  6.192 0.4000000060
70669  28.583  -19.987  5.942 0.4000000060
193930  26.979  -19.004  3.213 0.4000000060
211732  19.841  -34.005  12.607 0.8999999762
34402  25.246  -43.453  19.225 0.4000000060
35719  24.284  -42.790  19.721 0.4000000060
35720  23.645  -42.585  19.873 0.4000000060
35730  25.915  -42.814  18.442 0.4000000060
36997  24.708  -42.283  19.546 0.4000000060
203852  23.563  -42.096  19.853 0.4000000060
182897  26.092  -42.143  17.293 0.3000000119
182943  25.234  -42.396  19.221 0.4000000060
37077  26.034  -42.125  16.605 0.4000000060
38372  25.750  -41.437  15.718 0.4000000060
181185  25.345  -41.352  15.172 0.4000000060
38407  24.770  -40.987  14.332 0.4000000060
38292  24.749  -41.156  19.416 0.5000000000
38293  24.095  -41.173  19.584 0.4000000060
196648  25.626  -41.447  18.728 0.4000000060
37019  25.137  -41.742  19.208 0.4000000060
184180  26.053  -41.511  16.922 0.5000000000
196312  25.879  -40.937  16.000 0.4000000060
195649  25.725  -40.814  15.393 0.4000000060
39638  25.105  -40.051  14.665 0.5000000000
40847  24.295  -39.910  13.785 0.5000000000
40856  23.991  -39.474  13.414 0.6000000238
199321  23.491  -39.836  13.229 0.5000000000
40858  22.955  -39.746  13.012 0.6000000238
40863  22.463  -39.667  12.530 0.4000000060
39539  24.378  -40.625  19.479 0.5000000000
39540  23.727  -40.699  19.463 0.5000000000
39541  23.090  -40.831  19.247 0.5000000000
39564  22.617  -40.483  18.845 0.5000000000
38319  25.827  -40.803  18.699 0.6000000238
205015  24.944  -40.640  19.333 0.6000000238
38334  25.995  -40.740  18.051 0.5000000000
39562  25.811  -40.079  18.413 0.6000000238
38343  25.923  -40.751  17.174 0.5000000000
39604  25.902  -40.458  16.427 0.5000000000
39623  25.736  -40.301  15.810 0.4000000060
40833  25.136  -39.508  14.989 0.6000000238
197199  24.478  -39.372  13.888 0.6000000238
42057  24.291  -38.834  13.581 0.6000000238
42064  23.773  -38.764  13.314 0.6000000238
42066  22.745  -38.418  12.910 0.6000000238
42070  22.318  -38.519  12.559 0.6000000238
40857  23.335  -39.242  13.181 0.6000000238
196284  22.692  -39.039  12.903 0.6000000238
195079  22.075  -39.091  12.538 0.6000000238
42071  21.765  -38.583  12.268 0.6000000238
40738  24.006  -40.063  19.550 0.5000000000
39563  23.335  -40.266  19.174 0.5000000000
40759  22.281  -39.821  18.506 0.5000000000
39538  25.339  -40.379  18.968 0.6000000238
40737  24.736  -40.015  19.345 0.6000000238
39571  26.066  -40.069  17.651 0.6000000238
40755  25.727  -39.286  18.464 0.6000000238
190364  26.170  -39.327  16.607 0.5000000000
40772  25.993  -39.530  17.981 0.6000000238
42042  25.869  -39.026  15.999 0.6000000238
194663  25.361  -39.071  15.396 0.6000000238
43300  24.087  -38.231  13.464 0.6000000238
43309  21.989  -37.984  12.379 0.6000000238
186451  20.913  -37.358  12.059 0.6999999881
40757  23.587  -39.643  19.075 0.6000000238
40758  22.888  -39.763  18.831 0.5000000000
210625  22.125  -39.307  18.112 0.5000000000
202525  25.290  -39.698  18.848 0.6000000238
199165  24.871  -39.370  19.141 0.6000000238
40756  24.275  -39.483  19.171 0.6000000238
41996  22.223  -38.490  17.600 0.5000000000
197941  21.652  -38.668  17.251 0.5000000000
41971  25.311  -38.997  18.856 0.6000000238
191398  21.260  -36.732  12.204 0.6999999881
41973  23.733  -38.927  18.867 0.6000000238
182542  23.144  -39.186  18.774 0.6000000238
41975  22.558  -38.984  18.450 0.6000000238
41972  24.543  -38.728  18.927 0.6000000238
41974  23.061  -38.343  18.583 0.6000000238
41995  22.630  -37.870  17.914 0.6000000238
179963  22.261  -37.537  17.397 0.6000000238
42019  21.831  -37.698  17.106 0.6000000238
43216  24.551  -37.973  18.862 0.6000000238
43259  20.820  -37.156  16.751 0.5000000000
43214  25.717  -38.576  18.533 0.6000000238
44467  20.562  -37.015  17.252 0.6000000238
191996  20.539  -36.725  12.112 0.6999999881
43217  23.750  -37.876  18.682 0.6000000238
43236  22.384  -36.925  17.551 0.6000000238
43218  22.884  -37.201  18.087 0.6000000238
43237  21.917  -36.937  17.201 0.6000000238
200365  20.992  -36.773  17.128 0.6000000238
43215  25.194  -38.284  18.806 0.6000000238
44466  20.766  -36.549  17.602 0.6000000238
187072  26.031  -37.925  17.557 0.6000000238
46965  20.190  -36.048  12.202 0.6999999881
45813  19.253  -36.137  11.827 0.6999999881
44447  22.336  -36.511  18.224 0.6999999881
44465  21.759  -36.603  17.746 0.6999999881
191073  24.947  -37.554  18.873 0.6000000238
48063  19.049  -34.968  12.309 0.6999999881
196551  23.308  -36.725  18.263 0.6999999881
192569  24.170  -37.236  18.777 0.6999999881
44448  21.626  -36.314  18.279 0.6999999881
44487  21.334  -36.627  17.395 0.6000000238
44449  21.099  -36.465  18.075 0.6999999881
43220  21.058  -37.144  18.582 0.6000000238
43221  20.740  -37.872  18.393 0.5000000000
48065  17.366  -35.424  11.438 0.8000000119
44434  21.980  -36.355  18.776 0.6999999881
43219  21.470  -36.650  18.743 0.6999999881
40760  20.273  -39.360  18.791 0.5000000000
43205  21.563  -37.774  19.382 0.6999999881
41976  21.089  -38.321  19.150 0.6000000238
41958  20.819  -39.065  19.637 0.6000000238
210903  24.288  -26.223  10.070 0.6999999881
58925  27.704  -27.749  13.084 0.6999999881
58944  26.936  -27.826  12.470 0.6999999881
60215  26.161  -27.071  11.148 0.6999999881
57597  28.195  -28.062  14.281 0.6000000238
58924  28.256  -27.374  13.280 0.6000000238
60227  25.900  -26.701  10.769 0.6999999881
61463  25.545  -26.226  10.332 0.6999999881
187032  23.997  -25.213  9.719 0.6999999881
203906  23.766  -24.773  9.453 0.6999999881
58908  28.520  -27.410  14.023 0.6000000238
58942  28.002  -27.272  12.688 0.6000000238
58958  27.102  -27.405  12.088 0.6999999881
60226  26.527  -26.632  10.951 0.6999999881
58907  28.951  -27.197  14.554 0.6000000238
62705  24.715  -25.150  9.735 0.6999999881
63920  24.331  -24.710  9.442 0.6999999881
206583  24.098  -23.925  8.945 0.6999999881
60182  28.627  -26.904  13.538 0.6000000238
60193  28.457  -26.726  12.895 0.6000000238
60212  28.059  -26.608  11.759 0.6000000238
61460  27.483  -26.007  11.008 0.6999999881
61462  26.205  -26.068  10.607 0.6999999881
62704  25.403  -24.999  9.984 0.6999999881
63919  25.027  -24.526  9.494 0.6999999881
63935  25.042  -23.911  9.064 0.6999999881
60181  29.010  -26.679  14.078 0.6000000238
60192  28.971  -26.402  13.364 0.6000000238
61444  28.898  -25.884  11.832 0.5000000000
61446  28.060  -26.094  11.264 0.6000000238
201342  27.392  -24.925  10.422 0.5000000000
63917  26.366  -24.501  9.956 0.6999999881
183478  26.646  -23.539  9.319 0.6999999881
65313  25.431  -23.446  8.697 0.6999999881
69258  29.847  -21.035  4.387 0.3000000119
205103  29.360  -21.425  3.946 0.3000000119
209078  28.531  -21.022  3.555 0.3000000119
34403  24.517  -43.530  19.556 0.4000000060
34404  23.680  -43.294  19.734 0.3000000119
34405  22.910  -43.355  19.721 0.4000000060
34431  25.658  -43.968  18.269 0.3000000119
35721  22.649  -42.776  19.595 0.4000000060
35792  25.842  -42.668  16.260 0.4000000060
36999  23.184  -41.775  19.681 0.4000000060
35812  25.551  -42.546  15.675 0.4000000060
37104  25.143  -41.877  14.838 0.4000000060
37122  24.770  -41.741  14.216 0.4000000060
39653  24.441  -40.518  13.929 0.5000000000
39674  22.684  -40.285  12.729 0.4000000060
38321  22.221  -41.147  18.732 0.4000000060
40864  21.842  -39.586  12.324 0.5000000000
38335  21.819  -41.000  18.144 0.5000000000
42072  21.046  -38.795  12.139 0.6000000238
40773  22.000  -39.911  17.846 0.5000000000
201778  21.856  -39.246  17.676 0.5000000000
40790  21.092  -39.019  17.068 0.5000000000
43311  20.585  -38.076  11.953 0.6000000238
42020  21.150  -37.794  16.722 0.5000000000
43260  20.022  -37.316  16.545 0.4000000060
190984  19.791  -36.634  12.014 0.6999999881
210579  20.360  -37.407  17.780 0.5000000000
46967  18.601  -35.620  11.886 0.6999999881
41997  20.170  -38.351  18.164 0.5000000000
46968  17.562  -35.912  11.624 0.8000000119
39566  19.663  -40.255  18.856 0.5000000000
40739  20.350  -39.681  19.400 0.6000000238
195075  27.105  -28.735  19.370 0.6000000238
57509  27.447  -28.564  18.717 0.6000000238
58883  29.058  -27.339  15.108 0.6000000238
61405  29.413  -25.947  13.742 0.5000000000
61429  29.103  -25.923  12.393 0.5000000000
62677  29.072  -25.356  11.526 0.5000000000
63907  28.115  -24.826  10.341 0.5000000000
65287  27.447  -23.897  9.614 0.5000000000
66569  27.053  -22.463  8.710 0.5000000000
70675  30.160  -20.142  4.801 0.3000000119
70683  29.804  -20.332  3.977 0.3000000119
69273  29.156  -20.920  3.545 0.3000000119
43235  25.904  -38.206  18.047 0.6000000238
41994  25.957  -38.891  17.975 0.6000000238
42030  26.171  -38.699  16.715 0.6000000238
200158  22.041  -37.286  19.706 0.8000000119
44555  22.262  -37.409  12.472 0.6999999881
45812  20.896  -36.260  12.304 0.6999999881
46966  19.573  -35.495  12.159 0.6999999881
58943  27.441  -27.587  12.563 0.6999999881
63937  23.215  -24.555  9.157 0.6999999881
183724  26.364  -22.361  8.452 0.6000000238
69266  28.704  -21.556  3.766 0.3000000119
48064  18.215  -35.042  11.973 0.8000000119
45826  17.318  -36.425  10.835 0.6999999881
35731  25.536  -42.871  19.020 0.4000000060
37018  25.699  -42.174  18.753 0.4000000060
35747  25.934  -42.771  17.663 0.3000000119
186238  26.019  -41.469  17.740 0.5000000000
37020  22.788  -41.371  19.240 0.5000000000
202255  23.908  -41.348  13.657 0.3000000119
39675  22.113  -40.180  12.409 0.4000000060
38322  21.690  -41.506  18.337 0.5000000000
41977  20.640  -38.868  18.931 0.6000000238
62692  25.882  -25.634  10.042 0.6999999881
198637  24.495  -24.208  9.164 0.6999999881
58957  27.696  -27.093  12.183 0.6999999881
60204  28.167  -26.820  12.326 0.6000000238
60213  27.416  -26.903  11.659 0.6999999881
180974  27.118  -25.386  10.739 0.6999999881
61419  28.789  -26.187  12.822 0.6000000238
62679  27.929  -25.440  10.829 0.6000000238
62702  26.719  -24.930  10.317 0.6999999881
63933  26.101  -24.070  9.367 0.6999999881
196936  25.615  -23.842  9.074 0.6999999881
61418  29.276  -25.906  13.040 0.5000000000
184381  29.253  -25.560  12.037 0.5000000000
62678  28.518  -25.641  11.345 0.5000000000
63916  27.049  -24.543  9.934 0.5000000000
65295  26.749  -24.177  9.534 0.5000000000
177736  27.141  -23.030  9.298 0.5000000000
66558  26.493  -22.883  8.989 0.6999999881
62630  29.720  -25.248  13.759 0.5000000000
62690  28.724  -25.041  10.849 0.5000000000
63906  28.602  -24.461  10.407 0.5000000000
65294  27.843  -23.123  9.453 0.5000000000
45814  18.091  -36.354  11.592 0.6000000238
203817  17.821  -36.924  11.254 0.6000000238
45878  18.179  -36.593  10.125 0.5000000000
45825  17.499  -36.996  10.732 0.6000000238
47009  20.072  -35.923  9.823 0.5000000000
47010  19.144  -35.790  10.034 0.5000000000
45849  17.518  -36.329  10.511 0.6000000238
41928  18.985  -38.701  21.061 0.5000000000
48098  17.492  -35.023  10.952 0.6000000238
48112  20.542  -35.366  9.898 0.5000000000
48113  19.725  -35.246  9.707 0.5000000000
47008  20.959  -35.891  9.767 0.5000000000
41942  18.233  -38.552  20.909 0.4000000060
41943  17.570  -38.401  20.673 0.4000000060
43188  17.301  -37.778  20.509 0.4000000060
46997  21.328  -35.465  10.056 0.5000000000
44411  16.999  -37.078  20.264 0.4000000060
177319  21.533  -34.420  10.817 0.5000000000
48094  21.024  -34.881  10.305 0.5000000000
45625  17.090  -36.447  20.131 0.4000000060
50141  19.091  -33.235  21.160 0.4000000060
50150  18.688  -33.400  20.579 0.4000000060
50151  18.437  -33.498  19.937 0.4000000060
49051  18.019  -33.940  19.844 0.3000000119
54972  22.773  -29.735  21.480 0.4000000060
54973  22.002  -29.801  21.556 0.4000000060
209326  19.952  -31.759  21.612 0.4000000060
51277  19.630  -31.962  21.246 0.4000000060
57466  22.489  -28.693  21.053 0.4000000060
52487  19.795  -31.303  21.325 0.4000000060
51279  18.844  -32.707  20.660 0.4000000060
53736  19.680  -30.550  20.527 0.4000000060
52495  19.082  -31.530  20.593 0.4000000060
207271  18.499  -33.036  20.241 0.4000000060
51286  18.214  -32.952  19.889 0.4000000060
53726  20.963  -30.489  21.665 0.4000000060
54974  21.326  -29.930  21.411 0.4000000060
53727  20.230  -30.700  21.534 0.4000000060
57465  23.077  -28.630  21.135 0.4000000060
56228  21.642  -29.406  21.140 0.4000000060
54982  20.630  -29.439  20.671 0.4000000060
53735  20.050  -30.389  21.039 0.4000000060
54983  20.167  -29.987  20.565 0.4000000060
54984  19.784  -30.004  20.009 0.4000000060
187900  18.745  -32.032  20.395 0.4000000060
56252  19.708  -29.314  19.649 0.4000000060
191637  18.862  -30.347  19.439 0.4000000060
51299  18.396  -31.950  19.868 0.4000000060
57478  25.500  -28.745  20.571 0.4000000060
57481  22.822  -28.248  20.636 0.4000000060
57482  22.184  -28.418  20.500 0.4000000060
56242  21.258  -29.069  20.622 0.4000000060
57477  26.182  -29.021  20.228 0.5000000000
57479  24.232  -28.254  20.927 0.4000000060
57480  23.522  -28.162  20.827 0.4000000060
57497  21.785  -28.245  20.047 0.4000000060
57483  21.188  -28.574  20.120 0.4000000060
56243  20.657  -28.909  20.240 0.4000000060
56244  20.220  -29.429  20.143 0.4000000060
57499  19.994  -28.665  19.395 0.4000000060
54991  19.197  -29.875  19.668 0.4000000060
57493  26.679  -28.102  19.435 0.5000000000
57494  26.377  -28.568  19.725 0.5000000000
209026  25.608  -27.671  19.487 0.5000000000
57496  24.832  -28.064  20.314 0.4000000060
58777  24.004  -27.692  20.428 0.4000000060
58778  23.255  -27.794  20.208 0.4000000060
58779  22.420  -27.785  20.119 0.4000000060
57484  20.642  -28.447  19.694 0.4000000060
58791  26.132  -27.901  19.518 0.5000000000
58793  24.416  -27.465  19.734 0.4000000060
58795  22.945  -27.479  19.601 0.4000000060
188460  22.386  -27.542  19.496 0.4000000060
58807  25.880  -27.452  19.087 0.4000000060
60062  24.747  -26.972  19.279 0.4000000060
60063  24.088  -26.883  19.256 0.4000000060
58794  23.684  -27.508  19.633 0.4000000060
58809  22.646  -27.155  19.117 0.4000000060
60094  25.819  -26.527  18.370 0.4000000060
61309  25.325  -26.136  17.962 0.4000000060
61310  24.647  -26.235  17.993 0.4000000060
61311  23.983  -26.434  17.933 0.4000000060
58805  27.443  -27.810  18.517 0.5000000000
60092  27.135  -26.788  18.063 0.5000000000
61334  24.852  -25.868  17.465 0.4000000060
61335  24.231  -26.002  17.472 0.4000000060
61336  23.599  -26.126  17.445 0.3000000119
197256  28.020  -28.106  17.307 0.5000000000
60073  25.591  -26.908  18.796 0.5000000000
58792  25.318  -27.230  19.166 0.4000000060
60075  24.487  -26.654  18.576 0.4000000060
186593  22.933  -26.840  18.586 0.4000000060
60095  25.139  -26.499  18.446 0.4000000060
60096  23.671  -26.730  18.551 0.4000000060
60121  27.536  -26.748  17.646 0.5000000000
60093  26.536  -26.658  18.204 0.5000000000
61308  26.078  -26.102  17.909 0.4000000060
61333  25.515  -25.800  17.397 0.4000000060
60137  28.432  -26.768  16.625 0.5000000000
61307  26.891  -26.211  17.719 0.5000000000
62558  25.046  -25.499  16.935 0.4000000060
62559  24.426  -25.565  17.010 0.3000000119
62560  23.808  -25.615  17.081 0.3000000119
194407  23.295  -25.807  17.072 0.3000000119
61330  28.152  -26.185  16.864 0.5000000000
60159  28.785  -26.787  16.069 0.5000000000
62555  27.025  -25.667  17.161 0.3000000119
61332  26.250  -25.790  17.270 0.4000000060
62557  25.706  -25.344  16.936 0.4000000060
62575  24.643  -25.234  16.450 0.3000000119
63795  23.538  -24.863  16.114 0.3000000119
63796  22.801  -24.960  16.101 0.3000000119
61352  27.742  -25.631  16.858 0.3000000119
191582  28.457  -26.305  16.323 0.4000000060
61374  28.814  -26.057  15.815 0.4000000060
61373  29.231  -26.106  15.144 0.4000000060
60171  29.156  -26.727  14.793 0.4000000060
62556  26.419  -25.282  16.843 0.3000000119
62574  25.269  -25.103  16.448 0.3000000119
63794  24.235  -24.834  16.055 0.3000000119
63817  22.361  -24.700  15.609 0.3000000119
63818  21.631  -24.762  15.737 0.3000000119
63815  23.801  -24.429  15.659 0.3000000119
63816  23.077  -24.574  15.601 0.3000000119
65181  21.843  -24.105  15.418 0.3000000119
61351  28.326  -25.728  16.433 0.3000000119
62598  28.577  -25.242  16.005 0.3000000119
62619  29.284  -25.462  14.788 0.3000000119
61391  29.280  -26.094  14.451 0.4000000060
61404  29.604  -25.496  13.287 0.4000000060
62661  29.518  -25.395  12.627 0.4000000060
188096  29.863  -24.499  11.795 0.4000000060
208732  27.666  -24.527  10.002 0.4000000060
194222  21.102  -24.310  15.412 0.3000000119
63789  27.713  -24.629  16.231 0.3000000119
62571  27.219  -25.107  16.640 0.3000000119
62570  28.001  -25.126  16.410 0.3000000119
201762  29.174  -24.860  15.036 0.3000000119
62631  29.470  -25.530  14.235 0.3000000119
63865  30.192  -24.001  13.455 0.3000000119
62643  29.887  -25.009  13.167 0.4000000060
62660  29.918  -24.786  12.489 0.4000000060
63904  29.799  -24.232  11.091 0.4000000060
63905  29.183  -24.387  10.693 0.4000000060
65276  28.837  -23.846  10.143 0.4000000060
63915  28.161  -24.239  9.997 0.4000000060
203008  28.186  -23.635  9.769 0.4000000060
63864  30.517  -23.871  12.870 0.3000000119
65255  30.496  -23.714  12.308 0.3000000119
65274  30.077  -23.687  10.968 0.4000000060
65275  29.622  -23.830  10.514 0.4000000060
65293  28.633  -23.069  9.671 0.4000000060
66556  28.780  -22.372  9.359 0.4000000060
66557  28.099  -22.484  9.295 0.4000000060
207968  27.248  -22.076  8.441 0.4000000060
67851  26.774  -21.926  8.199 0.5000000000
65244  30.303  -23.397  13.187 0.3000000119
65266  30.586  -23.255  11.963 0.3000000119
66526  30.578  -23.201  11.136 0.3000000119
65285  30.025  -23.228  10.519 0.4000000060
66547  29.844  -22.595  10.017 0.4000000060
66548  29.212  -22.706  9.718 0.4000000060
66555  29.347  -22.163  9.548 0.3000000119
67848  28.643  -21.452  8.644 0.4000000060
69232  27.814  -21.329  7.835 0.3000000119
67875  27.134  -21.718  7.703 0.3000000119
67876  26.386  -21.714  7.586 0.4000000060
186537  27.445  -21.623  7.130 0.3000000119
66504  30.446  -22.801  12.981 0.3000000119
66525  30.652  -22.633  11.678 0.3000000119
66535  30.624  -22.548  11.108 0.3000000119
67821  30.247  -22.017  10.360 0.3000000119
67830  29.827  -21.839  9.819 0.3000000119
209270  29.927  -21.344  9.622 0.3000000119
69205  29.815  -21.080  9.170 0.3000000119
69230  29.007  -21.021  8.242 0.3000000119
69217  28.376  -21.213  8.179 0.3000000119
69231  28.534  -20.903  7.646 0.3000000119
210165  29.034  -20.717  7.843 0.3000000119
67802  30.592  -22.078  12.149 0.3000000119
67811  30.663  -21.962  11.405 0.3000000119
69197  30.236  -21.377  10.120 0.3000000119
70615  30.435  -20.868  9.610 0.3000000119
69216  29.618  -20.810  8.604 0.3000000119
70638  29.444  -20.556  8.025 0.3000000119
70652  29.145  -20.410  7.387 0.3000000119
70662  28.520  -20.651  6.879 0.3000000119
70651  29.771  -20.065  7.679 0.3000000119
70661  28.996  -20.207  6.596 0.3000000119
71992  29.156  -19.553  6.354 0.3000000119
58790  26.521  -27.634  19.145 0.5000000000
57510  27.061  -28.042  19.026 0.5000000000
44564  18.139  -37.599  10.862 0.5000000000
44598  18.323  -37.804  10.010 0.5000000000
44571  17.801  -37.616  10.300 0.5000000000
45875  21.364  -36.302  9.599 0.5000000000
45876  20.008  -36.506  9.797 0.5000000000
181129  18.568  -37.178  9.905 0.5000000000
41957  21.197  -38.510  19.908 0.6000000238
40722  20.291  -39.448  20.206 0.6000000238
204705  20.188  -39.109  20.762 0.6000000238
41940  19.505  -39.353  20.698 0.5000000000
41941  18.515  -39.316  20.698 0.5000000000
40724  17.725  -39.543  20.461 0.5000000000
194156  17.172  -38.958  20.427 0.4000000060
199181  17.024  -38.303  20.408 0.4000000060
44412  16.390  -37.201  19.783 0.4000000060
45626  16.612  -36.603  19.766 0.4000000060
47889  17.047  -34.516  19.100 0.3000000119
49052  17.384  -33.918  19.366 0.3000000119
50167  17.852  -33.269  19.508 0.4000000060
53749  18.510  -30.829  19.133 0.4000000060
51300  18.053  -32.472  19.549 0.4000000060
203480  18.834  -29.863  19.296 0.4000000060
58796  21.935  -27.906  19.536 0.4000000060
57500  19.241  -28.736  19.327 0.4000000060
57513  18.976  -28.478  18.667 0.4000000060
58798  21.011  -28.098  19.109 0.4000000060
57511  20.338  -28.175  19.047 0.4000000060
58810  21.998  -27.475  19.030 0.4000000060
58813  19.946  -27.718  18.641 0.4000000060
61312  23.159  -26.526  17.923 0.4000000060
61337  22.927  -26.082  17.389 0.4000000060
198282  22.284  -26.938  18.622 0.4000000060
60097  22.558  -26.700  18.142 0.4000000060
62561  22.720  -25.653  16.939 0.3000000119
63797  22.118  -25.092  16.112 0.3000000119
62578  21.419  -25.178  16.242 0.3000000119
47007  21.705  -35.976  9.796 0.5000000000
46801  16.709  -35.508  19.326 0.4000000060
54992  18.529  -30.212  18.953 0.4000000060
56264  18.497  -29.553  19.052 0.4000000060
58811  21.333  -27.594  18.836 0.4000000060
58812  20.642  -27.622  18.762 0.4000000060
45652  16.909  -36.036  19.730 0.4000000060
47011  18.426  -35.736  10.371 0.5000000000
56226  23.300  -29.223  21.371 0.4000000060
181692  27.803  -27.944  17.875 0.5000000000
60158  29.105  -26.785  15.444 0.5000000000
57464  23.720  -28.689  21.197 0.4000000060
58846  27.941  -27.428  17.427 0.5000000000
62676  29.521  -25.076  11.947 0.4000000060
66568  27.652  -22.083  8.789 0.4000000060
45848  17.523  -36.962  10.397 0.6000000238
45877  19.230  -36.496  9.922 0.5000000000
198679  20.724  -36.350  9.598 0.5000000000
53737  19.103  -30.970  20.338 0.4000000060
53747  19.176  -30.420  20.003 0.4000000060
52505  18.772  -31.468  20.074 0.4000000060
52506  18.481  -31.417  19.481 0.4000000060
57495  25.640  -28.238  19.899 0.5000000000
57512  19.655  -28.308  18.872 0.4000000060
56253  19.019  -29.334  19.365 0.4000000060
201036  25.081  -27.607  19.637 0.4000000060
58808  23.339  -27.016  19.165 0.4000000060
58826  27.570  -27.268  18.096 0.5000000000
60072  26.290  -27.170  18.630 0.5000000000
58806  26.879  -27.570  18.762 0.5000000000
61331  27.551  -26.189  17.255 0.5000000000
60120  28.054  -26.759  17.162 0.5000000000
62597  29.054  -25.386  15.444 0.3000000119
63808  28.738  -24.634  15.636 0.3000000119
65286  29.407  -23.253  10.039 0.4000000060
65243  30.647  -23.321  12.656 0.3000000119
193404  30.268  -23.856  11.639 0.3000000119
69206  29.240  -21.292  8.851 0.3000000119
67849  28.003  -21.553  8.478 0.4000000060
66516  30.631  -22.707  12.403 0.3000000119
200888  30.549  -21.527  11.952 0.3000000119
69187  30.572  -21.461  10.807 0.3000000119
69196  30.694  -20.848  10.337 0.3000000119
71985  29.426  -19.823  7.034 0.3000000119
43261  19.339  -37.461  16.741 0.4000000060
41998  19.498  -38.195  17.550 0.4000000060
40775  19.114  -39.062  17.727 0.4000000060
39573  19.306  -40.163  18.236 0.3000000119
40774  19.733  -39.383  18.378 0.4000000060
39567  19.144  -40.648  18.846 0.3000000119
40866  20.658  -39.357  11.966 0.5000000000
39543  19.889  -40.275  19.371 0.5000000000
39544  18.893  -40.730  19.374 0.3000000119
43312  19.739  -38.175  11.592 0.5000000000
42073  20.328  -38.744  11.750 0.5000000000
40740  19.810  -39.970  20.021 0.5000000000
39518  19.177  -40.340  19.748 0.4000000060
183707  19.932  -37.380  11.959 0.5000000000
42074  19.573  -38.831  11.202 0.5000000000
44557  18.908  -36.942  11.533 0.5000000000
44563  19.119  -37.656  11.382 0.4000000060
43319  18.807  -38.293  10.972 0.4000000060
211374  19.348  -39.447  10.478 0.3000000119
42079  18.915  -38.778  10.538 0.3000000119
42084  19.049  -38.856  10.253 0.3000000119
42085  18.494  -38.352  10.076 0.3000000119
43341  19.664  -38.314  9.683 0.3000000119
42101  18.868  -38.255  9.732 0.3000000119
43342  18.489  -38.194  9.882 0.4000000060
43320  18.281  -38.113  10.360 0.4000000060
41944  16.545  -38.562  20.187 0.3000000119
43356  20.829  -37.570  9.495 0.4000000060
43357  20.117  -37.872  9.647 0.4000000060
189006  18.818  -37.640  9.729 0.4000000060
43189  16.631  -37.827  20.104 0.3000000119
45653  16.249  -36.066  19.328 0.3000000119
50189  17.721  -32.781  18.898 0.3000000119
177628  18.120  -31.859  19.373 0.3000000119
51318  17.821  -32.111  18.904 0.3000000119
52522  18.033  -31.405  18.870 0.3000000119
52543  17.651  -31.126  18.309 0.3000000119
53764  18.055  -30.655  18.707 0.3000000119
57514  18.214  -28.604  18.645 0.3000000119
58814  19.336  -28.024  18.212 0.3000000119
57528  18.649  -28.147  18.086 0.3000000119
57529  17.759  -28.284  18.272 0.3000000119
57530  17.220  -28.589  18.149 0.3000000119
60076  21.644  -27.021  18.593 0.3000000119
60077  20.998  -27.132  18.470 0.3000000119
58827  20.258  -27.094  18.338 0.3000000119
58828  19.481  -27.225  18.319 0.3000000119
58829  18.871  -27.402  18.060 0.3000000119
60098  22.011  -26.691  18.109 0.3000000119
60099  21.351  -26.717  18.095 0.3000000119
60100  20.323  -26.518  17.886 0.3000000119
181801  19.702  -26.703  18.006 0.3000000119
60101  19.093  -26.883  17.916 0.3000000119
61340  20.407  -26.087  17.330 0.3000000119
60122  19.883  -26.279  17.661 0.3000000119
60123  19.361  -26.452  17.540 0.3000000119
61338  22.249  -25.873  17.327 0.3000000119
61314  21.678  -26.173  17.707 0.3000000119
61339  21.104  -25.922  17.298 0.3000000119
61354  20.123  -25.758  16.729 0.3000000119
40865  21.282  -39.474  12.113 0.5000000000
44597  19.488  -37.112  9.736 0.4000000060
43206  16.067  -37.650  19.801 0.3000000119
186888  20.791  -26.819  18.050 0.3000000119
40723  18.356  -40.054  20.197 0.3000000119
40725  16.960  -39.713  20.412 0.3000000119
37022  21.580  -42.113  18.434 0.4000000060
37042  21.376  -41.828  17.960 0.4000000060
38336  21.494  -41.281  17.752 0.4000000060
38346  20.141  -41.514  16.767 0.4000000060
38358  19.785  -40.893  16.533 0.3000000119
38344  21.163  -40.961  17.342 0.4000000060
177125  20.607  -40.432  16.980 0.4000000060
210170  20.372  -39.798  16.703 0.4000000060
38426  23.552  -41.049  13.275 0.3000000119
39587  21.243  -40.094  17.213 0.4000000060
40806  19.718  -38.391  15.889 0.3000000119
42032  19.304  -37.693  15.954 0.3000000119
197416  20.236  -39.028  16.221 0.4000000060
40793  18.098  -38.409  16.522 0.3000000119
42033  18.716  -37.949  16.077 0.3000000119
39588  18.194  -39.439  17.106 0.3000000119
40805  20.157  -38.045  16.055 0.4000000060
43274  19.330  -37.552  16.185 0.3000000119
41999  19.024  -38.109  17.071 0.3000000119
35767  20.570  -42.434  17.484 0.4000000060
38345  20.641  -41.327  17.042 0.4000000060
39574  18.763  -39.885  17.672 0.3000000119
37000  22.514  -42.087  19.365 0.3000000119
39589  17.839  -40.021  17.144 0.3000000119
33146  24.929  -44.064  19.221 0.4000000060
33149  23.319  -43.927  19.787 0.3000000119
34417  25.802  -43.396  18.005 0.3000000119
34418  25.688  -43.413  18.707 0.4000000060
35718  24.973  -42.891  19.455 0.4000000060
35748  21.103  -42.417  17.982 0.4000000060
35766  26.027  -42.747  16.899 0.4000000060
36998  24.091  -42.175  19.827 0.4000000060
37021  22.034  -41.807  18.811 0.4000000060
37041  25.908  -41.708  18.346 0.4000000060
37043  21.056  -41.811  17.421 0.4000000060
37078  19.596  -41.650  16.522 0.4000000060
37089  25.792  -42.050  16.008 0.4000000060
37090  25.456  -41.953  15.435 0.4000000060
38294  23.443  -41.236  19.548 0.4000000060
38320  25.325  -41.023  19.093 0.4000000060
38357  20.265  -40.907  16.768 0.4000000060
38371  25.966  -41.525  16.288 0.4000000060
38388  25.292  -40.723  14.771 0.5000000000
38408  24.359  -41.227  13.906 0.4000000060
38425  24.035  -40.900  13.614 0.3000000119
38427  22.872  -40.933  12.989 0.4000000060
39542  20.124  -39.969  18.974 0.5000000000
39565  22.054  -40.482  18.366 0.5000000000
39572  21.741  -40.542  17.621 0.4000000060
39575  18.266  -40.425  17.618 0.3000000119
39605  20.074  -40.100  16.501 0.3000000119
39624  25.397  -40.166  15.228 0.4000000060
39652  24.879  -40.418  14.382 0.5000000000
39665  23.895  -40.308  13.427 0.5000000000
40789  21.688  -39.666  17.406 0.5000000000
40791  20.583  -38.375  16.413 0.4000000060
40792  18.642  -38.765  17.087 0.3000000119
40804  26.018  -39.959  16.885 0.5000000000
40818  25.860  -39.786  16.233 0.5000000000
40819  25.533  -39.637  15.622 0.4000000060
40846  24.730  -39.888  14.227 0.5000000000
41939  20.735  -38.960  20.391 0.6999999881
42021  20.370  -37.588  16.298 0.4000000060
42022  18.777  -37.905  16.444 0.3000000119
42023  18.227  -38.126  16.184 0.3000000119
42031  19.798  -37.550  15.998 0.3000000119
42034  17.938  -38.214  15.957 0.3000000119
42056  24.616  -38.797  14.138 0.6999999881
42065  23.153  -38.596  13.174 0.6000000238
42095  19.252  -38.668  9.905 0.3000000119
42096  18.661  -38.409  9.911 0.3000000119
43169  21.512  -38.142  20.823 0.6999999881
43238  20.648  -36.861  17.969 0.6000000238
43239  19.931  -37.404  17.301 0.5000000000
43257  26.020  -37.426  17.382 0.8999999762
43258  21.404  -37.065  16.935 0.6000000238
43285  24.738  -37.418  14.265 0.8000000119
43301  23.583  -38.197  13.251 0.6000000238
43308  22.565  -37.940  12.588 0.6000000238
43310  21.322  -38.031  12.202 0.6999999881
43327  18.278  -38.002  10.112 0.3000000119
44386  22.670  -36.767  20.810 0.8999999762
44443  25.735  -37.208  18.444 0.8000000119
44518  25.341  -37.088  15.271 0.8000000119
44540  24.162  -37.001  13.882 0.8000000119
44546  23.601  -36.715  13.356 0.8000000119
44556  21.598  -37.386  12.364 0.6999999881
44596  20.452  -36.908  9.524 0.5000000000
44615  20.076  -37.426  9.652 0.4000000060
44616  19.322  -37.850  9.600 0.3000000119
44617  18.695  -38.040  9.759 0.4000000060
45738  26.028  -36.337  16.757 1.0000000000
45811  21.919  -36.782  12.464 0.6999999881
45815  17.328  -36.473  11.271 0.6000000238
46726  21.918  -35.448  22.236 1.0000000000
46776  18.016  -35.638  20.435 0.5000000000
46923  25.189  -36.025  15.306 0.8999999762
46998  17.245  -35.949  10.977 0.6000000238
47012  17.790  -35.638  10.687 0.6000000238
47829  20.726  -34.702  22.476 0.8000000119
47844  23.509  -34.883  21.692 1.0000000000
47941  25.589  -35.177  17.684 1.0000000000
47975  25.899  -35.246  16.692 1.0000000000
48013  23.246  -34.490  14.173 0.8999999762
48049  19.498  -34.439  12.516 0.8999999762
48079  17.226  -35.445  11.149 0.6999999881
48095  20.256  -34.761  10.100 0.6000000238
48097  18.836  -34.672  10.008 0.6000000238
48990  21.902  -34.192  22.391 0.6999999881
49180  22.417  -33.556  14.365 0.8999999762
49218  21.181  -33.627  13.427 0.8999999762
49237  18.106  -34.193  12.289 0.8999999762
49284  17.028  -34.081  10.836 0.8000000119
50318  21.035  -32.459  13.994 0.8999999762
50339  18.236  -33.528  12.191 0.8999999762
50399  16.802  -33.299  10.360 0.8000000119
50406  17.592  -33.774  10.422 0.8000000119
51268  22.504  -32.454  22.310 0.6000000238
51270  19.845  -32.339  21.704 0.4000000060
51275  24.814  -32.620  21.778 0.8000000119
51278  19.400  -32.572  21.212 0.4000000060
51285  18.430  -32.514  20.120 0.4000000060
51385  23.239  -32.231  16.543 1.0000000000
51476  18.723  -32.465  12.543 0.8999999762
51505  18.101  -32.431  12.061 0.8999999762
51525  16.373  -32.237  11.052 0.8999999762
51541  16.549  -32.645  10.597 0.8000000119
52476  24.416  -31.336  22.098 0.6000000238
52477  23.110  -31.307  22.434 0.6000000238
52478  22.209  -31.751  22.287 0.6000000238
52486  20.250  -31.333  21.801 0.4000000060
52488  19.187  -32.075  20.850 0.4000000060
52494  19.496  -31.135  20.793 0.4000000060
52609  22.466  -31.401  15.712 1.0000000000
52654  20.515  -31.517  13.787 0.8999999762
52732  22.389  -31.778  10.749 0.6000000238
52745  21.978  -31.356  10.222 0.6000000238
52751  16.491  -31.912  9.663 0.8000000119
53719  20.715  -30.999  21.824 0.5000000000
53725  24.635  -30.561  21.915 0.6000000238
53728  19.828  -30.808  21.057 0.4000000060
53748  18.797  -30.893  19.762 0.4000000060
53879  21.176  -30.796  14.305 1.0000000000
53880  20.841  -31.022  13.949 0.8999999762
53983  21.837  -30.825  9.184 0.6000000238
53988  17.390  -30.548  9.040 0.6999999881
54958  23.104  -30.214  22.099 0.5000000000
54975  20.625  -30.051  21.157 0.4000000060
55056  28.074  -29.706  15.903 0.6999999881
55080  27.316  -29.658  14.213 0.8000000119
55081  26.749  -29.971  13.916 0.8000000119
55082  26.160  -30.199  13.738 0.8000000119
55083  25.431  -30.224  13.768 0.8000000119
55084  24.690  -30.244  13.788 0.8999999762
55086  21.967  -29.821  14.134 1.0000000000
55087  21.208  -30.143  14.103 1.0000000000
55106  23.270  -29.539  13.228 1.0000000000
55107  22.683  -29.501  13.755 1.0000000000
55111  19.761  -30.371  12.700 0.8999999762
55127  24.384  -29.577  12.640 0.8999999762
55179  21.504  -30.458  8.613 0.6000000238
55181  19.927  -30.079  8.886 0.6999999881
55184  17.321  -30.026  9.088 0.8000000119
55195  21.201  -29.789  8.375 0.6000000238
55214  22.117  -29.791  7.806 0.6000000238
56224  24.774  -29.331  21.439 0.5000000000
56227  22.259  -29.248  21.253 0.4000000060
56241  21.925  -28.919  20.845 0.4000000060
56251  20.249  -28.958  19.805 0.4000000060
56377  24.778  -29.250  12.268 0.8000000119
56398  24.685  -28.864  11.855 0.8000000119
56427  16.924  -29.199  9.978 0.8999999762
57463  24.310  -28.841  21.201 0.5000000000
57498  21.352  -28.240  19.590 0.4000000060
57611  27.530  -28.325  13.333 0.6999999881
57625  26.672  -28.324  12.587 0.8000000119
57626  26.090  -28.621  12.297 0.8000000119
57628  22.502  -28.665  12.073 0.8999999762
57629  21.782  -28.791  12.155 1.0000000000
57638  26.453  -27.850  12.064 0.6999999881
57642  23.221  -28.463  11.357 0.8999999762
57643  22.726  -28.462  11.609 0.8999999762
57645  20.608  -28.395  11.621 1.0000000000
57648  17.578  -28.448  10.721 0.8999999762
57649  17.117  -28.665  10.500 0.8999999762
57665  18.607  -28.036  10.900 0.8999999762
57681  17.117  -28.547  10.207 0.8999999762
57698  18.318  -28.582  8.839 0.6999999881
57725  21.229  -28.684  8.198 0.6999999881
58797  21.590  -28.033  19.084 0.4000000060
58884  28.765  -27.916  15.298 0.6999999881
58909  27.979  -27.901  13.650 0.6000000238
58960  25.397  -27.846  11.306 0.8000000119
58973  24.922  -27.460  10.880 0.8000000119
58980  18.037  -27.539  10.376 0.8999999762
59023  22.553  -27.495  8.316 0.6999999881
59024  21.600  -27.722  8.282 0.6999999881
59025  19.904  -27.196  8.149 0.8000000119
59027  18.450  -27.389  8.437 0.6999999881
60074  25.062  -26.819  18.851 0.4000000060
60225  27.134  -26.546  11.174 0.6999999881
60228  25.238  -26.806  10.641 0.8000000119
60230  23.586  -27.114  10.368 0.8000000119
60237  18.013  -27.024  9.919 0.8999999762
60248  18.406  -26.668  9.634 0.8999999762
60260  18.039  -26.910  9.086 0.8999999762
60272  23.101  -26.896  8.542 0.5000000000
60287  19.234  -26.351  7.873 0.6999999881
60288  18.802  -26.265  8.228 0.8000000119
61313  22.449  -26.392  17.735 0.3000000119
61315  20.955  -26.380  17.721 0.3000000119
61430  28.588  -26.359  12.214 0.6000000238
61445  28.448  -26.138  11.677 0.6000000238
61461  26.858  -26.019  10.793 0.6999999881
61464  24.825  -26.398  10.089 0.8000000119
61484  23.165  -26.051  9.856 0.8999999762
61485  22.508  -26.070  9.682 0.8999999762
61486  21.791  -26.023  9.662 0.8999999762
61501  18.591  -26.497  9.346 0.8999999762
61518  20.561  -26.332  8.110 0.6999999881
61533  21.669  -25.675  7.944 0.6000000238
61534  20.918  -25.677  7.830 0.6999999881
61536  19.043  -25.795  7.830 0.8000000119
61537  18.760  -25.810  8.199 0.8000000119
62576  23.235  -25.379  16.587 0.3000000119
62577  22.561  -25.309  16.487 0.3000000119
62689  29.379  -24.785  11.291 0.4000000060
62691  26.502  -25.452  10.426 0.6999999881
62693  25.142  -25.697  10.016 0.6999999881
62694  24.384  -25.747  9.976 0.6999999881
62703  26.092  -24.956  10.103 0.6999999881
62706  23.526  -25.556  9.825 0.8000000119
62718  20.211  -24.970  8.954 0.8999999762
62732  25.207  -25.433  8.268 0.6000000238
62735  19.407  -24.961  8.348 0.8000000119
62736  18.875  -25.353  8.545 0.8000000119
62752  24.969  -24.921  7.819 0.6000000238
62754  23.216  -25.118  8.039 0.6000000238
62758  20.462  -25.111  7.379 0.6999999881
62770  19.823  -24.302  7.050 0.8000000119
63880  30.253  -24.205  12.361 0.4000000060
63918  25.739  -24.521  9.748 0.6999999881
63921  23.330  -25.037  9.655 0.8000000119
63925  20.492  -24.764  8.856 0.8999999762
63934  25.498  -24.179  9.366 0.6999999881
63936  23.928  -24.358  9.162 0.6999999881
63942  19.672  -24.519  8.225 0.8000000119
63970  23.101  -24.447  7.532 0.6000000238
63972  21.355  -24.546  7.209 0.6000000238
63974  20.319  -24.608  6.890 0.8000000119
63989  26.409  -24.371  6.578 0.5000000000
63997  20.275  -23.972  6.875 0.6999999881
63998  19.852  -23.728  7.103 0.8000000119
64017  27.781  -24.310  5.374 0.4000000060
65296  26.019  -23.425  9.027 0.6999999881
65297  24.479  -23.759  8.911 0.6999999881
65298  23.584  -24.027  8.652 0.6999999881
65299  22.813  -24.021  8.550 0.8000000119
65300  21.960  -23.902  8.479 0.8999999762
65301  21.106  -23.768  8.414 0.8999999762
65302  20.327  -23.774  8.248 0.8000000119
65315  24.015  -23.424  8.577 0.6999999881
65319  20.198  -23.488  7.641 0.8000000119
65332  19.800  -23.778  7.467 0.8000000119
65351  22.866  -23.399  6.484 0.6000000238
65352  22.111  -23.402  6.766 0.6000000238
65354  20.786  -23.525  6.752 0.8000000119
65378  21.761  -23.060  6.579 0.6999999881
65379  21.185  -23.104  6.611 0.8000000119
65393  25.079  -22.626  5.414 0.6000000238
66536  30.380  -22.649  10.629 0.4000000060
66570  25.872  -22.914  8.405 0.6000000238
66571  25.113  -22.938  8.200 0.8000000119
66573  23.591  -22.800  8.091 0.8000000119
66574  22.796  -22.739  7.819 0.8000000119
66591  20.855  -22.333  7.059 0.8000000119
66592  20.622  -22.751  6.947 0.8000000119
66609  20.898  -22.887  6.708 0.8000000119
66624  21.753  -22.457  6.063 0.6999999881
67820  30.551  -22.145  10.841 0.3000000119
67836  29.492  -21.580  9.349 0.3000000119
67837  28.956  -21.786  9.120 0.4000000060
67838  28.338  -21.922  8.973 0.4000000060
67850  27.437  -21.755  8.249 0.4000000060
67855  22.862  -22.214  7.393 0.8000000119
67881  22.619  -22.075  7.055 0.8000000119
67882  21.942  -22.067  6.848 0.8000000119
67883  21.404  -21.948  6.447 0.6999999881
67900  23.813  -22.079  6.751 0.6999999881
67911  23.463  -22.171  6.240 0.6000000238
67913  22.137  -22.279  6.238 0.6999999881
67914  21.541  -22.067  6.174 0.6999999881
67936  26.201  -20.567  3.601 0.4000000060
70685  25.869  -20.068  3.989 0.4000000060
70695  26.981  -20.132  3.268 0.4000000060
175425  25.299  -42.479  15.077 0.4000000060
176986  23.898  -30.158  13.711 1.0000000000
177827  23.865  -29.866  13.115 1.0000000000
178982  27.066  -27.154  18.487 0.5000000000
179537  24.709  -39.315  14.525 0.6000000238
179918  18.889  -25.322  7.850 0.8000000119
181080  23.169  -42.880  19.768 0.4000000060
181463  24.576  -32.514  18.130 1.0000000000
182499  18.479  -35.158  20.483 0.6000000238
183136  23.965  -43.914  19.725 0.4000000060
183918  26.156  -39.266  17.304 0.6000000238
184712  25.072  -41.336  14.641 0.4000000060
185706  26.023  -42.184  18.062 0.3000000119
185785  17.909  -37.333  10.140 0.5000000000
186883  18.340  -26.693  8.592 0.8000000119
187157  22.869  -26.234  8.557 0.6000000238
187344  23.091  -42.341  19.792 0.4000000060
189238  20.369  -31.997  21.899 0.6000000238
191345  17.101  -35.052  19.443 0.4000000060
191358  16.378  -30.408  9.778 0.8999999762
191445  23.983  -25.221  16.570 0.3000000119
191720  19.059  -39.839  20.321 0.4000000060
191889  21.636  -39.109  12.191 0.5000000000
192051  21.203  -35.210  22.338 0.8000000119
192445  30.189  -24.423  13.024 0.4000000060
194068  25.906  -38.210  16.116 0.8000000119
194289  20.803  -33.003  22.299 0.6999999881
194618  24.435  -41.694  19.576 0.5000000000
194702  25.927  -41.033  16.551 0.5000000000
194835  17.672  -33.035  11.841 0.8999999762
195356  17.844  -38.955  20.620 0.5000000000
195385  23.428  -26.603  10.040 0.8000000119
195425  23.263  -40.378  13.078 0.6000000238
195578  20.304  -34.279  22.135 0.6000000238
196398  23.802  -41.672  19.759 0.4000000060
196486  21.118  -27.093  8.325 0.8000000119
197028  23.774  -28.318  11.303 0.8999999762
197077  19.505  -26.891  8.135 0.8000000119
197273  27.649  -26.447  11.357 0.6999999881
197406  18.561  -40.558  19.739 0.3000000119
197649  25.419  -26.097  8.482 0.5000000000
197669  25.320  -43.875  18.807 0.4000000060
197673  20.400  -25.632  7.849 0.6999999881
198552  18.733  -29.214  9.145 0.6999999881
199758  19.009  -32.087  10.127 0.6999999881
200154  25.949  -41.233  18.352 0.4000000060
200271  18.293  -25.842  8.666 0.8000000119
202522  20.346  -25.874  9.529 0.8999999762
202575  20.604  -39.475  16.892 0.4000000060
202669  21.667  -28.646  20.410 0.4000000060
203315  21.084  -33.288  10.714 0.6000000238
203384  21.076  -29.559  21.005 0.4000000060
203464  22.766  -29.091  21.276 0.4000000060
204050  27.548  -22.632  9.128 0.4000000060
204224  18.623  -28.919  19.052 0.4000000060
204890  25.930  -22.341  8.229 0.6999999881
205041  24.817  -34.217  15.922 1.0000000000
205172  21.413  -31.528  10.404 0.6000000238
205265  19.438  -31.605  20.965 0.4000000060
205642  19.410  -40.547  19.265 0.5000000000
205719  17.234  -28.113  9.459 0.8000000119
205999  25.564  -31.789  21.126 0.6999999881
207484  20.242  -29.410  12.559 1.0000000000
207932  17.028  -32.927  11.532 0.8999999762
208851  22.698  -40.973  18.984 0.5000000000
209317  23.697  -24.757  7.864 0.6000000238
209340  20.946  -34.088  12.970 0.8999999762
209833  22.948  -35.358  13.498 0.8000000119
210162  20.870  -29.341  12.691 1.0000000000
210717  18.862  -34.905  21.054 0.6000000238
210792  23.927  -25.630  9.895 0.6999999881
210825  24.960  -39.677  14.577 0.6000000238
211030  21.096  -37.582  21.488 0.8000000119
211119  22.244  -33.207  14.678 0.8999999762
211283  21.528  -33.207  11.016 0.6000000238
211354  24.226  -28.875  11.694 0.8000000119
211656  22.374  -41.602  19.038 0.4000000060
