#!ascii label  , from subject sub-03_ses-005.long.sub-03 vox2ras=TkReg
1938
28287  39.475  -49.490  -25.830 0.3000000119
213211  40.888  -37.343  -30.023 0.6000000238
201724  42.308  -34.740  -29.548 0.6999999881
50519  41.281  -34.850  -28.257 0.6999999881
201740  38.907  -48.909  -25.753 0.4000000060
38513  37.557  -43.427  -30.664 0.4000000060
29450  39.697  -48.229  -26.368 0.5000000000
231973  40.644  -49.090  -26.355 0.5000000000
46439  40.984  -38.354  -30.137 0.6999999881
47827  40.773  -36.310  -30.108 0.6999999881
47825  42.459  -36.457  -30.528 0.5000000000
50562  44.369  -35.488  -30.864 0.6000000238
210492  42.447  -34.740  -30.143 0.6000000238
211336  44.011  -35.519  -29.430 0.6999999881
50507  42.238  -35.234  -27.401 0.6999999881
30682  38.235  -47.278  -26.829 0.5000000000
37297  37.514  -44.202  -30.900 0.4000000060
30681  39.234  -47.730  -26.693 0.6000000238
41060  38.510  -41.720  -30.546 0.4000000060
42327  40.303  -40.878  -30.841 0.5000000000
225399  38.871  -46.820  -27.972 0.6000000238
233633  39.604  -40.349  -30.227 0.6000000238
45016  41.176  -39.337  -30.350 0.6000000238
30697  39.986  -47.102  -27.609 0.6000000238
231039  42.318  -38.998  -30.623 0.6000000238
47834  43.602  -36.087  -30.950 0.6000000238
49160  44.660  -35.730  -31.168 0.6000000238
50554  46.098  -35.769  -30.598 0.6999999881
241114  45.020  -35.604  -30.694 0.6999999881
50540  45.370  -35.690  -29.945 0.6999999881
50529  44.351  -35.572  -28.883 0.6999999881
51858  43.400  -34.789  -26.863 0.6999999881
50526  46.621  -35.466  -29.221 0.6999999881
51881  45.495  -35.233  -28.279 0.6999999881
51856  44.673  -34.458  -27.208 0.6999999881
51879  47.161  -34.914  -28.792 0.6999999881
30683  37.485  -47.085  -26.648 0.5000000000
33328  36.759  -45.990  -29.479 0.5000000000
36006  36.542  -45.116  -29.718 0.5000000000
39763  38.866  -42.449  -31.225 0.4000000060
31921  38.061  -46.780  -28.128 0.5000000000
42337  40.768  -41.511  -31.341 0.5000000000
43643  41.287  -40.102  -30.764 0.6000000238
33319  39.645  -46.315  -28.228 0.6000000238
220316  38.107  -45.678  -28.617 0.5000000000
37288  38.084  -44.093  -28.888 0.5000000000
46448  43.197  -38.030  -30.627 0.6999999881
47832  44.693  -37.031  -31.031 0.6000000238
46437  42.826  -37.291  -30.613 0.6999999881
49157  46.693  -36.715  -30.692 0.6000000238
47831  45.332  -36.748  -31.210 0.6000000238
49147  47.017  -36.155  -30.533 0.6000000238
49149  45.563  -35.705  -30.992 0.6000000238
50551  48.243  -35.789  -30.082 0.6000000238
50537  47.306  -35.566  -29.848 0.6999999881
53194  43.690  -34.163  -26.569 0.6999999881
51897  48.668  -35.195  -29.916 0.6000000238
51868  45.704  -34.666  -27.844 0.6999999881
53192  44.775  -33.736  -27.204 0.6999999881
225506  47.669  -35.072  -29.313 0.6999999881
39772  39.106  -43.087  -31.369 0.4000000060
219116  36.966  -46.275  -29.161 0.5000000000
36009  37.410  -44.719  -30.795 0.4000000060
41070  40.035  -41.895  -31.370 0.5000000000
209916  41.638  -40.548  -31.010 0.6000000238
36005  37.759  -45.105  -30.201 0.4000000060
43642  43.234  -39.413  -30.826 0.6000000238
209105  37.680  -45.431  -29.511 0.4000000060
38512  39.042  -43.553  -30.928 0.4000000060
37292  38.156  -44.616  -29.915 0.4000000060
38505  39.420  -43.170  -30.567 0.4000000060
45024  44.109  -38.753  -30.669 0.6999999881
46445  45.174  -37.903  -30.683 0.6000000238
46443  46.343  -37.450  -30.591 0.6000000238
49155  48.025  -36.943  -30.243 0.6000000238
47829  47.014  -37.482  -30.313 0.6000000238
49144  49.294  -36.331  -30.334 0.6000000238
54473  43.826  -33.485  -26.528 0.6999999881
54482  46.350  -33.764  -27.864 0.6999999881
53207  48.061  -33.856  -28.902 0.6000000238
53202  47.472  -34.082  -28.439 0.6000000238
37295  39.055  -43.418  -31.220 0.4000000060
39770  40.343  -42.479  -31.311 0.4000000060
234810  43.710  -39.871  -30.758 0.6999999881
39761  40.536  -42.402  -30.927 0.4000000060
43640  45.563  -39.757  -30.301 0.8000000119
39733  38.920  -42.708  -29.224 0.5000000000
45022  45.528  -38.939  -30.531 0.6999999881
216761  46.833  -38.371  -30.119 0.6000000238
46436  49.125  -37.735  -29.971 0.5000000000
46442  47.516  -38.054  -30.026 0.6000000238
224287  43.011  -32.688  -25.887 0.6999999881
51895  51.568  -34.851  -30.561 0.6000000238
215299  49.767  -35.634  -30.457 0.6000000238
54471  44.896  -32.959  -27.256 0.8000000119
215241  43.887  -32.731  -26.592 0.8000000119
53210  49.737  -34.340  -30.458 0.6000000238
53211  49.044  -34.465  -30.151 0.6000000238
39767  42.879  -41.098  -30.436 0.5000000000
42336  41.400  -41.236  -31.228 0.6000000238
39759  41.842  -41.528  -30.708 0.5000000000
41048  42.931  -41.238  -29.364 0.6999999881
39746  41.634  -41.561  -30.197 0.4000000060
43638  46.583  -39.592  -30.116 0.6999999881
45019  47.601  -39.004  -30.059 0.6999999881
210949  50.002  -37.811  -29.916 0.6000000238
213404  48.728  -38.472  -29.815 0.6000000238
47822  50.739  -37.110  -30.051 0.6000000238
55678  43.121  -32.085  -26.053 0.6000000238
210085  50.795  -35.617  -30.375 0.6000000238
55689  45.846  -32.453  -27.864 0.6999999881
229719  45.016  -31.877  -27.536 0.6999999881
208390  50.091  -33.628  -30.479 0.6999999881
54490  49.541  -33.265  -30.140 0.6999999881
222816  46.904  -32.809  -28.312 0.6999999881
204572  44.278  -41.037  -30.116 0.5000000000
41057  44.962  -40.807  -30.059 0.6000000238
42333  43.502  -40.391  -30.682 0.6000000238
41035  44.942  -41.220  -28.901 0.6999999881
39744  43.164  -41.151  -29.910 0.6000000238
42332  45.585  -40.121  -30.116 0.6999999881
41036  43.513  -41.184  -28.738 0.6999999881
41038  41.320  -41.201  -28.709 0.6999999881
42330  47.063  -39.972  -30.022 0.6999999881
43636  48.161  -39.764  -30.024 0.6999999881
46434  50.348  -38.491  -29.855 0.5000000000
45013  49.159  -39.292  -29.779 0.6000000238
59692  41.070  -30.088  -24.890 0.5000000000
47813  52.547  -36.936  -30.155 0.6000000238
47821  51.380  -37.528  -30.135 0.6000000238
58280  43.184  -30.735  -26.515 0.6000000238
59699  41.915  -30.030  -25.791 0.5000000000
224433  52.571  -35.130  -30.738 0.6000000238
49142  51.310  -36.318  -30.420 0.6000000238
56929  46.050  -31.612  -28.351 0.6000000238
58287  43.951  -30.607  -27.374 0.5000000000
59715  43.762  -29.854  -27.710 0.5000000000
53208  52.754  -34.011  -30.476 0.6999999881
53209  51.956  -33.993  -30.547 0.6999999881
54489  50.459  -32.684  -30.517 0.6999999881
55694  47.850  -32.264  -29.152 0.6999999881
56928  46.537  -31.002  -28.916 0.5000000000
54488  51.706  -32.457  -30.499 0.6999999881
56940  48.785  -31.372  -29.940 0.6000000238
41062  45.758  -40.335  -29.960 0.6000000238
241479  45.621  -41.108  -29.130 0.6999999881
39741  45.703  -40.980  -29.454 0.6000000238
41018  45.960  -40.924  -28.412 0.6999999881
42326  47.126  -40.300  -29.705 0.6999999881
43629  50.324  -39.995  -29.848 0.6999999881
42324  49.221  -40.636  -29.712 0.6999999881
45003  50.679  -39.252  -29.878 0.6000000238
61077  40.841  -29.446  -25.196 0.4000000060
45001  51.650  -38.576  -29.568 0.5000000000
61104  42.200  -29.018  -27.386 0.4000000060
51885  53.192  -34.862  -29.995 0.6000000238
50536  53.124  -35.502  -30.190 0.6000000238
56930  45.488  -31.123  -28.266 0.5000000000
59714  44.422  -30.228  -27.936 0.5000000000
56935  47.494  -31.569  -29.225 0.5000000000
58306  46.164  -30.404  -29.134 0.4000000060
239153  52.521  -33.050  -30.013 0.6000000238
221570  51.199  -31.781  -30.522 0.6999999881
219565  50.241  -31.816  -30.401 0.6000000238
206180  50.079  -30.727  -30.472 0.5000000000
41033  45.903  -41.019  -28.072 0.6000000238
39726  47.065  -40.708  -28.588 0.6999999881
41053  47.890  -40.785  -29.130 0.6999999881
43612  45.536  -39.983  -27.783 0.6999999881
42298  46.773  -40.270  -27.959 0.6999999881
41030  48.980  -40.973  -29.260 0.6000000238
219822  49.955  -40.903  -29.130 0.6000000238
46410  51.994  -37.933  -28.298 0.6000000238
44996  51.739  -38.754  -28.863 0.5000000000
47808  52.353  -37.449  -29.576 0.6000000238
51876  52.804  -34.897  -29.129 0.6000000238
50523  52.930  -36.257  -29.618 0.6000000238
58299  45.553  -30.320  -28.692 0.4000000060
59721  44.221  -29.733  -28.254 0.5000000000
61112  42.947  -28.849  -28.291 0.4000000060
54484  52.715  -33.441  -29.888 0.6000000238
61118  44.837  -29.263  -29.124 0.4000000060
56931  52.572  -31.649  -29.903 0.6000000238
58308  50.702  -30.613  -30.270 0.5000000000
237011  48.131  -40.541  -28.570 0.6999999881
42310  48.552  -41.003  -28.867 0.6000000238
44987  47.234  -39.105  -27.599 0.6999999881
222525  48.942  -40.409  -28.476 0.6000000238
42295  49.881  -40.487  -28.119 0.6000000238
44968  45.670  -38.411  -27.506 0.6999999881
43607  50.981  -39.919  -27.593 0.5000000000
49124  50.932  -36.496  -27.959 0.6000000238
47801  51.060  -37.375  -27.878 0.6000000238
239846  51.515  -36.477  -28.323 0.6000000238
51877  51.882  -35.087  -28.473 0.5000000000
53199  52.426  -33.501  -29.080 0.6000000238
55691  52.197  -32.137  -29.047 0.6000000238
58301  51.429  -30.726  -29.608 0.5000000000
44966  47.868  -38.808  -27.405 0.6999999881
44985  48.851  -39.116  -27.468 0.6999999881
46413  49.606  -38.681  -27.548 0.6000000238
47802  50.344  -37.725  -27.581 0.5000000000
50513  50.062  -35.444  -27.543 0.6000000238
49125  50.183  -36.860  -27.497 0.6000000238
51866  50.353  -34.614  -27.718 0.6000000238
53201  51.094  -33.328  -28.116 0.6000000238
56925  51.590  -31.136  -29.134 0.5000000000
215850  40.035  -45.233  -27.074 0.5000000000
39713  38.821  -42.352  -27.293 0.5000000000
35977  39.354  -44.207  -26.098 0.5000000000
37272  38.946  -43.577  -26.311 0.5000000000
41024  40.681  -41.322  -28.163 0.6999999881
41011  40.773  -41.300  -26.957 0.6999999881
39712  39.454  -41.926  -26.879 0.5000000000
38486  39.179  -42.909  -26.089 0.5000000000
239145  43.034  -41.031  -28.272 0.6999999881
41023  41.294  -41.138  -27.633 0.6999999881
42300  44.970  -40.435  -28.049 0.6999999881
27221  40.341  -50.321  -26.352 0.3000000119
50531  42.795  -35.365  -28.911 0.6999999881
49151  42.152  -35.411  -30.610 0.6000000238
50515  44.046  -35.547  -28.115 0.6999999881
54463  42.878  -33.310  -25.859 0.6999999881
41050  41.317  -41.430  -29.571 0.6000000238
49143  50.225  -36.331  -30.214 0.6000000238
54486  48.273  -33.001  -29.161 0.6999999881
56916  43.742  -31.562  -26.738 0.6000000238
55695  47.111  -32.186  -28.734 0.6999999881
56922  45.012  -31.339  -27.794 0.6000000238
55698  49.505  -32.417  -30.111 0.6999999881
219809  42.847  -30.267  -26.446 0.5000000000
61084  41.724  -29.472  -26.064 0.5000000000
58303  48.480  -30.850  -29.973 0.5000000000
43623  51.029  -39.880  -29.243 0.5000000000
42296  48.181  -39.903  -28.150 0.6999999881
239559  51.248  -38.742  -27.663 0.5000000000
219215  50.732  -33.897  -27.874 0.6000000238
54478  51.933  -32.906  -28.626 0.6000000238
44984  49.506  -39.259  -27.603 0.6000000238
209708  50.948  -35.207  -27.931 0.6000000238
44964  48.938  -38.677  -27.325 0.5000000000
40994  40.831  -41.521  -25.462 0.6000000238
39674  42.606  -41.770  -23.570 0.6000000238
40971  41.760  -40.937  -22.896 0.4000000060
232395  41.279  -41.071  -24.599 0.5000000000
41010  41.098  -41.071  -26.584 0.6000000238
43626  37.217  -39.515  -29.048 0.5000000000
212961  42.238  -41.204  -22.439 0.4000000060
45017  40.372  -39.140  -30.069 0.5000000000
221519  38.536  -37.968  -29.246 0.5000000000
38463  41.605  -42.085  -23.924 0.5000000000
40961  40.711  -40.967  -21.795 0.4000000060
45018  39.666  -38.543  -29.763 0.5000000000
47815  38.663  -36.377  -29.409 0.5000000000
40985  41.740  -40.919  -24.076 0.6000000238
46425  40.184  -37.051  -29.831 0.5000000000
207989  41.075  -40.955  -25.106 0.5000000000
42304  42.252  -40.619  -27.323 0.6000000238
42224  40.095  -40.634  -19.891 0.4000000060
40921  40.787  -40.641  -19.277 0.4000000060
42259  40.737  -39.996  -23.608 0.4000000060
49129  36.281  -35.795  -28.974 0.5000000000
42266  41.198  -40.390  -24.571 0.5000000000
49137  38.527  -35.704  -29.288 0.5000000000
50535  38.013  -35.492  -28.796 0.5000000000
42274  41.637  -39.968  -26.290 0.6000000238
43598  42.282  -39.537  -26.860 0.6000000238
42302  43.571  -40.390  -27.772 0.6000000238
50559  41.835  -34.721  -30.277 0.5000000000
51874  39.136  -34.977  -28.470 0.5000000000
49127  37.881  -35.838  -27.977 0.4000000060
44963  41.551  -38.975  -25.634 0.5000000000
43587  41.417  -39.456  -25.284 0.5000000000
44961  42.284  -38.479  -26.535 0.6000000238
44971  43.405  -38.459  -27.040 0.6000000238
43596  43.256  -39.210  -27.308 0.6000000238
44969  44.874  -38.362  -27.440 0.6000000238
43613  44.700  -39.731  -27.763 0.6000000238
229540  40.387  -40.519  -22.336 0.4000000060
42225  39.513  -40.435  -20.472 0.4000000060
51872  40.357  -34.581  -28.324 0.5000000000
50510  38.866  -35.234  -27.805 0.5000000000
49120  38.319  -36.193  -26.108 0.4000000060
51882  40.846  -34.415  -28.789 0.6000000238
49122  38.186  -36.158  -27.062 0.4000000060
226109  40.757  -38.529  -24.748 0.6000000238
47792  42.183  -37.489  -25.930 0.6000000238
47791  42.866  -37.236  -26.125 0.6000000238
47798  44.122  -37.359  -26.636 0.6000000238
221287  39.241  -40.336  -19.125 0.4000000060
51863  39.700  -34.784  -27.301 0.5000000000
51854  38.710  -35.078  -26.030 0.4000000060
50488  37.622  -35.762  -24.174 0.4000000060
43571  39.890  -39.019  -23.216 0.6000000238
43564  39.696  -39.395  -22.798 0.4000000060
47754  40.504  -37.420  -23.892 0.6000000238
43570  40.402  -39.242  -23.753 0.6000000238
211382  41.103  -38.002  -25.090 0.5000000000
49113  42.783  -36.635  -25.085 0.6000000238
47769  41.647  -36.934  -24.801 0.5000000000
46403  45.292  -37.790  -27.056 0.6000000238
42192  39.714  -40.461  -18.556 0.4000000060
42237  39.074  -40.054  -20.970 0.4000000060
225987  40.133  -34.567  -26.650 0.6000000238
53171  38.919  -33.988  -25.310 0.5000000000
53155  37.800  -34.391  -23.955 0.5000000000
50474  37.100  -35.520  -23.488 0.5000000000
44925  39.091  -38.840  -22.083 0.4000000060
43558  39.031  -39.351  -21.864 0.4000000060
47740  39.680  -37.616  -22.454 0.5000000000
47738  40.850  -36.912  -23.249 0.5000000000
225694  42.158  -36.322  -23.502 0.5000000000
47777  44.031  -36.686  -25.446 0.6000000238
47788  45.377  -37.035  -25.797 0.6000000238
46401  46.855  -37.993  -26.859 0.6000000238
44872  37.670  -38.952  -18.365 0.4000000060
43507  38.602  -39.898  -19.101 0.4000000060
43489  37.994  -39.424  -18.000 0.4000000060
43488  38.458  -39.759  -17.584 0.4000000060
51849  42.396  -34.546  -26.201 0.6000000238
44889  37.635  -38.246  -19.088 0.4000000060
43523  38.174  -39.366  -19.474 0.4000000060
54452  39.130  -33.500  -24.927 0.6000000238
53144  37.927  -33.768  -23.848 0.5000000000
51801  36.745  -34.339  -22.902 0.4000000060
46321  38.499  -38.202  -20.900 0.4000000060
47739  40.109  -37.381  -23.033 0.5000000000
49103  43.074  -36.439  -24.382 0.5000000000
49111  44.349  -36.468  -24.670 0.6000000238
216148  46.044  -37.228  -25.879 0.6000000238
46389  47.083  -37.612  -26.179 0.6000000238
44809  37.487  -38.470  -16.590 0.4000000060
53167  41.632  -33.799  -25.250 0.6000000238
54450  40.509  -33.319  -24.754 0.6000000238
54424  38.732  -32.971  -23.985 0.5000000000
204125  34.939  -33.511  -22.467 0.5000000000
47695  38.044  -37.608  -19.779 0.4000000060
46334  38.965  -37.626  -21.249 0.4000000060
49059  39.854  -36.807  -21.598 0.5000000000
49071  41.355  -36.410  -22.686 0.5000000000
225520  45.637  -36.688  -24.575 0.5000000000
44808  37.752  -38.904  -16.353 0.4000000060
54449  41.150  -32.947  -24.734 0.6000000238
55641  39.085  -32.434  -23.876 0.5000000000
55626  37.328  -32.375  -22.800 0.5000000000
49058  40.449  -36.537  -21.849 0.5000000000
49069  42.921  -36.010  -22.717 0.4000000060
234738  44.867  -36.044  -23.372 0.4000000060
47774  46.724  -36.934  -25.160 0.4000000060
47785  47.651  -37.059  -25.854 0.6000000238
47795  49.180  -37.470  -26.990 0.4000000060
46223  37.912  -37.906  -15.599 0.4000000060
46254  37.369  -37.757  -17.628 0.4000000060
54447  42.497  -32.901  -25.488 0.6000000238
47660  37.498  -37.243  -18.125 0.4000000060
56894  42.249  -31.736  -25.361 0.5000000000
55653  40.266  -32.351  -24.261 0.5000000000
56854  38.251  -31.483  -23.125 0.5000000000
58214  36.265  -31.139  -22.182 0.4000000060
56871  39.395  -31.784  -23.768 0.4000000060
49045  40.943  -36.133  -21.435 0.5000000000
50447  42.308  -35.600  -21.713 0.5000000000
50446  42.971  -35.459  -22.040 0.6000000238
206720  45.922  -36.266  -24.205 0.4000000060
49109  46.833  -36.422  -24.934 0.4000000060
49118  48.032  -36.274  -26.077 0.4000000060
50472  45.027  -35.519  -23.363 0.5000000000
58270  41.207  -30.776  -24.715 0.5000000000
216201  40.336  -31.095  -24.042 0.6000000238
58258  40.637  -30.454  -24.336 0.4000000060
50501  47.171  -35.571  -25.399 0.5000000000
211254  48.985  -36.257  -26.925 0.5000000000
209031  43.694  -34.655  -22.358 0.5000000000
51800  43.831  -35.123  -22.442 0.5000000000
51828  45.512  -35.256  -23.818 0.5000000000
50495  46.563  -35.657  -24.593 0.5000000000
48963  37.637  -36.869  -16.769 0.4000000060
209426  49.453  -33.232  -27.546 0.5000000000
50505  48.485  -35.245  -26.778 0.4000000060
50499  48.181  -35.756  -26.376 0.5000000000
53152  45.413  -34.456  -24.062 0.5000000000
53143  44.578  -34.270  -23.205 0.5000000000
59693  40.547  -29.771  -24.600 0.4000000060
53189  48.801  -33.478  -27.292 0.4000000060
212920  47.752  -33.532  -26.673 0.4000000060
51867  49.491  -34.744  -27.406 0.5000000000
219970  48.391  -34.542  -26.796 0.5000000000
51847  47.048  -34.922  -25.574 0.5000000000
51846  47.436  -34.568  -26.034 0.5000000000
53165  46.172  -34.382  -24.963 0.5000000000
54446  45.409  -33.276  -24.922 0.5000000000
240181  46.293  -33.418  -25.734 0.4000000060
211609  41.278  -34.469  -29.907 0.5000000000
50508  41.456  -34.999  -27.445 0.6000000238
49153  40.603  -35.429  -29.994 0.6000000238
51860  41.980  -34.924  -26.743 0.6000000238
43624  38.896  -39.770  -29.670 0.5000000000
58282  42.331  -31.041  -25.524 0.5000000000
46399  48.142  -37.924  -26.661 0.6000000238
47796  48.567  -37.553  -26.654 0.4000000060
50548  38.573  -35.409  -29.025 0.5000000000
50561  40.436  -34.810  -29.822 0.5000000000
51891  39.749  -34.831  -29.289 0.5000000000
50502  38.915  -35.284  -26.848 0.4000000060
49105  38.010  -36.108  -24.963 0.4000000060
46367  40.108  -38.051  -23.630 0.6000000238
51852  39.502  -34.675  -26.473 0.6000000238
50487  38.052  -35.293  -24.820 0.4000000060
44902  38.327  -38.814  -20.488 0.4000000060
53184  41.317  -34.283  -25.627 0.6000000238
53186  39.749  -34.199  -25.903 0.6000000238
53154  38.209  -34.030  -24.495 0.5000000000
51802  36.036  -34.651  -22.435 0.5000000000
49073  35.961  -36.110  -22.817 0.5000000000
53128  36.261  -33.932  -22.427 0.5000000000
54436  40.005  -32.952  -24.366 0.5000000000
213409  36.874  -32.906  -22.579 0.5000000000
55625  37.945  -32.475  -23.227 0.5000000000
226409  43.572  -36.050  -22.969 0.5000000000
54397  36.188  -32.797  -22.265 0.5000000000
49032  40.124  -36.085  -20.690 0.5000000000
55652  41.020  -32.281  -24.573 0.6000000238
49119  47.668  -36.517  -25.717 0.3000000119
54460  46.817  -33.509  -26.058 0.4000000060
9538  36.006  -63.966  -27.077 0.3000000119
11276  35.760  -62.345  -28.868 0.3000000119
11274  36.593  -62.096  -28.564 0.3000000119
14120  35.511  -60.567  -30.114 0.3000000119
12178  36.255  -61.411  -29.558 0.3000000119
13107  36.598  -60.918  -29.807 0.3000000119
15214  34.103  -60.152  -29.924 0.3000000119
15207  34.596  -60.059  -29.453 0.3000000119
230369  37.822  -59.079  -28.017 0.3000000119
15204  37.048  -59.677  -29.012 0.3000000119
15195  34.952  -59.681  -28.623 0.3000000119
15178  34.120  -59.389  -28.119 0.3000000119
15175  37.072  -59.112  -28.099 0.3000000119
15139  35.792  -59.312  -26.325 0.3000000119
15156  36.040  -59.337  -26.923 0.3000000119
15177  34.956  -59.418  -27.629 0.4000000060
16218  34.203  -59.158  -27.468 0.4000000060
18140  33.678  -56.894  -27.020 0.4000000060
18154  33.441  -56.787  -27.605 0.3000000119
19087  35.127  -56.210  -24.950 0.3000000119
17132  34.344  -57.396  -25.534 0.4000000060
18124  34.076  -57.037  -26.244 0.4000000060
241668  33.715  -58.084  -26.949 0.4000000060
18100  34.800  -57.220  -24.412 0.3000000119
20179  35.421  -56.056  -27.479 0.4000000060
20140  36.934  -55.816  -24.742 0.4000000060
19074  35.340  -56.302  -24.373 0.4000000060
20185  35.989  -56.210  -28.301 0.4000000060
20191  37.195  -56.222  -29.053 0.3000000119
20152  36.497  -55.886  -25.318 0.4000000060
19088  34.815  -56.439  -25.372 0.3000000119
232988  36.354  -56.204  -26.640 0.4000000060
20151  37.340  -56.011  -25.524 0.4000000060
20182  38.399  -56.403  -28.210 0.5000000000
210761  36.237  -56.337  -27.413 0.4000000060
30679  40.526  -47.532  -27.294 0.5000000000
19085  39.020  -56.500  -25.385 0.4000000060
20184  36.775  -56.568  -28.257 0.4000000060
26233  40.516  -50.855  -27.378 0.3000000119
27241  42.336  -50.042  -27.762 0.4000000060
23246  39.094  -52.219  -29.219 0.3000000119
211091  37.741  -40.310  -29.378 0.4000000060
42322  36.259  -40.081  -28.875 0.4000000060
37280  38.141  -43.634  -28.024 0.4000000060
35985  38.586  -44.276  -27.186 0.4000000060
35993  38.267  -44.590  -27.888 0.4000000060
206239  37.879  -56.172  -25.884 0.4000000060
20167  36.802  -56.163  -26.144 0.3000000119
20176  37.965  -56.934  -27.202 0.5000000000
210618  39.083  -45.478  -27.878 0.4000000060
31919  40.052  -46.543  -28.014 0.4000000060
19098  38.746  -56.525  -26.145 0.4000000060
28296  42.001  -49.618  -27.014 0.4000000060
21214  38.903  -55.678  -28.412 0.4000000060
29461  42.543  -48.291  -27.365 0.5000000000
21219  38.577  -55.073  -28.848 0.5000000000
27250  42.507  -50.410  -28.621 0.4000000060
26245  41.214  -50.747  -28.320 0.4000000060
238607  39.355  -53.036  -28.798 0.3000000119
26252  41.359  -50.870  -28.728 0.4000000060
45007  36.640  -38.577  -29.090 0.4000000060
39732  39.280  -41.990  -28.849 0.4000000060
19113  38.805  -56.710  -26.746 0.4000000060
20166  38.156  -56.518  -26.451 0.4000000060
34637  40.836  -45.834  -27.784 0.4000000060
206660  41.380  -46.756  -27.799 0.5000000000
205354  40.136  -56.577  -27.267 0.4000000060
20181  38.843  -56.354  -27.913 0.4000000060
30695  41.932  -46.734  -27.765 0.5000000000
21203  41.511  -56.160  -26.317 0.4000000060
21206  41.096  -55.515  -26.686 0.4000000060
21208  39.600  -56.029  -27.560 0.4000000060
21212  39.873  -55.006  -27.513 0.5000000000
22260  40.163  -53.786  -27.535 0.5000000000
239511  41.860  -46.177  -27.855 0.4000000060
30694  42.853  -47.068  -27.748 0.5000000000
22242  42.635  -54.876  -26.217 0.4000000060
23229  40.181  -53.048  -28.178 0.5000000000
28311  43.511  -49.243  -28.117 0.4000000060
23239  40.465  -52.466  -28.616 0.4000000060
24232  41.135  -51.450  -29.139 0.4000000060
26259  42.099  -51.020  -29.088 0.4000000060
27255  42.896  -50.443  -28.986 0.4000000060
34626  40.770  -45.466  -27.312 0.4000000060
34613  41.102  -45.259  -26.487 0.3000000119
22252  41.379  -54.412  -26.694 0.4000000060
22259  40.975  -53.653  -27.065 0.4000000060
31915  42.582  -46.180  -27.645 0.4000000060
47755  36.858  -36.756  -23.777 0.4000000060
23208  44.653  -53.111  -26.298 0.4000000060
22250  42.906  -53.962  -26.439 0.4000000060
23227  41.619  -53.049  -27.520 0.5000000000
23237  41.907  -52.387  -28.280 0.5000000000
30716  43.892  -47.223  -27.803 0.5000000000
29474  43.895  -48.257  -28.015 0.4000000060
239464  44.499  -52.921  -26.732 0.4000000060
24220  41.443  -52.016  -28.813 0.4000000060
27248  43.562  -49.925  -29.257 0.4000000060
226695  42.825  -50.530  -28.999 0.4000000060
28315  43.902  -49.600  -29.168 0.4000000060
35968  39.849  -43.999  -25.438 0.4000000060
34625  41.880  -45.826  -27.566 0.3000000119
23218  43.299  -53.335  -27.092 0.4000000060
23236  43.199  -52.590  -27.818 0.4000000060
232309  42.807  -45.997  -27.508 0.3000000119
23223  44.827  -52.229  -27.113 0.4000000060
214915  44.427  -51.662  -27.926 0.4000000060
24218  43.361  -51.979  -28.218 0.4000000060
226317  43.015  -51.612  -28.761 0.5000000000
24212  45.573  -51.716  -26.758 0.4000000060
24215  45.362  -51.501  -27.388 0.4000000060
26256  44.688  -50.386  -28.565 0.4000000060
240146  43.606  -50.136  -29.047 0.4000000060
29473  44.704  -48.625  -28.549 0.4000000060
39693  40.061  -42.355  -25.434 0.4000000060
24228  44.169  -51.390  -28.394 0.4000000060
19183  31.436  -56.264  -30.333 0.3000000119
15154  37.501  -59.231  -26.632 0.3000000119
210705  35.327  -58.813  -24.765 0.3000000119
19073  35.764  -56.109  -23.917 0.4000000060
19095  40.863  -57.025  -25.637 0.4000000060
20162  41.058  -56.877  -26.168 0.4000000060
238435  42.393  -56.251  -25.779 0.4000000060
22240  43.956  -54.093  -25.772 0.4000000060
34624  42.494  -45.732  -27.109 0.3000000119
23215  45.225  -52.210  -26.508 0.4000000060
34599  41.583  -45.150  -25.742 0.4000000060
34623  43.393  -45.813  -26.888 0.4000000060
33300  44.533  -46.545  -27.515 0.4000000060
231586  46.409  -50.599  -27.042 0.4000000060
26250  45.459  -50.548  -27.976 0.4000000060
26255  45.216  -50.246  -28.344 0.4000000060
27259  45.244  -49.112  -28.707 0.4000000060
30714  45.585  -47.897  -28.398 0.3000000119
30715  44.901  -47.563  -28.069 0.4000000060
26248  46.487  -50.109  -27.374 0.4000000060
29462  41.865  -47.535  -27.361 0.4000000060
37248  40.503  -43.237  -24.719 0.4000000060
11289  35.365  -62.048  -29.359 0.3000000119
12165  36.549  -61.813  -29.104 0.3000000119
220186  34.839  -60.592  -30.373 0.3000000119
209353  31.214  -56.810  -30.548 0.3000000119
221471  31.797  -56.708  -30.218 0.3000000119
15206  35.546  -60.045  -29.268 0.3000000119
215559  36.635  -59.289  -26.602 0.3000000119
229715  35.615  -59.536  -28.104 0.4000000060
16219  33.600  -58.814  -27.784 0.4000000060
15140  35.040  -59.114  -26.325 0.3000000119
16178  34.804  -58.483  -25.145 0.3000000119
209537  34.461  -58.813  -26.520 0.4000000060
19114  34.881  -56.139  -26.734 0.4000000060
16161  35.289  -58.553  -24.126 0.3000000119
20139  38.001  -55.912  -24.531 0.4000000060
21213  39.247  -55.243  -27.925 0.4000000060
22262  38.991  -54.778  -28.458 0.5000000000
24222  40.162  -51.856  -29.128 0.3000000119
21202  42.396  -55.902  -26.122 0.4000000060
225230  43.064  -51.189  -29.062 0.4000000060
28313  44.886  -49.015  -28.764 0.4000000060
233788  44.518  -43.993  -24.457 0.4000000060
37245  42.746  -43.763  -24.057 0.4000000060
38460  45.338  -42.868  -23.788 0.4000000060
39673  43.122  -41.642  -23.259 0.3000000119
37224  43.072  -43.113  -23.751 0.5000000000
37246  41.607  -43.447  -24.201 0.4000000060
38465  40.721  -42.565  -24.617 0.4000000060
29383  47.125  -47.707  -23.105 0.3000000119
29374  47.268  -47.701  -22.654 0.3000000119
37168  45.399  -43.552  -20.899 0.3000000119
38418  45.440  -42.277  -21.280 0.3000000119
40934  42.372  -41.067  -20.094 0.3000000119
40947  41.496  -41.134  -21.267 0.3000000119
30566  46.789  -47.482  -21.608 0.3000000119
34520  46.119  -46.073  -20.973 0.3000000119
35876  44.806  -44.242  -20.559 0.3000000119
30631  46.314  -47.354  -23.975 0.3000000119
30614  45.993  -47.407  -22.184 0.3000000119
40918  42.722  -41.299  -19.768 0.3000000119
40919  42.062  -41.070  -19.586 0.3000000119
31799  45.842  -47.227  -20.957 0.3000000119
35855  43.171  -43.923  -19.884 0.3000000119
38410  43.894  -42.064  -20.224 0.3000000119
222555  44.380  -47.076  -20.736 0.3000000119
211261  44.749  -46.740  -20.609 0.3000000119
201191  42.504  -43.917  -19.609 0.3000000119
34504  43.005  -45.622  -20.203 0.3000000119
37157  41.763  -43.866  -19.213 0.3000000119
31837  44.868  -47.214  -21.950 0.3000000119
239487  41.886  -41.733  -19.008 0.3000000119
39599  40.666  -41.265  -18.125 0.3000000119
42157  38.820  -40.198  -17.186 0.3000000119
33164  42.502  -46.369  -20.321 0.3000000119
38387  41.504  -42.267  -18.759 0.3000000119
223125  39.584  -41.255  -16.698 0.3000000119
35858  41.489  -44.836  -19.166 0.3000000119
235112  40.528  -42.866  -17.858 0.3000000119
38375  40.851  -42.632  -18.301 0.3000000119
210551  40.338  -42.542  -15.870 0.3000000119
43453  38.322  -39.809  -16.106 0.3000000119
42139  39.173  -40.759  -16.777 0.3000000119
42124  38.791  -40.224  -15.731 0.3000000119
214871  38.689  -38.365  -14.890 0.3000000119
47624  37.839  -37.360  -15.992 0.3000000119
47602  39.105  -37.441  -15.069 0.3000000119
47622  38.690  -37.015  -15.416 0.3000000119
48947  38.532  -36.391  -15.794 0.3000000119
39671  44.442  -42.070  -23.166 0.3000000119
38462  43.808  -43.033  -23.763 0.4000000060
40946  42.290  -41.097  -20.779 0.3000000119
40884  39.837  -40.675  -18.032 0.3000000119
35945  45.232  -43.905  -24.542 0.5000000000
209901  46.529  -47.441  -21.454 0.3000000119
241415  44.114  -43.521  -20.308 0.3000000119
38408  45.099  -42.726  -20.867 0.3000000119
204505  45.085  -41.859  -21.531 0.3000000119
40957  43.950  -41.398  -21.735 0.3000000119
208222  44.930  -45.126  -20.504 0.3000000119
30568  45.362  -47.337  -20.958 0.3000000119
229242  42.176  -41.330  -19.298 0.3000000119
35877  43.537  -44.658  -20.206 0.3000000119
38376  40.428  -43.454  -17.641 0.3000000119
38326  40.593  -43.123  -15.961 0.3000000119
39598  41.072  -41.712  -18.370 0.3000000119
34484  41.710  -45.675  -19.510 0.3000000119
39538  40.071  -41.953  -15.786 0.3000000119
33318  45.219  -46.700  -27.425 0.3000000119
31938  45.965  -47.262  -27.713 0.4000000060
30710  47.515  -46.898  -26.984 0.4000000060
33314  46.972  -46.817  -27.284 0.4000000060
240148  44.979  -46.085  -26.959 0.3000000119
33285  47.470  -46.233  -26.280 0.4000000060
31900  48.000  -46.261  -25.772 0.3000000119
33299  45.558  -46.597  -27.156 0.4000000060
34619  46.795  -45.906  -26.345 0.4000000060
35971  47.948  -45.100  -25.256 0.3000000119
34608  45.319  -45.475  -25.944 0.3000000119
34607  45.843  -45.464  -25.862 0.4000000060
35973  47.534  -44.866  -25.328 0.4000000060
34596  44.171  -44.954  -25.374 0.3000000119
35976  45.797  -45.044  -25.376 0.4000000060
37263  46.669  -43.886  -24.725 0.4000000060
34610  43.811  -45.435  -26.180 0.3000000119
35964  42.839  -44.787  -24.996 0.3000000119
35949  41.742  -44.184  -24.498 0.3000000119
34598  42.467  -45.206  -25.921 0.3000000119
35975  46.505  -44.997  -25.426 0.4000000060
33297  46.658  -46.724  -27.143 0.4000000060
18090  35.313  -57.216  -23.196 0.3000000119
27252  46.117  -49.025  -28.281 0.3000000119
219334  38.589  -59.086  -22.667 0.3000000119
15067  37.605  -59.414  -23.197 0.3000000119
17097  36.004  -57.998  -22.601 0.3000000119
20125  36.493  -55.803  -23.910 0.3000000119
31948  46.847  -47.361  -28.106 0.3000000119
27247  46.265  -49.579  -28.036 0.3000000119
239442  37.650  -57.660  -21.352 0.3000000119
19046  35.955  -56.792  -22.307 0.3000000119
17083  37.064  -57.889  -21.757 0.3000000119
20124  37.091  -55.718  -23.604 0.3000000119
19071  40.127  -56.769  -24.740 0.3000000119
30718  47.374  -47.944  -27.853 0.3000000119
18032  38.387  -57.049  -20.633 0.3000000119
18054  37.241  -56.719  -21.116 0.3000000119
18053  37.765  -57.148  -20.988 0.3000000119
20104  37.195  -55.674  -22.924 0.3000000119
19031  36.381  -56.828  -21.844 0.3000000119
228494  39.013  -56.270  -24.568 0.3000000119
20090  37.616  -55.466  -21.718 0.3000000119
20103  37.613  -55.435  -22.514 0.3000000119
20138  38.620  -55.844  -24.007 0.3000000119
222791  38.032  -55.582  -23.247 0.3000000119
20147  42.281  -56.466  -25.269 0.3000000119
21200  43.698  -54.890  -25.404 0.3000000119
23207  45.040  -52.988  -25.653 0.3000000119
20059  38.463  -55.711  -20.499 0.3000000119
20136  40.671  -56.515  -24.213 0.3000000119
20119  41.226  -56.117  -23.767 0.3000000119
21192  43.512  -55.731  -25.200 0.3000000119
28303  47.392  -48.096  -27.431 0.3000000119
21144  38.989  -54.771  -22.915 0.3000000119
20089  38.057  -55.043  -21.619 0.3000000119
21166  39.353  -55.281  -23.415 0.3000000119
20121  39.726  -55.939  -23.597 0.3000000119
20133  43.043  -56.090  -24.824 0.3000000119
22238  45.285  -53.590  -25.115 0.3000000119
25229  46.635  -51.387  -26.292 0.3000000119
27239  47.374  -49.227  -26.774 0.3000000119
29458  47.780  -47.894  -26.855 0.3000000119
29477  46.355  -48.064  -29.259 0.3000000119
207047  40.836  -54.686  -23.563 0.3000000119
21184  42.492  -55.807  -23.860 0.3000000119
231356  44.796  -54.025  -24.974 0.3000000119
24203  46.335  -51.725  -25.820 0.3000000119
19047  35.616  -56.720  -22.899 0.3000000119
16091  37.528  -58.542  -22.169 0.3000000119
17084  36.527  -58.106  -22.253 0.3000000119
9547  35.892  -63.661  -27.524 0.3000000119
10412  36.172  -63.064  -27.720 0.3000000119
10419  36.523  -62.468  -28.005 0.3000000119
10420  36.128  -62.598  -28.340 0.3000000119
10433  35.149  -62.561  -29.019 0.3000000119
11275  36.243  -62.130  -28.815 0.3000000119
11288  35.996  -61.901  -29.245 0.3000000119
12177  36.843  -61.388  -29.338 0.3000000119
12179  35.629  -61.561  -29.771 0.3000000119
13108  35.830  -60.963  -30.112 0.3000000119
13122  35.120  -60.997  -30.389 0.3000000119
14111  36.782  -60.434  -29.631 0.3000000119
14112  35.928  -60.232  -29.642 0.3000000119
14113  35.032  -60.337  -29.956 0.3000000119
14119  36.242  -60.485  -29.883 0.3000000119
15066  38.289  -59.376  -23.195 0.3000000119
15155  36.530  -59.224  -27.433 0.3000000119
15157  35.393  -59.354  -26.901 0.3000000119
15176  36.327  -59.376  -28.092 0.4000000060
15193  36.780  -59.478  -28.635 0.3000000119
15194  36.000  -59.646  -28.687 0.4000000060
15196  33.972  -59.653  -28.952 0.3000000119
15205  36.387  -59.838  -29.130 0.3000000119
15208  33.730  -59.974  -29.646 0.3000000119
16092  36.936  -58.446  -22.282 0.3000000119
16117  37.917  -59.044  -22.666 0.3000000119
16118  37.224  -58.907  -22.709 0.3000000119
16119  36.484  -58.629  -22.762 0.3000000119
16120  35.807  -58.459  -23.112 0.3000000119
16162  34.951  -58.353  -24.557 0.3000000119
16177  35.335  -59.075  -25.568 0.3000000119
16189  34.523  -58.580  -25.884 0.3000000119
16190  34.023  -58.214  -26.519 0.4000000060
16202  34.673  -59.178  -26.945 0.4000000060
16203  33.947  -58.647  -27.065 0.4000000060
17042  38.872  -57.486  -20.816 0.3000000119
17060  37.278  -57.331  -21.303 0.3000000119
17082  37.904  -58.116  -21.710 0.3000000119
17098  35.511  -57.840  -23.067 0.3000000119
17105  35.180  -57.699  -23.498 0.3000000119
17116  34.975  -57.899  -24.076 0.3000000119
17131  34.623  -57.778  -24.860 0.3000000119
17145  34.431  -57.983  -25.474 0.4000000060
17146  34.092  -57.757  -26.035 0.4000000060
17160  33.675  -57.569  -26.795 0.4000000060
17161  33.303  -57.280  -27.542 0.3000000119
17175  33.347  -58.020  -27.491 0.4000000060
17212  30.032  -57.829  -30.477 0.3000000119
18031  39.078  -57.049  -20.476 0.3000000119
18033  37.893  -56.351  -20.707 0.3000000119
18069  36.758  -57.130  -21.495 0.3000000119
18070  36.304  -57.455  -22.081 0.3000000119
18081  35.734  -57.321  -22.660 0.3000000119
18091  35.050  -57.248  -23.785 0.4000000060
18110  34.575  -57.028  -25.049 0.3000000119
18123  34.454  -56.877  -25.641 0.4000000060
18190  30.838  -57.535  -30.730 0.3000000119
19003  38.680  -56.403  -20.351 0.3000000119
19030  36.785  -56.429  -21.530 0.3000000119
19045  36.472  -56.204  -22.252 0.3000000119
19058  35.845  -56.168  -23.295 0.3000000119
19059  35.323  -56.633  -23.601 0.4000000060
19060  35.008  -56.796  -24.130 0.3000000119
19070  40.870  -56.919  -24.986 0.3000000119
19072  39.449  -56.576  -24.621 0.3000000119
19075  34.861  -56.627  -24.673 0.3000000119
19083  40.372  -56.970  -25.368 0.4000000060
19084  39.761  -56.866  -25.418 0.4000000060
19086  38.430  -56.114  -25.803 0.4000000060
19096  40.305  -56.995  -25.956 0.4000000060
19097  39.424  -56.955  -26.302 0.4000000060
19099  35.125  -56.064  -26.001 0.4000000060
19100  34.520  -56.473  -26.090 0.4000000060
19101  34.173  -56.461  -26.790 0.4000000060
19115  34.522  -56.097  -27.518 0.4000000060
19116  33.830  -56.465  -27.434 0.3000000119
19182  32.035  -56.197  -30.205 0.3000000119
20077  37.909  -55.572  -21.026 0.3000000119
20078  37.326  -56.000  -21.217 0.3000000119
20091  37.082  -55.795  -21.956 0.3000000119
20102  38.138  -55.308  -22.769 0.3000000119
20105  36.467  -55.889  -23.073 0.3000000119
20118  41.886  -56.155  -23.960 0.3000000119
20120  40.426  -55.999  -23.631 0.3000000119
20122  39.166  -55.830  -23.607 0.3000000119
20123  37.775  -55.659  -23.805 0.3000000119
20134  42.304  -56.301  -24.521 0.3000000119
20135  41.607  -56.662  -24.560 0.3000000119
20137  39.931  -56.402  -24.037 0.3000000119
20141  36.109  -55.882  -24.541 0.4000000060
20148  41.507  -56.908  -25.486 0.3000000119
20149  38.524  -56.149  -24.903 0.4000000060
20150  37.967  -56.028  -25.236 0.4000000060
20153  35.710  -55.954  -25.057 0.4000000060
20161  41.898  -56.540  -25.923 0.4000000060
20163  40.227  -56.869  -26.678 0.4000000060
20164  39.473  -56.714  -27.247 0.4000000060
20165  38.508  -56.439  -26.596 0.4000000060
20168  35.903  -55.913  -25.891 0.3000000119
20173  40.761  -56.454  -26.750 0.4000000060
20174  38.850  -56.478  -27.398 0.4000000060
20175  38.566  -56.753  -27.255 0.4000000060
20177  37.022  -56.719  -27.143 0.5000000000
20178  35.658  -56.049  -26.680 0.4000000060
20183  37.597  -56.744  -28.229 0.4000000060
20186  35.158  -55.964  -28.271 0.4000000060
20219  32.357  -55.648  -30.033 0.3000000119
20220  31.732  -55.751  -30.193 0.3000000119
21134  38.510  -54.600  -21.634 0.3000000119
21145  38.417  -54.923  -22.439 0.3000000119
21165  40.155  -55.175  -23.547 0.3000000119
21167  38.672  -55.406  -23.228 0.3000000119
21183  43.750  -55.666  -24.590 0.3000000119
21191  44.144  -55.287  -24.882 0.3000000119
21193  42.865  -56.085  -25.543 0.4000000060
21201  43.061  -55.359  -25.715 0.4000000060
21205  41.883  -55.242  -26.432 0.4000000060
21207  40.328  -55.764  -27.085 0.4000000060
21209  39.088  -55.958  -27.847 0.4000000060
21215  38.382  -55.726  -28.739 0.4000000060
21216  37.913  -56.086  -28.955 0.3000000119
21220  37.937  -55.321  -28.993 0.5000000000
22166  38.834  -54.378  -22.319 0.3000000119
22205  45.205  -53.985  -24.286 0.3000000119
22226  44.641  -54.650  -24.527 0.3000000119
22227  44.290  -54.406  -25.193 0.3000000119
22239  44.643  -53.680  -25.651 0.4000000060
22241  43.296  -54.444  -25.937 0.4000000060
22248  44.317  -53.671  -26.277 0.4000000060
22249  43.692  -53.794  -26.396 0.4000000060
22251  42.178  -54.262  -26.586 0.4000000060
22253  40.602  -54.586  -26.971 0.5000000000
22258  41.686  -53.706  -26.881 0.4000000060
22261  39.475  -54.324  -27.958 0.5000000000
22267  39.199  -53.842  -28.519 0.5000000000
23216  44.993  -52.625  -26.168 0.4000000060
23217  44.156  -53.296  -26.824 0.4000000060
23219  42.363  -53.446  -26.908 0.4000000060
23224  44.409  -52.717  -27.209 0.4000000060
23225  43.824  -52.944  -27.369 0.4000000060
23226  42.540  -52.858  -27.641 0.4000000060
23228  40.752  -53.049  -27.840 0.5000000000
23230  39.708  -53.411  -28.239 0.5000000000
23234  44.401  -52.100  -27.608 0.4000000060
23235  43.882  -52.397  -27.719 0.4000000060
23238  41.156  -52.452  -28.421 0.5000000000
23240  39.796  -52.493  -28.837 0.4000000060
23241  38.829  -53.149  -28.981 0.3000000119
24189  46.170  -52.075  -25.377 0.3000000119
24204  45.802  -51.979  -25.993 0.4000000060
24211  46.111  -51.543  -26.507 0.3000000119
24216  44.873  -51.717  -27.592 0.4000000060
24217  43.930  -51.815  -28.042 0.4000000060
24219  42.118  -51.843  -28.729 0.5000000000
24221  40.779  -51.898  -29.134 0.3000000119
24227  44.719  -51.269  -28.103 0.4000000060
24229  43.548  -51.535  -28.627 0.5000000000
24230  42.483  -51.407  -29.046 0.4000000060
24231  41.811  -51.422  -29.070 0.4000000060
25215  46.782  -51.555  -25.598 0.3000000119
25239  46.786  -50.915  -26.569 0.3000000119
25240  46.327  -51.093  -26.845 0.4000000060
25241  45.800  -51.270  -27.132 0.4000000060
25247  45.864  -50.784  -27.453 0.4000000060
25248  45.449  -50.993  -27.697 0.4000000060
25249  45.115  -51.231  -27.833 0.4000000060
25256  45.058  -50.773  -28.146 0.4000000060
25257  44.462  -50.902  -28.517 0.4000000060
25258  43.816  -51.152  -28.714 0.4000000060
25259  42.677  -50.938  -29.115 0.4000000060
25260  42.276  -51.118  -29.168 0.4000000060
25261  41.620  -51.197  -29.144 0.4000000060
25262  40.921  -51.165  -29.072 0.4000000060
26217  40.075  -50.829  -26.764 0.3000000119
26232  41.071  -50.619  -27.507 0.3000000119
26243  47.069  -49.732  -26.874 0.3000000119
26244  41.870  -50.596  -28.396 0.4000000060
26246  40.437  -50.870  -28.363 0.4000000060
26249  45.998  -50.259  -27.790 0.4000000060
26251  41.962  -50.859  -28.895 0.4000000060
26253  40.709  -50.900  -28.773 0.4000000060
26254  45.739  -50.002  -28.253 0.4000000060
26257  44.208  -50.484  -29.116 0.4000000060
26258  42.553  -50.845  -29.089 0.4000000060
26260  41.271  -50.972  -28.876 0.4000000060
26262  45.484  -49.658  -28.637 0.4000000060
26263  45.029  -49.893  -28.650 0.4000000060
26264  44.424  -50.058  -28.856 0.4000000060
27220  40.824  -49.840  -26.400 0.3000000119
27222  39.719  -50.377  -26.084 0.3000000119
27230  41.344  -50.060  -26.884 0.4000000060
27231  40.728  -50.505  -26.808 0.3000000119
27240  42.949  -49.741  -27.955 0.4000000060
27242  41.702  -50.333  -27.592 0.4000000060
27245  47.082  -49.014  -27.096 0.3000000119
27246  46.774  -49.390  -27.425 0.4000000060
27249  42.909  -49.912  -28.496 0.4000000060
27251  46.536  -48.718  -27.900 0.3000000119
27253  43.988  -49.737  -29.085 0.4000000060
27254  43.374  -50.092  -28.967 0.4000000060
27256  42.446  -50.800  -29.031 0.4000000060
27257  46.036  -49.074  -28.765 0.3000000119
27258  45.667  -49.055  -28.665 0.4000000060
27260  44.445  -49.142  -28.771 0.4000000060
28286  40.207  -49.683  -26.093 0.3000000119
28288  38.806  -49.562  -25.603 0.4000000060
28297  41.332  -49.168  -26.642 0.4000000060
28304  42.549  -49.239  -27.346 0.5000000000
28309  46.890  -48.595  -27.546 0.3000000119
28310  44.408  -49.256  -28.978 0.4000000060
28312  46.283  -48.253  -28.876 0.3000000119
28314  44.307  -49.418  -29.066 0.4000000060
28316  45.847  -48.740  -28.688 0.4000000060
29436  40.002  -48.916  -26.154 0.5000000000
29437  39.435  -48.751  -26.003 0.4000000060
29446  47.691  -48.388  -26.764 0.3000000119
29447  41.994  -48.679  -26.982 0.4000000060
29448  41.194  -48.136  -26.953 0.4000000060
29449  40.424  -48.284  -26.654 0.5000000000
29451  39.051  -48.249  -26.124 0.6000000238
29459  48.068  -48.000  -26.901 0.3000000119
29460  43.095  -48.104  -27.636 0.5000000000
29471  47.826  -48.097  -27.526 0.3000000119
29472  44.928  -48.275  -28.453 0.4000000060
29475  47.397  -48.038  -27.669 0.3000000119
29476  46.739  -47.975  -27.878 0.3000000119
29478  45.227  -48.511  -28.698 0.4000000060
29479  44.835  -49.007  -28.811 0.4000000060
29480  45.494  -48.719  -28.714 0.4000000060
30549  44.973  -47.382  -20.839 0.3000000119
30567  45.917  -47.282  -21.092 0.3000000119
30569  44.907  -47.372  -20.969 0.3000000119
30570  44.469  -47.241  -21.081 0.3000000119
30593  46.989  -47.414  -21.836 0.3000000119
30594  45.982  -47.398  -21.329 0.3000000119
30595  45.378  -47.388  -21.206 0.3000000119
30596  44.798  -47.400  -21.238 0.3000000119
30613  46.804  -47.499  -21.895 0.3000000119
30630  47.027  -47.864  -23.642 0.3000000119
30667  38.641  -47.687  -26.342 0.5000000000
30677  47.833  -47.415  -26.317 0.3000000119
30678  41.113  -47.318  -27.474 0.5000000000
30680  39.868  -47.649  -27.010 0.6000000238
30692  47.754  -47.608  -26.872 0.3000000119
30693  47.994  -48.106  -27.393 0.4000000060
30696  40.660  -46.884  -27.760 0.4000000060
30698  39.283  -47.187  -27.359 0.6000000238
30699  38.545  -47.068  -27.497 0.6000000238
30711  47.446  -47.659  -27.766 0.3000000119
30712  47.153  -47.559  -27.839 0.3000000119
30713  46.335  -47.882  -28.261 0.4000000060
30717  43.144  -47.022  -27.794 0.5000000000
30719  46.875  -47.818  -27.851 0.3000000119
30720  46.360  -47.814  -28.270 0.3000000119
30721  46.169  -48.051  -29.169 0.3000000119
30722  45.921  -47.882  -28.474 0.3000000119
31800  45.287  -47.217  -20.759 0.3000000119
31801  44.772  -47.275  -20.715 0.3000000119
31802  43.822  -46.959  -20.772 0.3000000119
31817  46.227  -47.388  -21.236 0.3000000119
31818  45.793  -47.212  -20.793 0.3000000119
31819  44.528  -47.224  -20.846 0.3000000119
31838  44.428  -47.189  -21.585 0.3000000119
31901  47.959  -46.879  -25.958 0.3000000119
31902  37.800  -46.942  -27.478 0.5000000000
31903  37.060  -46.778  -27.369 0.5000000000
31912  47.659  -47.199  -26.738 0.4000000060
31913  47.322  -46.881  -27.083 0.4000000060
31914  43.720  -46.324  -27.561 0.4000000060
31916  42.340  -46.798  -27.764 0.4000000060
31917  41.644  -46.247  -27.921 0.5000000000
31918  40.916  -46.406  -28.048 0.5000000000
31920  39.514  -46.856  -27.810 0.6000000238
31922  37.257  -46.719  -28.163 0.5000000000
31935  47.042  -47.008  -27.565 0.4000000060
31936  47.029  -46.986  -27.716 0.3000000119
31937  46.584  -47.003  -27.674 0.3000000119
31939  45.382  -47.417  -27.910 0.3000000119
31940  44.899  -47.082  -27.752 0.3000000119
31941  43.375  -46.724  -27.727 0.5000000000
31942  39.269  -46.528  -28.240 0.6000000238
31943  38.341  -46.482  -28.469 0.5000000000
31944  37.452  -46.487  -28.655 0.5000000000
33165  41.853  -46.416  -19.970 0.3000000119
33182  45.659  -46.619  -20.738 0.3000000119
33183  44.051  -46.560  -20.593 0.3000000119
33184  43.283  -46.522  -20.450 0.3000000119
33198  46.810  -46.849  -21.391 0.3000000119
33199  46.593  -46.324  -21.209 0.3000000119
33200  46.206  -46.877  -21.034 0.3000000119
33281  47.886  -46.000  -25.741 0.3000000119
33284  47.812  -46.216  -25.918 0.3000000119
33286  44.934  -46.354  -27.218 0.3000000119
33287  43.865  -46.108  -27.359 0.4000000060
33288  43.286  -46.092  -27.468 0.3000000119
33289  42.257  -45.793  -27.656 0.3000000119
33290  42.000  -46.110  -27.813 0.4000000060
33291  41.391  -45.833  -27.702 0.4000000060
33295  47.716  -46.811  -26.331 0.4000000060
33296  47.226  -46.622  -26.869 0.4000000060
33298  45.871  -46.646  -27.116 0.4000000060
33301  42.896  -46.165  -27.590 0.3000000119
33302  42.141  -46.217  -27.799 0.4000000060
33303  41.341  -46.106  -27.871 0.4000000060
33304  40.351  -46.132  -27.987 0.4000000060
33315  46.876  -46.904  -27.439 0.4000000060
33316  46.307  -46.873  -27.415 0.4000000060
33317  45.793  -46.859  -27.435 0.4000000060
33320  38.972  -46.292  -28.386 0.6000000238
33321  38.141  -46.107  -28.582 0.5000000000
33322  37.541  -46.206  -28.934 0.5000000000
33323  36.512  -46.247  -29.091 0.5000000000
33327  37.115  -45.900  -29.428 0.5000000000
34483  42.333  -45.628  -19.857 0.3000000119
34485  41.258  -45.726  -19.137 0.3000000119
34500  45.670  -45.827  -20.746 0.3000000119
34501  45.153  -46.025  -20.582 0.3000000119
34502  44.467  -45.850  -20.470 0.3000000119
34503  43.734  -45.709  -20.384 0.3000000119
34595  45.023  -44.982  -25.400 0.4000000060
34597  43.314  -45.149  -25.564 0.3000000119
34600  40.757  -44.876  -25.643 0.3000000119
34605  47.777  -45.517  -25.540 0.3000000119
34606  46.605  -45.461  -25.933 0.4000000060
34609  44.588  -45.401  -26.022 0.3000000119
34611  43.098  -45.483  -26.345 0.3000000119
34612  41.827  -45.424  -26.700 0.3000000119
34614  40.379  -45.088  -26.441 0.5000000000
34615  39.649  -44.866  -26.504 0.5000000000
34617  47.718  -45.886  -25.847 0.4000000060
34618  47.386  -45.806  -26.049 0.4000000060
34620  46.590  -45.932  -26.408 0.4000000060
34621  45.862  -45.932  -26.489 0.4000000060
34622  44.290  -45.853  -26.740 0.3000000119
34627  39.361  -45.144  -27.218 0.5000000000
34628  38.731  -44.873  -27.498 0.4000000060
34633  47.078  -46.184  -26.523 0.4000000060
34634  46.555  -46.371  -26.794 0.4000000060
34635  46.064  -46.227  -26.779 0.4000000060
34636  45.534  -46.160  -26.855 0.4000000060
34638  39.487  -45.972  -28.097 0.6000000238
34639  38.391  -45.280  -28.159 0.4000000060
34640  37.997  -45.192  -28.720 0.5000000000
34650  38.687  -45.875  -28.302 0.6000000238
34651  37.648  -45.813  -29.159 0.4000000060
34654  37.301  -45.482  -29.787 0.4000000060
34655  36.953  -45.594  -29.855 0.5000000000
34656  36.608  -45.643  -29.620 0.5000000000
34657  37.219  -45.135  -30.344 0.4000000060
34658  36.817  -45.391  -30.088 0.5000000000
35856  42.774  -44.742  -19.875 0.3000000119
35857  42.096  -44.764  -19.517 0.3000000119
35875  45.394  -44.565  -20.876 0.3000000119
35946  43.840  -44.151  -24.394 0.4000000060
35947  43.146  -44.283  -24.420 0.4000000060
35948  42.442  -44.332  -24.453 0.3000000119
35950  40.990  -43.842  -24.587 0.3000000119
35958  48.099  -44.743  -25.101 0.3000000119
35959  46.934  -44.265  -25.110 0.4000000060
35960  46.268  -44.384  -25.047 0.4000000060
35961  45.513  -44.475  -24.926 0.4000000060
35962  44.762  -44.460  -24.911 0.4000000060
35963  43.578  -44.652  -24.910 0.3000000119
35965  42.071  -44.752  -25.063 0.3000000119
35966  41.305  -44.567  -25.051 0.4000000060
35967  40.332  -44.337  -25.362 0.4000000060
35972  47.731  -44.950  -25.284 0.3000000119
35974  47.109  -44.904  -25.400 0.4000000060
35978  38.875  -44.089  -26.618 0.5000000000
35981  47.582  -45.409  -25.575 0.4000000060
35982  47.407  -45.388  -25.702 0.4000000060
35983  46.995  -45.352  -25.775 0.4000000060
35984  39.053  -44.597  -26.791 0.5000000000
35986  38.231  -43.945  -27.577 0.4000000060
35994  38.084  -44.349  -28.330 0.5000000000
36002  37.984  -44.931  -29.268 0.4000000060
36007  38.222  -44.393  -31.093 0.4000000060
36008  37.807  -44.712  -30.814 0.4000000060
36010  36.940  -44.986  -30.419 0.5000000000
36011  37.967  -44.389  -31.038 0.4000000060
37126  40.632  -43.454  -18.192 0.3000000119
37140  41.837  -42.960  -18.986 0.3000000119
37141  41.155  -43.377  -18.694 0.3000000119
37142  40.751  -44.172  -18.495 0.3000000119
37154  43.737  -43.733  -20.141 0.3000000119
37155  42.951  -43.183  -19.713 0.3000000119
37156  42.378  -43.078  -19.336 0.3000000119
37169  44.597  -43.340  -20.513 0.3000000119
37170  43.952  -42.970  -20.237 0.3000000119
37225  42.263  -43.090  -23.859 0.5000000000
37241  46.426  -43.464  -24.328 0.4000000060
37242  45.701  -43.358  -24.201 0.4000000060
37243  44.929  -43.404  -24.134 0.5000000000
37244  43.459  -43.669  -24.050 0.4000000060
37247  41.054  -43.010  -24.341 0.4000000060
37264  45.982  -43.891  -24.611 0.5000000000
37265  39.948  -43.373  -25.135 0.4000000060
37269  47.824  -44.336  -25.015 0.3000000119
37270  47.512  -44.253  -25.093 0.4000000060
37271  39.448  -43.496  -25.695 0.5000000000
37274  38.552  -43.707  -26.948 0.4000000060
37279  38.298  -43.425  -27.375 0.4000000060
37291  38.525  -44.164  -30.495 0.4000000060
37296  38.173  -44.585  -30.732 0.4000000060
37298  38.576  -44.106  -31.179 0.4000000060
37299  38.407  -44.144  -31.275 0.4000000060
38303  40.770  -42.749  -15.424 0.3000000119
38343  40.335  -42.905  -16.508 0.3000000119
38360  40.370  -43.429  -17.007 0.3000000119
38398  43.426  -42.549  -19.882 0.3000000119
38399  42.852  -42.359  -19.540 0.3000000119
38400  42.217  -42.167  -19.175 0.3000000119
38409  44.489  -42.443  -20.543 0.3000000119
38417  45.959  -42.548  -21.561 0.3000000119
38445  44.888  -42.436  -23.467 0.3000000119
38446  44.144  -42.447  -23.522 0.3000000119
38447  43.438  -42.482  -23.593 0.4000000060
38448  42.780  -42.433  -23.678 0.5000000000
38449  42.123  -42.254  -23.770 0.5000000000
38461  44.561  -42.936  -23.766 0.4000000060
38464  41.195  -42.339  -24.226 0.5000000000
38477  40.235  -42.744  -25.047 0.4000000060
38478  39.688  -42.836  -25.495 0.4000000060
38489  39.049  -42.423  -26.543 0.5000000000
38490  38.652  -43.016  -26.835 0.5000000000
38494  38.376  -42.965  -27.703 0.5000000000
38502  38.366  -43.270  -28.727 0.4000000060
38506  38.787  -43.426  -29.923 0.4000000060
38507  38.330  -43.944  -29.538 0.4000000060
38510  40.074  -42.853  -31.264 0.4000000060
38511  39.607  -43.215  -31.161 0.4000000060
38514  39.645  -43.032  -31.346 0.4000000060
38515  38.653  -43.620  -31.216 0.4000000060
38516  38.066  -43.880  -31.142 0.4000000060
39521  40.472  -42.176  -15.270 0.3000000119
39539  39.806  -41.500  -15.745 0.3000000119
39555  40.144  -42.181  -16.552 0.3000000119
39556  39.817  -41.616  -16.298 0.3000000119
39577  40.337  -42.689  -17.248 0.3000000119
39578  39.955  -41.588  -16.967 0.3000000119
39609  41.559  -41.320  -18.894 0.3000000119
39610  41.073  -41.066  -18.578 0.3000000119
39622  42.704  -41.666  -19.490 0.3000000119
39632  44.319  -41.794  -20.628 0.3000000119
39633  43.787  -41.505  -20.312 0.3000000119
39634  43.280  -41.359  -20.121 0.3000000119
39642  44.852  -42.097  -20.983 0.3000000119
39643  44.131  -41.400  -20.875 0.3000000119
39651  44.909  -41.791  -22.049 0.3000000119
39661  44.052  -41.783  -22.771 0.3000000119
39662  43.515  -41.612  -22.922 0.3000000119
39672  43.692  -41.980  -23.284 0.3000000119
39682  42.009  -41.573  -23.838 0.6000000238
39683  41.451  -41.617  -24.307 0.5000000000
39684  41.002  -42.046  -24.596 0.4000000060
39691  41.056  -41.569  -24.861 0.5000000000
39692  40.596  -42.103  -25.079 0.6000000238
39703  40.327  -41.917  -25.733 0.4000000060
39704  39.639  -42.256  -26.018 0.5000000000
39711  40.177  -41.709  -26.485 0.6999999881
39715  40.107  -41.439  -27.449 0.5000000000
39716  39.294  -41.817  -27.862 0.5000000000
39717  38.726  -42.418  -28.256 0.4000000060
39727  46.430  -40.819  -28.506 0.6999999881
39728  45.850  -40.997  -28.639 0.6999999881
39729  45.412  -41.205  -29.143 0.6999999881
39730  40.609  -41.529  -29.278 0.6999999881
39731  39.902  -41.871  -29.340 0.6000000238
39739  46.908  -40.744  -28.809 0.6999999881
39740  45.914  -41.117  -28.896 0.6999999881
39742  45.270  -41.215  -29.581 0.6999999881
39743  44.376  -41.243  -29.820 0.6000000238
39745  42.392  -41.381  -29.896 0.6000000238
39747  40.839  -41.959  -30.176 0.4000000060
39748  40.361  -42.264  -30.164 0.6000000238
39749  39.597  -42.554  -29.866 0.5000000000
39750  38.163  -42.334  -30.723 0.4000000060
39753  47.097  -40.670  -29.011 0.6999999881
39754  46.357  -40.872  -29.216 0.6000000238
39755  45.185  -40.998  -29.842 0.6000000238
39756  44.807  -41.124  -29.949 0.5000000000
39757  43.519  -41.052  -30.245 0.5000000000
39758  42.596  -41.224  -30.445 0.5000000000
39760  41.138  -41.886  -30.823 0.5000000000
39762  40.037  -42.856  -30.796 0.4000000060
39764  37.974  -43.089  -30.825 0.4000000060
39766  43.664  -41.013  -30.337 0.6000000238
39768  42.121  -41.194  -30.923 0.5000000000
39769  41.382  -41.706  -31.116 0.5000000000
39771  39.511  -43.010  -31.396 0.4000000060
40823  39.693  -41.161  -15.481 0.3000000119
40840  39.420  -41.141  -16.060 0.3000000119
40859  40.230  -41.461  -17.593 0.3000000119
40883  40.196  -41.016  -17.980 0.3000000119
40902  41.779  -40.946  -19.201 0.3000000119
40903  41.267  -40.816  -18.989 0.3000000119
40904  40.529  -40.720  -18.570 0.3000000119
40920  41.475  -40.822  -19.446 0.3000000119
40932  43.518  -41.243  -20.613 0.3000000119
40933  42.906  -41.158  -20.371 0.3000000119
40935  41.620  -41.025  -20.280 0.3000000119
40936  40.798  -40.891  -20.060 0.4000000060
40943  44.458  -41.564  -21.498 0.3000000119
40944  43.698  -41.269  -21.243 0.3000000119
40945  42.976  -41.172  -21.198 0.3000000119
40948  40.778  -41.067  -20.907 0.3000000119
40956  44.302  -41.638  -22.166 0.3000000119
40960  41.540  -41.091  -22.123 0.4000000060
40969  42.976  -41.350  -22.714 0.4000000060
40970  42.307  -41.188  -23.124 0.4000000060
40976  42.670  -41.412  -23.303 0.6000000238
40977  42.204  -41.305  -23.586 0.6000000238
40978  41.840  -40.860  -23.543 0.4000000060
40999  41.078  -40.876  -25.828 0.6000000238
41000  40.727  -41.456  -26.160 0.6000000238
41009  41.567  -40.853  -27.024 0.6000000238
41016  46.780  -40.757  -27.876 0.6000000238
41017  46.472  -40.735  -28.006 0.6000000238
41019  44.590  -40.900  -28.334 0.6999999881
41020  43.901  -40.866  -28.221 0.6999999881
41021  43.272  -40.871  -28.019 0.6999999881
41022  41.972  -40.947  -27.580 0.6999999881
41031  47.582  -40.812  -28.779 0.6999999881
41032  46.729  -40.733  -27.991 0.6000000238
41034  45.676  -41.085  -28.678 0.6999999881
41037  42.011  -41.082  -28.256 0.6999999881
41044  48.483  -40.878  -29.072 0.6999999881
41045  47.672  -40.799  -28.845 0.6999999881
41046  44.316  -41.299  -29.285 0.6999999881
41047  43.708  -41.236  -29.547 0.6000000238
41049  42.058  -41.291  -29.265 0.6999999881
41054  47.038  -40.555  -29.210 0.6999999881
41055  46.126  -40.572  -29.659 0.6000000238
41056  45.433  -40.707  -29.907 0.6000000238
41058  44.552  -40.904  -30.180 0.6000000238
41059  39.244  -41.863  -31.038 0.4000000060
41061  46.557  -40.152  -29.914 0.6000000238
41063  45.211  -40.452  -30.113 0.6000000238
41064  44.768  -40.569  -30.264 0.6000000238
41065  44.056  -40.791  -30.494 0.6000000238
41066  43.146  -40.791  -30.640 0.6000000238
41067  42.277  -40.967  -30.913 0.6000000238
41068  41.692  -41.395  -31.156 0.5000000000
41069  41.044  -41.726  -31.280 0.5000000000
41071  39.511  -42.584  -31.456 0.4000000060
42111  39.090  -40.075  -15.051 0.3000000119
42140  38.710  -40.263  -16.454 0.3000000119
42156  39.322  -40.511  -17.553 0.3000000119
42175  39.371  -40.409  -18.096 0.4000000060
42176  38.917  -40.148  -17.869 0.4000000060
42193  39.026  -40.221  -18.506 0.4000000060
42210  39.998  -40.516  -19.167 0.4000000060
42211  39.421  -40.387  -19.768 0.4000000060
42212  38.922  -40.125  -19.633 0.4000000060
42226  38.960  -40.100  -20.241 0.4000000060
42235  40.129  -40.805  -20.645 0.4000000060
42236  39.654  -40.463  -21.188 0.4000000060
42244  39.966  -40.508  -21.840 0.4000000060
42250  41.028  -40.749  -22.579 0.4000000060
42251  40.562  -40.228  -22.914 0.4000000060
42252  39.854  -39.991  -22.477 0.4000000060
42258  41.311  -40.458  -23.287 0.4000000060
42275  41.415  -40.110  -25.819 0.5000000000
42283  42.512  -40.073  -27.201 0.6000000238
42284  41.903  -40.181  -26.785 0.6000000238
42285  41.367  -40.514  -26.408 0.6000000238
42294  50.540  -40.427  -27.845 0.5000000000
42297  47.462  -40.214  -28.056 0.6999999881
42299  45.970  -40.439  -27.985 0.6999999881
42301  44.262  -40.337  -27.940 0.6999999881
42303  42.911  -40.511  -27.580 0.6000000238
42308  50.316  -40.806  -28.446 0.6000000238
42309  49.518  -40.980  -28.862 0.6000000238
42316  49.895  -40.682  -29.703 0.6999999881
42317  49.470  -41.091  -29.463 0.6000000238
42318  49.086  -40.936  -29.366 0.6000000238
42319  38.450  -40.427  -29.774 0.6000000238
42321  37.525  -40.811  -29.574 0.4000000060
42325  48.666  -40.424  -29.698 0.6999999881
42328  39.551  -41.179  -30.703 0.5000000000
42331  46.268  -39.832  -30.090 0.6999999881
42334  42.738  -40.623  -30.792 0.6000000238
42335  42.065  -40.880  -31.041 0.6000000238
43417  38.416  -39.146  -15.152 0.3000000119
43429  38.569  -39.656  -15.400 0.3000000119
43430  38.077  -39.159  -15.784 0.4000000060
43454  37.968  -39.377  -16.554 0.4000000060
43467  38.343  -39.825  -16.865 0.4000000060
43468  37.965  -39.408  -17.273 0.4000000060
43508  38.053  -39.432  -18.740 0.4000000060
43522  38.599  -39.717  -19.858 0.4000000060
43536  38.640  -39.509  -20.601 0.4000000060
43537  38.329  -39.261  -20.067 0.4000000060
43547  39.355  -39.915  -21.740 0.4000000060
43548  38.881  -39.479  -21.344 0.4000000060
43557  39.328  -39.415  -22.330 0.4000000060
43563  40.172  -39.643  -23.124 0.4000000060
43569  40.963  -39.774  -24.169 0.6000000238
43578  41.172  -39.676  -24.709 0.5000000000
43579  40.812  -39.136  -24.383 0.6000000238
43590  41.910  -39.504  -26.456 0.6000000238
43591  41.649  -39.474  -25.931 0.5000000000
43595  48.405  -39.258  -27.608 0.6999999881
43597  42.757  -39.530  -27.149 0.6000000238
43606  51.465  -39.503  -28.318 0.5000000000
43608  50.180  -39.972  -27.591 0.6000000238
43609  49.149  -39.724  -27.909 0.6000000238
43610  47.409  -39.871  -27.914 0.6999999881
43611  46.732  -39.634  -27.763 0.6999999881
43614  43.880  -39.647  -27.586 0.6000000238
43615  43.141  -39.899  -27.445 0.6000000238
43618  50.924  -40.296  -28.341 0.5000000000
43625  38.040  -39.644  -29.270 0.5000000000
43630  49.560  -40.001  -29.875 0.6999999881
43631  48.869  -39.941  -29.987 0.6999999881
43632  47.970  -39.979  -30.088 0.6999999881
43633  40.718  -40.042  -30.634 0.6000000238
43634  39.616  -39.460  -29.890 0.5000000000
43635  39.090  -40.614  -30.114 0.6000000238
43637  47.397  -39.655  -30.109 0.6999999881
43639  45.981  -39.818  -30.124 0.8000000119
43641  44.409  -39.599  -30.604 0.8000000119
43644  41.049  -40.779  -31.061 0.6000000238
44760  38.671  -38.829  -14.926 0.3000000119
44761  38.187  -38.544  -15.242 0.3000000119
44783  37.730  -38.514  -15.920 0.4000000060
44827  37.652  -38.952  -16.955 0.4000000060
44828  37.402  -38.445  -17.290 0.4000000060
44850  37.617  -38.977  -17.656 0.4000000060
44851  37.405  -38.438  -17.990 0.4000000060
44873  37.488  -38.412  -18.631 0.4000000060
44888  37.792  -38.809  -19.120 0.4000000060
44903  38.060  -38.793  -19.846 0.4000000060
44913  38.637  -38.888  -21.117 0.4000000060
44926  38.869  -38.983  -21.619 0.4000000060
44936  39.512  -38.755  -22.690 0.6000000238
44944  40.054  -38.652  -23.618 0.6000000238
44952  40.357  -38.567  -24.140 0.6000000238
44959  41.239  -38.701  -25.218 0.5000000000
44962  41.864  -38.843  -26.142 0.5000000000
44965  48.361  -38.559  -27.216 0.6000000238
44967  46.547  -38.564  -27.417 0.6000000238
44970  44.149  -38.417  -27.240 0.6000000238
44972  42.687  -38.923  -26.901 0.6000000238
44973  42.165  -39.039  -26.611 0.6000000238
44981  51.661  -38.712  -28.117 0.5000000000
44982  51.245  -39.242  -27.576 0.5000000000
44983  50.451  -39.373  -27.548 0.6000000238
44986  47.868  -39.408  -27.715 0.6999999881
44988  46.074  -39.245  -27.658 0.6999999881
44989  45.201  -39.121  -27.583 0.6000000238
44990  44.431  -39.038  -27.473 0.6000000238
44991  43.825  -38.953  -27.331 0.6000000238
45002  51.397  -39.188  -29.350 0.6000000238
45004  39.054  -38.809  -29.479 0.5000000000
45005  38.304  -38.806  -29.252 0.5000000000
45006  37.464  -38.674  -29.099 0.4000000060
45012  49.923  -39.263  -29.876 0.6000000238
45014  48.417  -39.237  -29.897 0.6999999881
45015  41.780  -38.535  -30.398 0.6000000238
45020  46.968  -39.167  -30.166 0.6999999881
45021  46.059  -39.337  -30.288 0.6999999881
45023  44.796  -38.818  -30.582 0.6999999881
45025  43.500  -38.737  -30.702 0.6999999881
45026  42.895  -38.861  -30.692 0.6000000238
45027  41.836  -39.653  -30.657 0.6000000238
46204  39.141  -37.988  -14.848 0.3000000119
46222  38.141  -37.360  -15.519 0.4000000060
46224  37.607  -37.920  -16.241 0.3000000119
46241  37.455  -37.882  -16.905 0.3000000119
46270  37.420  -37.880  -18.323 0.4000000060
46289  37.733  -37.772  -19.224 0.4000000060
46290  37.540  -37.950  -18.799 0.4000000060
46305  37.860  -38.236  -19.571 0.4000000060
46322  38.139  -38.177  -20.217 0.4000000060
46344  39.330  -38.128  -22.190 0.5000000000
46354  39.716  -38.055  -22.890 0.5000000000
46368  39.778  -38.481  -23.234 0.6000000238
46380  40.563  -37.968  -24.399 0.6000000238
46384  41.639  -37.768  -25.587 0.6000000238
46387  48.049  -37.394  -26.263 0.4000000060
46388  47.628  -37.584  -26.204 0.6000000238
46390  46.430  -37.489  -26.358 0.6000000238
46391  45.693  -37.369  -26.494 0.6000000238
46392  42.552  -37.852  -26.374 0.6000000238
46393  41.978  -38.123  -26.066 0.6000000238
46394  41.506  -38.377  -25.672 0.5000000000
46397  49.665  -37.994  -27.417 0.4000000060
46398  49.041  -38.117  -27.126 0.5000000000
46400  47.644  -38.107  -26.858 0.6000000238
46402  46.088  -37.875  -27.006 0.6000000238
46404  44.530  -37.825  -27.002 0.6000000238
46405  43.304  -37.655  -26.656 0.6000000238
46406  42.826  -38.254  -26.733 0.6000000238
46411  51.196  -38.191  -27.780 0.6000000238
46412  50.489  -38.577  -27.612 0.6000000238
46420  52.067  -38.376  -28.717 0.5000000000
46423  52.081  -38.208  -29.205 0.5000000000
46424  51.011  -38.736  -29.866 0.5000000000
46426  39.648  -37.653  -29.533 0.5000000000
46427  38.937  -37.305  -29.342 0.5000000000
46432  51.885  -37.927  -29.841 0.6000000238
46433  51.091  -38.167  -29.946 0.6000000238
46435  49.521  -38.510  -29.732 0.6000000238
46438  42.137  -37.469  -30.331 0.6999999881
46440  40.276  -38.032  -29.899 0.6000000238
46441  48.261  -37.696  -30.145 0.6000000238
46444  45.754  -37.611  -30.648 0.6000000238
46446  44.441  -37.954  -30.744 0.6000000238
46447  43.805  -37.969  -30.757 0.6999999881
46449  42.537  -38.212  -30.515 0.6999999881
47601  39.819  -37.579  -15.034 0.3000000119
47620  40.262  -37.035  -15.421 0.3000000119
47621  39.510  -37.004  -15.353 0.3000000119
47623  38.127  -36.860  -15.842 0.3000000119
47635  37.826  -36.829  -16.333 0.4000000060
47636  37.620  -37.352  -16.554 0.3000000119
47649  37.508  -37.274  -17.114 0.4000000060
47678  37.608  -37.448  -18.727 0.4000000060
47721  39.423  -37.085  -21.293 0.5000000000
47729  40.004  -37.089  -22.222 0.5000000000
47730  39.447  -37.449  -21.840 0.4000000060
47752  41.752  -36.532  -24.109 0.5000000000
47753  41.118  -36.921  -23.963 0.5000000000
47756  36.452  -37.296  -23.609 0.4000000060
47770  41.007  -37.356  -24.585 0.6000000238
47773  47.244  -36.744  -25.353 0.6000000238
47775  46.065  -36.988  -25.191 0.5000000000
47776  44.919  -36.715  -25.158 0.6000000238
47778  43.205  -36.761  -25.621 0.6000000238
47779  42.472  -36.958  -25.634 0.6000000238
47780  41.886  -37.225  -25.422 0.5000000000
47781  41.379  -37.431  -25.160 0.5000000000
47784  48.196  -36.876  -26.175 0.4000000060
47786  47.160  -37.231  -25.659 0.6000000238
47787  46.617  -37.254  -25.656 0.4000000060
47789  44.499  -36.989  -25.986 0.6000000238
47790  43.655  -37.040  -26.147 0.6000000238
47794  49.719  -37.372  -27.317 0.5000000000
47797  44.914  -37.314  -26.548 0.6000000238
47809  52.281  -37.362  -28.873 0.6000000238
47810  51.644  -37.018  -28.330 0.6000000238
47814  39.472  -36.733  -29.575 0.5000000000
47820  52.151  -37.301  -30.251 0.6000000238
47823  49.657  -37.038  -30.037 0.6000000238
47824  48.801  -37.003  -30.274 0.6000000238
47826  41.638  -36.583  -30.201 0.5000000000
47828  47.596  -37.407  -30.236 0.6000000238
47830  45.865  -36.870  -31.068 0.6000000238
47833  44.226  -36.379  -31.141 0.6000000238
48946  39.184  -36.438  -15.547 0.3000000119
48948  38.095  -36.328  -16.183 0.3000000119
48962  37.838  -36.314  -16.720 0.4000000060
48976  37.631  -36.707  -17.215 0.4000000060
49046  40.310  -36.336  -21.240 0.5000000000
49055  42.611  -35.836  -22.287 0.4000000060
49056  41.881  -36.030  -22.154 0.5000000000
49057  41.141  -36.286  -22.013 0.5000000000
49068  44.257  -35.927  -23.062 0.5000000000
49070  42.183  -36.166  -22.839 0.5000000000
49072  40.601  -36.738  -22.529 0.5000000000
49074  35.589  -36.620  -22.809 0.5000000000
49083  45.331  -36.319  -23.933 0.4000000060
49084  44.148  -36.202  -23.437 0.5000000000
49085  43.359  -36.290  -23.644 0.5000000000
49086  42.550  -36.322  -23.926 0.5000000000
49087  41.544  -36.506  -23.392 0.5000000000
49088  36.610  -36.158  -23.350 0.4000000060
49100  46.495  -36.131  -24.495 0.4000000060
49101  44.650  -36.354  -23.905 0.6000000238
49102  43.874  -36.360  -24.141 0.5000000000
49104  42.293  -36.520  -24.605 0.5000000000
49110  46.319  -36.648  -24.660 0.4000000060
49112  43.554  -36.535  -24.902 0.5000000000
49114  42.182  -36.800  -25.160 0.6000000238
49121  49.413  -36.839  -27.079 0.5000000000
49126  49.663  -36.164  -27.284 0.6000000238
49130  52.575  -36.919  -29.349 0.6000000238
49131  52.214  -36.552  -28.789 0.6000000238
49132  37.162  -35.653  -28.973 0.5000000000
49134  52.716  -36.790  -29.843 0.6000000238
49135  40.054  -36.118  -29.797 0.6000000238
49136  39.314  -35.845  -29.544 0.5000000000
49138  37.710  -35.760  -29.018 0.5000000000
49140  52.819  -36.272  -30.249 0.6000000238
49141  51.827  -36.930  -30.499 0.6000000238
49145  48.525  -36.353  -30.268 0.6000000238
49146  47.758  -36.317  -30.267 0.6000000238
49148  46.244  -36.003  -30.829 0.6000000238
49150  42.949  -35.669  -30.726 0.6000000238
49152  41.343  -35.414  -30.309 0.6000000238
49154  39.951  -35.288  -29.679 0.5000000000
49156  47.330  -36.836  -30.426 0.6000000238
49158  45.716  -36.197  -31.192 0.6000000238
49159  45.183  -35.861  -31.238 0.6000000238
49161  44.098  -35.712  -31.018 0.6000000238
49162  43.611  -35.352  -30.677 0.6000000238
50341  38.913  -35.861  -15.782 0.3000000119
50436  41.863  -35.419  -21.196 0.5000000000
50438  40.740  -35.863  -20.947 0.5000000000
50448  41.617  -35.931  -21.553 0.5000000000
50456  43.480  -35.403  -22.313 0.6000000238
50457  43.280  -35.750  -22.461 0.6000000238
50458  35.861  -35.417  -22.584 0.5000000000
50473  44.517  -35.594  -23.014 0.5000000000
50475  36.454  -35.657  -23.021 0.5000000000
50485  46.084  -35.658  -24.190 0.5000000000
50486  45.503  -35.943  -23.709 0.4000000060
50493  47.267  -36.193  -25.277 0.3000000119
50494  46.908  -35.914  -24.861 0.5000000000
50496  38.452  -35.610  -25.590 0.4000000060
50500  47.654  -35.802  -25.848 0.5000000000
50503  38.625  -35.701  -26.505 0.4000000060
50504  49.145  -35.492  -27.129 0.4000000060
50506  42.974  -35.278  -27.416 0.6999999881
50509  40.800  -34.719  -27.919 0.5000000000
50511  38.537  -35.687  -27.438 0.4000000060
50512  50.714  -35.818  -27.829 0.6000000238
50514  44.777  -35.425  -28.162 0.6999999881
50516  43.278  -35.527  -28.121 0.6999999881
50517  42.539  -35.439  -28.099 0.6999999881
50518  41.865  -35.178  -28.138 0.6999999881
50520  38.590  -35.308  -28.497 0.5000000000
50521  38.258  -35.563  -28.285 0.4000000060
50522  37.494  -35.661  -28.704 0.5000000000
50524  52.532  -35.737  -28.919 0.6000000238
50525  51.499  -35.902  -28.275 0.6000000238
50527  45.877  -35.565  -29.036 0.6999999881
50528  45.079  -35.588  -28.997 0.6999999881
50530  43.581  -35.509  -29.019 0.6999999881
50532  41.615  -34.814  -28.954 0.6999999881
50533  39.213  -35.065  -29.015 0.5000000000
50534  38.670  -35.210  -28.801 0.5000000000
50538  46.711  -35.652  -30.019 0.6999999881
50539  46.083  -35.683  -29.992 0.6999999881
50541  44.488  -35.557  -29.944 0.6999999881
50542  43.625  -35.259  -29.941 0.6999999881
50543  42.959  -34.995  -29.802 0.6999999881
50544  41.750  -34.551  -29.848 0.5000000000
50545  40.643  -34.422  -29.694 0.5000000000
50546  40.001  -34.664  -29.599 0.5000000000
50547  39.318  -35.163  -29.380 0.5000000000
50549  53.026  -35.356  -30.564 0.6000000238
50550  48.973  -35.713  -30.346 0.6000000238
50552  47.499  -35.831  -30.126 0.6000000238
50553  46.765  -35.804  -30.397 0.6999999881
50555  44.993  -35.589  -31.002 0.6000000238
50556  44.572  -35.519  -30.745 0.6999999881
50557  43.958  -35.282  -30.520 0.6000000238
50558  42.710  -34.949  -30.521 0.6000000238
50560  41.030  -34.799  -30.033 0.5000000000
51791  42.705  -35.132  -21.646 0.6000000238
51799  44.155  -34.671  -22.732 0.5000000000
51816  45.067  -34.768  -23.489 0.5000000000
51817  44.646  -35.037  -23.022 0.5000000000
51818  37.233  -34.736  -23.448 0.5000000000
51819  36.611  -35.066  -22.928 0.5000000000
51827  45.895  -34.825  -24.365 0.5000000000
51829  38.071  -34.608  -24.692 0.4000000060
51830  37.685  -35.050  -24.061 0.5000000000
51838  46.656  -34.645  -25.244 0.5000000000
51839  46.399  -35.084  -24.681 0.5000000000
51840  38.759  -34.502  -25.673 0.5000000000
51841  38.432  -34.857  -25.338 0.4000000060
51845  47.873  -35.051  -26.358 0.5000000000
51848  43.079  -34.385  -26.332 0.6000000238
51850  41.701  -34.629  -26.139 0.6000000238
51851  40.953  -34.612  -26.290 0.6000000238
51853  39.063  -34.801  -26.294 0.6000000238
51855  48.969  -34.149  -27.188 0.5000000000
51857  44.051  -34.620  -27.025 0.6999999881
51859  42.694  -34.913  -26.778 0.6999999881
51861  40.760  -34.812  -27.087 0.6000000238
51862  40.210  -34.683  -27.590 0.5000000000
51864  39.254  -35.001  -27.074 0.5000000000
51865  51.305  -34.458  -28.110 0.6000000238
51869  45.068  -34.887  -27.687 0.6999999881
51870  44.412  -35.091  -27.542 0.6999999881
51871  43.712  -35.240  -27.444 0.6999999881
51873  39.803  -34.714  -28.208 0.5000000000
51875  53.038  -35.483  -29.579 0.6000000238
51878  47.771  -34.515  -28.925 0.6000000238
51880  46.309  -35.039  -28.362 0.6999999881
51883  40.241  -34.455  -28.901 0.6000000238
51884  39.712  -34.726  -28.926 0.5000000000
51886  52.895  -34.180  -29.585 0.6000000238
51887  48.369  -34.538  -29.453 0.6999999881
51888  47.146  -35.359  -29.480 0.6999999881
51889  41.094  -34.384  -29.507 0.5000000000
51890  40.128  -34.435  -29.377 0.5000000000
51892  53.273  -34.863  -30.527 0.6000000238
51893  53.104  -34.646  -30.689 0.6999999881
51894  52.649  -34.466  -30.898 0.6999999881
51896  50.273  -34.930  -30.419 0.6000000238
51898  48.016  -35.385  -29.655 0.6999999881
53115  43.339  -34.312  -22.084 0.5000000000
53125  43.731  -34.065  -22.644 0.5000000000
53127  37.013  -33.606  -22.789 0.5000000000
53142  44.988  -34.025  -23.795 0.5000000000
53145  37.377  -34.057  -23.393 0.4000000060
53151  45.687  -34.065  -24.650 0.5000000000
53153  38.652  -33.739  -24.807 0.5000000000
53164  46.463  -33.985  -25.536 0.5000000000
53166  42.295  -33.567  -25.499 0.6000000238
53168  40.909  -33.848  -25.193 0.6000000238
53169  40.099  -33.783  -25.284 0.6000000238
53170  39.444  -33.846  -25.345 0.6000000238
53172  38.451  -34.246  -25.115 0.5000000000
53179  47.362  -33.883  -26.248 0.4000000060
53180  46.959  -34.247  -25.795 0.5000000000
53181  43.295  -33.730  -26.190 0.6999999881
53182  42.674  -33.941  -25.963 0.6000000238
53183  42.024  -34.147  -25.744 0.6000000238
53185  40.512  -34.235  -25.781 0.6000000238
53187  39.200  -34.248  -25.863 0.6000000238
53190  48.315  -33.828  -26.924 0.4000000060
53191  47.825  -34.234  -26.546 0.5000000000
53193  44.247  -33.951  -26.869 0.6999999881
53195  50.300  -33.316  -27.790 0.5000000000
53196  49.747  -33.957  -27.579 0.6000000238
53197  45.792  -34.011  -27.661 0.6999999881
53198  45.237  -34.251  -27.466 0.6999999881
53200  51.649  -33.724  -28.368 0.6000000238
53203  46.796  -34.345  -28.143 0.6000000238
53204  46.215  -34.420  -27.916 0.6999999881
53205  53.262  -34.300  -30.435 0.6000000238
53206  48.980  -33.837  -29.842 0.6999999881
54409  37.481  -32.999  -23.041 0.5000000000
54410  35.517  -32.867  -22.285 0.5000000000
54411  34.911  -32.689  -22.636 0.5000000000
54425  38.079  -33.095  -23.646 0.5000000000
54426  37.582  -33.510  -23.341 0.5000000000
54435  40.586  -32.816  -24.416 0.6000000238
54437  39.403  -33.101  -24.437 0.5000000000
54438  38.903  -33.273  -24.452 0.5000000000
54439  38.411  -33.473  -24.260 0.5000000000
54448  41.796  -33.117  -25.143 0.6000000238
54451  39.719  -33.382  -24.862 0.6000000238
54462  43.412  -33.080  -26.179 0.6999999881
54469  48.224  -33.052  -27.047 0.4000000060
54470  47.322  -33.312  -26.405 0.4000000060
54472  44.354  -33.252  -26.886 0.6999999881
54474  50.032  -32.680  -27.831 0.6000000238
54475  45.419  -32.912  -27.549 0.8000000119
54476  45.323  -33.531  -27.455 0.6999999881
54477  52.822  -32.600  -29.367 0.6000000238
54479  50.874  -32.770  -28.171 0.6000000238
54480  47.555  -33.090  -28.603 0.6999999881
54481  46.969  -33.505  -28.096 0.6000000238
54483  52.914  -32.041  -29.774 0.6000000238
54485  48.947  -33.041  -29.593 0.6999999881
54487  52.581  -32.258  -30.171 0.6000000238
55610  36.083  -32.181  -22.235 0.5000000000
55627  36.688  -32.272  -22.456 0.5000000000
55642  38.557  -32.502  -23.612 0.5000000000
55654  39.604  -32.488  -24.093 0.5000000000
55655  39.141  -32.862  -24.168 0.5000000000
55664  42.650  -32.234  -25.615 0.5000000000
55665  42.081  -32.422  -25.259 0.6000000238
55666  41.543  -32.557  -24.940 0.6000000238
55677  43.579  -32.071  -26.499 0.6000000238
55684  44.727  -32.258  -27.249 0.6999999881
55685  44.163  -32.029  -26.916 0.8000000119
55690  45.229  -32.375  -27.539 0.6999999881
55692  51.425  -32.300  -28.557 0.6000000238
55696  46.472  -32.299  -28.317 0.6999999881
55697  52.957  -31.905  -29.593 0.6000000238
55699  48.670  -32.169  -29.676 0.6999999881
55700  52.129  -31.690  -30.418 0.6999999881
56837  36.516  -31.660  -22.275 0.4000000060
56838  35.827  -31.610  -22.265 0.4000000060
56855  37.833  -31.875  -22.934 0.5000000000
56856  37.181  -31.726  -22.580 0.5000000000
56870  39.843  -31.135  -23.782 0.6000000238
56872  38.826  -31.457  -23.442 0.4000000060
56873  38.465  -32.001  -23.266 0.5000000000
56883  40.576  -31.679  -24.298 0.6000000238
56884  39.990  -31.767  -24.028 0.5000000000
56895  41.814  -31.235  -25.036 0.5000000000
56896  41.209  -31.509  -24.633 0.5000000000
56907  43.264  -31.407  -26.342 0.6000000238
56908  42.743  -31.559  -25.823 0.6000000238
56915  44.142  -31.276  -27.096 0.6000000238
56921  45.460  -31.790  -27.855 0.6000000238
56923  44.602  -31.618  -27.361 0.6000000238
56924  52.154  -31.521  -29.301 0.5000000000
56926  50.888  -31.074  -28.753 0.5000000000
56932  52.444  -31.389  -29.635 0.6000000238
56933  51.938  -30.994  -29.513 0.5000000000
56934  48.158  -31.543  -29.582 0.5000000000
56936  46.979  -31.495  -28.952 0.5000000000
56937  51.483  -31.164  -30.225 0.6999999881
56938  50.712  -31.143  -30.534 0.5000000000
56939  49.502  -31.501  -30.273 0.6000000238
58242  40.126  -30.549  -23.979 0.4000000060
58269  41.775  -30.487  -25.294 0.5000000000
58281  42.770  -30.828  -26.064 0.6000000238
58288  43.615  -30.969  -26.820 0.5000000000
58294  44.994  -30.603  -28.150 0.5000000000
58295  44.522  -30.957  -27.616 0.6000000238
58296  51.286  -30.745  -29.363 0.5000000000
58298  45.985  -30.844  -28.661 0.5000000000
58300  51.986  -31.076  -29.758 0.5000000000
58305  46.749  -30.411  -29.528 0.4000000060
58307  51.250  -30.799  -29.866 0.5000000000
59682  40.273  -30.073  -24.228 0.4000000060
59683  39.978  -30.089  -23.995 0.4000000060
59691  41.395  -29.797  -25.533 0.4000000060
59698  42.320  -29.918  -26.251 0.5000000000
59705  43.374  -30.199  -26.962 0.5000000000
59716  43.235  -29.578  -27.385 0.5000000000
59720  44.864  -29.846  -28.501 0.4000000060
59728  45.343  -29.733  -29.008 0.4000000060
61091  42.715  -29.611  -26.918 0.4000000060
61092  42.022  -29.247  -26.663 0.5000000000
61102  43.330  -29.297  -27.856 0.4000000060
61103  42.812  -29.181  -27.645 0.4000000060
61110  44.350  -29.402  -28.639 0.5000000000
61111  43.713  -29.256  -28.382 0.5000000000
201427  42.627  -40.921  -27.881 0.6999999881
201682  40.208  -40.821  -21.295 0.4000000060
202657  40.080  -29.559  -24.302 0.4000000060
203125  39.339  -56.193  -24.001 0.3000000119
203477  52.261  -34.276  -28.716 0.6000000238
203621  45.428  -52.500  -25.806 0.3000000119
203653  40.034  -44.585  -25.865 0.5000000000
203719  45.616  -52.972  -25.165 0.3000000119
203817  40.017  -45.581  -27.762 0.4000000060
203824  38.485  -39.828  -18.306 0.4000000060
203842  44.276  -44.921  -20.370 0.3000000119
203908  52.199  -33.172  -30.344 0.6000000238
204137  37.362  -55.768  -24.274 0.4000000060
204439  37.557  -55.982  -24.860 0.4000000060
204903  45.492  -35.686  -30.744 0.6999999881
205028  50.678  -37.822  -30.002 0.6000000238
205253  42.319  -30.440  -25.812 0.5000000000
205346  50.292  -36.139  -27.588 0.6000000238
205398  43.175  -35.010  -30.339 0.6000000238
206908  41.396  -55.018  -23.417 0.3000000119
207366  45.958  -47.667  -28.073 0.3000000119
208142  37.859  -36.087  -29.260 0.5000000000
208790  43.539  -37.052  -30.904 0.6000000238
209067  48.889  -34.817  -27.050 0.5000000000
209524  41.192  -44.221  -18.865 0.3000000119
209793  48.330  -41.007  -28.788 0.6000000238
209920  34.088  -56.201  -27.836 0.4000000060
209959  44.025  -46.936  -27.727 0.4000000060
210005  40.122  -39.995  -30.307 0.6000000238
210072  46.059  -43.229  -21.338 0.3000000119
210124  41.248  -40.270  -25.229 0.5000000000
210795  40.453  -42.100  -31.330 0.4000000060
210895  40.729  -42.065  -31.176 0.4000000060
211022  48.455  -36.325  -26.490 0.4000000060
211148  49.242  -30.719  -30.222 0.5000000000
211164  52.350  -36.078  -30.565 0.6000000238
211555  39.980  -42.651  -31.445 0.4000000060
211712  46.636  -31.718  -28.618 0.6999999881
211934  40.366  -43.844  -25.010 0.4000000060
212132  51.186  -33.346  -30.466 0.6999999881
212182  46.712  -47.460  -22.814 0.3000000119
212335  44.785  -52.629  -26.674 0.4000000060
212362  47.280  -38.489  -27.276 0.6000000238
212876  46.132  -48.202  -27.904 0.3000000119
212879  42.516  -47.409  -27.579 0.5000000000
212893  50.750  -34.185  -30.457 0.6000000238
213130  42.148  -43.813  -24.153 0.4000000060
213143  42.704  -41.137  -28.607 0.6999999881
213637  48.783  -36.899  -26.701 0.4000000060
213944  42.180  -35.226  -28.769 0.6999999881
214451  46.120  -38.461  -30.356 0.6000000238
214460  39.890  -41.513  -28.504 0.6999999881
214651  45.499  -45.901  -26.556 0.3000000119
215374  47.944  -40.565  -29.301 0.6999999881
215507  36.596  -60.078  -29.433 0.3000000119
215940  37.261  -59.129  -27.371 0.3000000119
216398  41.564  -42.697  -23.952 0.4000000060
216409  38.902  -32.044  -23.588 0.5000000000
216451  42.306  -46.007  -27.655 0.4000000060
216611  49.358  -35.023  -30.430 0.6000000238
216960  42.807  -36.206  -23.235 0.4000000060
216984  40.525  -42.070  -17.836 0.3000000119
217045  45.961  -33.695  -25.262 0.5000000000
217178  43.962  -49.166  -28.453 0.4000000060
217246  35.795  -33.440  -22.250 0.5000000000
217994  45.582  -47.282  -27.757 0.3000000119
217996  45.005  -36.503  -24.409 0.6000000238
218074  46.808  -50.335  -26.791 0.4000000060
218327  47.510  -48.662  -26.856 0.3000000119
218750  41.655  -31.960  -24.986 0.6000000238
218815  41.369  -34.835  -26.714 0.6000000238
218934  38.464  -37.764  -15.062 0.4000000060
219143  40.791  -31.082  -24.351 0.5000000000
219189  46.392  -33.007  -28.003 0.6999999881
219337  44.130  -37.262  -30.936 0.6000000238
219344  43.220  -50.520  -29.068 0.4000000060
219610  44.140  -47.120  -27.777 0.5000000000
220175  37.679  -37.762  -29.190 0.5000000000
220420  37.517  -56.469  -26.356 0.3000000119
220519  46.994  -46.679  -27.039 0.4000000060
220616  44.261  -35.234  -22.724 0.5000000000
220712  44.286  -40.324  -30.573 0.6000000238
221169  42.385  -40.117  -30.809 0.6000000238
221364  44.442  -47.765  -28.069 0.4000000060
221405  36.439  -33.342  -22.415 0.5000000000
221457  44.189  -43.532  -24.078 0.4000000060
221769  37.478  -37.105  -17.590 0.4000000060
222035  39.739  -41.036  -17.388 0.3000000119
222316  43.125  -42.047  -23.459 0.6000000238
222473  44.183  -44.057  -20.330 0.3000000119
222624  52.890  -32.380  -29.721 0.6000000238
222731  43.909  -35.593  -22.707 0.5000000000
222911  44.917  -41.357  -29.592 0.6999999881
222961  35.804  -59.410  -27.481 0.3000000119
222986  42.932  -39.895  -30.779 0.6999999881
223051  45.633  -42.833  -21.137 0.3000000119
223122  46.789  -35.309  -25.048 0.5000000000
223544  43.891  -37.919  -26.926 0.6000000238
223662  52.191  -37.916  -28.949 0.6000000238
224203  44.835  -36.246  -31.266 0.6000000238
224289  44.581  -41.716  -21.085 0.3000000119
224528  45.023  -40.146  -30.357 0.6999999881
224576  39.341  -34.895  -27.784 0.5000000000
224611  44.416  -32.652  -26.963 0.8000000119
224774  38.858  -38.356  -21.598 0.4000000060
224886  41.495  -37.665  -30.151 0.6000000238
225008  41.365  -40.359  -23.939 0.6000000238
225163  42.541  -39.637  -30.783 0.6000000238
225362  35.273  -55.999  -25.428 0.3000000119
225579  41.224  -33.435  -24.968 0.6000000238
225626  48.074  -38.480  -29.923 0.6000000238
225906  44.247  -41.190  -28.686 0.6999999881
226260  46.235  -39.978  -27.840 0.6999999881
226319  42.759  -51.942  -28.471 0.4000000060
226400  42.529  -52.320  -28.207 0.4000000060
226502  45.306  -40.930  -28.408 0.6999999881
226505  36.824  -35.624  -28.951 0.5000000000
226632  39.007  -40.668  -16.081 0.3000000119
227883  37.013  -40.217  -29.107 0.4000000060
227909  43.779  -39.308  -30.741 0.6000000238
228434  43.903  -47.542  -27.860 0.4000000060
229086  48.632  -40.065  -30.085 0.6999999881
229205  41.163  -39.075  -24.815 0.5000000000
229501  39.178  -38.089  -29.416 0.5000000000
229504  51.797  -35.625  -30.631 0.6000000238
229793  39.164  -42.957  -29.910 0.5000000000
229927  46.072  -47.059  -23.040 0.3000000119
230148  45.099  -39.533  -30.479 0.6999999881
230545  41.972  -40.110  -30.804 0.6000000238
230566  43.429  -43.272  -19.995 0.3000000119
230878  43.060  -36.482  -30.824 0.6000000238
230989  44.064  -40.953  -30.321 0.5000000000
231013  35.995  -56.358  -22.707 0.3000000119
231424  45.859  -33.272  -27.690 0.6999999881
231545  41.392  -45.569  -27.215 0.4000000060
231634  48.593  -38.179  -26.970 0.5000000000
231713  52.427  -36.772  -30.470 0.6000000238
231815  37.158  -36.139  -23.772 0.4000000060
232203  43.633  -48.027  -27.844 0.5000000000
232277  37.117  -44.527  -30.614 0.4000000060
232426  37.952  -55.190  -22.214 0.3000000119
232436  46.150  -36.592  -30.957 0.6000000238
232917  45.412  -45.314  -20.712 0.3000000119
233148  48.549  -33.663  -29.351 0.6000000238
233213  49.213  -33.711  -27.403 0.4000000060
233386  47.811  -48.097  -23.056 0.3000000119
233821  41.290  -35.747  -21.163 0.5000000000
233996  35.813  -32.521  -22.227 0.5000000000
234208  43.012  -48.944  -27.606 0.5000000000
234386  45.851  -49.320  -28.508 0.4000000060
234431  44.486  -46.300  -27.386 0.4000000060
234467  50.494  -40.524  -29.159 0.6000000238
234802  38.643  -42.988  -31.150 0.4000000060
234809  46.319  -47.939  -28.423 0.3000000119
235126  46.509  -39.018  -30.207 0.6999999881
235154  46.829  -46.365  -26.746 0.4000000060
235285  46.099  -48.396  -28.693 0.3000000119
235740  40.731  -44.318  -25.076 0.4000000060
235926  49.421  -33.914  -30.263 0.6000000238
235947  43.208  -55.718  -24.079 0.3000000119
236313  43.300  -41.710  -19.829 0.3000000119
236345  38.806  -47.389  -26.947 0.5000000000
236395  39.338  -31.120  -23.605 0.4000000060
236639  46.177  -50.425  -27.421 0.4000000060
236656  42.594  -30.351  -26.114 0.5000000000
237019  47.418  -35.185  -25.851 0.5000000000
237229  39.124  -37.888  -21.736 0.4000000060
237369  40.915  -48.649  -26.619 0.5000000000
237470  45.511  -36.891  -25.144 0.5000000000
237480  46.775  -48.147  -27.705 0.3000000119
237576  44.131  -34.167  -22.948 0.5000000000
237807  40.223  -41.986  -17.249 0.3000000119
237882  52.066  -31.365  -30.085 0.6000000238
237948  43.416  -32.535  -26.222 0.6999999881
237981  31.646  -56.491  -30.308 0.3000000119
237992  48.134  -30.376  -30.067 0.5000000000
238222  39.244  -56.324  -27.627 0.4000000060
238353  41.179  -41.108  -27.051 0.6999999881
238576  46.265  -47.842  -28.819 0.3000000119
238741  46.827  -49.897  -27.067 0.4000000060
238813  45.216  -46.693  -20.635 0.3000000119
238946  45.186  -51.894  -27.072 0.4000000060
238953  38.286  -36.146  -25.533 0.4000000060
239387  35.550  -35.839  -22.564 0.5000000000
239495  41.344  -36.928  -24.375 0.5000000000
239696  44.084  -41.380  -21.308 0.3000000119
240037  46.641  -39.114  -27.631 0.6999999881
240218  40.580  -34.340  -29.323 0.6000000238
240258  44.948  -45.808  -26.484 0.3000000119
240334  48.621  -35.814  -26.771 0.4000000060
240636  38.668  -43.876  -31.211 0.4000000060
240670  38.417  -35.909  -16.049 0.3000000119
240688  50.155  -31.263  -30.575 0.6000000238
240774  43.870  -41.144  -29.937 0.6000000238
241730  44.167  -44.454  -24.801 0.3000000119
242099  43.790  -49.626  -29.143 0.4000000060
242266  45.665  -38.276  -30.565 0.6000000238
242302  40.743  -41.292  -27.508 0.6999999881
242319  45.435  -40.472  -27.876 0.6999999881
