#!ascii label  , from subject sub-01_ses-007 vox2ras=TkReg
848
49460  -19.385  -57.696  73.208 0.0000000000
67871  -31.808  -45.587  66.715 0.0000000000
74230  -36.932  -41.202  65.122 0.0000000000
70489  -45.092  -43.989  62.375 0.0000000000
62713  -31.369  -49.427  65.647 0.0000000000
70447  -41.018  -44.012  63.582 0.0000000000
220982  -46.299  -35.948  58.466 0.0000000000
90349  -47.722  -31.564  59.429 0.0000000000
67862  -34.696  -45.472  69.579 0.0000000000
71742  -36.563  -42.786  69.468 0.0000000000
74185  -33.743  -41.209  66.149 0.0000000000
56340  -22.421  -53.038  75.549 0.0000000000
60299  -26.097  -50.965  73.316 0.0000000000
223807  -28.031  -51.704  69.774 0.0000000000
219854  -27.896  -55.500  68.368 0.0000000000
51563  -28.804  -57.390  65.993 0.0000000000
53865  -33.118  -55.172  67.413 0.0000000000
212272  -34.050  -49.965  68.080 0.0000000000
209313  -39.811  -45.801  66.230 0.0000000000
94528  -48.559  -29.013  59.677 0.0000000000
66681  -33.489  -45.777  69.653 0.0000000000
70380  -34.405  -43.843  70.077 0.0000000000
70399  -33.031  -43.357  67.099 0.0000000000
57714  -22.181  -52.062  74.209 0.0000000000
58961  -24.169  -51.900  74.417 0.0000000000
52692  -30.314  -55.759  65.027 0.0000000000
51555  -31.428  -57.369  66.747 0.0000000000
208674  -31.494  -53.811  65.759 0.0000000000
64655  -31.179  -47.541  66.480 0.0000000000
62679  -32.411  -49.746  67.778 0.0000000000
64637  -32.784  -47.701  69.262 0.0000000000
64647  -34.268  -48.003  68.869 0.0000000000
74146  -37.561  -41.483  69.198 0.0000000000
70392  -38.889  -43.917  68.228 0.0000000000
203845  -39.673  -42.618  67.564 0.0000000000
197073  -42.956  -44.638  62.564 0.0000000000
222906  -42.560  -45.654  64.560 0.0000000000
67914  -44.744  -45.177  63.200 0.0000000000
67937  -46.139  -44.723  62.331 0.0000000000
82327  -47.387  -36.777  61.054 0.0000000000
79621  -46.518  -38.357  60.707 0.0000000000
210461  -31.033  -51.383  64.545 0.0000000000
69202  -43.007  -44.227  59.972 0.0000000000
86353  -47.171  -33.827  59.008 0.0000000000
199078  -48.466  -34.316  61.119 0.0000000000
90321  -51.068  -31.265  60.450 0.0000000000
69080  -34.345  -44.836  67.376 0.0000000000
70381  -35.260  -44.059  70.325 0.0000000000
72938  -35.357  -42.110  69.218 0.0000000000
53750  -21.309  -54.597  75.302 0.0000000000
57760  -25.939  -51.890  72.027 0.0000000000
61535  -27.545  -50.947  71.357 0.0000000000
59068  -27.418  -52.355  70.448 0.0000000000
56439  -27.101  -53.458  69.173 0.0000000000
55105  -27.497  -55.201  68.713 0.0000000000
51543  -26.936  -56.352  66.946 0.0000000000
52666  -27.321  -56.271  67.020 0.0000000000
49518  -29.546  -58.108  65.183 0.0000000000
59158  -32.335  -51.671  66.824 0.0000000000
57841  -33.847  -52.456  67.744 0.0000000000
60443  -34.030  -51.313  65.881 0.0000000000
63689  -33.720  -48.785  66.567 0.0000000000
65672  -33.818  -46.767  67.131 0.0000000000
69092  -41.039  -44.678  66.485 0.0000000000
75650  -46.142  -40.471  60.539 0.0000000000
198364  -46.285  -42.872  62.123 0.0000000000
52593  -20.167  -55.978  74.723 0.0000000000
67860  -32.818  -45.759  68.794 0.0000000000
69071  -33.204  -44.620  68.631 0.0000000000
69079  -32.454  -44.467  66.794 0.0000000000
55150  -30.245  -54.496  64.148 0.0000000000
215199  -30.946  -54.505  65.150 0.0000000000
56545  -30.996  -53.373  64.618 0.0000000000
65671  -31.547  -46.669  66.913 0.0000000000
64646  -31.871  -47.761  67.813 0.0000000000
65663  -32.176  -46.817  68.325 0.0000000000
65656  -32.723  -46.941  69.176 0.0000000000
74148  -38.570  -41.606  68.738 0.0000000000
229034  -38.384  -41.816  66.393 0.0000000000
225048  -43.821  -44.653  62.685 0.0000000000
69121  -43.871  -45.112  63.435 0.0000000000
69136  -44.882  -44.543  62.946 0.0000000000
67924  -45.468  -44.804  63.143 0.0000000000
70460  -45.841  -43.864  62.976 0.0000000000
231227  -48.424  -36.901  61.013 0.0000000000
217167  -47.791  -38.216  61.122 0.0000000000
79636  -48.328  -38.354  60.380 0.0000000000
88979  -46.067  -31.820  57.483 0.0000000000
87660  -47.578  -32.836  59.589 0.0000000000
86332  -47.832  -33.965  60.323 0.0000000000
88928  -48.332  -32.863  60.494 0.0000000000
86322  -49.163  -33.806  61.121 0.0000000000
90298  -49.176  -32.156  60.881 0.0000000000
94512  -49.966  -29.332  61.090 0.0000000000
67866  -34.383  -45.468  68.299 0.0000000000
69073  -34.863  -44.377  68.267 0.0000000000
69065  -35.016  -44.710  69.836 0.0000000000
72955  -33.797  -42.403  67.688 0.0000000000
71739  -34.731  -43.103  69.738 0.0000000000
72956  -34.407  -41.887  67.918 0.0000000000
74164  -35.080  -40.990  67.689 0.0000000000
74186  -34.214  -40.931  66.453 0.0000000000
202364  -22.427  -55.239  74.410 0.0000000000
54969  -22.721  -53.655  75.285 0.0000000000
58973  -24.673  -51.609  74.137 0.0000000000
61576  -27.116  -50.382  70.003 0.0000000000
60346  -28.004  -51.243  70.673 0.0000000000
59046  -27.562  -51.543  71.034 0.0000000000
57798  -28.140  -52.515  70.391 0.0000000000
57810  -27.168  -52.917  69.876 0.0000000000
57811  -28.227  -53.041  70.062 0.0000000000
53854  -27.939  -55.474  68.632 0.0000000000
52649  -26.923  -55.696  67.975 0.0000000000
52656  -27.439  -55.916  67.751 0.0000000000
52676  -28.507  -56.599  65.765 0.0000000000
52675  -27.737  -56.636  66.430 0.0000000000
51562  -28.201  -57.389  66.235 0.0000000000
51553  -27.534  -56.903  66.474 0.0000000000
50523  -28.658  -57.583  66.019 0.0000000000
49509  -29.079  -57.946  65.314 0.0000000000
49502  -29.769  -58.138  66.154 0.0000000000
51545  -32.545  -56.656  67.105 0.0000000000
50527  -32.217  -57.558  66.509 0.0000000000
52669  -33.274  -56.315  66.613 0.0000000000
208040  -33.542  -54.956  66.594 0.0000000000
59157  -31.862  -51.665  65.953 0.0000000000
60430  -31.706  -50.521  65.843 0.0000000000
61588  -33.340  -49.852  68.548 0.0000000000
60399  -33.274  -51.085  67.734 0.0000000000
60400  -33.586  -51.104  67.567 0.0000000000
59141  -34.041  -51.863  66.874 0.0000000000
61619  -33.996  -50.616  66.830 0.0000000000
199563  -34.059  -49.321  67.591 0.0000000000
66682  -34.405  -46.624  69.620 0.0000000000
210110  -33.951  -47.425  67.558 0.0000000000
207860  -34.071  -46.405  68.020 0.0000000000
66694  -33.888  -46.100  67.123 0.0000000000
57664  -20.949  -52.473  75.973 0.0000000000
56327  -21.197  -52.954  76.370 0.0000000000
54966  -20.709  -54.051  76.134 0.0000000000
71754  -36.005  -43.085  68.967 0.0000000000
71766  -37.175  -42.868  67.503 0.0000000000
207098  -39.383  -44.642  67.232 0.0000000000
71805  -40.075  -43.106  64.324 0.0000000000
70423  -40.604  -43.508  65.596 0.0000000000
234422  -40.954  -43.900  64.609 0.0000000000
65709  -43.165  -46.367  63.940 0.0000000000
66722  -42.066  -45.997  64.895 0.0000000000
76949  -47.081  -39.705  61.176 0.0000000000
233530  -46.419  -39.384  60.733 0.0000000000
74307  -46.509  -40.769  61.001 0.0000000000
73059  -46.190  -41.572  61.033 0.0000000000
74296  -46.778  -41.936  61.450 0.0000000000
71839  -46.978  -42.978  61.870 0.0000000000
94541  -46.884  -29.430  57.815 0.0000000000
94527  -48.075  -29.694  59.263 0.0000000000
94542  -47.500  -28.864  58.277 0.0000000000
97192  -47.728  -27.401  57.906 0.0000000000
67853  -34.120  -45.630  70.068 0.0000000000
69060  -34.496  -44.662  70.640 0.0000000000
69064  -33.588  -44.811  69.948 0.0000000000
209449  -33.414  -43.228  67.939 0.0000000000
71762  -33.239  -42.610  67.003 0.0000000000
197691  -22.163  -52.370  74.978 0.0000000000
57665  -22.730  -52.622  75.194 0.0000000000
60297  -24.414  -51.091  73.448 0.0000000000
202500  -29.720  -56.784  65.776 0.0000000000
51564  -30.038  -57.526  66.256 0.0000000000
52678  -30.825  -56.074  65.739 0.0000000000
52679  -31.295  -55.925  66.515 0.0000000000
53874  -31.967  -55.134  67.209 0.0000000000
63686  -31.031  -48.038  66.129 0.0000000000
61617  -32.028  -49.859  66.945 0.0000000000
63675  -31.788  -48.720  67.282 0.0000000000
63662  -32.436  -48.841  68.386 0.0000000000
62651  -33.428  -49.416  68.932 0.0000000000
63652  -34.204  -48.731  68.943 0.0000000000
64638  -33.484  -47.900  69.453 0.0000000000
65648  -33.874  -46.889  69.808 0.0000000000
57691  -20.615  -52.406  74.645 0.0000000000
72917  -37.249  -42.076  69.593 0.0000000000
71756  -37.673  -43.045  68.342 0.0000000000
71725  -38.314  -42.325  69.575 0.0000000000
70384  -39.199  -43.369  68.753 0.0000000000
67867  -39.910  -44.909  67.616 0.0000000000
69133  -41.423  -44.290  63.094 0.0000000000
69110  -41.584  -44.481  64.408 0.0000000000
69120  -42.563  -44.940  63.782 0.0000000000
66724  -43.226  -45.712  64.025 0.0000000000
82335  -47.082  -36.490  60.465 0.0000000000
80983  -46.604  -37.120  60.073 0.0000000000
80969  -47.196  -37.489  61.157 0.0000000000
78258  -47.420  -38.730  61.210 0.0000000000
221367  -31.437  -45.823  66.111 0.0000000000
66700  -31.001  -46.281  65.888 0.0000000000
72986  -38.201  -41.799  65.502 0.0000000000
212172  -40.840  -43.643  62.331 0.0000000000
202745  -41.800  -44.371  61.916 0.0000000000
69166  -42.894  -44.538  61.334 0.0000000000
69184  -44.171  -44.165  61.157 0.0000000000
218661  -46.756  -34.904  58.557 0.0000000000
83615  -47.622  -35.118  60.469 0.0000000000
83602  -47.859  -35.617  61.176 0.0000000000
211995  -49.033  -36.067  60.950 0.0000000000
91731  -49.499  -30.505  60.691 0.0000000000
226046  -50.261  -31.838  60.843 0.0000000000
69081  -34.494  -44.006  66.960 0.0000000000
71753  -35.609  -43.455  68.283 0.0000000000
71741  -35.839  -43.086  69.903 0.0000000000
70372  -34.694  -44.334  70.536 0.0000000000
71721  -35.153  -43.281  70.211 0.0000000000
72915  -36.178  -42.389  69.837 0.0000000000
74144  -36.182  -41.497  69.079 0.0000000000
216302  -36.240  -40.939  67.854 0.0000000000
70418  -32.019  -43.380  65.180 0.0000000000
72984  -32.789  -42.060  65.711 0.0000000000
74228  -33.675  -40.501  65.213 0.0000000000
195931  -20.766  -56.083  74.405 0.0000000000
52603  -21.653  -56.070  73.803 0.0000000000
59043  -24.939  -51.595  70.806 0.0000000000
61519  -24.187  -50.253  72.219 0.0000000000
60312  -25.571  -50.594  72.934 0.0000000000
60314  -26.858  -50.964  72.646 0.0000000000
59045  -26.838  -51.668  71.082 0.0000000000
56472  -26.381  -53.815  68.418 0.0000000000
55103  -25.920  -54.235  67.689 0.0000000000
53862  -27.899  -54.900  67.603 0.0000000000
53873  -27.488  -55.811  66.499 0.0000000000
53863  -27.622  -55.638  67.376 0.0000000000
51544  -27.233  -56.277  67.140 0.0000000000
51552  -27.204  -56.835  66.644 0.0000000000
215793  -30.656  -58.009  66.279 0.0000000000
57885  -31.583  -52.445  65.294 0.0000000000
225753  -32.184  -53.029  66.489 0.0000000000
56493  -32.891  -53.735  67.729 0.0000000000
60416  -32.515  -51.064  67.083 0.0000000000
57839  -33.076  -52.212  67.835 0.0000000000
56494  -33.772  -53.499  67.632 0.0000000000
56515  -34.070  -53.461  66.877 0.0000000000
57886  -33.863  -52.435  65.546 0.0000000000
63704  -33.290  -48.488  65.194 0.0000000000
63676  -33.955  -48.456  67.322 0.0000000000
64667  -33.697  -47.980  66.378 0.0000000000
64676  -33.252  -47.818  65.481 0.0000000000
65680  -33.361  -46.595  65.677 0.0000000000
225271  -20.591  -54.750  75.538 0.0000000000
71780  -39.830  -42.668  66.229 0.0000000000
70403  -40.383  -43.797  67.334 0.0000000000
67876  -40.649  -45.141  66.838 0.0000000000
67894  -41.518  -45.302  65.457 0.0000000000
65682  -41.080  -46.137  65.809 0.0000000000
66713  -40.160  -46.243  65.882 0.0000000000
70530  -44.385  -43.477  60.075 0.0000000000
70509  -45.107  -43.367  61.282 0.0000000000
79649  -45.950  -37.888  59.468 0.0000000000
78284  -45.734  -39.054  59.598 0.0000000000
212832  -45.670  -41.567  60.060 0.0000000000
71845  -45.551  -42.831  61.393 0.0000000000
71837  -45.888  -43.113  62.176 0.0000000000
70462  -46.390  -43.410  62.554 0.0000000000
49455  -19.401  -57.848  73.519 0.0000000000
202919  -32.225  -45.782  67.708 0.0000000000
67865  -32.708  -45.146  68.163 0.0000000000
67872  -32.313  -45.074  67.222 0.0000000000
55163  -29.876  -54.082  63.601 0.0000000000
55151  -30.718  -54.144  64.608 0.0000000000
66693  -31.746  -46.126  67.084 0.0000000000
66686  -31.907  -46.452  67.716 0.0000000000
66687  -32.404  -46.327  68.547 0.0000000000
74208  -36.894  -41.165  65.873 0.0000000000
72973  -38.266  -41.603  67.190 0.0000000000
227860  -37.695  -41.399  66.334 0.0000000000
69148  -44.248  -44.431  62.273 0.0000000000
69137  -45.580  -44.255  63.142 0.0000000000
69149  -45.524  -43.980  63.055 0.0000000000
79608  -48.546  -37.224  60.723 0.0000000000
79607  -48.267  -37.914  60.814 0.0000000000
90348  -47.350  -31.558  58.863 0.0000000000
88954  -47.578  -32.162  59.312 0.0000000000
216598  -47.918  -33.000  60.094 0.0000000000
88942  -48.018  -32.472  60.000 0.0000000000
90318  -48.597  -32.155  60.514 0.0000000000
69072  -34.740  -45.020  68.745 0.0000000000
72972  -34.013  -41.535  66.992 0.0000000000
74163  -34.555  -41.186  67.301 0.0000000000
54968  -22.019  -53.462  75.722 0.0000000000
60289  -25.801  -51.262  73.717 0.0000000000
58974  -25.518  -51.707  74.089 0.0000000000
60361  -27.674  -50.994  69.925 0.0000000000
60345  -27.686  -50.729  70.469 0.0000000000
60362  -28.159  -51.826  70.321 0.0000000000
59070  -27.936  -51.835  70.714 0.0000000000
59093  -28.273  -52.467  70.048 0.0000000000
55116  -28.188  -54.934  68.440 0.0000000000
220420  -28.193  -55.220  68.777 0.0000000000
52650  -27.541  -55.724  68.140 0.0000000000
49501  -29.284  -57.832  66.083 0.0000000000
50524  -29.393  -57.945  66.144 0.0000000000
52658  -32.964  -55.916  67.242 0.0000000000
51546  -33.026  -56.442  66.897 0.0000000000
52659  -33.282  -56.018  66.893 0.0000000000
206918  -33.433  -55.667  66.737 0.0000000000
226668  -33.448  -55.191  66.888 0.0000000000
61635  -31.692  -49.922  66.123 0.0000000000
61589  -33.797  -49.729  68.577 0.0000000000
61602  -33.467  -50.272  67.988 0.0000000000
61603  -33.871  -50.551  67.608 0.0000000000
60417  -33.930  -51.154  66.972 0.0000000000
62680  -33.994  -49.997  67.189 0.0000000000
66688  -34.420  -46.031  68.968 0.0000000000
199767  -34.234  -46.651  68.838 0.0000000000
196130  -34.125  -45.898  67.897 0.0000000000
222298  -21.543  -52.514  75.732 0.0000000000
57649  -21.121  -52.674  76.252 0.0000000000
56328  -21.784  -52.835  76.109 0.0000000000
54955  -21.480  -53.229  76.179 0.0000000000
230169  -36.432  -42.854  68.386 0.0000000000
71755  -37.004  -42.810  68.423 0.0000000000
69083  -39.733  -45.062  67.307 0.0000000000
69091  -39.419  -44.967  66.667 0.0000000000
67891  -39.471  -45.335  65.918 0.0000000000
212487  -40.353  -43.460  64.029 0.0000000000
70433  -40.567  -43.525  64.704 0.0000000000
212245  -40.751  -43.770  64.086 0.0000000000
82348  -46.080  -36.582  58.620 0.0000000000
202228  -47.166  -40.758  61.197 0.0000000000
76948  -46.785  -40.019  61.036 0.0000000000
74308  -46.848  -41.159  61.228 0.0000000000
228068  -33.740  -45.263  70.053 0.0000000000
70388  -33.168  -43.954  67.887 0.0000000000
53896  -30.038  -55.266  64.388 0.0000000000
52691  -29.709  -56.089  64.929 0.0000000000
52677  -30.208  -56.503  65.718 0.0000000000
55140  -31.357  -54.441  65.716 0.0000000000
53883  -31.078  -55.183  65.655 0.0000000000
53884  -31.509  -55.105  66.442 0.0000000000
55128  -31.755  -54.266  66.582 0.0000000000
63687  -31.489  -48.691  66.621 0.0000000000
63674  -31.560  -48.081  66.997 0.0000000000
65655  -32.248  -47.408  68.507 0.0000000000
63649  -32.367  -48.234  68.686 0.0000000000
63650  -32.886  -48.898  68.973 0.0000000000
199756  -32.965  -48.335  69.240 0.0000000000
63651  -33.592  -48.706  69.221 0.0000000000
66680  -33.067  -46.327  69.383 0.0000000000
65647  -33.414  -46.771  69.680 0.0000000000
66673  -33.795  -46.325  69.786 0.0000000000
66674  -34.198  -46.414  69.797 0.0000000000
195479  -21.412  -52.296  74.576 0.0000000000
229278  -21.521  -52.355  75.196 0.0000000000
74125  -37.448  -41.828  69.466 0.0000000000
72918  -37.816  -41.964  69.496 0.0000000000
74126  -37.981  -41.739  69.398 0.0000000000
72959  -39.412  -42.272  67.920 0.0000000000
72941  -39.190  -42.335  68.518 0.0000000000
213344  -39.731  -43.331  68.093 0.0000000000
69074  -39.839  -44.349  68.053 0.0000000000
70394  -40.022  -43.935  67.988 0.0000000000
69134  -42.048  -44.521  62.615 0.0000000000
198340  -42.015  -44.571  63.393 0.0000000000
69135  -42.686  -44.741  63.118 0.0000000000
69122  -44.546  -44.978  63.249 0.0000000000
67913  -44.120  -45.390  63.580 0.0000000000
66733  -43.861  -46.002  63.571 0.0000000000
66749  -44.758  -45.928  62.899 0.0000000000
221610  -46.971  -37.135  60.773 0.0000000000
76950  -47.404  -39.358  61.150 0.0000000000
66710  -31.244  -45.761  65.580 0.0000000000
69146  -41.294  -44.121  62.311 0.0000000000
69182  -42.489  -44.425  60.572 0.0000000000
69167  -43.742  -44.421  61.571 0.0000000000
69183  -43.364  -44.411  60.791 0.0000000000
209348  -46.718  -32.519  58.283 0.0000000000
87675  -46.909  -33.255  58.505 0.0000000000
86365  -46.597  -33.608  57.828 0.0000000000
84930  -47.200  -34.586  59.230 0.0000000000
83614  -47.342  -35.265  59.841 0.0000000000
84931  -47.588  -34.587  60.054 0.0000000000
86320  -48.255  -33.892  60.856 0.0000000000
84918  -47.986  -34.610  60.760 0.0000000000
84907  -48.148  -34.990  61.163 0.0000000000
83595  -48.358  -35.657  61.275 0.0000000000
84900  -48.617  -35.311  61.234 0.0000000000
83603  -49.095  -35.416  60.997 0.0000000000
84909  -48.929  -34.892  61.199 0.0000000000
88916  -49.420  -32.738  61.015 0.0000000000
93118  -48.502  -29.903  59.922 0.0000000000
93110  -48.916  -30.134  60.410 0.0000000000
94519  -49.048  -29.376  60.354 0.0000000000
91719  -50.368  -30.192  60.920 0.0000000000
91718  -50.050  -30.454  60.830 0.0000000000
69090  -34.051  -44.402  66.256 0.0000000000
70389  -35.260  -44.139  68.988 0.0000000000
70390  -35.635  -43.538  69.727 0.0000000000
70371  -34.220  -44.543  70.386 0.0000000000
71740  -35.184  -42.759  69.713 0.0000000000
72914  -35.608  -42.659  69.793 0.0000000000
71722  -35.682  -42.868  69.896 0.0000000000
72939  -35.962  -42.012  69.502 0.0000000000
74123  -36.548  -41.971  69.595 0.0000000000
74187  -35.177  -40.694  67.063 0.0000000000
74165  -35.722  -40.991  68.045 0.0000000000
52594  -21.341  -55.846  74.233 0.0000000000
53772  -21.692  -55.305  74.593 0.0000000000
53774  -22.877  -54.962  74.115 0.0000000000
56342  -23.484  -52.623  74.902 0.0000000000
57678  -24.312  -52.472  74.658 0.0000000000
57735  -25.778  -52.516  72.652 0.0000000000
57759  -25.848  -51.992  72.183 0.0000000000
59019  -25.383  -51.783  71.536 0.0000000000
61520  -25.000  -50.170  72.339 0.0000000000
61521  -26.767  -50.756  72.181 0.0000000000
60315  -27.147  -50.973  72.055 0.0000000000
59023  -27.359  -51.084  71.579 0.0000000000
216325  -27.538  -51.924  70.800 0.0000000000
201735  -26.617  -51.765  70.541 0.0000000000
59092  -26.155  -52.027  69.741 0.0000000000
57836  -25.885  -52.995  68.363 0.0000000000
55091  -27.525  -54.423  68.883 0.0000000000
219931  -26.769  -54.589  68.445 0.0000000000
55104  -26.627  -55.097  68.126 0.0000000000
53861  -26.517  -55.520  67.672 0.0000000000
52655  -27.177  -56.078  67.597 0.0000000000
52654  -26.518  -55.937  67.168 0.0000000000
52665  -26.217  -56.090  66.381 0.0000000000
50521  -27.568  -57.290  66.299 0.0000000000
51561  -26.937  -56.924  65.842 0.0000000000
203728  -28.516  -57.657  64.645 0.0000000000
50540  -29.154  -57.794  64.495 0.0000000000
51554  -30.776  -57.838  66.409 0.0000000000
50525  -30.094  -58.076  66.191 0.0000000000
57906  -31.295  -52.660  64.685 0.0000000000
59193  -31.330  -51.974  64.906 0.0000000000
57869  -31.794  -52.208  65.808 0.0000000000
57870  -32.199  -52.373  66.492 0.0000000000
56513  -32.604  -53.000  67.209 0.0000000000
62678  -31.886  -49.235  67.147 0.0000000000
61618  -32.586  -50.447  67.540 0.0000000000
59127  -33.584  -51.797  67.829 0.0000000000
59126  -33.131  -51.820  67.812 0.0000000000
57840  -33.448  -52.356  68.000 0.0000000000
56476  -33.702  -52.952  67.909 0.0000000000
56477  -34.013  -53.120  67.426 0.0000000000
59159  -34.081  -51.895  66.311 0.0000000000
211645  -34.036  -52.379  66.214 0.0000000000
59177  -34.032  -51.906  65.692 0.0000000000
62695  -33.815  -49.538  66.539 0.0000000000
62694  -33.584  -49.004  65.751 0.0000000000
63663  -34.165  -48.701  68.287 0.0000000000
226279  -33.906  -47.842  67.150 0.0000000000
64657  -33.745  -47.349  66.697 0.0000000000
204520  -33.450  -47.290  65.964 0.0000000000
213703  -33.201  -47.175  65.362 0.0000000000
223989  -33.633  -46.854  66.317 0.0000000000
67873  -34.035  -45.524  67.188 0.0000000000
194618  -33.787  -45.790  66.507 0.0000000000
67882  -33.833  -45.186  66.279 0.0000000000
52579  -20.838  -55.412  74.846 0.0000000000
70382  -38.342  -43.385  68.722 0.0000000000
70391  -38.325  -43.563  67.888 0.0000000000
229110  -38.977  -42.114  64.546 0.0000000000
72995  -38.907  -42.065  65.200 0.0000000000
70424  -40.934  -44.037  66.107 0.0000000000
70414  -40.526  -43.628  66.471 0.0000000000
70404  -40.631  -44.258  66.906 0.0000000000
69084  -40.519  -44.805  67.078 0.0000000000
69111  -42.091  -44.883  64.455 0.0000000000
69099  -41.595  -44.803  65.112 0.0000000000
67904  -42.055  -45.340  64.950 0.0000000000
65695  -41.429  -46.446  65.170 0.0000000000
65694  -40.968  -46.734  65.369 0.0000000000
65681  -40.564  -46.280  65.981 0.0000000000
65693  -40.454  -46.660  65.431 0.0000000000
70508  -44.567  -43.634  60.841 0.0000000000
71857  -44.993  -43.089  60.638 0.0000000000
80976  -46.661  -37.712  60.606 0.0000000000
80982  -46.283  -37.637  59.972 0.0000000000
221302  -46.218  -38.542  60.404 0.0000000000
76965  -46.411  -39.900  60.749 0.0000000000
76982  -46.073  -39.356  60.270 0.0000000000
76981  -45.767  -39.564  59.710 0.0000000000
76997  -45.381  -39.447  59.106 0.0000000000
75661  -45.580  -40.077  59.470 0.0000000000
222676  -45.345  -40.605  59.222 0.0000000000
74336  -45.756  -40.724  59.895 0.0000000000
73046  -46.174  -41.986  61.278 0.0000000000
73045  -45.915  -42.190  61.117 0.0000000000
71846  -45.982  -42.616  61.700 0.0000000000
70461  -46.110  -43.433  62.571 0.0000000000
71838  -46.476  -43.087  62.280 0.0000000000
67861  -33.262  -45.244  69.219 0.0000000000
69070  -32.778  -44.539  67.590 0.0000000000
70387  -32.895  -44.036  67.084 0.0000000000
53897  -30.707  -55.126  64.777 0.0000000000
55139  -31.146  -53.877  65.163 0.0000000000
64656  -31.552  -47.339  66.998 0.0000000000
65662  -31.803  -47.044  67.727 0.0000000000
74167  -37.588  -41.291  68.371 0.0000000000
74147  -38.147  -41.483  69.021 0.0000000000
74168  -38.205  -41.444  68.163 0.0000000000
74169  -38.689  -41.770  67.891 0.0000000000
72975  -39.449  -42.274  67.274 0.0000000000
232987  -43.352  -44.779  62.998 0.0000000000
212356  -44.006  -44.883  63.139 0.0000000000
69123  -45.156  -44.795  63.127 0.0000000000
66735  -45.032  -45.220  63.105 0.0000000000
69138  -45.868  -44.020  63.066 0.0000000000
82329  -48.067  -36.828  61.242 0.0000000000
79606  -47.666  -37.549  61.201 0.0000000000
80970  -48.134  -37.466  61.098 0.0000000000
221868  -48.040  -38.545  60.851 0.0000000000
209186  -47.150  -32.690  58.935 0.0000000000
87659  -47.320  -33.309  59.258 0.0000000000
86343  -47.487  -33.940  59.621 0.0000000000
87647  -47.688  -33.401  59.899 0.0000000000
203499  -48.067  -33.408  60.477 0.0000000000
226019  -48.555  -33.723  61.127 0.0000000000
212928  -48.840  -34.344  61.262 0.0000000000
87622  -48.787  -33.261  61.136 0.0000000000
88915  -49.143  -32.729  60.998 0.0000000000
95931  -48.751  -28.149  59.765 0.0000000000
95923  -49.123  -28.501  60.349 0.0000000000
95924  -49.621  -28.072  60.838 0.0000000000
94513  -50.345  -28.937  61.330 0.0000000000
91732  -51.172  -30.440  60.314 0.0000000000
71751  -34.105  -43.236  68.847 0.0000000000
71752  -34.373  -42.581  68.613 0.0000000000
72937  -34.814  -42.301  68.968 0.0000000000
72957  -34.948  -41.572  68.280 0.0000000000
74143  -35.553  -41.458  68.674 0.0000000000
211230  -34.696  -40.781  66.767 0.0000000000
75520  -34.839  -40.573  66.324 0.0000000000
53773  -22.033  -54.747  74.810 0.0000000000
53751  -21.971  -54.143  75.317 0.0000000000
54977  -22.662  -54.370  74.705 0.0000000000
54978  -23.398  -53.871  74.762 0.0000000000
57736  -26.444  -52.122  72.681 0.0000000000
59047  -27.684  -51.276  71.150 0.0000000000
59069  -27.969  -52.220  70.612 0.0000000000
57797  -28.101  -52.850  70.336 0.0000000000
56440  -28.094  -53.412  69.896 0.0000000000
53853  -27.285  -55.626  68.320 0.0000000000
52689  -28.321  -55.738  64.787 0.0000000000
52688  -27.956  -56.037  65.460 0.0000000000
50522  -28.148  -57.460  66.280 0.0000000000
49510  -29.581  -58.178  66.044 0.0000000000
52668  -31.795  -56.654  67.120 0.0000000000
50526  -31.538  -57.861  66.514 0.0000000000
51556  -32.116  -57.341  66.914 0.0000000000
51557  -32.747  -56.982  66.656 0.0000000000
52681  -33.328  -55.706  66.236 0.0000000000
55141  -33.546  -54.227  66.188 0.0000000000
60441  -31.357  -50.673  65.080 0.0000000000
59175  -31.458  -51.434  65.257 0.0000000000
223129  -31.671  -51.067  65.662 0.0000000000
60431  -32.101  -51.052  66.275 0.0000000000
61601  -32.984  -50.118  68.218 0.0000000000
214317  -32.964  -50.548  67.901 0.0000000000
59128  -33.881  -51.820  67.437 0.0000000000
57856  -34.056  -52.415  67.204 0.0000000000
216640  -34.062  -51.460  66.506 0.0000000000
60432  -34.049  -50.919  66.437 0.0000000000
61636  -33.958  -50.248  66.426 0.0000000000
65657  -34.226  -47.237  69.198 0.0000000000
213423  -34.126  -47.577  68.411 0.0000000000
65664  -34.046  -47.002  68.202 0.0000000000
56326  -20.629  -52.844  76.660 0.0000000000
54967  -21.409  -53.783  75.906 0.0000000000
70402  -38.917  -44.201  67.555 0.0000000000
71804  -39.737  -42.670  64.639 0.0000000000
71792  -39.773  -42.691  65.424 0.0000000000
71793  -40.197  -43.044  65.092 0.0000000000
70434  -40.989  -43.900  65.257 0.0000000000
69098  -41.209  -44.445  65.628 0.0000000000
66723  -42.618  -46.154  64.377 0.0000000000
79604  -46.865  -38.746  61.085 0.0000000000
78272  -46.383  -38.931  60.663 0.0000000000
78256  -46.756  -39.391  61.032 0.0000000000
74322  -46.028  -41.130  60.595 0.0000000000
74295  -46.517  -41.639  61.271 0.0000000000
73034  -46.398  -42.271  61.695 0.0000000000
93124  -47.555  -30.399  58.799 0.0000000000
91745  -48.088  -31.188  59.764 0.0000000000
228958  -47.787  -30.056  59.015 0.0000000000
217607  -47.993  -28.340  58.689 0.0000000000
95947  -47.613  -28.128  58.054 0.0000000000
95937  -48.422  -27.853  59.123 0.0000000000
97181  -48.717  -27.124  58.825 0.0000000000
216600  -34.355  -45.887  69.843 0.0000000000
67854  -34.487  -45.054  70.341 0.0000000000
69059  -34.009  -45.126  70.357 0.0000000000
70379  -33.725  -44.055  69.166 0.0000000000
72971  -33.506  -41.895  66.658 0.0000000000
215357  -22.134  -52.650  75.579 0.0000000000
57677  -23.028  -52.266  74.727 0.0000000000
60288  -25.038  -51.296  73.861 0.0000000000
60298  -25.307  -50.968  73.461 0.0000000000
52690  -28.998  -56.028  64.769 0.0000000000
51574  -29.206  -56.663  65.644 0.0000000000
227732  -29.408  -57.384  66.054 0.0000000000
51565  -30.723  -57.109  66.416 0.0000000000
52667  -31.166  -56.707  66.701 0.0000000000
214087  -31.715  -55.769  67.024 0.0000000000
52657  -32.258  -55.951  67.359 0.0000000000
53864  -32.620  -55.254  67.610 0.0000000000
62692  -31.231  -48.779  65.828 0.0000000000
62693  -31.614  -49.309  66.362 0.0000000000
62663  -32.185  -49.091  67.837 0.0000000000
63661  -32.023  -48.456  67.830 0.0000000000
62664  -32.788  -49.491  68.506 0.0000000000
62665  -34.136  -49.334  68.478 0.0000000000
62652  -33.915  -49.237  68.894 0.0000000000
64639  -34.001  -47.973  69.202 0.0000000000
64630  -33.409  -47.264  69.675 0.0000000000
64631  -33.988  -47.376  69.654 0.0000000000
214985  -34.230  -47.477  69.410 0.0000000000
65649  -34.193  -46.998  69.678 0.0000000000
196559  -20.991  -52.388  75.359 0.0000000000
71724  -36.968  -42.399  69.680 0.0000000000
71743  -37.338  -42.669  69.283 0.0000000000
200712  -37.613  -42.284  69.560 0.0000000000
71744  -37.968  -42.795  69.268 0.0000000000
70375  -38.388  -43.019  69.153 0.0000000000
72919  -38.521  -41.999  69.369 0.0000000000
70376  -38.755  -42.871  69.127 0.0000000000
70383  -38.853  -43.446  68.756 0.0000000000
69082  -39.541  -44.499  67.842 0.0000000000
67874  -39.889  -45.346  67.221 0.0000000000
199001  -41.146  -44.138  64.203 0.0000000000
69118  -41.493  -44.353  63.772 0.0000000000
69119  -41.977  -44.591  63.988 0.0000000000
67905  -42.664  -45.290  64.306 0.0000000000
194325  -43.223  -44.959  63.322 0.0000000000
67912  -43.300  -45.309  63.735 0.0000000000
83620  -46.579  -36.159  59.121 0.0000000000
82342  -46.350  -36.835  59.350 0.0000000000
82343  -46.702  -36.548  59.771 0.0000000000
79622  -46.998  -38.076  61.119 0.0000000000
79605  -47.357  -38.126  61.231 0.0000000000
230706  -47.179  -38.569  61.272 0.0000000000
78257  -47.135  -39.079  61.242 0.0000000000
75638  -47.386  -40.111  61.117 0.0000000000
67881  -32.085  -44.988  66.507 0.0000000000
67880  -31.665  -45.189  65.975 0.0000000000
63703  -30.731  -48.203  65.286 0.0000000000
205700  -30.697  -47.602  65.584 0.0000000000
64666  -30.832  -47.337  65.999 0.0000000000
65670  -31.150  -47.037  66.394 0.0000000000
65679  -31.174  -46.597  66.285 0.0000000000
208026  -31.434  -46.176  66.481 0.0000000000
74250  -36.990  -41.278  64.425 0.0000000000
223265  -37.453  -41.490  65.471 0.0000000000
203297  -38.462  -41.870  64.609 0.0000000000
73006  -38.814  -41.991  63.885 0.0000000000
71817  -39.998  -43.151  63.625 0.0000000000
70446  -40.506  -43.553  63.413 0.0000000000
70459  -40.939  -43.834  62.914 0.0000000000
197754  -42.493  -44.549  61.932 0.0000000000
69147  -43.353  -44.577  62.045 0.0000000000
69168  -44.478  -44.236  61.801 0.0000000000
84947  -46.553  -34.417  57.874 0.0000000000
84948  -46.577  -35.567  58.665 0.0000000000
202477  -46.887  -35.411  59.217 0.0000000000
83608  -47.445  -35.741  60.438 0.0000000000
82336  -47.607  -36.069  60.972 0.0000000000
194810  -47.773  -35.350  60.980 0.0000000000
82328  -47.839  -36.320  61.244 0.0000000000
82322  -48.253  -36.125  61.298 0.0000000000
82330  -48.571  -36.398  61.126 0.0000000000
80977  -49.001  -36.900  60.317 0.0000000000
84910  -49.302  -34.427  61.087 0.0000000000
90336  -48.548  -31.413  60.336 0.0000000000
90319  -49.111  -31.560  60.710 0.0000000000
90299  -49.589  -31.491  60.947 0.0000000000
93111  -49.503  -29.752  60.796 0.0000000000
218529  -49.941  -30.946  60.840 0.0000000000
70400  -35.038  -43.726  67.623 0.0000000000
69061  -34.799  -44.449  70.621 0.0000000000
70373  -35.108  -43.810  70.389 0.0000000000
225575  -34.839  -43.783  70.347 0.0000000000
70374  -35.305  -43.538  70.220 0.0000000000
71723  -36.283  -42.589  69.756 0.0000000000
72916  -36.741  -42.212  69.738 0.0000000000
74124  -37.001  -41.956  69.586 0.0000000000
74145  -36.872  -41.573  69.317 0.0000000000
200275  -36.350  -41.241  68.631 0.0000000000
74166  -36.904  -41.257  68.547 0.0000000000
69089  -32.107  -44.479  66.110 0.0000000000
70398  -32.596  -43.738  66.380 0.0000000000
210279  -32.537  -43.088  65.656 0.0000000000
71773  -32.936  -42.834  66.325 0.0000000000
71774  -33.147  -42.179  66.312 0.0000000000
72985  -33.291  -41.539  65.925 0.0000000000
74205  -33.862  -40.758  65.711 0.0000000000
197586  -36.251  -41.009  64.866 0.0000000000
51497  -20.609  -56.696  73.837 0.0000000000
50475  -20.674  -56.726  73.473 0.0000000000
51501  -21.368  -56.392  73.217 0.0000000000
56341  -23.133  -53.176  75.090 0.0000000000
60311  -24.723  -50.633  72.895 0.0000000000
60300  -26.706  -51.083  73.093 0.0000000000
59002  -26.818  -51.431  72.248 0.0000000000
59022  -27.227  -51.230  71.691 0.0000000000
59020  -26.242  -51.664  71.627 0.0000000000
59044  -25.910  -51.618  70.957 0.0000000000
56457  -28.089  -54.073  69.361 0.0000000000
228383  -25.886  -55.609  66.396 0.0000000000
55115  -27.796  -54.195  67.548 0.0000000000
53881  -27.316  -54.926  65.450 0.0000000000
53872  -27.465  -55.017  66.523 0.0000000000
51551  -26.655  -56.494  66.186 0.0000000000
49503  -30.063  -58.092  66.164 0.0000000000
49512  -30.361  -58.116  65.952 0.0000000000
50533  -31.208  -58.035  65.996 0.0000000000
50541  -30.140  -58.014  64.894 0.0000000000
56531  -31.485  -53.178  65.311 0.0000000000
218285  -31.611  -51.927  65.431 0.0000000000
205185  -31.903  -52.764  65.857 0.0000000000
56512  -31.802  -53.428  66.163 0.0000000000
56492  -32.206  -53.650  67.033 0.0000000000
55117  -32.366  -54.452  67.474 0.0000000000
55118  -33.051  -54.610  67.765 0.0000000000
60415  -32.069  -50.485  66.642 0.0000000000
60398  -32.967  -51.098  67.626 0.0000000000
59140  -32.785  -51.705  67.569 0.0000000000
57855  -32.679  -52.298  67.428 0.0000000000
56475  -33.153  -52.853  67.901 0.0000000000
212022  -33.432  -53.413  67.844 0.0000000000
53855  -33.536  -54.678  67.397 0.0000000000
228570  -33.913  -53.992  67.316 0.0000000000
55129  -33.854  -54.168  66.835 0.0000000000
56514  -33.804  -53.578  66.243 0.0000000000
57871  -34.080  -52.785  66.787 0.0000000000
57887  -33.968  -52.936  66.224 0.0000000000
64658  -34.159  -48.043  67.972 0.0000000000
66702  -33.674  -46.321  66.380 0.0000000000
66701  -33.525  -45.857  65.855 0.0000000000
52578  -20.141  -55.219  75.332 0.0000000000
51490  -20.398  -56.483  74.228 0.0000000000
72988  -39.473  -42.235  66.533 0.0000000000
71768  -39.798  -42.665  66.988 0.0000000000
71781  -40.214  -43.084  65.923 0.0000000000
71769  -40.170  -43.147  66.775 0.0000000000
71758  -39.939  -43.196  67.568 0.0000000000
69075  -40.236  -44.568  67.635 0.0000000000
67875  -40.153  -45.272  67.269 0.0000000000
66703  -39.962  -45.718  66.809 0.0000000000
228338  -41.239  -44.273  64.857 0.0000000000
67893  -41.288  -45.014  65.869 0.0000000000
66705  -41.230  -45.567  65.964 0.0000000000
67884  -41.047  -45.246  66.392 0.0000000000
66696  -40.733  -45.763  66.424 0.0000000000
66704  -40.236  -45.936  66.402 0.0000000000
218729  -39.967  -45.992  66.160 0.0000000000
70529  -43.659  -43.762  59.693 0.0000000000
70507  -43.904  -44.028  60.362 0.0000000000
204372  -44.881  -43.879  61.565 0.0000000000
225344  -46.160  -37.358  59.472 0.0000000000
80992  -45.832  -37.573  58.892 0.0000000000
79648  -45.493  -38.165  58.797 0.0000000000
78285  -45.962  -38.790  60.022 0.0000000000
78299  -45.763  -38.463  59.513 0.0000000000
209151  -45.424  -38.803  59.007 0.0000000000
73079  -45.246  -41.267  59.363 0.0000000000
73068  -45.070  -42.075  59.591 0.0000000000
73058  -45.862  -41.756  60.695 0.0000000000
71869  -45.452  -42.332  60.479 0.0000000000
70490  -45.382  -43.418  61.930 0.0000000000
216811  -45.726  -43.622  62.704 0.0000000000
69150  -46.223  -44.117  62.774 0.0000000000
70477  -46.801  -43.323  62.102 0.0000000000
69151  -46.660  -43.736  62.312 0.0000000000
67938  -46.628  -44.365  61.834 0.0000000000
49456  -19.914  -57.202  73.409 0.0000000000
49467  -18.910  -57.974  72.962 0.0000000000
49511  -29.873  -58.169  66.176 0.0000000000
49519  -29.875  -58.207  65.782 0.0000000000
50474  -20.169  -57.037  73.711 0.0000000000
51491  -21.034  -56.316  74.008 0.0000000000
51498  -21.252  -56.422  73.623 0.0000000000
53866  -33.354  -55.362  67.049 0.0000000000
55106  -33.528  -54.019  67.702 0.0000000000
57663  -20.545  -52.386  75.845 0.0000000000
57716  -26.769  -51.609  72.623 0.0000000000
57758  -25.047  -52.403  72.099 0.0000000000
61534  -27.166  -50.839  71.686 0.0000000000
66695  -40.264  -45.623  66.831 0.0000000000
66709  -30.824  -46.187  65.343 0.0000000000
67883  -39.746  -45.484  66.813 0.0000000000
69066  -39.403  -43.971  68.396 0.0000000000
69139  -46.121  -43.765  62.821 0.0000000000
70393  -39.626  -43.748  68.363 0.0000000000
71726  -38.743  -42.412  69.340 0.0000000000
71727  -38.928  -42.935  68.990 0.0000000000
71745  -39.384  -42.983  68.618 0.0000000000
71757  -39.596  -42.773  68.069 0.0000000000
72920  -38.940  -42.281  68.965 0.0000000000
72940  -38.739  -41.916  68.962 0.0000000000
72958  -38.868  -41.880  68.180 0.0000000000
72974  -38.936  -41.972  66.994 0.0000000000
72987  -38.939  -42.007  66.038 0.0000000000
73005  -38.133  -41.656  63.994 0.0000000000
73035  -46.613  -42.586  61.854 0.0000000000
74127  -38.370  -41.713  69.294 0.0000000000
75637  -46.964  -40.401  61.137 0.0000000000
75662  -45.959  -39.990  60.147 0.0000000000
78286  -48.402  -38.956  59.941 0.0000000000
79623  -48.605  -37.563  60.249 0.0000000000
79635  -46.139  -38.171  60.136 0.0000000000
80971  -48.858  -36.640  60.800 0.0000000000
82321  -47.994  -35.836  61.322 0.0000000000
82323  -48.794  -35.871  61.210 0.0000000000
83594  -48.238  -35.343  61.248 0.0000000000
84908  -48.518  -34.850  61.190 0.0000000000
86321  -48.794  -33.783  61.230 0.0000000000
86366  -46.892  -34.092  58.479 0.0000000000
87623  -49.105  -33.249  61.088 0.0000000000
87634  -48.462  -33.320  60.920 0.0000000000
87635  -48.761  -32.753  60.909 0.0000000000
90301  -50.225  -31.223  60.847 0.0000000000
90320  -49.451  -31.084  60.797 0.0000000000
90322  -51.593  -30.972  60.132 0.0000000000
90335  -48.113  -31.842  59.911 0.0000000000
91717  -49.773  -30.788  60.814 0.0000000000
91730  -48.924  -30.932  60.525 0.0000000000
91746  -48.469  -30.687  60.145 0.0000000000
91761  -47.175  -30.913  58.540 0.0000000000
91762  -47.626  -31.027  59.165 0.0000000000
93103  -49.865  -30.125  60.874 0.0000000000
93104  -50.188  -29.755  61.099 0.0000000000
93117  -48.026  -30.453  59.443 0.0000000000
93138  -47.540  -29.668  58.611 0.0000000000
94520  -49.578  -28.911  60.811 0.0000000000
94533  -48.010  -29.004  58.940 0.0000000000
94534  -48.344  -28.472  59.232 0.0000000000
95913  -50.054  -28.501  61.138 0.0000000000
95914  -50.454  -28.173  61.231 0.0000000000
95932  -49.277  -27.762  60.346 0.0000000000
95936  -48.146  -27.662  58.427 0.0000000000
196525  -33.683  -54.748  67.071 0.0000000000
201710  -47.624  -37.009  61.181 0.0000000000
204133  -47.002  -35.960  59.809 0.0000000000
207773  -39.115  -42.048  67.688 0.0000000000
221451  -46.305  -32.309  57.820 0.0000000000
224832  -38.198  -41.878  69.448 0.0000000000
225833  -34.074  -52.286  66.681 0.0000000000
225972  -19.645  -57.299  73.927 0.0000000000
232824  -50.222  -30.737  60.832 0.0000000000
