#!ascii label  , from subject sub-01_ses-007 vox2ras=TkReg
1469
27004  -39.629  -74.715  2.612 0.5000000000
28135  -37.472  -74.033  2.609 0.8000000119
30334  -35.977  -72.206  1.695 0.8000000119
29237  -37.170  -72.881  2.094 0.8000000119
29238  -38.006  -73.067  2.211 0.8000000119
26995  -40.294  -75.074  3.295 0.5000000000
28136  -38.988  -74.384  2.472 0.5000000000
29239  -38.821  -73.283  2.324 0.6000000238
32665  -35.104  -71.272  2.636 0.6999999881
31466  -36.084  -71.540  2.176 0.6999999881
31479  -38.166  -72.052  2.232 0.8000000119
30337  -38.924  -72.152  2.460 0.6999999881
26985  -40.147  -74.987  3.676 0.6000000238
26996  -40.359  -74.315  3.009 0.5000000000
28129  -40.271  -73.676  2.921 0.6000000238
32644  -33.654  -70.542  3.863 0.6999999881
29226  -39.536  -73.571  2.408 0.6000000238
30330  -39.797  -72.488  3.461 0.6000000238
33858  -34.385  -70.469  3.818 0.6999999881
32664  -34.382  -71.444  2.464 0.6999999881
31467  -36.866  -71.601  2.322 0.6999999881
30328  -39.454  -72.364  2.799 0.6000000238
31460  -39.757  -71.458  3.868 0.6000000238
31468  -37.778  -71.666  2.466 0.8000000119
31469  -38.663  -71.743  2.626 0.8000000119
31459  -39.575  -71.495  3.590 0.6999999881
213309  -39.577  -73.787  4.289 0.4000000060
29201  -40.001  -73.131  3.714 0.6000000238
33833  -33.660  -69.507  4.771 0.6999999881
208168  -40.324  -70.587  4.898 0.6000000238
35012  -34.327  -69.341  4.474 0.6999999881
33859  -35.070  -70.340  3.711 0.6999999881
32658  -36.157  -70.808  3.270 0.6999999881
32659  -36.969  -70.854  3.341 0.6999999881
201442  -37.871  -70.899  3.323 0.6000000238
33849  -39.262  -69.966  4.668 0.6999999881
36077  -40.131  -68.663  5.626 0.5000000000
33846  -36.910  -69.807  4.171 0.6000000238
33847  -37.819  -69.853  4.306 0.6000000238
35018  -38.755  -69.798  4.629 0.6000000238
211762  -39.365  -68.773  5.359 0.6000000238
36076  -38.589  -68.469  5.438 0.6000000238
37102  -39.193  -67.215  5.895 0.5000000000
31432  -39.436  -71.795  5.173 0.4000000060
29197  -39.604  -72.903  4.473 0.5000000000
34997  -32.502  -69.374  5.417 0.6999999881
31433  -39.834  -71.424  5.051 0.6000000238
32623  -40.754  -70.317  5.279 0.6000000238
35013  -35.014  -69.205  4.283 0.6999999881
228993  -40.756  -70.222  5.104 0.6000000238
35014  -35.716  -69.163  4.237 0.6999999881
35007  -41.069  -69.602  5.772 0.5000000000
37122  -40.614  -67.486  5.727 0.6000000238
35003  -36.738  -68.759  4.749 0.6999999881
35004  -37.465  -68.787  4.902 0.6000000238
38252  -40.074  -67.142  5.854 0.5000000000
38253  -40.360  -66.627  5.876 0.5000000000
37101  -38.460  -67.257  5.807 0.5000000000
36068  -30.524  -68.126  5.455 0.6000000238
37113  -31.446  -67.205  5.312 0.6000000238
31431  -38.487  -71.952  5.336 0.5000000000
31424  -38.981  -71.313  5.632 0.5000000000
36054  -31.808  -68.380  5.865 0.6999999881
34996  -31.759  -69.340  5.691 0.6999999881
31425  -40.033  -71.008  5.282 0.5000000000
232604  -39.962  -70.481  5.861 0.5000000000
36018  -40.040  -68.086  7.301 0.4000000060
36069  -33.728  -68.579  5.320 0.6999999881
33774  -41.099  -69.396  6.441 0.5000000000
36070  -34.247  -68.374  5.066 0.6999999881
36071  -34.899  -68.149  4.780 0.6999999881
37075  -40.889  -68.283  6.806 0.5000000000
37116  -36.037  -67.633  5.024 0.6999999881
37117  -36.741  -67.688  5.115 0.6000000238
37103  -41.021  -67.788  6.308 0.5000000000
37118  -37.413  -67.758  5.339 0.6000000238
195557  -40.546  -66.448  6.000 0.5000000000
204982  -37.912  -66.064  5.528 0.5000000000
39338  -38.642  -66.294  5.612 0.5000000000
40432  -39.674  -65.765  5.098 0.5000000000
39365  -40.806  -65.380  4.800 0.5000000000
39364  -40.581  -65.473  4.607 0.5000000000
42617  -42.043  -64.026  3.465 0.3000000119
37072  -38.652  -67.740  7.498 0.3000000119
37110  -29.498  -68.031  4.643 0.6000000238
37111  -30.106  -67.756  4.910 0.6000000238
34973  -38.749  -69.419  6.631 0.4000000060
36017  -39.230  -68.171  7.418 0.4000000060
201213  -33.049  -67.097  5.847 0.6000000238
37074  -40.382  -67.709  7.165 0.5000000000
37096  -33.581  -67.523  5.691 0.6999999881
37114  -34.420  -67.694  5.308 0.6999999881
38222  -40.433  -66.969  6.952 0.5000000000
37098  -36.413  -67.153  5.346 0.5000000000
39339  -40.595  -66.390  6.400 0.5000000000
38238  -36.780  -66.586  5.626 0.5000000000
42606  -40.967  -64.238  4.476 0.4000000060
205640  -41.071  -64.925  4.604 0.3000000119
43790  -41.990  -62.758  3.367 0.4000000060
40465  -41.393  -65.201  3.386 0.5000000000
40466  -41.708  -64.890  3.529 0.4000000060
37127  -29.916  -67.518  3.786 0.6000000238
37128  -30.423  -67.362  4.370 0.6000000238
38250  -31.557  -66.647  4.835 0.6000000238
39344  -32.137  -66.220  4.700 0.6000000238
39345  -32.845  -65.970  4.965 0.6000000238
40405  -39.647  -65.409  6.815 0.3000000119
39327  -40.204  -66.089  7.019 0.4000000060
39335  -34.064  -66.253  5.493 0.6000000238
42592  -39.640  -64.305  5.719 0.3000000119
208121  -34.739  -66.502  5.446 0.6000000238
37115  -35.270  -67.595  5.022 0.6999999881
234262  -40.165  -63.696  4.784 0.3000000119
41503  -40.179  -64.465  5.449 0.3000000119
220473  -35.740  -65.977  5.351 0.6000000238
43788  -40.767  -62.362  3.871 0.3000000119
42605  -40.479  -64.055  4.808 0.3000000119
40428  -36.796  -65.044  4.849 0.5000000000
221822  -36.472  -65.930  5.456 0.5000000000
40429  -37.543  -65.235  4.973 0.5000000000
208231  -42.493  -61.640  3.131 0.3000000119
232125  -41.641  -62.403  3.446 0.3000000119
40430  -38.303  -65.433  4.901 0.5000000000
40446  -38.809  -65.378  4.388 0.5000000000
45020  -42.565  -62.426  3.076 0.3000000119
197057  -38.499  -65.254  3.793 0.5000000000
42629  -42.977  -63.626  2.487 0.4000000060
196801  -42.978  -63.303  2.733 0.3000000119
38266  -30.699  -67.006  2.577 0.5000000000
38258  -31.094  -66.907  3.008 0.6000000238
209157  -31.572  -66.663  3.804 0.5000000000
39346  -33.988  -65.716  5.063 0.6000000238
40425  -34.010  -65.521  4.378 0.5000000000
47333  -41.349  -60.663  3.682 0.3000000119
211303  -34.631  -65.415  4.857 0.6000000238
48374  -42.635  -59.639  3.393 0.3000000119
46185  -41.877  -61.163  3.369 0.3000000119
40427  -36.191  -65.041  4.623 0.6000000238
40444  -37.361  -64.987  4.327 0.5000000000
41538  -39.886  -64.919  1.915 0.5000000000
40488  -41.787  -64.877  2.646 0.4000000060
41541  -42.444  -63.930  1.981 0.4000000060
39373  -31.198  -66.642  2.411 0.5000000000
39378  -32.445  -66.441  1.861 0.5000000000
228004  -33.157  -66.398  1.903 0.5000000000
39362  -32.747  -65.966  3.922 0.5000000000
40456  -33.542  -66.119  2.350 0.5000000000
48366  -41.549  -59.150  3.804 0.3000000119
48373  -42.018  -59.686  3.582 0.3000000119
40441  -35.246  -65.227  3.428 0.6000000238
40442  -35.956  -65.066  3.881 0.6000000238
40461  -37.182  -65.085  3.411 0.5000000000
40475  -39.007  -65.263  2.221 0.5000000000
223053  -44.058  -62.534  1.897 0.4000000060
233556  -44.059  -62.457  1.256 0.4000000060
40455  -32.445  -66.160  1.863 0.5000000000
41526  -33.390  -65.477  1.884 0.5000000000
40469  -33.935  -65.714  1.923 0.5000000000
49369  -41.060  -58.661  4.208 0.4000000060
50394  -42.327  -57.493  4.059 0.4000000060
200319  -34.585  -65.552  2.709 0.5000000000
40471  -35.785  -65.436  2.253 0.5000000000
50402  -42.940  -57.677  3.787 0.4000000060
50403  -43.380  -58.250  3.507 0.3000000119
40480  -35.730  -65.252  2.126 0.4000000060
49386  -43.721  -58.757  3.152 0.3000000119
40472  -36.367  -65.584  2.306 0.5000000000
40473  -36.942  -65.617  2.393 0.4000000060
215812  -38.138  -65.018  1.973 0.4000000060
198010  -42.997  -62.650  1.188 0.4000000060
41521  -32.518  -65.287  2.543 0.5000000000
42626  -33.525  -64.743  2.140 0.5000000000
42627  -34.002  -64.633  2.029 0.5000000000
51400  -41.383  -57.353  4.670 0.4000000060
194858  -34.461  -65.597  2.085 0.5000000000
226587  -35.091  -64.117  2.066 0.4000000060
51411  -43.309  -57.035  3.696 0.4000000060
51412  -43.800  -57.071  3.250 0.4000000060
42630  -35.764  -64.234  1.953 0.4000000060
41534  -36.640  -65.027  1.989 0.4000000060
50409  -44.443  -57.909  2.629 0.4000000060
41535  -37.389  -64.917  2.023 0.4000000060
42636  -38.688  -64.085  1.699 0.4000000060
202310  -39.388  -63.591  1.618 0.4000000060
227524  -40.325  -64.184  1.779 0.4000000060
43806  -40.831  -62.819  1.306 0.4000000060
225296  -42.876  -62.109  0.845 0.4000000060
46207  -45.028  -61.487  0.911 0.4000000060
45041  -44.479  -61.671  0.837 0.4000000060
42613  -32.644  -64.188  3.498 0.5000000000
42622  -33.761  -63.937  2.662 0.4000000060
52466  -41.573  -56.689  4.756 0.4000000060
52468  -42.603  -56.321  4.165 0.4000000060
43792  -34.235  -63.829  2.453 0.5000000000
43796  -35.039  -63.050  2.310 0.4000000060
42631  -36.400  -64.323  1.903 0.4000000060
52490  -44.675  -56.697  2.555 0.4000000060
42632  -37.522  -64.084  1.862 0.4000000060
225233  -38.734  -63.364  1.539 0.4000000060
47350  -45.697  -60.759  1.298 0.3000000119
45037  -42.267  -62.255  0.954 0.4000000060
45017  -33.840  -62.151  3.395 0.4000000060
45023  -34.685  -62.245  2.507 0.5000000000
45025  -35.253  -62.214  2.249 0.4000000060
53626  -43.378  -55.884  3.603 0.4000000060
45027  -36.372  -61.837  1.831 0.4000000060
225436  -35.556  -63.511  2.121 0.4000000060
45028  -36.958  -62.064  1.799 0.4000000060
43799  -37.097  -62.740  1.899 0.4000000060
213645  -37.990  -62.798  1.654 0.4000000060
45034  -38.743  -62.262  1.272 0.4000000060
221872  -39.647  -62.789  1.274 0.4000000060
45036  -40.846  -62.063  1.172 0.4000000060
47364  -45.736  -60.687  0.338 0.4000000060
46205  -43.092  -61.666  0.734 0.4000000060
47363  -44.998  -60.914  0.350 0.4000000060
214871  -34.473  -61.584  2.776 0.4000000060
200902  -34.918  -61.640  2.341 0.4000000060
46194  -35.882  -61.296  1.835 0.4000000060
46195  -36.718  -61.257  1.628 0.4000000060
46199  -38.030  -61.323  1.295 0.4000000060
46200  -38.661  -61.650  1.200 0.4000000060
48397  -46.580  -59.908  0.313 0.4000000060
46201  -39.945  -61.296  1.311 0.4000000060
46202  -40.699  -61.344  1.157 0.4000000060
47357  -41.261  -60.770  1.184 0.4000000060
205509  -41.924  -61.095  1.009 0.4000000060
222730  -43.596  -60.537  0.585 0.4000000060
46193  -35.135  -61.068  2.018 0.4000000060
206787  -36.146  -60.620  1.665 0.4000000060
46197  -36.822  -60.531  1.575 0.4000000060
47346  -38.469  -60.043  1.721 0.4000000060
47353  -38.028  -60.611  1.317 0.4000000060
47347  -39.304  -60.214  1.732 0.4000000060
47354  -38.837  -60.626  1.375 0.4000000060
47355  -39.633  -60.688  1.417 0.4000000060
48393  -41.519  -60.186  1.623 0.4000000060
48400  -45.723  -59.800  -0.271 0.3000000119
48396  -43.504  -59.802  0.813 0.4000000060
214097  -44.698  -60.284  0.182 0.4000000060
222498  -35.060  -59.805  1.592 0.4000000060
47342  -35.606  -60.145  1.552 0.4000000060
48382  -35.633  -59.476  1.424 0.4000000060
47344  -37.016  -59.975  1.664 0.4000000060
48385  -37.962  -59.623  1.999 0.4000000060
48388  -40.408  -59.718  1.962 0.4000000060
48389  -41.102  -59.675  1.878 0.4000000060
50426  -47.035  -58.201  0.250 0.4000000060
49409  -46.814  -59.123  -0.430 0.3000000119
48394  -42.251  -59.532  1.577 0.4000000060
48398  -44.143  -59.707  0.401 0.5000000000
206680  -45.023  -59.074  -0.228 0.4000000060
49402  -43.188  -59.012  1.185 0.5000000000
224805  -35.994  -58.240  1.450 0.4000000060
194358  -36.728  -58.307  1.962 0.4000000060
49393  -36.866  -58.934  1.908 0.4000000060
49381  -37.297  -58.529  2.446 0.4000000060
49382  -37.860  -59.119  2.448 0.4000000060
49398  -41.928  -58.920  1.800 0.4000000060
203314  -44.230  -58.939  0.351 0.5000000000
51426  -35.756  -57.307  1.667 0.4000000060
50415  -36.819  -57.781  2.437 0.4000000060
194218  -37.579  -57.895  2.853 0.4000000060
234096  -42.880  -58.152  1.376 0.4000000060
203324  -44.034  -58.080  0.494 0.5000000000
52495  -35.772  -56.629  1.948 0.4000000060
52484  -36.259  -56.534  2.511 0.4000000060
51408  -37.593  -56.966  3.384 0.4000000060
205313  -43.454  -57.698  0.926 0.5000000000
54853  -35.445  -54.991  3.406 0.4000000060
52483  -35.724  -55.981  2.139 0.4000000060
53619  -35.733  -55.435  3.023 0.4000000060
53632  -36.021  -55.880  2.706 0.4000000060
53620  -36.256  -55.734  3.458 0.4000000060
53611  -37.494  -55.435  4.042 0.5000000000
54862  -35.338  -55.028  2.537 0.4000000060
40463  -39.171  -65.280  3.590 0.5000000000
41539  -41.425  -64.540  2.011 0.5000000000
43801  -43.348  -63.218  2.059 0.4000000060
25899  -39.670  -75.452  2.870 0.5000000000
29224  -36.080  -73.148  2.258 0.8000000119
30333  -35.206  -72.133  1.612 0.8000000119
207012  -34.334  -71.845  1.836 0.6999999881
25867  -39.704  -75.728  4.194 0.5000000000
31458  -33.643  -71.520  2.522 0.6999999881
25866  -39.066  -75.884  4.918 0.5000000000
32643  -32.993  -70.787  4.051 0.6999999881
29196  -38.989  -73.431  4.813 0.4000000060
28098  -38.996  -74.210  4.623 0.4000000060
199772  -33.056  -69.604  4.988 0.6999999881
36053  -31.108  -68.484  5.724 0.6999999881
30314  -38.047  -72.598  5.263 0.4000000060
31423  -37.995  -71.399  5.745 0.4000000060
36066  -29.237  -68.675  5.092 0.6000000238
34955  -38.220  -68.807  6.928 0.4000000060
37133  -29.680  -67.503  2.970 0.6000000238
201958  -29.684  -67.239  2.694 0.5000000000
39372  -30.519  -66.865  2.370 0.5000000000
40439  -31.836  -65.666  2.558 0.5000000000
41514  -32.012  -64.645  3.570 0.4000000060
43781  -32.977  -63.166  3.780 0.4000000060
45010  -33.042  -62.216  4.122 0.4000000060
216518  -34.000  -61.537  3.288 0.4000000060
46182  -33.655  -60.931  3.632 0.4000000060
216149  -34.153  -60.040  2.507 0.4000000060
48381  -35.052  -59.111  1.580 0.4000000060
49390  -34.999  -58.260  1.674 0.4000000060
50412  -35.186  -57.479  1.567 0.4000000060
51425  -34.804  -57.039  1.750 0.4000000060
54852  -35.026  -54.607  2.997 0.4000000060
28134  -36.538  -73.767  2.691 0.8000000119
30335  -36.741  -72.330  1.920 0.8000000119
28099  -39.933  -74.153  3.885 0.5000000000
31475  -34.944  -71.888  1.742 0.6999999881
33860  -35.772  -70.280  3.668 0.6999999881
30325  -39.888  -72.345  3.841 0.6000000238
33850  -40.721  -70.325  4.871 0.6999999881
32660  -38.297  -70.607  3.772 0.6999999881
33822  -40.986  -70.005  5.512 0.6000000238
198335  -40.725  -69.060  5.395 0.6000000238
33834  -39.832  -69.825  4.920 0.6000000238
37095  -32.831  -67.680  5.918 0.6999999881
36035  -41.413  -68.797  6.362 0.5000000000
38233  -32.078  -66.860  5.434 0.6000000238
33799  -38.121  -69.963  6.371 0.5000000000
33800  -39.765  -69.772  6.542 0.5000000000
37073  -39.878  -67.374  7.492 0.3000000119
40447  -39.788  -65.441  4.380 0.5000000000
40424  -33.468  -65.838  3.601 0.6000000238
40474  -37.720  -65.263  2.658 0.5000000000
210225  -40.834  -65.191  2.521 0.5000000000
42639  -41.446  -63.949  1.726 0.4000000060
41537  -39.246  -64.923  1.698 0.4000000060
46196  -44.869  -61.701  1.319 0.4000000060
46204  -42.348  -61.624  0.786 0.4000000060
196613  -40.235  -61.825  1.204 0.4000000060
46188  -34.189  -60.865  2.903 0.4000000060
212355  -42.452  -60.105  1.297 0.4000000060
52475  -36.561  -56.253  3.219 0.4000000060
20932  -25.481  -78.712  -0.109 0.4000000060
20933  -26.235  -78.653  -0.161 0.4000000060
21850  -27.464  -77.850  -0.060 0.4000000060
214809  -28.071  -77.983  -0.014 0.4000000060
21821  -27.129  -77.949  0.566 0.4000000060
199248  -27.709  -77.820  0.082 0.4000000060
21823  -28.852  -78.002  0.957 0.4000000060
226537  -28.789  -78.140  1.585 0.4000000060
21797  -30.224  -78.139  1.660 0.5000000000
20871  -27.747  -78.818  2.255 0.4000000060
20872  -28.485  -78.794  2.304 0.4000000060
20859  -29.564  -79.308  3.025 0.5000000000
230190  -30.087  -79.225  3.025 0.5000000000
21741  -31.132  -79.082  3.706 0.6000000238
20857  -27.203  -79.417  3.213 0.4000000060
220546  -28.085  -79.451  3.342 0.4000000060
21771  -31.064  -78.781  2.868 0.5000000000
206154  -38.408  -74.500  5.122 0.3000000119
224235  -37.902  -74.009  5.309 0.4000000060
33820  -37.017  -70.357  6.157 0.3000000119
21799  -31.639  -78.494  2.273 0.5000000000
22756  -38.571  -77.630  4.171 0.5000000000
24764  -38.733  -76.720  5.483 0.4000000060
19930  -27.865  -79.869  5.344 0.4000000060
218448  -29.982  -79.485  3.738 0.5000000000
20860  -30.570  -79.253  3.338 0.5000000000
19953  -27.707  -80.038  4.721 0.4000000060
21773  -32.347  -78.844  3.554 0.6000000238
21774  -33.024  -78.831  3.133 0.6000000238
21746  -34.610  -78.556  3.875 0.6999999881
23725  -39.823  -76.899  3.819 0.5000000000
198988  -33.722  -78.798  2.836 0.6999999881
21748  -36.634  -78.633  4.105 0.6999999881
23723  -38.883  -77.696  4.139 0.6999999881
221012  -35.152  -78.469  4.139 0.6999999881
22753  -36.785  -77.885  4.348 0.6999999881
224790  -30.159  -79.470  4.770 0.5000000000
201734  -31.128  -79.079  4.430 0.6000000238
21742  -31.738  -78.906  4.132 0.6000000238
22739  -33.755  -77.762  4.926 0.6000000238
20794  -28.887  -79.471  5.473 0.4000000060
20816  -30.055  -79.191  5.350 0.5000000000
21727  -31.414  -78.781  4.909 0.6000000238
21744  -32.910  -78.774  3.926 0.6000000238
22740  -34.345  -77.547  4.767 0.6000000238
22751  -34.771  -78.068  4.487 0.6000000238
33798  -37.361  -69.883  6.457 0.3000000119
21745  -33.970  -78.532  3.926 0.6000000238
22752  -35.451  -78.088  4.480 0.6999999881
23733  -39.320  -77.205  3.624 0.6000000238
226000  -39.841  -76.556  3.812 0.5000000000
222828  -29.551  -78.287  6.060 0.6000000238
22723  -30.126  -77.734  6.082 0.6000000238
24760  -31.638  -76.725  5.827 0.6999999881
22726  -31.772  -77.797  5.620 0.6000000238
23708  -32.732  -77.335  5.524 0.6000000238
23711  -34.388  -76.967  4.992 0.6000000238
21715  -29.018  -78.898  5.887 0.5000000000
22735  -31.040  -78.523  5.472 0.6000000238
23719  -35.094  -77.233  4.808 0.6000000238
233921  -35.773  -76.857  4.638 0.6999999881
25875  -37.239  -76.001  4.042 0.6999999881
24792  -37.480  -76.772  4.197 0.6999999881
25887  -39.283  -76.079  2.992 0.6000000238
24793  -38.512  -77.123  3.841 0.6999999881
230459  -30.887  -76.406  6.006 0.6000000238
25847  -31.451  -76.047  5.878 0.6999999881
197938  -32.710  -75.698  5.330 0.6999999881
24761  -32.322  -76.801  5.665 0.6999999881
24778  -33.832  -76.554  5.160 0.6000000238
214786  -39.005  -75.010  2.648 0.5000000000
25873  -35.920  -75.554  4.334 0.6999999881
25874  -36.509  -75.716  4.227 0.6999999881
25898  -38.592  -76.083  3.076 0.6000000238
208803  -33.785  -73.517  3.323 0.6999999881
223757  -35.098  -73.422  2.678 0.6999999881
26969  -32.542  -75.071  5.137 0.6999999881
28112  -34.105  -74.236  4.031 0.6000000238
28127  -35.256  -73.977  3.422 0.5000000000
26970  -33.578  -75.261  4.901 0.6999999881
229414  -34.089  -75.207  4.771 0.6000000238
26983  -35.609  -75.078  4.250 0.6999999881
27003  -37.634  -74.669  2.850 0.5000000000
24779  -34.671  -76.298  4.927 0.6000000238
25885  -36.920  -75.363  3.783 0.6999999881
25886  -37.719  -75.672  3.455 0.6000000238
29221  -33.796  -73.121  2.274 0.6999999881
29223  -35.324  -73.056  2.173 0.6999999881
29233  -33.783  -72.527  1.746 0.6999999881
27002  -36.920  -74.431  2.972 0.6000000238
28133  -35.757  -73.573  2.751 0.6999999881
23703  -39.380  -77.041  4.936 0.5000000000
28128  -36.162  -74.152  3.211 0.6000000238
21874  -26.840  -78.068  -0.067 0.4000000060
20874  -29.841  -78.690  2.350 0.4000000060
20836  -27.466  -79.931  3.967 0.4000000060
20858  -28.896  -79.348  3.117 0.4000000060
226906  -29.717  -79.521  5.043 0.4000000060
20837  -28.098  -79.855  4.239 0.4000000060
225018  -37.307  -78.593  4.315 0.6999999881
230399  -37.881  -77.326  4.177 0.6999999881
21728  -32.036  -78.528  4.770 0.6000000238
23710  -33.964  -77.242  5.077 0.6000000238
224107  -30.132  -78.391  5.980 0.6999999881
22725  -31.255  -77.962  5.710 0.6000000238
24777  -32.942  -76.511  5.429 0.6000000238
26980  -33.060  -74.701  4.717 0.6999999881
26982  -34.991  -75.021  4.380 0.6000000238
28132  -34.521  -73.465  2.928 0.6000000238
26968  -31.886  -74.916  5.198 0.5000000000
22721  -28.824  -78.163  6.218 0.4000000060
23697  -29.791  -77.033  6.205 0.5000000000
28109  -31.845  -73.910  4.092 0.6000000238
21702  -27.780  -78.551  6.492 0.4000000060
23683  -27.823  -77.415  6.610 0.5000000000
23696  -29.170  -76.988  6.256 0.5000000000
211734  -30.264  -75.396  5.677 0.5000000000
26967  -31.205  -74.798  5.244 0.5000000000
28108  -31.086  -73.869  4.026 0.5000000000
25862  -30.904  -75.212  5.580 0.5000000000
28110  -32.614  -73.992  4.115 0.6000000238
29211  -32.366  -73.225  2.370 0.5000000000
28124  -31.387  -73.443  3.186 0.5000000000
29231  -32.385  -72.630  1.524 0.6999999881
29218  -31.423  -72.837  1.649 0.6000000238
31463  -32.593  -71.913  1.808 0.6000000238
218515  -27.308  -77.535  6.859 0.5000000000
227634  -28.288  -76.146  6.105 0.5000000000
208624  -29.433  -75.391  5.589 0.5000000000
28107  -30.305  -73.840  3.940 0.5000000000
26966  -30.509  -74.748  5.255 0.5000000000
29220  -32.988  -73.042  1.990 0.6000000238
28123  -30.616  -73.405  3.101 0.6000000238
213268  -31.292  -72.608  1.623 0.5000000000
31457  -32.825  -71.668  2.540 0.6000000238
220569  -27.456  -76.357  6.602 0.5000000000
25843  -28.227  -75.642  5.818 0.5000000000
26964  -28.432  -74.732  5.176 0.5000000000
26975  -29.317  -74.299  4.706 0.5000000000
28122  -29.823  -73.435  3.010 0.5000000000
31473  -33.136  -72.118  1.516 0.6000000238
232613  -30.661  -72.747  1.923 0.5000000000
31456  -31.601  -71.845  2.990 0.6000000238
24739  -27.034  -76.495  6.880 0.5000000000
25859  -27.712  -75.259  5.820 0.5000000000
26963  -27.762  -74.610  5.331 0.5000000000
28094  -27.461  -73.957  4.720 0.5000000000
29204  -27.287  -73.110  3.396 0.6000000238
28120  -28.175  -73.717  3.596 0.4000000060
30321  -26.903  -72.742  3.395 0.4000000060
29205  -27.940  -73.237  3.135 0.5000000000
29215  -29.239  -72.867  2.546 0.5000000000
28121  -29.160  -73.422  2.976 0.4000000060
31439  -27.088  -71.721  3.845 0.4000000060
31440  -27.810  -71.970  3.842 0.5000000000
31453  -29.290  -72.166  3.340 0.5000000000
32636  -27.086  -70.909  4.053 0.4000000060
31454  -30.054  -72.184  3.136 0.6000000238
31455  -30.858  -72.075  3.030 0.6000000238
31445  -31.979  -71.412  3.729 0.6000000238
32632  -32.123  -70.474  4.789 0.6000000238
31452  -28.079  -72.587  3.169 0.5000000000
32627  -28.487  -70.587  4.734 0.5000000000
32628  -29.186  -70.561  5.001 0.5000000000
31441  -29.095  -71.624  4.191 0.5000000000
214671  -27.043  -70.148  3.928 0.4000000060
33827  -28.542  -69.707  4.717 0.5000000000
32629  -29.839  -70.595  5.162 0.6000000238
31442  -29.789  -71.699  4.084 0.6000000238
32631  -31.394  -70.442  5.108 0.6000000238
34994  -29.104  -69.392  5.103 0.5000000000
37131  -28.396  -67.879  2.936 0.3000000119
202699  -28.060  -68.288  3.460 0.4000000060
35010  -27.445  -69.478  4.052 0.4000000060
34993  -28.659  -68.940  4.731 0.5000000000
33816  -30.410  -69.379  5.615 0.5000000000
33817  -31.055  -69.221  5.751 0.6000000238
228701  -32.059  -63.895  4.152 0.3000000119
41513  -31.395  -64.878  3.828 0.3000000119
40438  -31.106  -65.672  3.068 0.4000000060
39359  -29.985  -66.391  2.857 0.4000000060
45009  -32.581  -61.948  4.501 0.3000000119
47331  -33.748  -60.223  3.337 0.3000000119
46181  -33.131  -61.034  4.228 0.3000000119
48371  -33.717  -59.522  3.065 0.3000000119
48376  -34.082  -59.268  2.476 0.3000000119
49389  -34.300  -58.201  2.183 0.3000000119
50405  -33.780  -57.553  2.167 0.3000000119
51423  -33.678  -56.752  2.101 0.3000000119
53640  -34.673  -55.527  1.738 0.3000000119
36086  -28.277  -68.552  4.179 0.5000000000
206531  -32.599  -62.623  4.282 0.3000000119
29212  -33.071  -73.178  2.438 0.5000000000
24757  -28.725  -76.569  6.249 0.5000000000
29216  -30.058  -72.845  2.165 0.5000000000
32640  -30.956  -71.036  4.531 0.6000000238
214518  -38.845  -77.468  5.318 0.3000000119
21778  -36.588  -79.137  3.519 0.6000000238
201869  -37.852  -78.936  4.430 0.6000000238
26943  -35.709  -74.799  6.528 0.3000000119
26954  -36.391  -74.798  6.277 0.3000000119
25850  -37.306  -75.553  6.099 0.3000000119
206498  -37.686  -75.220  5.798 0.3000000119
24743  -37.198  -76.579  6.499 0.3000000119
25851  -37.910  -75.824  5.816 0.3000000119
26971  -38.349  -75.295  5.400 0.3000000119
20840  -37.395  -79.486  3.949 0.6000000238
21730  -38.648  -78.422  4.749 0.5000000000
224264  -34.926  -73.742  6.459 0.3000000119
26953  -35.934  -74.192  6.212 0.3000000119
28090  -36.641  -74.183  6.006 0.3000000119
29192  -36.837  -73.053  5.706 0.3000000119
24744  -37.833  -76.849  6.159 0.3000000119
233966  -38.389  -77.353  5.818 0.3000000119
21719  -38.645  -78.433  5.313 0.4000000060
196552  -28.264  -79.429  5.794 0.4000000060
214923  -34.417  -73.479  6.607 0.3000000119
28089  -35.474  -73.602  6.196 0.3000000119
30308  -35.524  -72.138  6.028 0.3000000119
29191  -36.287  -72.741  5.797 0.3000000119
20028  -29.037  -79.333  0.826 0.5000000000
210125  -29.682  -79.378  0.987 0.5000000000
20916  -26.484  -79.238  0.025 0.4000000060
225932  -27.893  -78.824  0.097 0.4000000060
213790  -28.360  -79.480  0.769 0.4000000060
20008  -28.639  -80.370  1.603 0.5000000000
223727  -32.494  -78.255  1.028 0.5000000000
21875  -31.202  -78.517  0.662 0.5000000000
20918  -29.254  -78.378  0.399 0.5000000000
20919  -29.938  -78.485  0.657 0.5000000000
20917  -28.584  -78.483  0.197 0.4000000060
21858  -34.929  -79.166  1.471 0.6000000238
21830  -33.755  -78.468  1.545 0.6000000238
21829  -32.903  -78.237  1.522 0.5000000000
21854  -31.387  -78.128  0.989 0.5000000000
21795  -29.183  -78.056  1.171 0.3000000119
21825  -29.949  -77.992  0.926 0.4000000060
21826  -30.632  -78.037  1.139 0.5000000000
20893  -36.023  -79.761  1.763 0.6000000238
21802  -35.000  -79.101  2.382 0.6000000238
21800  -33.167  -78.538  2.175 0.6000000238
21798  -30.906  -78.249  1.918 0.4000000060
21828  -32.269  -78.063  1.686 0.5000000000
19989  -37.189  -80.141  3.184 0.6000000238
209602  -37.719  -77.868  6.322 0.3000000119
20800  -37.875  -79.409  5.327 0.4000000060
21777  -35.876  -79.014  3.196 0.6000000238
206490  -32.365  -78.682  2.666 0.4000000060
23686  -36.726  -77.064  6.725 0.3000000119
195239  -35.976  -75.935  6.817 0.3000000119
22714  -38.120  -77.866  6.069 0.3000000119
202664  -37.705  -79.730  4.393 0.5000000000
21776  -34.990  -78.948  3.097 0.6000000238
21804  -36.559  -79.580  2.787 0.6000000238
21831  -35.284  -79.316  1.835 0.6000000238
20779  -37.727  -79.136  5.945 0.3000000119
20922  -35.669  -79.770  1.333 0.5000000000
19191  -36.560  -80.401  2.134 0.5000000000
19988  -36.977  -80.367  2.629 0.5000000000
19152  -36.283  -80.940  3.109 0.4000000060
19153  -36.916  -80.665  3.082 0.5000000000
19208  -35.466  -80.806  1.391 0.5000000000
20032  -35.269  -79.836  0.925 0.5000000000
19171  -35.704  -81.068  2.487 0.4000000060
19132  -35.871  -80.876  3.844 0.4000000060
19935  -36.683  -80.302  4.838 0.4000000060
19959  -37.666  -79.987  4.430 0.5000000000
21878  -33.143  -78.702  0.821 0.5000000000
21879  -34.057  -79.048  0.683 0.5000000000
19936  -37.397  -80.170  4.682 0.4000000060
12712  -24.008  -86.627  -0.100 0.3000000119
12739  -24.090  -86.850  -0.843 0.3000000119
13668  -24.777  -86.498  -0.415 0.3000000119
13655  -26.033  -85.629  0.061 0.3000000119
14594  -26.526  -85.050  -0.646 0.4000000060
13654  -25.269  -86.035  0.283 0.3000000119
14561  -26.042  -85.183  0.933 0.3000000119
14612  -26.520  -85.128  -1.502 0.4000000060
15610  -26.952  -84.480  -0.316 0.4000000060
14576  -26.551  -84.975  0.243 0.3000000119
14545  -25.765  -85.034  1.633 0.3000000119
204165  -27.388  -83.967  -1.325 0.4000000060
16542  -27.761  -83.622  -1.303 0.4000000060
15588  -26.922  -84.493  0.504 0.4000000060
14562  -26.529  -84.775  0.882 0.4000000060
15523  -26.298  -83.938  2.455 0.4000000060
16500  -26.964  -83.955  1.825 0.4000000060
15628  -30.360  -83.800  -1.372 0.3000000119
16543  -28.287  -83.460  -1.637 0.4000000060
17485  -28.799  -83.102  -1.519 0.4000000060
16538  -27.801  -83.497  -0.851 0.4000000060
210160  -28.373  -83.194  0.520 0.4000000060
16514  -27.559  -83.737  1.429 0.4000000060
16488  -27.463  -83.404  2.104 0.4000000060
16532  -31.417  -83.030  -0.410 0.3000000119
17487  -30.305  -82.920  -1.632 0.4000000060
18395  -29.869  -82.395  -0.648 0.4000000060
17482  -29.353  -82.811  -1.144 0.4000000060
17477  -29.255  -82.704  -0.299 0.4000000060
18390  -29.771  -82.219  0.401 0.4000000060
17466  -29.077  -82.647  0.736 0.4000000060
18379  -29.481  -81.701  1.414 0.4000000060
17464  -28.076  -83.255  1.527 0.4000000060
17450  -27.802  -82.792  2.269 0.4000000060
17484  -31.787  -82.383  -0.785 0.4000000060
18397  -30.971  -82.051  -0.906 0.4000000060
18380  -30.231  -81.485  0.944 0.4000000060
18361  -27.925  -82.014  2.361 0.4000000060
17451  -28.365  -82.547  1.971 0.4000000060
17438  -26.604  -82.822  2.758 0.4000000060
19220  -31.875  -81.792  -0.610 0.4000000060
19204  -30.794  -81.405  0.304 0.4000000060
223740  -31.555  -80.292  0.597 0.4000000060
19203  -29.834  -80.605  1.338 0.4000000060
19186  -28.031  -81.088  2.113 0.4000000060
20029  -29.262  -80.207  1.318 0.4000000060
19216  -32.075  -81.201  -0.254 0.4000000060
202208  -32.345  -79.699  0.470 0.4000000060
21876  -31.792  -78.366  0.642 0.4000000060
224407  -34.719  -81.052  1.270 0.4000000060
20042  -33.497  -80.339  0.382 0.4000000060
20939  -34.096  -79.807  0.604 0.4000000060
199418  -34.938  -81.178  2.943 0.3000000119
19956  -35.424  -80.640  4.537 0.3000000119
20030  -30.325  -79.605  0.996 0.4000000060
20043  -33.979  -80.509  0.603 0.4000000060
19909  -36.253  -79.904  5.472 0.3000000119
20937  -32.731  -79.149  0.539 0.4000000060
201646  -26.944  -84.516  -0.995 0.4000000060
15611  -27.357  -83.882  -0.786 0.4000000060
16529  -27.766  -83.661  -0.256 0.4000000060
15568  -27.305  -84.161  0.965 0.4000000060
16545  -30.749  -83.028  -1.426 0.4000000060
16547  -29.759  -83.281  -1.822 0.4000000060
16531  -30.936  -83.499  -0.408 0.3000000119
17476  -28.702  -82.971  -0.117 0.4000000060
17479  -32.078  -82.596  -0.050 0.3000000119
16541  -31.233  -82.688  -1.069 0.4000000060
18402  -30.916  -82.296  -1.187 0.4000000060
18392  -30.841  -81.818  -0.484 0.4000000060
211217  -32.200  -81.816  -0.507 0.4000000060
196423  -31.730  -80.963  0.111 0.4000000060
19188  -29.132  -80.926  1.772 0.4000000060
20040  -31.340  -79.274  0.593 0.4000000060
19218  -33.456  -80.907  0.300 0.4000000060
14614  -28.991  -84.959  -1.555 0.3000000119
13707  -27.238  -85.994  -1.948 0.3000000119
13705  -26.097  -86.053  -2.120 0.3000000119
14631  -27.165  -85.348  -1.906 0.3000000119
14632  -27.811  -85.047  -1.854 0.3000000119
14629  -26.375  -85.546  -1.926 0.3000000119
15634  -27.271  -84.693  -1.814 0.3000000119
14633  -28.912  -84.305  -1.760 0.3000000119
15636  -28.443  -83.855  -1.814 0.3000000119
15637  -29.263  -83.766  -1.824 0.3000000119
17469  -32.492  -82.265  0.266 0.3000000119
18382  -33.532  -81.685  0.725 0.3000000119
18367  -34.008  -81.377  1.334 0.3000000119
19170  -34.812  -81.250  2.315 0.3000000119
198140  -29.993  -84.276  -1.288 0.3000000119
18400  -33.019  -81.445  -0.104 0.3000000119
12786  -26.808  -86.323  -2.115 0.3000000119
13643  -25.617  -85.701  0.778 0.3000000119
13653  -24.360  -86.226  0.514 0.3000000119
13670  -26.025  -85.652  -1.004 0.4000000060
13706  -26.591  -85.792  -2.086 0.3000000119
14560  -25.392  -85.419  1.375 0.3000000119
14613  -28.409  -85.352  -1.664 0.3000000119
14630  -26.781  -85.149  -1.807 0.3000000119
15547  -26.427  -84.352  1.852 0.4000000060
15566  -26.227  -84.724  1.459 0.3000000119
15567  -26.731  -84.424  1.248 0.4000000060
15589  -27.396  -84.109  0.097 0.4000000060
15625  -27.069  -84.574  -1.558 0.3000000119
15626  -27.784  -83.811  -1.710 0.4000000060
15627  -29.569  -84.495  -1.577 0.3000000119
15629  -30.685  -83.406  -1.411 0.3000000119
15635  -27.872  -84.267  -1.845 0.3000000119
15638  -29.915  -83.745  -1.701 0.3000000119
16515  -27.832  -83.707  0.621 0.4000000060
16530  -28.213  -83.298  -0.437 0.4000000060
16539  -28.228  -83.326  -1.166 0.4000000060
16540  -31.017  -83.211  -1.053 0.4000000060
16544  -30.352  -83.318  -1.745 0.3000000119
16546  -28.994  -83.334  -1.770 0.4000000060
17439  -27.201  -82.872  2.543 0.4000000060
17465  -28.583  -82.812  1.318 0.4000000060
17478  -31.510  -83.021  0.330 0.3000000119
17480  -32.279  -82.010  -0.407 0.4000000060
17481  -28.701  -82.992  -0.872 0.4000000060
17483  -30.042  -82.651  -1.329 0.4000000060
17486  -29.535  -82.979  -1.680 0.4000000060
17488  -30.867  -82.596  -1.274 0.4000000060
18348  -27.416  -82.301  2.521 0.4000000060
18362  -28.494  -81.770  2.126 0.4000000060
18363  -28.922  -81.540  1.890 0.4000000060
18378  -28.893  -82.234  1.671 0.4000000060
18383  -33.966  -81.228  0.845 0.3000000119
18391  -30.337  -81.892  -0.106 0.4000000060
18393  -33.036  -81.805  0.111 0.3000000119
18394  -33.430  -81.384  0.381 0.3000000119
18396  -30.503  -82.149  -0.954 0.4000000060
18398  -31.843  -82.108  -0.676 0.4000000060
18399  -32.596  -81.711  -0.372 0.4000000060
18401  -30.554  -82.503  -1.354 0.4000000060
18403  -31.403  -82.264  -1.008 0.4000000060
19131  -34.994  -80.937  4.069 0.3000000119
19133  -36.676  -80.738  3.635 0.4000000060
19151  -35.393  -81.065  3.353 0.3000000119
19172  -36.572  -80.751  2.472 0.5000000000
19187  -28.625  -81.138  1.974 0.4000000060
19189  -35.285  -81.075  1.792 0.4000000060
19190  -36.049  -80.715  1.825 0.5000000000
19205  -31.243  -80.873  0.550 0.4000000060
19206  -34.358  -80.725  0.907 0.4000000060
19207  -35.126  -80.510  1.026 0.4000000060
19215  -31.348  -81.523  -0.350 0.4000000060
19217  -32.514  -80.738  0.085 0.4000000060
19219  -31.632  -81.919  -0.752 0.4000000060
19221  -32.501  -81.463  -0.406 0.4000000060
19911  -37.550  -79.811  5.205 0.4000000060
19934  -35.844  -80.318  5.025 0.3000000119
19937  -37.717  -79.782  5.097 0.4000000060
19954  -28.426  -79.823  4.986 0.4000000060
19957  -36.285  -80.585  4.318 0.4000000060
19958  -37.005  -80.479  4.115 0.4000000060
19973  -37.135  -80.367  3.365 0.5000000000
19974  -37.458  -80.061  3.857 0.5000000000
20009  -36.195  -80.162  1.707 0.5000000000
20031  -31.009  -79.863  0.901 0.4000000060
20033  -35.719  -80.310  1.301 0.5000000000
20041  -31.980  -80.245  0.393 0.4000000060
20044  -34.645  -80.119  0.775 0.5000000000
20045  -32.995  -80.925  0.063 0.4000000060
20795  -29.471  -79.347  5.507 0.5000000000
20799  -37.370  -79.541  5.688 0.3000000119
20815  -29.179  -79.662  4.979 0.5000000000
20817  -30.566  -79.360  4.209 0.6000000238
20818  -37.954  -79.591  4.780 0.5000000000
20838  -28.809  -79.713  4.136 0.4000000060
20839  -29.626  -79.628  4.427 0.5000000000
20856  -26.416  -79.418  3.291 0.4000000060
20861  -37.046  -79.758  3.237 0.6000000238
20862  -37.339  -79.832  3.642 0.6000000238
20873  -29.186  -78.638  2.166 0.4000000060
20875  -30.452  -78.715  2.556 0.5000000000
20876  -36.539  -79.837  2.216 0.6000000238
20877  -36.997  -79.986  2.547 0.6000000238
20894  -36.643  -80.077  2.113 0.5000000000
20915  -25.727  -79.406  0.200 0.4000000060
20920  -30.626  -78.684  0.842 0.5000000000
20921  -34.699  -79.405  0.749 0.5000000000
20934  -26.851  -78.556  -0.204 0.4000000060
20935  -27.178  -78.215  -0.226 0.4000000060
20936  -31.753  -79.043  0.563 0.4000000060
20938  -33.453  -79.468  0.496 0.4000000060
21705  -37.487  -78.829  6.364 0.3000000119
21706  -37.989  -78.722  6.052 0.3000000119
21707  -38.426  -78.314  5.847 0.4000000060
21714  -28.287  -78.727  6.215 0.4000000060
21716  -29.787  -78.823  5.789 0.6999999881
21717  -30.421  -78.738  5.677 0.5000000000
21718  -38.205  -78.845  5.633 0.4000000060
21726  -30.711  -79.070  5.030 0.6000000238
21729  -38.221  -79.076  4.930 0.4000000060
21743  -32.347  -78.747  4.212 0.6000000238
21747  -35.834  -78.655  3.994 0.6999999881
21749  -37.256  -79.277  3.900 0.6000000238
21750  -38.040  -79.102  4.623 0.5000000000
21772  -31.709  -78.850  3.208 0.6000000238
21775  -34.189  -78.764  3.361 0.6999999881
21793  -27.599  -78.072  1.067 0.4000000060
21794  -28.333  -78.138  1.320 0.4000000060
21796  -29.634  -78.166  1.447 0.3000000119
21801  -33.944  -78.679  2.146 0.6000000238
21803  -35.758  -79.457  2.451 0.6000000238
21822  -28.224  -77.977  0.357 0.4000000060
21824  -29.529  -77.941  0.809 0.4000000060
21827  -31.475  -77.900  1.471 0.5000000000
21849  -27.051  -77.869  0.075 0.4000000060
21851  -28.616  -78.176  0.340 0.4000000060
21852  -30.139  -78.136  0.785 0.5000000000
21853  -30.687  -78.274  0.931 0.5000000000
21855  -32.052  -78.002  0.912 0.5000000000
21856  -33.021  -78.414  1.260 0.5000000000
21857  -34.475  -78.845  1.304 0.6000000238
21859  -35.401  -79.474  1.440 0.6000000238
21873  -25.992  -78.061  -0.049 0.4000000060
21877  -32.353  -78.441  0.756 0.4000000060
22708  -27.007  -78.055  6.977 0.5000000000
22709  -27.549  -78.042  6.688 0.5000000000
22710  -28.135  -78.046  6.429 0.4000000060
22712  -36.559  -77.838  6.839 0.3000000119
22722  -29.339  -77.593  6.192 0.4000000060
22724  -30.660  -78.181  5.879 0.6999999881
22727  -38.744  -77.917  5.297 0.3000000119
22728  -39.174  -77.346  4.825 0.3000000119
22736  -31.639  -78.237  5.296 0.6000000238
22737  -32.305  -77.941  5.279 0.6000000238
22738  -33.086  -77.862  5.086 0.6000000238
22741  -38.847  -78.068  4.821 0.3000000119
22742  -39.382  -77.208  4.304 0.5000000000
22748  -32.687  -78.363  4.615 0.6000000238
22749  -33.441  -78.299  4.372 0.6000000238
22750  -34.142  -78.120  4.397 0.6000000238
22754  -37.865  -78.089  4.361 0.6999999881
22755  -38.543  -78.335  4.489 0.6000000238
22757  -39.503  -77.133  3.927 0.5000000000
22797  -31.943  -77.862  1.191 0.5000000000
22814  -32.363  -78.066  1.223 0.5000000000
23682  -27.401  -76.926  6.802 0.5000000000
23684  -28.568  -77.339  6.359 0.5000000000
23687  -37.156  -77.688  6.626 0.3000000119
23688  -38.137  -77.496  6.003 0.3000000119
23689  -38.517  -77.786  5.716 0.3000000119
23698  -30.850  -77.559  5.940 0.6999999881
23699  -31.459  -77.423  5.819 0.6000000238
23700  -32.073  -77.371  5.712 0.6000000238
23701  -38.284  -76.962  5.803 0.3000000119
23702  -38.838  -76.939  5.450 0.4000000060
23709  -33.413  -77.264  5.282 0.6000000238
23712  -39.621  -76.967  4.262 0.5000000000
23720  -35.932  -77.525  4.546 0.6999999881
23721  -36.559  -76.941  4.455 0.6999999881
23722  -37.308  -77.386  4.295 0.6999999881
23724  -39.317  -77.261  3.898 0.5000000000
23734  -39.656  -76.973  3.738 0.5000000000
24740  -27.992  -76.647  6.454 0.5000000000
24742  -36.584  -76.283  6.714 0.3000000119
24756  -27.695  -75.913  6.181 0.5000000000
24758  -29.428  -76.452  6.196 0.5000000000
24759  -30.138  -76.447  6.135 0.5000000000
24762  -37.547  -76.213  6.154 0.3000000119
24763  -38.136  -76.468  5.853 0.3000000119
24765  -39.228  -76.857  5.185 0.5000000000
24780  -39.733  -76.693  4.171 0.5000000000
24789  -35.365  -76.447  4.728 0.6000000238
24790  -35.996  -76.203  4.464 0.6999999881
24791  -36.745  -76.281  4.332 0.6999999881
24794  -39.816  -76.801  3.922 0.5000000000
24806  -38.081  -76.428  3.664 0.6999999881
24807  -38.847  -76.676  3.277 0.6000000238
24808  -39.169  -76.886  3.122 0.6000000238
24809  -39.754  -76.695  3.638 0.5000000000
25829  -27.173  -75.932  6.564 0.5000000000
25833  -36.494  -75.755  6.647 0.3000000119
25834  -36.990  -75.929  6.500 0.3000000119
25844  -28.944  -75.901  5.988 0.5000000000
25845  -29.777  -75.895  6.022 0.5000000000
25846  -30.927  -75.729  5.851 0.5000000000
25848  -32.131  -76.072  5.653 0.6999999881
25849  -36.742  -75.368  6.410 0.3000000119
25852  -38.541  -76.116  5.494 0.4000000060
25853  -39.105  -76.440  5.140 0.4000000060
25860  -28.157  -75.136  5.532 0.5000000000
25861  -28.709  -75.313  5.519 0.5000000000
25863  -31.535  -75.457  5.581 0.5000000000
25864  -33.363  -75.847  5.156 0.6000000238
25865  -34.029  -75.771  4.972 0.6000000238
25871  -34.592  -75.474  4.737 0.6000000238
25872  -35.307  -75.715  4.595 0.6000000238
25876  -39.784  -76.561  4.082 0.5000000000
25888  -40.000  -75.903  3.332 0.5000000000
25900  -40.072  -75.082  2.899 0.5000000000
26944  -36.142  -75.338  6.607 0.3000000119
26952  -27.335  -74.868  5.751 0.5000000000
26955  -37.120  -74.849  5.988 0.3000000119
26956  -37.760  -74.676  5.530 0.3000000119
26965  -29.778  -74.814  5.213 0.5000000000
26972  -39.029  -75.051  4.703 0.4000000060
26973  -39.644  -74.652  4.149 0.6000000238
26976  -30.039  -74.206  4.716 0.5000000000
26977  -30.792  -74.217  4.770 0.5000000000
26978  -31.532  -74.319  4.779 0.6000000238
26979  -32.271  -74.462  4.762 0.5000000000
26981  -33.777  -74.732  4.517 0.6999999881
26984  -36.247  -75.132  4.066 0.6999999881
26986  -40.330  -74.344  3.380 0.5000000000
26990  -35.309  -74.576  4.045 0.6000000238
26991  -35.858  -74.602  3.776 0.6000000238
26992  -36.558  -74.782  3.503 0.6000000238
26993  -37.310  -75.027  3.213 0.5000000000
26994  -38.212  -75.251  2.917 0.5000000000
27005  -40.022  -74.313  2.641 0.5000000000
27006  -40.145  -73.961  2.688 0.6000000238
28086  -34.564  -74.199  6.770 0.3000000119
28087  -35.270  -74.238  6.491 0.3000000119
28095  -28.138  -74.156  4.553 0.4000000060
28096  -37.294  -74.160  5.672 0.3000000119
28097  -38.494  -73.869  5.043 0.3000000119
28100  -39.883  -73.482  4.064 0.5000000000
28105  -28.769  -74.042  4.147 0.4000000060
28106  -29.455  -73.860  3.840 0.5000000000
28111  -33.389  -74.075  4.075 0.6999999881
28113  -34.763  -74.415  4.024 0.5000000000
28114  -40.383  -73.779  3.304 0.5000000000
28119  -27.652  -73.777  4.031 0.5000000000
28125  -32.131  -73.476  3.264 0.5000000000
28126  -32.906  -73.490  3.330 0.6000000238
28137  -39.872  -73.898  2.499 0.5000000000
28138  -39.988  -73.580  2.583 0.6000000238
28139  -37.689  -73.502  2.283 0.8000000119
28140  -38.312  -74.015  2.422 0.8000000119
28141  -39.551  -74.112  2.443 0.5000000000
29190  -35.619  -72.803  5.980 0.3000000119
29194  -37.445  -73.463  5.434 0.4000000060
29195  -38.222  -73.293  5.159 0.4000000060
29198  -39.877  -72.762  4.099 0.6000000238
29200  -27.036  -73.494  4.014 0.6000000238
29206  -28.995  -73.090  2.734 0.5000000000
29207  -29.539  -73.072  2.541 0.5000000000
29208  -30.242  -73.024  2.357 0.5000000000
29209  -31.196  -73.095  2.322 0.6000000238
29210  -31.699  -73.179  2.262 0.6000000238
29213  -40.021  -73.056  3.262 0.6000000238
29214  -28.468  -72.936  2.831 0.5000000000
29217  -30.831  -72.801  1.848 0.6000000238
29219  -31.975  -72.968  1.730 0.6999999881
29222  -34.557  -73.057  2.139 0.6999999881
29225  -36.872  -73.310  2.323 0.8000000119
29227  -39.664  -73.055  2.708 0.6000000238
29228  -39.945  -73.051  3.053 0.6000000238
29229  -31.294  -72.646  1.610 0.5000000000
29230  -31.720  -72.616  1.568 0.6000000238
29232  -32.975  -72.380  1.523 0.6000000238
29234  -34.778  -72.497  1.814 0.8000000119
29235  -35.625  -72.550  1.842 0.8000000119
29236  -36.382  -72.695  1.962 0.8000000119
30309  -36.063  -72.185  5.883 0.3000000119
30315  -38.967  -72.611  5.033 0.4000000060
30316  -39.696  -72.194  4.804 0.5000000000
30317  -39.918  -72.115  4.505 0.6000000238
30319  -39.923  -72.172  4.220 0.6000000238
30322  -27.654  -72.874  3.107 0.5000000000
30323  -29.598  -72.596  2.539 0.6000000238
30324  -30.294  -72.571  2.287 0.5000000000
30326  -30.938  -72.686  1.819 0.5000000000
30327  -31.859  -72.495  1.591 0.5000000000
30329  -39.687  -72.477  3.096 0.6000000238
30331  -32.389  -72.504  1.477 0.6000000238
30332  -33.510  -72.198  1.570 0.6000000238
30336  -37.611  -72.452  2.071 0.8000000119
31422  -37.162  -71.515  5.785 0.3000000119
31426  -40.388  -70.726  5.030 0.6000000238
31434  -40.120  -71.337  4.746 0.6000000238
31443  -30.536  -71.631  3.910 0.6000000238
31444  -31.279  -71.504  3.791 0.6000000238
31446  -39.971  -71.411  4.369 0.6000000238
31450  -26.433  -72.254  3.506 0.4000000060
31451  -27.264  -72.492  3.414 0.4000000060
31461  -39.917  -71.934  3.937 0.6000000238
31462  -31.258  -72.320  2.143 0.5000000000
31464  -33.300  -71.853  1.766 0.6000000238
31465  -35.400  -71.554  2.120 0.6999999881
31470  -39.312  -71.836  2.952 0.6999999881
31471  -39.566  -71.895  3.326 0.6000000238
31472  -39.745  -72.081  3.571 0.6000000238
31474  -33.784  -71.978  1.644 0.6999999881
31476  -35.653  -71.888  1.760 0.6999999881
31477  -36.383  -71.921  1.908 0.8000000119
31478  -37.234  -71.976  2.075 0.8000000119
32603  -39.037  -70.107  6.221 0.5000000000
32604  -40.061  -70.231  6.112 0.5000000000
32605  -40.868  -70.026  6.115 0.5000000000
32620  -37.472  -70.850  5.960 0.4000000060
32621  -38.358  -70.660  6.002 0.5000000000
32622  -39.469  -70.711  5.902 0.5000000000
32630  -30.581  -70.587  5.190 0.6000000238
32633  -40.906  -70.284  5.241 0.6000000238
32637  -27.750  -71.128  4.317 0.5000000000
32638  -29.515  -71.226  4.795 0.5000000000
32639  -30.228  -71.216  4.726 0.6000000238
32641  -31.691  -70.973  4.404 0.6000000238
32642  -32.359  -70.932  4.234 0.6000000238
32645  -38.933  -70.748  3.948 0.6999999881
32646  -39.953  -70.828  4.349 0.6999999881
32647  -40.460  -70.328  4.858 0.6000000238
32653  -32.631  -71.312  3.543 0.6999999881
32654  -33.326  -71.204  3.344 0.6999999881
32655  -34.039  -71.040  3.241 0.6999999881
32656  -34.741  -70.915  3.220 0.6999999881
32657  -35.429  -70.828  3.241 0.6999999881
32661  -39.319  -70.985  3.911 0.6999999881
32662  -39.761  -71.033  4.189 0.6000000238
32663  -40.128  -71.245  4.221 0.6000000238
32666  -35.780  -71.167  2.644 0.6999999881
32667  -36.520  -71.191  2.723 0.6999999881
32668  -37.377  -71.268  2.838 0.6999999881
32669  -38.292  -71.334  2.915 0.8000000119
32670  -38.881  -71.421  3.080 0.8000000119
33772  -39.674  -69.170  6.813 0.5000000000
33773  -40.449  -69.481  6.676 0.4000000060
33801  -40.713  -69.810  6.269 0.5000000000
33802  -41.049  -69.663  6.010 0.6000000238
33821  -37.642  -70.316  6.150 0.3000000119
33828  -29.446  -69.937  5.324 0.5000000000
33829  -30.112  -69.938  5.505 0.5000000000
33830  -30.831  -69.917  5.520 0.6000000238
33831  -31.967  -69.915  5.266 0.6000000238
33832  -32.583  -69.969  4.900 0.6999999881
33835  -40.661  -69.808  5.068 0.6000000238
33836  -40.966  -70.190  5.275 0.6000000238
33840  -27.786  -70.176  4.375 0.5000000000
33841  -32.651  -70.437  4.500 0.6999999881
33842  -33.230  -70.100  4.488 0.6999999881
33843  -34.693  -69.804  4.079 0.6999999881
33844  -35.387  -69.726  3.989 0.6999999881
33845  -36.112  -69.750  4.044 0.6999999881
33848  -38.572  -70.272  4.207 0.6999999881
33861  -36.549  -70.303  3.729 0.6000000238
33862  -37.467  -70.352  3.811 0.6000000238
34956  -38.982  -68.732  6.981 0.4000000060
34957  -40.485  -68.964  6.867 0.4000000060
34958  -41.200  -69.137  6.535 0.5000000000
34972  -37.805  -69.405  6.716 0.3000000119
34974  -41.216  -69.215  6.310 0.6000000238
34975  -41.413  -68.909  6.432 0.5000000000
34986  -30.423  -68.785  5.639 0.6000000238
34987  -31.572  -68.872  5.869 0.6999999881
34988  -32.138  -68.869  5.864 0.6999999881
34989  -32.738  -68.809  5.715 0.6999999881
34990  -41.035  -69.646  5.878 0.5000000000
34991  -41.279  -69.062  6.295 0.5000000000
34995  -29.749  -69.194  5.494 0.6000000238
34998  -33.291  -69.049  5.315 0.6999999881
34999  -33.981  -68.939  4.931 0.6999999881
35000  -34.625  -68.749  4.616 0.6999999881
35001  -35.327  -68.642  4.460 0.6999999881
35002  -36.043  -68.642  4.484 0.6999999881
35005  -38.918  -69.177  5.051 0.6000000238
35006  -39.859  -69.186  5.201 0.5000000000
35011  -28.047  -69.233  4.401 0.5000000000
35015  -36.438  -69.237  4.383 0.6999999881
35016  -37.210  -69.292  4.553 0.6000000238
35017  -38.022  -69.270  4.728 0.6000000238
36016  -37.914  -68.172  7.248 0.4000000060
36019  -40.584  -68.548  6.940 0.5000000000
36020  -41.270  -68.718  6.590 0.5000000000
36055  -32.487  -68.313  5.901 0.6999999881
36056  -33.230  -68.321  5.702 0.6999999881
36057  -33.841  -68.115  5.443 0.6999999881
36058  -41.208  -68.398  6.330 0.5000000000
36067  -29.900  -68.421  5.293 0.6000000238
36072  -35.662  -68.107  4.687 0.6999999881
36073  -36.391  -68.157  4.774 0.6000000238
36074  -37.080  -68.226  4.967 0.6999999881
36075  -37.772  -68.311  5.205 0.6000000238
36078  -40.959  -68.880  5.856 0.6000000238
36079  -40.860  -68.325  5.987 0.6000000238
36085  -27.707  -68.788  3.895 0.4000000060
36087  -28.873  -68.286  4.418 0.5000000000
36093  -27.917  -68.103  2.907 0.3000000119
37053  -38.737  -66.991  7.622 0.3000000119
37054  -39.416  -66.896  7.566 0.3000000119
37086  -41.182  -68.325  6.503 0.5000000000
37093  -31.377  -67.888  5.628 0.6999999881
37094  -32.088  -67.654  5.830 0.6000000238
37097  -35.701  -67.127  5.270 0.6999999881
37099  -37.094  -67.192  5.521 0.6000000238
37100  -37.774  -67.237  5.699 0.6000000238
37112  -30.797  -67.543  5.188 0.6000000238
37119  -38.107  -67.837  5.610 0.5000000000
37120  -38.869  -67.826  5.769 0.5000000000
37121  -39.697  -67.876  5.845 0.5000000000
37125  -28.684  -68.094  3.484 0.6000000238
37126  -29.264  -67.794  3.697 0.6000000238
37132  -29.070  -67.591  2.903 0.3000000119
38199  -39.376  -66.415  7.511 0.3000000119
38210  -39.923  -66.878  7.340 0.5000000000
38211  -40.382  -67.154  7.120 0.4000000060
38223  -40.563  -68.053  7.263 0.5000000000
38234  -32.576  -67.162  5.823 0.6000000238
38235  -33.507  -66.687  5.720 0.6000000238
38236  -35.397  -66.593  5.386 0.6000000238
38237  -36.088  -66.586  5.420 0.5000000000
38239  -37.486  -66.617  5.727 0.5000000000
38240  -38.172  -66.684  5.746 0.5000000000
38241  -38.751  -66.774  5.780 0.5000000000
38242  -39.327  -66.578  5.720 0.5000000000
38243  -40.877  -67.034  6.358 0.5000000000
38249  -30.973  -66.953  4.341 0.6000000238
38251  -32.748  -66.457  5.588 0.6000000238
38254  -40.687  -67.031  5.981 0.5000000000
38256  -30.229  -67.262  2.705 0.5000000000
38257  -30.557  -67.265  3.272 0.6000000238
39315  -39.708  -66.210  7.183 0.3000000119
39316  -40.157  -66.622  7.052 0.4000000060
39326  -39.809  -65.814  6.952 0.3000000119
39334  -33.391  -66.038  5.332 0.6000000238
39336  -35.145  -66.085  5.352 0.6000000238
39337  -37.175  -66.001  5.547 0.5000000000
39347  -35.253  -65.546  5.115 0.6000000238
39348  -36.117  -65.339  5.085 0.5000000000
39349  -36.931  -65.432  5.260 0.5000000000
39350  -37.494  -65.610  5.340 0.5000000000
39351  -38.498  -65.818  5.258 0.5000000000
39352  -39.214  -66.012  5.421 0.5000000000
39353  -39.981  -66.215  5.604 0.5000000000
39354  -40.274  -66.096  5.550 0.5000000000
39355  -40.658  -65.862  5.502 0.5000000000
39360  -31.714  -66.685  2.644 0.5000000000
39361  -32.170  -66.504  3.294 0.5000000000
39363  -39.789  -65.774  5.041 0.5000000000
39374  -31.911  -66.497  2.074 0.5000000000
39375  -32.327  -66.604  2.262 0.5000000000
39376  -32.809  -66.534  1.987 0.5000000000
39377  -40.952  -65.225  3.947 0.5000000000
40406  -40.101  -65.663  6.622 0.4000000060
40415  -39.979  -65.256  6.305 0.3000000119
40416  -40.388  -65.505  6.104 0.5000000000
40426  -35.423  -65.182  4.573 0.6000000238
40431  -39.054  -65.602  4.952 0.5000000000
40433  -40.864  -64.927  5.387 0.5000000000
40440  -34.018  -65.627  3.194 0.5000000000
40443  -36.662  -64.969  4.142 0.5000000000
40445  -38.062  -65.194  4.400 0.5000000000
40453  -30.768  -66.320  2.504 0.5000000000
40454  -32.014  -66.343  1.889 0.5000000000
40457  -33.974  -65.817  2.150 0.5000000000
40458  -35.158  -65.424  2.422 0.5000000000
40459  -35.828  -65.352  2.815 0.5000000000
40460  -36.477  -65.193  3.152 0.6000000238
40462  -37.901  -65.100  3.613 0.5000000000
40464  -40.006  -65.384  3.220 0.5000000000
40467  -32.917  -66.407  1.723 0.5000000000
40468  -33.403  -65.980  1.941 0.5000000000
40470  -35.054  -65.240  2.203 0.5000000000
40476  -39.705  -65.297  2.405 0.5000000000
40477  -40.883  -65.424  3.167 0.5000000000
40478  -41.410  -65.167  2.840 0.4000000060
40479  -41.809  -64.952  3.023 0.5000000000
40481  -36.323  -65.413  2.179 0.4000000060
40482  -36.832  -65.440  2.209 0.5000000000
40483  -37.508  -65.231  2.262 0.4000000060
40484  -38.793  -65.077  1.892 0.4000000060
40485  -39.440  -65.127  1.989 0.5000000000
40486  -40.132  -65.142  2.210 0.5000000000
40487  -41.416  -64.947  2.374 0.5000000000
41479  -39.590  -65.019  6.442 0.3000000119
41493  -39.838  -64.794  5.986 0.3000000119
41494  -40.310  -64.961  5.768 0.3000000119
41504  -40.756  -64.681  5.044 0.4000000060
41505  -41.199  -64.557  4.332 0.3000000119
41515  -41.642  -64.471  3.781 0.3000000119
41516  -41.997  -64.462  3.409 0.4000000060
41522  -33.077  -64.949  2.402 0.5000000000
41523  -42.091  -64.564  3.091 0.4000000060
41524  -42.449  -64.126  2.786 0.4000000060
41525  -32.992  -65.841  1.872 0.5000000000
41527  -33.768  -65.420  1.886 0.5000000000
41528  -34.318  -65.255  1.967 0.5000000000
41529  -42.119  -64.543  2.701 0.4000000060
41530  -42.588  -64.116  2.405 0.4000000060
41531  -34.828  -64.868  1.999 0.4000000060
41532  -35.409  -64.864  1.980 0.4000000060
41533  -36.035  -64.967  1.908 0.4000000060
41536  -38.670  -64.824  1.658 0.4000000060
41540  -42.033  -64.536  2.299 0.4000000060
41542  -39.122  -64.488  1.650 0.4000000060
41543  -39.739  -64.413  1.766 0.4000000060
41544  -40.287  -64.630  1.860 0.4000000060
41545  -40.826  -64.359  1.796 0.5000000000
42604  -39.888  -63.893  5.184 0.3000000119
42614  -39.903  -63.363  4.744 0.3000000119
42615  -40.485  -63.405  4.438 0.3000000119
42616  -41.460  -63.901  3.909 0.4000000060
42621  -33.256  -64.042  3.017 0.4000000060
42623  -41.596  -63.243  3.600 0.4000000060
42624  -42.075  -63.441  3.392 0.4000000060
42625  -42.497  -63.627  3.099 0.3000000119
42628  -34.497  -64.450  2.030 0.5000000000
42633  -38.102  -64.525  1.791 0.4000000060
42634  -41.945  -64.167  1.943 0.5000000000
42635  -42.927  -63.625  2.178 0.4000000060
42637  -40.052  -63.770  1.696 0.4000000060
42638  -40.733  -63.648  1.534 0.4000000060
42640  -42.146  -63.635  1.684 0.4000000060
43780  -32.311  -63.254  4.181 0.3000000119
43783  -40.185  -62.718  4.346 0.3000000119
43784  -41.131  -63.317  4.036 0.3000000119
43786  -33.447  -62.525  3.603 0.4000000060
43787  -33.978  -63.016  3.080 0.4000000060
43789  -41.331  -62.731  3.664 0.3000000119
43791  -43.115  -62.846  2.735 0.3000000119
43793  -34.433  -62.982  2.565 0.5000000000
43794  -43.411  -63.168  2.376 0.4000000060
43795  -43.636  -62.675  2.316 0.4000000060
43797  -35.722  -62.804  2.163 0.4000000060
43798  -36.445  -62.628  1.980 0.4000000060
43800  -37.551  -63.174  1.840 0.4000000060
43802  -43.715  -62.775  1.913 0.4000000060
43803  -38.152  -63.569  1.682 0.4000000060
43804  -39.064  -62.795  1.362 0.4000000060
43805  -40.131  -63.160  1.357 0.4000000060
43807  -42.281  -62.982  1.294 0.4000000060
43808  -42.928  -63.310  1.705 0.4000000060
43809  -43.651  -62.767  1.520 0.4000000060
45018  -41.312  -62.109  3.589 0.3000000119
45019  -41.911  -61.995  3.357 0.3000000119
45021  -43.237  -62.102  2.772 0.3000000119
45022  -34.241  -62.213  2.946 0.4000000060
45024  -43.948  -62.173  2.257 0.4000000060
45026  -35.851  -62.060  2.034 0.4000000060
45029  -37.565  -62.398  1.783 0.4000000060
45030  -44.227  -62.488  1.500 0.4000000060
45031  -44.488  -62.153  1.737 0.4000000060
45032  -37.479  -61.656  1.547 0.4000000060
45033  -38.137  -62.108  1.427 0.4000000060
45035  -39.452  -62.037  1.164 0.4000000060
45038  -43.628  -62.271  1.006 0.4000000060
45039  -44.305  -62.074  1.084 0.4000000060
45040  -44.705  -61.730  1.021 0.4000000060
46184  -41.363  -61.431  3.593 0.3000000119
46189  -34.655  -61.155  2.444 0.4000000060
46198  -37.389  -60.956  1.347 0.4000000060
46203  -41.538  -61.629  0.988 0.4000000060
46206  -43.903  -61.716  0.765 0.4000000060
46208  -45.319  -61.255  1.016 0.4000000060
46209  -44.219  -61.180  0.551 0.4000000060
46210  -44.855  -61.423  0.707 0.4000000060
46211  -45.342  -61.168  0.642 0.4000000060
47334  -41.874  -60.386  3.488 0.3000000119
47337  -34.620  -60.611  2.235 0.4000000060
47341  -35.079  -60.404  1.783 0.4000000060
47343  -36.283  -59.922  1.571 0.4000000060
47345  -37.694  -60.005  1.632 0.4000000060
47348  -40.075  -60.216  1.653 0.4000000060
47349  -40.813  -60.214  1.573 0.4000000060
47351  -46.194  -60.370  0.718 0.3000000119
47352  -37.372  -60.411  1.431 0.4000000060
47356  -40.420  -60.706  1.337 0.4000000060
47358  -42.030  -60.548  1.246 0.4000000060
47359  -43.013  -60.272  0.933 0.4000000060
47360  -45.807  -60.838  0.643 0.4000000060
47361  -46.191  -60.307  0.309 0.4000000060
47362  -44.162  -60.413  0.410 0.4000000060
47365  -46.170  -60.238  0.042 0.4000000060
48377  -34.537  -59.538  1.957 0.4000000060
48383  -36.247  -59.173  1.491 0.4000000060
48384  -37.346  -59.456  1.973 0.4000000060
48390  -41.692  -59.594  1.785 0.4000000060
48395  -42.818  -59.599  1.252 0.5000000000
48399  -44.832  -59.741  -0.028 0.4000000060
48401  -46.560  -59.934  0.099 0.4000000060
48402  -46.548  -59.702  -0.206 0.3000000119
49368  -40.410  -58.852  4.301 0.4000000060
49370  -41.707  -58.433  4.039 0.3000000119
49375  -33.696  -58.877  2.870 0.3000000119
49376  -42.306  -58.910  3.663 0.3000000119
49377  -43.113  -59.005  3.416 0.3000000119
49379  -34.046  -58.707  2.445 0.3000000119
49380  -34.502  -58.844  2.051 0.3000000119
49391  -35.690  -58.676  1.423 0.4000000060
49392  -36.302  -58.526  1.597 0.4000000060
49397  -41.335  -59.019  2.023 0.4000000060
49401  -42.548  -58.883  1.533 0.4000000060
49403  -43.751  -59.183  0.808 0.5000000000
49405  -46.943  -58.922  0.095 0.4000000060
49406  -46.887  -59.446  -0.023 0.4000000060
49407  -46.938  -58.857  -0.265 0.3000000119
50392  -41.218  -58.002  4.477 0.4000000060
50393  -41.814  -57.744  4.261 0.4000000060
50401  -42.310  -58.098  3.867 0.4000000060
50408  -43.902  -58.107  3.156 0.4000000060
50411  -34.540  -57.572  1.841 0.4000000060
50413  -35.657  -57.957  1.463 0.4000000060
50414  -36.239  -57.878  1.725 0.4000000060
50421  -43.591  -58.503  0.913 0.5000000000
51401  -41.984  -57.113  4.395 0.4000000060
51414  -36.679  -57.138  2.631 0.4000000060
51415  -37.239  -57.334  2.921 0.4000000060
51421  -44.317  -57.182  2.811 0.4000000060
51424  -34.241  -56.934  1.849 0.3000000119
51427  -36.251  -57.196  2.103 0.4000000060
51437  -43.996  -57.281  0.547 0.5000000000
52467  -42.150  -56.498  4.449 0.4000000060
52476  -37.254  -56.422  3.500 0.4000000060
52480  -43.082  -56.423  3.845 0.4000000060
52485  -36.917  -56.799  3.065 0.4000000060
52493  -34.153  -56.216  1.817 0.3000000119
52494  -34.756  -56.428  1.778 0.4000000060
53610  -36.622  -55.423  4.035 0.4000000060
53613  -41.736  -56.019  4.740 0.4000000060
53621  -36.918  -55.905  3.718 0.4000000060
53631  -35.571  -55.463  2.280 0.4000000060
53641  -35.291  -55.589  1.950 0.4000000060
54861  -34.902  -54.620  2.217 0.4000000060
194796  -35.264  -56.133  1.882 0.4000000060
195204  -35.284  -56.822  1.752 0.4000000060
196295  -33.873  -78.701  1.089 0.5000000000
196365  -39.364  -67.506  7.555 0.4000000060
196599  -40.189  -62.449  1.103 0.4000000060
196942  -35.031  -74.827  6.775 0.3000000119
197100  -39.300  -65.272  2.794 0.5000000000
197238  -41.551  -62.479  1.197 0.4000000060
197689  -37.825  -57.431  3.171 0.4000000060
197945  -31.511  -66.291  2.227 0.5000000000
198051  -39.500  -76.356  4.746 0.5000000000
198114  -40.962  -67.593  6.548 0.5000000000
198309  -38.287  -74.565  2.620 0.5000000000
198464  -42.573  -63.075  3.059 0.3000000119
198533  -37.500  -77.267  6.372 0.3000000119
198932  -42.319  -60.155  3.346 0.3000000119
199295  -41.513  -63.243  1.459 0.4000000060
200436  -34.417  -78.817  2.612 0.6000000238
200788  -30.490  -77.030  6.107 0.6000000238
200861  -36.236  -73.464  5.950 0.3000000119
201092  -32.940  -80.088  0.334 0.4000000060
202479  -37.327  -80.283  3.956 0.5000000000
202687  -40.921  -63.791  4.335 0.3000000119
202813  -33.368  -65.701  4.688 0.6000000238
202938  -40.396  -68.033  5.905 0.5000000000
202953  -38.483  -72.622  2.282 0.6999999881
203684  -42.819  -58.379  3.652 0.4000000060
203786  -34.954  -67.100  5.364 0.6999999881
203838  -36.134  -63.490  1.994 0.4000000060
204764  -45.480  -60.431  0.007 0.3000000119
204887  -34.493  -73.891  3.583 0.6000000238
204898  -34.576  -81.272  1.735 0.3000000119
205603  -40.680  -64.865  2.080 0.5000000000
205648  -36.091  -78.181  4.341 0.6999999881
205948  -40.805  -62.889  4.091 0.3000000119
206129  -33.500  -63.331  3.296 0.4000000060
206438  -38.274  -65.234  2.188 0.5000000000
206978  -28.358  -84.588  -1.814 0.3000000119
207088  -33.538  -78.717  3.602 0.6000000238
207457  -34.635  -65.332  3.981 0.6000000238
207462  -35.127  -55.120  1.934 0.4000000060
207481  -42.518  -61.062  0.887 0.4000000060
207697  -32.009  -71.929  2.155 0.5000000000
207889  -38.074  -58.462  2.846 0.4000000060
208344  -43.584  -57.614  3.483 0.4000000060
209336  -31.070  -77.025  5.951 0.6000000238
210266  -33.096  -66.352  2.604 0.5000000000
210374  -38.463  -62.808  1.438 0.4000000060
210454  -34.280  -72.145  1.676 0.6999999881
210626  -39.305  -68.344  5.634 0.6000000238
210846  -40.640  -65.928  6.088 0.5000000000
210852  -37.065  -80.513  3.573 0.5000000000
211607  -38.749  -71.048  3.421 0.8000000119
211767  -28.414  -71.438  4.345 0.5000000000
212144  -33.995  -69.943  4.264 0.6999999881
212169  -34.629  -63.687  2.272 0.4000000060
212183  -38.119  -68.804  5.069 0.6000000238
212414  -34.216  -66.978  5.571 0.6000000238
212670  -36.884  -63.550  1.918 0.4000000060
212901  -34.625  -65.879  5.263 0.6000000238
212954  -32.657  -66.499  2.711 0.5000000000
213122  -44.541  -62.023  1.328 0.4000000060
213322  -42.295  -55.866  4.402 0.4000000060
213387  -27.437  -84.198  -1.690 0.4000000060
213462  -43.247  -61.028  0.660 0.4000000060
214308  -34.392  -74.856  4.440 0.6000000238
214466  -32.164  -75.444  5.390 0.6999999881
215090  -29.363  -79.557  3.713 0.5000000000
215115  -43.693  -55.304  3.393 0.4000000060
215179  -33.009  -61.601  4.349 0.3000000119
215348  -31.133  -83.327  0.100 0.3000000119
215362  -30.066  -66.981  2.586 0.4000000060
215576  -42.646  -56.933  4.088 0.4000000060
215835  -30.638  -80.684  1.051 0.4000000060
215962  -31.406  -69.797  5.523 0.6000000238
216040  -28.854  -72.595  2.871 0.5000000000
216521  -33.456  -61.671  3.831 0.4000000060
216880  -37.895  -78.389  6.296 0.3000000119
217248  -39.901  -75.887  3.628 0.5000000000
217403  -33.065  -75.310  5.083 0.6999999881
217623  -32.677  -72.412  1.416 0.6000000238
217859  -41.167  -65.090  4.012 0.5000000000
217886  -35.574  -60.689  1.765 0.4000000060
217894  -40.526  -65.334  3.868 0.5000000000
218153  -35.013  -79.329  1.137 0.6000000238
218251  -46.016  -60.157  1.287 0.3000000119
218336  -38.580  -68.312  7.226 0.3000000119
218361  -36.753  -59.513  1.742 0.4000000060
218751  -29.631  -78.093  0.648 0.5000000000
218897  -29.191  -78.082  0.576 0.3000000119
219133  -39.226  -72.860  2.477 0.6000000238
219555  -28.571  -72.099  3.597 0.5000000000
220531  -35.401  -61.646  2.083 0.4000000060
220747  -38.559  -65.227  2.906 0.5000000000
220760  -33.889  -71.760  1.924 0.6000000238
221048  -40.403  -65.914  6.407 0.5000000000
221164  -42.323  -60.808  3.093 0.3000000119
221446  -30.408  -75.962  5.975 0.5000000000
221448  -29.077  -74.829  5.175 0.5000000000
221602  -32.474  -73.078  1.938 0.6999999881
221841  -39.697  -68.586  7.060 0.4000000060
221948  -36.908  -73.686  5.746 0.3000000119
221994  -37.940  -65.585  5.216 0.5000000000
222115  -32.216  -71.657  3.016 0.6000000238
222314  -38.008  -70.259  4.027 0.6000000238
222392  -43.570  -59.342  3.041 0.3000000119
222527  -41.014  -65.366  5.362 0.3000000119
222771  -34.835  -71.605  2.103 0.6999999881
223985  -33.875  -80.905  0.593 0.4000000060
224299  -27.352  -78.679  -0.088 0.4000000060
224459  -39.152  -61.210  1.201 0.4000000060
224932  -42.276  -64.187  3.168 0.4000000060
224940  -27.586  -73.494  3.544 0.5000000000
225711  -40.137  -73.824  3.691 0.6000000238
225890  -36.616  -65.615  2.292 0.5000000000
226119  -38.884  -73.906  2.351 0.5000000000
226825  -28.968  -70.018  4.992 0.5000000000
227076  -41.998  -60.032  1.559 0.4000000060
227373  -31.751  -81.565  -0.543 0.4000000060
228394  -28.577  -73.349  3.015 0.5000000000
228490  -34.559  -78.844  1.832 0.6000000238
229575  -43.985  -57.565  3.077 0.4000000060
229670  -35.257  -78.739  3.690 0.6999999881
229856  -34.495  -78.987  0.929 0.6000000238
230237  -30.965  -68.016  5.527 0.6000000238
230549  -32.161  -78.842  0.579 0.4000000060
230847  -38.521  -61.070  1.213 0.4000000060
230967  -39.029  -75.651  2.861 0.5000000000
231072  -30.087  -79.513  4.321 0.5000000000
231187  -36.975  -64.452  1.919 0.4000000060
231474  -42.634  -60.590  1.016 0.4000000060
231801  -37.340  -59.013  2.209 0.4000000060
231872  -37.744  -73.056  5.301 0.4000000060
232093  -40.338  -65.302  2.652 0.5000000000
232390  -28.751  -74.400  4.775 0.5000000000
232686  -28.052  -83.483  0.086 0.4000000060
232711  -28.806  -73.701  3.441 0.4000000060
233001  -34.003  -73.852  6.848 0.3000000119
233059  -41.347  -64.844  4.056 0.5000000000
233518  -39.955  -76.881  4.165 0.5000000000
233602  -38.355  -73.586  2.303 0.6000000238
234186  -34.644  -60.094  1.940 0.4000000060
234196  -28.926  -71.103  4.718 0.5000000000
