#!ascii label  , from subject sub-03_ses-009.long.sub-03 vox2ras=TkReg
955
33765  -27.946  -42.169  -19.756 0.6999999881
34906  -28.439  -41.460  -20.918 0.6000000238
203597  -27.992  -41.850  -21.646 0.6000000238
33807  -26.511  -42.811  -23.308 0.4000000060
37186  -24.578  -39.416  -17.369 0.6999999881
38456  -24.724  -38.716  -18.520 0.6999999881
37187  -25.147  -39.139  -17.013 0.6999999881
38449  -25.026  -38.786  -17.765 0.6000000238
37169  -26.049  -39.350  -16.448 0.6999999881
38428  -26.025  -38.459  -17.085 0.6000000238
37152  -26.527  -39.810  -16.191 0.6000000238
38429  -26.639  -38.365  -16.850 0.6000000238
208343  -27.920  -40.130  -16.478 0.6000000238
38409  -27.411  -39.007  -16.686 0.6000000238
213413  -28.485  -37.696  -17.131 0.5000000000
222600  -28.919  -39.191  -17.153 0.5000000000
39671  -29.055  -38.008  -17.366 0.5000000000
38458  -29.828  -38.670  -18.918 0.6000000238
205388  -29.417  -40.766  -19.205 0.6000000238
37216  -29.849  -39.380  -19.254 0.6000000238
226543  -29.776  -39.951  -19.988 0.6000000238
36058  -29.571  -40.114  -20.756 0.6000000238
38465  -24.640  -38.705  -19.857 0.6000000238
39710  -25.036  -38.059  -19.510 0.6000000238
39698  -25.290  -37.726  -18.910 0.6000000238
39686  -25.572  -37.715  -18.290 0.6000000238
42120  -26.093  -36.789  -18.088 0.6000000238
40866  -26.645  -37.339  -17.277 0.6000000238
40867  -27.343  -37.240  -16.879 0.6000000238
42105  -27.635  -36.591  -16.782 0.6000000238
40869  -28.859  -37.180  -17.414 0.6000000238
39687  -29.482  -38.054  -18.003 0.6000000238
40884  -29.310  -36.935  -17.975 0.6999999881
40896  -29.976  -37.512  -19.062 0.6000000238
39699  -29.973  -38.135  -19.309 0.6000000238
36064  -28.617  -41.014  -21.554 0.5000000000
34916  -28.193  -41.263  -22.386 0.5000000000
38477  -23.913  -38.763  -20.583 0.6000000238
39722  -24.514  -38.068  -20.218 0.6000000238
40916  -24.486  -37.448  -20.087 0.6000000238
228684  -24.952  -37.039  -19.633 0.6000000238
42142  -25.796  -36.624  -18.690 0.6000000238
42165  -25.319  -36.375  -19.154 0.6000000238
215576  -25.811  -36.015  -18.741 0.6000000238
43288  -26.561  -35.701  -17.512 0.6000000238
42104  -26.877  -36.773  -17.151 0.6000000238
43289  -27.413  -35.313  -17.291 0.6000000238
43283  -28.635  -35.988  -17.373 0.6999999881
39724  -30.016  -37.991  -20.491 0.6000000238
37243  -29.846  -38.969  -21.143 0.6000000238
34925  -27.437  -41.510  -23.131 0.4000000060
39744  -22.547  -37.996  -22.153 0.6000000238
207878  -23.678  -38.012  -21.144 0.6000000238
222917  -23.629  -37.413  -20.986 0.6000000238
42181  -24.436  -36.755  -19.969 0.6000000238
43326  -24.623  -35.787  -19.735 0.5000000000
43308  -25.712  -35.410  -18.903 0.6000000238
237945  -26.720  -35.128  -17.708 0.6999999881
43291  -29.567  -35.724  -18.494 0.6000000238
42123  -29.416  -36.314  -18.158 0.6000000238
42124  -29.679  -36.332  -18.727 0.6000000238
202328  -29.933  -36.985  -19.497 0.6000000238
214499  -30.030  -36.919  -20.122 0.6000000238
38502  -29.845  -38.563  -21.671 0.6000000238
37256  -29.570  -39.147  -21.781 0.6000000238
36084  -28.391  -40.310  -23.326 0.4000000060
220420  -29.008  -39.871  -22.432 0.5000000000
39756  -21.909  -37.948  -23.233 0.5000000000
40944  -22.112  -37.409  -22.403 0.6000000238
40935  -22.587  -37.328  -21.874 0.6000000238
40926  -23.114  -37.095  -21.361 0.6000000238
42189  -23.489  -36.768  -20.730 0.5000000000
228275  -22.779  -35.846  -20.758 0.5000000000
43339  -23.695  -35.719  -20.068 0.5000000000
44429  -24.759  -34.546  -19.286 0.6000000238
45649  -24.860  -34.017  -19.132 0.6000000238
44409  -25.653  -34.771  -18.675 0.6999999881
45609  -27.535  -34.080  -17.718 0.6999999881
44391  -28.101  -34.593  -17.630 0.6999999881
46883  -28.676  -33.386  -18.241 0.6000000238
44392  -28.927  -34.872  -17.820 0.6999999881
44411  -29.242  -34.508  -18.549 0.6000000238
236986  -29.498  -34.485  -19.131 0.6000000238
212099  -29.819  -35.810  -19.123 0.6000000238
42182  -30.040  -36.294  -20.260 0.6000000238
216880  -30.149  -36.720  -20.748 0.6000000238
38512  -29.230  -38.734  -22.773 0.5000000000
37286  -28.784  -39.088  -23.113 0.4000000060
40951  -21.547  -37.225  -23.318 0.6000000238
42210  -21.575  -36.898  -23.092 0.6000000238
42202  -22.108  -36.918  -22.138 0.5000000000
43358  -22.230  -35.873  -21.370 0.6000000238
43348  -21.998  -35.143  -21.316 0.5000000000
43338  -23.079  -35.476  -20.323 0.6000000238
44449  -22.133  -34.559  -20.817 0.5000000000
221591  -24.157  -35.398  -19.739 0.6000000238
214815  -23.155  -34.372  -19.942 0.5000000000
45648  -24.344  -33.967  -19.394 0.5000000000
46920  -24.898  -32.907  -19.000 0.5000000000
46898  -25.877  -33.463  -18.399 0.6000000238
48224  -25.364  -32.433  -18.839 0.5000000000
236934  -26.078  -32.894  -18.358 0.5000000000
46880  -26.985  -33.676  -17.847 0.6000000238
48226  -26.639  -31.912  -18.368 0.4000000060
46881  -27.659  -33.381  -17.627 0.6999999881
49480  -27.283  -31.826  -18.302 0.4000000060
48207  -28.953  -32.683  -18.687 0.5000000000
45630  -29.296  -33.923  -19.113 0.6000000238
46901  -29.340  -33.246  -19.418 0.5000000000
45650  -29.416  -33.759  -19.713 0.6000000238
45664  -29.493  -33.703  -20.343 0.5000000000
212805  -30.030  -35.232  -20.747 0.6000000238
38525  -28.923  -38.469  -23.326 0.5000000000
210062  -29.673  -34.287  -20.490 0.6000000238
43359  -29.811  -35.967  -21.713 0.6000000238
210285  -29.697  -37.631  -22.080 0.6000000238
42208  -21.000  -36.719  -23.281 0.5000000000
43368  -21.419  -35.704  -22.671 0.5000000000
43357  -21.625  -35.332  -22.084 0.5000000000
44448  -21.556  -34.678  -21.538 0.4000000060
45662  -22.683  -34.100  -20.287 0.4000000060
45663  -23.185  -33.760  -19.878 0.5000000000
46919  -24.287  -33.222  -19.271 0.5000000000
204682  -23.825  -32.908  -19.489 0.5000000000
50771  -26.047  -30.918  -18.671 0.4000000060
49498  -25.994  -31.634  -18.632 0.4000000060
49499  -27.074  -31.336  -18.327 0.4000000060
49500  -27.733  -31.402  -18.380 0.5000000000
48227  -28.595  -32.089  -18.688 0.5000000000
49502  -28.677  -31.475  -18.981 0.5000000000
218305  -29.039  -32.120  -19.183 0.5000000000
48248  -29.362  -32.570  -19.755 0.5000000000
42203  -28.988  -36.206  -23.021 0.5000000000
40945  -29.374  -37.369  -22.762 0.5000000000
200510  -29.770  -35.232  -21.388 0.6000000238
42195  -29.820  -36.574  -22.059 0.5000000000
208119  -22.709  -33.397  -20.259 0.4000000060
48259  -23.045  -32.313  -20.111 0.5000000000
49518  -24.182  -31.816  -19.488 0.5000000000
50788  -24.219  -31.113  -19.403 0.5000000000
210490  -27.073  -30.308  -18.559 0.4000000060
48247  -29.130  -31.897  -19.727 0.5000000000
44469  -28.684  -34.828  -22.698 0.5000000000
42212  -28.512  -36.372  -23.544 0.3000000119
50790  -28.881  -30.767  -19.886 0.5000000000
48272  -29.296  -32.706  -20.821 0.5000000000
44459  -29.381  -34.921  -21.904 0.5000000000
49517  -23.664  -31.361  -19.739 0.4000000060
50770  -25.441  -30.699  -18.901 0.4000000060
50787  -23.814  -30.698  -19.700 0.4000000060
214020  -26.127  -29.487  -19.105 0.4000000060
52026  -25.873  -30.167  -18.868 0.4000000060
52029  -28.003  -29.660  -18.941 0.4000000060
53256  -26.842  -29.259  -19.129 0.4000000060
52043  -28.316  -29.614  -19.322 0.5000000000
44479  -28.179  -34.689  -23.242 0.4000000060
208339  -28.415  -35.176  -23.096 0.4000000060
49559  -29.216  -32.101  -20.707 0.5000000000
207802  -28.860  -33.834  -22.253 0.5000000000
50812  -29.031  -30.799  -20.439 0.5000000000
48271  -29.040  -32.347  -21.210 0.5000000000
45689  -29.273  -33.767  -21.629 0.5000000000
54495  -26.565  -28.652  -19.250 0.4000000060
53258  -28.088  -29.211  -19.144 0.4000000060
46963  -27.902  -33.245  -22.917 0.4000000060
48289  -28.394  -32.925  -22.414 0.5000000000
52064  -28.871  -30.061  -20.283 0.5000000000
49558  -29.022  -31.676  -21.092 0.5000000000
54521  -27.592  -28.118  -19.408 0.4000000060
48288  -27.863  -32.623  -22.742 0.4000000060
48296  -27.384  -32.971  -23.275 0.3000000119
53280  -28.603  -29.533  -19.889 0.5000000000
52078  -28.979  -30.212  -20.942 0.5000000000
49575  -28.708  -31.961  -21.605 0.5000000000
54520  -26.928  -27.932  -19.273 0.4000000060
50854  -27.774  -31.253  -22.455 0.3000000119
48287  -27.296  -32.358  -23.088 0.3000000119
54522  -28.094  -28.368  -19.799 0.4000000060
50842  -28.389  -30.752  -21.948 0.5000000000
54540  -28.723  -28.974  -20.796 0.4000000060
53314  -28.913  -29.599  -20.727 0.5000000000
52092  -28.634  -30.083  -21.570 0.5000000000
57073  -27.223  -26.891  -19.786 0.4000000060
50853  -27.149  -30.999  -22.863 0.3000000119
49596  -26.076  -31.783  -23.816 0.3000000119
55756  -27.771  -27.791  -19.764 0.4000000060
53340  -27.988  -29.362  -22.266 0.4000000060
55788  -28.046  -27.853  -20.833 0.4000000060
54566  -28.462  -28.913  -21.441 0.4000000060
57072  -26.578  -26.485  -19.736 0.5000000000
231988  -27.160  -30.387  -22.904 0.3000000119
52113  -25.882  -30.352  -23.572 0.4000000060
52112  -25.246  -30.003  -24.091 0.4000000060
50875  -25.575  -31.127  -24.537 0.4000000060
57088  -27.758  -27.298  -20.546 0.4000000060
54580  -27.792  -28.747  -22.290 0.5000000000
53338  -26.774  -29.122  -23.047 0.4000000060
57100  -27.726  -27.336  -21.159 0.5000000000
54565  -28.114  -28.310  -21.797 0.5000000000
54564  -27.608  -28.178  -22.277 0.5000000000
54579  -27.148  -28.562  -22.752 0.4000000060
54591  -25.798  -28.860  -23.697 0.4000000060
53358  -25.003  -29.365  -24.435 0.4000000060
52139  -25.748  -30.219  -25.190 0.3000000119
58443  -27.429  -26.175  -20.628 0.5000000000
57109  -27.561  -26.705  -21.476 0.5000000000
55830  -25.055  -28.040  -24.412 0.4000000060
55841  -25.720  -27.947  -25.116 0.3000000119
59814  -26.080  -24.939  -20.935 0.5000000000
55819  -24.932  -27.735  -23.620 0.4000000060
55807  -25.686  -28.272  -23.487 0.4000000060
54603  -25.052  -28.759  -24.457 0.4000000060
54616  -26.300  -28.458  -25.245 0.4000000060
236341  -26.658  -28.766  -25.351 0.3000000119
59798  -26.577  -25.520  -20.754 0.5000000000
57122  -26.823  -27.303  -22.375 0.5000000000
55808  -26.276  -27.731  -22.857 0.5000000000
59816  -26.906  -25.800  -21.612 0.5000000000
57147  -24.799  -27.414  -24.252 0.4000000060
213507  -26.377  -27.229  -25.181 0.4000000060
61025  -25.650  -24.493  -20.852 0.5000000000
212178  -26.801  -27.841  -25.307 0.3000000119
238083  -26.440  -25.383  -21.766 0.5000000000
59839  -25.698  -25.820  -22.608 0.5000000000
58480  -25.369  -26.385  -23.055 0.5000000000
214544  -26.205  -27.216  -22.767 0.5000000000
58467  -26.805  -26.221  -22.057 0.5000000000
58517  -26.424  -25.865  -25.079 0.4000000060
62212  -24.652  -23.860  -21.720 0.5000000000
59854  -24.454  -25.102  -23.558 0.5000000000
58518  -27.702  -26.022  -25.007 0.3000000119
212210  -27.376  -27.191  -25.285 0.3000000119
61044  -25.009  -24.442  -21.890 0.5000000000
61054  -24.625  -24.929  -22.611 0.5000000000
59838  -25.271  -25.353  -22.580 0.5000000000
234558  -29.383  -40.522  -20.320 0.6000000238
34915  -27.299  -41.987  -22.298 0.5000000000
38430  -28.458  -38.970  -16.871 0.6000000238
232181  -26.055  -35.017  -18.506 0.6999999881
39735  -29.987  -37.727  -21.061 0.6000000238
44410  -26.158  -34.538  -18.302 0.6999999881
40936  -29.915  -37.090  -21.756 0.6000000238
45610  -28.204  -33.758  -17.638 0.6999999881
48206  -28.368  -32.666  -18.244 0.5000000000
224687  -29.890  -34.832  -20.224 0.6000000238
48246  -24.270  -32.534  -19.296 0.5000000000
49519  -24.882  -32.067  -19.068 0.5000000000
48204  -27.154  -32.347  -18.118 0.4000000060
45676  -29.565  -34.036  -20.980 0.5000000000
44470  -29.405  -35.431  -22.075 0.5000000000
52027  -26.609  -29.896  -18.866 0.4000000060
52030  -28.285  -30.228  -19.069 0.5000000000
52042  -24.699  -30.130  -19.300 0.4000000060
52103  -27.690  -30.559  -22.448 0.4000000060
237354  -25.726  -29.792  -23.531 0.4000000060
221823  -25.435  -29.653  -25.207 0.3000000119
61045  -25.461  -24.922  -22.015 0.5000000000
58479  -25.084  -25.848  -23.104 0.5000000000
219337  -24.026  -50.914  -18.714 0.5000000000
233509  -24.202  -50.313  -20.155 0.5000000000
22470  -24.077  -50.492  -19.158 0.5000000000
24570  -26.332  -49.153  -21.690 0.5000000000
23517  -24.538  -49.410  -21.464 0.5000000000
23494  -24.659  -49.458  -20.832 0.4000000060
22440  -24.528  -50.059  -17.865 0.5000000000
23457  -25.071  -49.310  -19.303 0.6000000238
218911  -24.617  -49.903  -18.448 0.6000000238
24552  -25.439  -49.152  -21.158 0.5000000000
23476  -25.414  -49.196  -19.881 0.5000000000
24572  -28.555  -48.508  -22.318 0.4000000060
24433  -24.648  -48.543  -14.668 0.6999999881
24445  -25.475  -48.697  -15.163 0.6999999881
24481  -25.514  -48.641  -17.295 0.6999999881
216715  -25.669  -48.749  -18.465 0.5000000000
24491  -25.395  -48.899  -17.963 0.6999999881
198141  -27.323  -48.787  -20.900 0.5000000000
212415  -26.768  -48.688  -19.955 0.5000000000
220977  -26.194  -48.648  -19.237 0.5000000000
25665  -29.251  -47.575  -21.478 0.5000000000
198649  -27.603  -48.908  -21.541 0.5000000000
198539  -23.026  -46.441  -14.565 0.5000000000
26647  -23.522  -46.846  -14.333 0.6999999881
26628  -24.728  -46.086  -14.346 0.6999999881
25554  -24.301  -47.839  -14.335 0.6999999881
27827  -25.367  -46.240  -14.495 0.6999999881
210641  -25.569  -48.803  -15.987 0.6000000238
25612  -26.737  -47.319  -17.918 0.6999999881
25604  -26.580  -47.084  -17.288 0.6000000238
25644  -28.134  -47.932  -19.841 0.5000000000
25626  -27.336  -47.954  -19.043 0.6000000238
25618  -26.939  -47.589  -18.520 0.6000000238
224661  -28.259  -48.148  -20.452 0.5000000000
26756  -30.108  -46.499  -21.443 0.5000000000
223201  -23.318  -44.743  -14.768 0.5000000000
28960  -24.356  -45.434  -14.323 0.6999999881
25556  -25.706  -47.465  -14.928 0.6999999881
28963  -26.644  -45.073  -15.010 0.6999999881
30112  -26.210  -44.622  -14.760 0.6999999881
24460  -26.038  -48.000  -16.526 0.8000000119
26682  -26.606  -46.424  -16.260 0.6999999881
212976  -26.922  -46.183  -18.113 0.6000000238
27895  -26.696  -45.929  -17.662 0.6999999881
26723  -28.444  -46.515  -19.496 0.6999999881
226185  -27.382  -46.459  -18.599 0.6000000238
27937  -29.778  -46.466  -20.840 0.6000000238
26739  -28.877  -46.937  -19.951 0.6000000238
29087  -30.097  -45.164  -21.144 0.6000000238
30125  -22.550  -44.004  -16.127 0.5000000000
32501  -23.039  -42.923  -15.578 0.6000000238
30108  -22.749  -44.602  -15.139 0.5000000000
31288  -23.668  -43.664  -14.800 0.6000000238
30110  -24.239  -44.222  -14.573 0.6000000238
204026  -25.014  -44.219  -14.582 0.6999999881
31292  -26.868  -43.706  -15.290 0.6999999881
31291  -26.215  -43.844  -14.828 0.6000000238
219821  -26.874  -45.347  -15.466 0.6999999881
30118  -27.221  -44.217  -15.730 0.6999999881
26698  -26.609  -46.338  -17.100 0.6999999881
212979  -27.780  -45.232  -19.443 0.6999999881
30201  -29.265  -44.798  -20.569 0.6999999881
29053  -28.398  -45.149  -19.925 0.6999999881
32521  -22.694  -42.769  -16.300 0.5000000000
33687  -23.804  -41.984  -15.627 0.6000000238
231048  -24.510  -42.769  -14.812 0.6000000238
32487  -25.114  -42.947  -14.745 0.6000000238
30127  -27.310  -44.343  -16.329 0.8000000119
31299  -27.533  -43.638  -16.437 0.5000000000
33691  -27.263  -42.521  -15.695 0.6000000238
30151  -26.718  -44.714  -17.857 0.6999999881
31332  -26.693  -43.820  -18.234 0.6999999881
31361  -26.071  -43.967  -20.139 0.6999999881
31360  -26.036  -43.972  -19.674 0.6999999881
31390  -29.727  -44.116  -21.201 0.5000000000
31372  -28.255  -44.347  -20.868 0.6999999881
31407  -27.583  -43.863  -21.999 0.5000000000
32538  -22.199  -42.873  -17.082 0.5000000000
33715  -22.768  -41.788  -17.016 0.5000000000
34842  -23.283  -40.831  -16.739 0.6000000238
33702  -23.486  -41.761  -16.170 0.6000000238
34829  -24.115  -40.962  -16.241 0.6000000238
34815  -25.028  -41.299  -15.550 0.6000000238
35989  -25.200  -40.120  -16.208 0.6000000238
34795  -25.631  -41.553  -15.371 0.6000000238
35970  -25.639  -40.479  -15.794 0.6000000238
33716  -28.442  -41.984  -17.760 0.6000000238
33703  -27.937  -41.979  -16.591 0.5000000000
35971  -26.728  -40.510  -15.848 0.5000000000
33752  -27.867  -42.399  -18.940 0.6000000238
32557  -28.135  -42.451  -18.186 0.6000000238
31369  -26.067  -43.939  -20.403 0.6000000238
214698  -26.661  -43.315  -19.635 0.6000000238
32601  -26.213  -43.458  -21.744 0.5000000000
33726  -22.562  -41.565  -17.521 0.5000000000
36019  -22.983  -40.551  -17.887 0.6000000238
36004  -24.209  -40.048  -17.015 0.6000000238
34830  -27.741  -41.374  -16.213 0.5000000000
37153  -27.255  -40.079  -16.263 0.5000000000
213648  -28.957  -41.426  -18.449 0.4000000060
34844  -28.858  -40.896  -17.467 0.5000000000
36005  -28.647  -40.419  -17.078 0.5000000000
33784  -27.687  -42.112  -20.942 0.6000000238
205223  -21.730  -41.409  -19.084 0.5000000000
34869  -22.632  -40.667  -18.462 0.6000000238
36034  -23.505  -39.889  -18.782 0.6000000238
37185  -23.991  -39.740  -17.710 0.6000000238
37215  -29.549  -39.757  -18.658 0.5000000000
226495  -29.385  -39.361  -18.116 0.4000000060
211865  -21.583  -41.065  -20.272 0.5000000000
201601  -22.474  -40.382  -19.662 0.5000000000
229203  -23.017  -40.033  -19.683 0.6000000238
37201  -23.908  -39.511  -18.402 0.6000000238
34904  -21.312  -41.472  -21.473 0.5000000000
36047  -22.159  -40.513  -20.414 0.5000000000
36057  -22.714  -40.033  -20.953 0.6000000238
37221  -23.859  -39.381  -19.801 0.6000000238
34913  -21.515  -41.441  -22.312 0.5000000000
34905  -21.707  -40.879  -21.758 0.5000000000
37239  -22.543  -39.944  -21.706 0.5000000000
37240  -23.042  -39.514  -21.352 0.6000000238
37229  -23.241  -39.634  -20.679 0.6000000238
34924  -22.004  -40.915  -23.447 0.5000000000
37271  -22.091  -39.817  -23.148 0.5000000000
34946  -21.769  -40.919  -24.279 0.5000000000
38489  -23.189  -38.931  -21.610 0.5000000000
36096  -21.841  -40.299  -24.059 0.5000000000
37272  -22.353  -39.293  -22.957 0.5000000000
34932  -20.296  -40.891  -24.364 0.5000000000
37296  -21.064  -39.916  -24.159 0.5000000000
221171  -21.996  -39.661  -23.559 0.5000000000
38500  -22.607  -38.742  -22.309 0.4000000060
36094  -19.973  -40.319  -23.856 0.5000000000
37283  -20.871  -39.174  -23.882 0.5000000000
198676  -21.608  -38.442  -23.926 0.4000000060
39769  -21.935  -38.456  -23.568 0.4000000060
38520  -20.269  -39.092  -23.662 0.4000000060
235010  -20.676  -38.588  -23.845 0.4000000060
39766  -20.678  -37.970  -23.599 0.4000000060
34870  -28.687  -41.731  -19.089 0.6000000238
33783  -26.894  -42.480  -21.589 0.5000000000
31405  -26.419  -43.530  -22.636 0.4000000060
35972  -27.385  -40.777  -15.913 0.6000000238
39767  -21.277  -37.904  -23.684 0.4000000060
40949  -20.924  -37.299  -23.446 0.4000000060
25570  -25.970  -47.676  -15.422 0.6999999881
30135  -26.883  -44.621  -17.355 0.6999999881
29037  -27.196  -45.260  -18.932 0.6999999881
29036  -26.689  -44.872  -18.232 0.6999999881
235761  -27.542  -42.589  -16.011 0.6000000238
33690  -26.360  -41.707  -15.426 0.6000000238
224618  -27.710  -44.503  -20.434 0.6999999881
31321  -27.420  -43.744  -17.369 0.6999999881
31351  -26.211  -43.911  -18.957 0.6999999881
31386  -26.219  -43.713  -21.210 0.6000000238
31387  -26.774  -44.055  -21.353 0.6000000238
21419  -24.271  -50.593  -17.811 0.5000000000
21431  -24.034  -51.005  -18.129 0.5000000000
21455  -23.912  -51.215  -19.201 0.5000000000
21473  -24.047  -50.773  -19.876 0.5000000000
22439  -24.288  -50.418  -18.459 0.5000000000
22471  -24.404  -49.962  -19.000 0.5000000000
22492  -24.315  -50.033  -19.716 0.5000000000
23366  -24.130  -49.040  -14.842 0.6999999881
23376  -25.142  -49.210  -15.732 0.6999999881
23390  -25.250  -49.101  -16.643 0.6999999881
23414  -25.187  -49.166  -17.429 0.6999999881
23439  -24.954  -49.491  -18.046 0.6000000238
23440  -25.261  -49.144  -18.628 0.5000000000
23456  -24.804  -49.555  -18.807 0.6000000238
23475  -24.598  -49.600  -19.363 0.6000000238
23495  -25.127  -49.261  -20.609 0.5000000000
23518  -24.890  -49.227  -21.326 0.5000000000
23538  -24.665  -49.236  -21.959 0.5000000000
24444  -24.858  -49.097  -15.068 0.6999999881
24446  -25.884  -48.222  -15.810 0.6000000238
24459  -25.701  -48.478  -16.592 0.6999999881
24482  -25.977  -48.134  -17.140 0.6000000238
24492  -25.920  -48.349  -17.901 0.6999999881
24499  -26.093  -48.444  -18.654 0.5000000000
24500  -26.660  -48.221  -18.970 0.5000000000
24511  -26.023  -48.990  -19.779 0.5000000000
24512  -26.525  -48.659  -19.637 0.5000000000
24513  -27.129  -48.418  -19.622 0.5000000000
24514  -27.668  -48.144  -19.553 0.5000000000
24531  -25.758  -49.108  -20.460 0.5000000000
24532  -26.417  -48.936  -20.300 0.5000000000
24533  -26.997  -48.707  -20.320 0.5000000000
24534  -27.661  -48.414  -20.208 0.5000000000
24553  -26.054  -49.078  -21.033 0.5000000000
24554  -26.679  -48.983  -20.952 0.5000000000
24555  -28.001  -48.526  -20.950 0.5000000000
24556  -28.303  -48.547  -21.643 0.5000000000
24568  -25.180  -49.114  -21.914 0.5000000000
24571  -27.904  -48.940  -22.230 0.4000000060
25553  -23.427  -47.605  -14.317 0.6999999881
25555  -25.180  -47.925  -14.655 0.6999999881
25569  -25.752  -48.085  -15.100 0.6999999881
25587  -26.228  -47.497  -16.100 0.8000000119
25603  -26.345  -47.731  -17.559 0.6000000238
25611  -26.445  -47.923  -18.247 0.6999999881
25619  -27.400  -47.198  -18.767 0.6000000238
25627  -27.834  -47.571  -19.277 0.6000000238
25628  -28.394  -47.259  -19.581 0.6999999881
25645  -28.674  -47.556  -20.270 0.5000000000
25646  -29.124  -47.358  -20.772 0.5000000000
25664  -28.714  -48.064  -21.031 0.5000000000
25677  -28.931  -48.172  -21.844 0.5000000000
26646  -22.807  -46.965  -14.549 0.5000000000
26648  -25.028  -46.701  -14.423 0.6999999881
26649  -25.710  -46.751  -14.719 0.6999999881
26650  -26.474  -46.438  -15.521 0.6999999881
26667  -26.151  -47.040  -15.337 0.6999999881
26681  -26.474  -46.908  -15.973 0.6999999881
26697  -26.479  -46.969  -16.633 0.8000000119
26711  -26.693  -46.578  -17.734 0.6999999881
26716  -26.998  -46.881  -18.276 0.6000000238
26724  -28.945  -46.281  -19.943 0.6000000238
26755  -29.541  -46.946  -21.133 0.6000000238
26763  -29.706  -47.133  -21.828 0.5000000000
27825  -23.545  -46.198  -14.384 0.5000000000
27826  -24.071  -45.951  -14.266 0.6999999881
27828  -25.889  -46.040  -14.744 0.6999999881
27829  -26.504  -45.819  -15.078 0.6999999881
27846  -26.783  -45.933  -15.752 0.6999999881
27859  -26.817  -45.895  -16.501 0.6999999881
27874  -26.747  -45.668  -17.226 0.6999999881
27906  -27.164  -45.774  -18.514 0.6000000238
27907  -27.837  -45.952  -19.001 0.6000000238
27914  -28.440  -45.768  -19.572 0.6999999881
27925  -29.376  -45.950  -20.460 0.6999999881
27938  -29.899  -45.880  -21.036 0.6000000238
28961  -25.232  -45.533  -14.549 0.6999999881
28962  -26.059  -45.336  -14.752 0.6999999881
28970  -26.951  -44.795  -15.399 0.6999999881
28971  -27.132  -44.905  -15.985 0.8000000119
28995  -26.805  -45.073  -17.303 0.6999999881
29017  -26.735  -45.313  -17.726 0.6999999881
29051  -27.076  -44.823  -19.343 0.6999999881
29052  -27.561  -44.662  -19.889 0.6999999881
29067  -28.532  -44.692  -20.405 0.6999999881
29068  -29.058  -45.211  -20.276 0.6999999881
29069  -29.580  -45.279  -20.728 0.6999999881
30109  -23.657  -44.306  -14.696 0.5000000000
30111  -25.515  -44.801  -14.575 0.6999999881
30113  -26.752  -44.398  -15.103 0.6999999881
30116  -22.300  -44.560  -15.761 0.5000000000
30117  -22.796  -44.069  -15.543 0.5000000000
30126  -27.020  -44.745  -16.747 0.6999999881
30136  -27.308  -44.257  -16.976 0.6999999881
30152  -26.842  -44.255  -17.767 0.6999999881
30173  -26.463  -44.222  -18.507 0.6999999881
30174  -26.628  -44.600  -18.849 0.6999999881
30186  -26.160  -44.064  -19.128 0.6999999881
30187  -26.396  -44.279  -19.559 0.6999999881
30199  -26.742  -44.305  -20.257 0.6999999881
30200  -29.102  -44.454  -20.896 0.5000000000
30219  -29.732  -44.678  -20.903 0.5000000000
31287  -23.174  -44.137  -14.962 0.5000000000
31289  -24.532  -43.497  -14.663 0.6000000238
31290  -25.415  -43.653  -14.655 0.6000000238
31296  -23.061  -43.526  -15.231 0.6000000238
31297  -23.389  -43.088  -15.097 0.6000000238
31298  -27.318  -43.561  -15.770 0.6000000238
31310  -22.720  -43.462  -15.884 0.5000000000
31352  -26.809  -43.458  -18.698 0.6999999881
31370  -26.237  -43.942  -20.768 0.6000000238
31371  -27.152  -44.256  -20.866 0.6999999881
31388  -27.839  -44.099  -21.389 0.6999999881
31389  -28.906  -44.086  -21.335 0.5000000000
31406  -26.778  -43.836  -22.320 0.4000000060
31408  -28.675  -43.733  -21.802 0.5000000000
31409  -29.590  -43.664  -21.634 0.5000000000
31423  -26.891  -43.688  -23.085 0.4000000060
32486  -23.939  -42.969  -14.903 0.6000000238
32488  -25.537  -42.476  -14.875 0.6000000238
32489  -26.461  -43.118  -15.040 0.6000000238
32490  -27.018  -43.063  -15.499 0.6000000238
32502  -23.565  -42.568  -15.342 0.6000000238
32503  -24.166  -42.302  -15.075 0.6000000238
32504  -27.489  -43.038  -15.957 0.6000000238
32522  -27.721  -42.700  -16.437 0.6000000238
32523  -28.015  -42.472  -16.973 0.5000000000
32539  -22.608  -42.333  -16.858 0.5000000000
32540  -27.821  -43.080  -17.096 0.6999999881
32541  -28.139  -42.611  -17.568 0.6000000238
32556  -27.564  -43.248  -17.919 0.6999999881
32579  -26.405  -43.641  -19.339 0.6000000238
32580  -27.064  -43.091  -19.127 0.6000000238
32590  -26.204  -43.772  -19.854 0.6000000238
32591  -26.543  -43.324  -20.203 0.6000000238
32595  -26.324  -43.588  -20.868 0.6000000238
32612  -26.170  -43.363  -22.272 0.5000000000
32631  -26.296  -43.286  -22.966 0.4000000060
33668  -24.880  -42.220  -14.940 0.6000000238
33669  -25.423  -42.003  -15.081 0.6000000238
33670  -25.932  -42.133  -15.178 0.6000000238
33671  -26.583  -42.447  -15.362 0.6000000238
33686  -23.199  -42.309  -15.880 0.6000000238
33688  -24.494  -41.707  -15.435 0.6000000238
33689  -25.085  -41.732  -15.254 0.6000000238
33692  -27.564  -42.071  -16.009 0.5000000000
33701  -22.969  -42.066  -16.466 0.5000000000
33704  -28.264  -41.977  -17.157 0.5000000000
33714  -22.399  -42.167  -17.413 0.5000000000
33725  -22.228  -41.771  -17.975 0.5000000000
33727  -28.520  -41.918  -18.381 0.6000000238
33764  -27.242  -42.802  -19.643 0.6000000238
33773  -26.279  -43.229  -21.390 0.5000000000
33774  -26.899  -42.812  -20.786 0.6000000238
33775  -27.631  -42.316  -20.393 0.6000000238
33793  -26.354  -42.930  -22.082 0.5000000000
33794  -26.619  -42.565  -22.231 0.5000000000
33803  -26.320  -42.927  -22.563 0.4000000060
33804  -26.789  -42.318  -22.837 0.4000000060
34813  -24.022  -41.453  -15.962 0.6000000238
34814  -24.534  -41.109  -15.908 0.6000000238
34816  -26.123  -40.950  -15.587 0.5000000000
34817  -26.829  -41.213  -15.659 0.6000000238
34818  -27.340  -41.444  -15.798 0.6000000238
34828  -23.644  -41.179  -16.369 0.6000000238
34831  -28.213  -41.289  -16.741 0.5000000000
34841  -23.147  -41.449  -16.635 0.5000000000
34843  -28.557  -41.428  -17.319 0.5000000000
34853  -22.178  -41.252  -18.491 0.5000000000
34854  -22.558  -41.111  -17.927 0.5000000000
34855  -28.807  -41.432  -17.908 0.6000000238
34856  -29.222  -40.843  -18.090 0.5000000000
34871  -29.188  -41.099  -18.835 0.4000000060
34886  -21.294  -41.616  -19.807 0.5000000000
34887  -21.879  -40.928  -19.676 0.5000000000
34888  -28.632  -41.629  -19.780 0.6999999881
34889  -29.110  -41.208  -19.480 0.6000000238
34895  -21.196  -41.522  -20.653 0.5000000000
34896  -21.616  -40.929  -20.949 0.5000000000
34897  -28.244  -41.815  -20.337 0.6999999881
34898  -28.942  -41.170  -20.209 0.6000000238
34907  -28.989  -40.709  -20.844 0.6000000238
34914  -21.837  -40.863  -22.614 0.5000000000
34923  -21.838  -41.474  -23.149 0.5000000000
34926  -28.114  -40.933  -23.074 0.4000000060
34933  -21.977  -40.977  -23.970 0.5000000000
34944  -20.919  -40.874  -24.666 0.5000000000
34945  -21.452  -40.882  -24.517 0.5000000000
35969  -25.053  -40.739  -15.881 0.6000000238
35987  -23.822  -40.587  -16.624 0.6000000238
35988  -24.524  -40.460  -16.355 0.6000000238
35990  -25.845  -39.914  -16.150 0.6000000238
35991  -27.877  -40.741  -16.348 0.5000000000
35992  -28.305  -40.589  -16.695 0.5000000000
36002  -22.890  -41.037  -17.237 0.6000000238
36003  -23.505  -40.393  -17.310 0.6000000238
36006  -28.967  -40.251  -17.579 0.5000000000
36020  -23.527  -40.076  -18.109 0.6000000238
36021  -29.228  -40.021  -18.141 0.4000000060
36032  -22.220  -40.746  -19.025 0.5000000000
36033  -22.922  -40.255  -19.070 0.6000000238
36035  -29.399  -40.467  -18.704 0.5000000000
36036  -29.667  -40.208  -19.253 0.6000000238
36048  -22.839  -40.046  -20.236 0.6000000238
36049  -29.445  -40.671  -19.744 0.6000000238
36056  -22.142  -40.431  -21.291 0.5000000000
36063  -22.049  -40.336  -22.087 0.5000000000
36065  -29.152  -40.258  -21.405 0.5000000000
36070  -22.017  -40.303  -22.897 0.5000000000
36071  -28.480  -40.639  -22.733 0.5000000000
36072  -28.775  -40.404  -22.137 0.5000000000
36083  -21.994  -40.308  -23.611 0.5000000000
36085  -28.710  -40.171  -22.697 0.5000000000
36095  -20.684  -40.358  -24.313 0.5000000000
36108  -21.232  -40.354  -24.392 0.5000000000
36109  -21.638  -40.325  -24.302 0.5000000000
37167  -24.807  -39.724  -16.681 0.6999999881
37168  -25.425  -39.489  -16.502 0.6999999881
37170  -27.025  -39.437  -16.541 0.6000000238
37171  -28.249  -39.580  -16.732 0.6000000238
37188  -28.710  -39.790  -17.098 0.5000000000
37189  -29.088  -39.561  -17.606 0.4000000060
37202  -24.375  -39.166  -18.062 0.6999999881
37203  -29.671  -39.121  -18.535 0.6000000238
37212  -23.452  -39.779  -19.421 0.6000000238
37213  -23.995  -39.367  -19.145 0.6000000238
37214  -24.305  -39.099  -18.671 0.6000000238
37220  -23.366  -39.702  -20.035 0.6000000238
37222  -24.621  -38.852  -19.256 0.6000000238
37223  -30.012  -39.177  -19.965 0.6000000238
37230  -23.721  -39.285  -20.389 0.6000000238
37231  -29.856  -39.432  -20.587 0.6000000238
37241  -23.535  -39.130  -21.010 0.5000000000
37242  -29.597  -39.625  -21.269 0.6000000238
37253  -22.260  -39.812  -22.469 0.5000000000
37254  -22.719  -39.384  -22.082 0.6000000238
37255  -29.272  -39.773  -21.922 0.6000000238
37273  -28.761  -39.703  -22.917 0.5000000000
37282  -20.490  -39.773  -23.893 0.4000000060
37284  -22.078  -39.017  -23.531 0.4000000060
37285  -28.395  -39.578  -23.615 0.4000000060
37297  -21.509  -39.749  -24.243 0.5000000000
37298  -21.718  -39.650  -24.143 0.5000000000
38407  -25.690  -38.925  -16.754 0.6999999881
38408  -26.301  -38.858  -16.719 0.6000000238
38410  -27.907  -39.140  -16.715 0.6000000238
38431  -28.929  -38.634  -17.122 0.5000000000
38450  -29.276  -38.784  -17.676 0.6000000238
38451  -29.632  -38.610  -18.289 0.6000000238
38457  -25.008  -38.376  -19.057 0.6999999881
38464  -24.175  -38.952  -20.104 0.6000000238
38466  -24.923  -38.498  -19.606 0.6000000238
38467  -29.952  -38.724  -19.554 0.6000000238
38478  -24.433  -38.512  -20.259 0.6000000238
38479  -29.977  -38.697  -20.455 0.6000000238
38490  -23.660  -38.563  -21.162 0.6000000238
38491  -29.975  -38.328  -21.069 0.6000000238
38501  -29.248  -39.301  -22.473 0.5000000000
38511  -22.213  -38.782  -23.070 0.4000000060
38513  -29.625  -38.697  -22.274 0.5000000000
38521  -21.212  -38.501  -23.963 0.4000000060
38522  -21.578  -39.050  -24.160 0.5000000000
38523  -21.816  -39.006  -23.942 0.5000000000
39653  -27.269  -38.369  -16.614 0.6000000238
39654  -27.886  -38.592  -16.754 0.6000000238
39666  -25.656  -38.146  -17.700 0.6000000238
39667  -26.324  -37.897  -17.267 0.6000000238
39668  -27.000  -37.828  -16.942 0.6000000238
39669  -27.804  -37.874  -16.871 0.5000000000
39670  -28.488  -38.277  -16.967 0.6000000238
39685  -25.181  -38.215  -18.363 0.6000000238
39688  -29.791  -38.062  -18.647 0.6000000238
39709  -24.898  -38.326  -19.995 0.6000000238
39711  -29.986  -38.290  -19.937 0.6000000238
39723  -24.887  -37.783  -19.863 0.6000000238
39733  -24.007  -38.273  -20.620 0.6000000238
39734  -24.007  -37.756  -20.517 0.6000000238
39745  -23.244  -38.321  -21.689 0.6000000238
39757  -22.199  -38.304  -22.848 0.5000000000
39758  -29.416  -38.134  -22.688 0.6000000238
39759  -29.779  -38.223  -22.077 0.6000000238
39765  -20.126  -38.477  -23.395 0.4000000060
39768  -21.647  -37.795  -23.567 0.4000000060
39771  -28.947  -37.765  -23.388 0.5000000000
40868  -28.134  -37.171  -16.922 0.5000000000
40882  -26.041  -37.412  -17.836 0.6000000238
40883  -26.380  -36.939  -17.599 0.6000000238
40885  -29.638  -37.392  -18.397 0.6000000238
40895  -25.698  -37.190  -18.525 0.6000000238
40906  -25.110  -37.531  -19.418 0.6000000238
40907  -25.411  -37.083  -19.093 0.6000000238
40908  -30.032  -37.593  -19.847 0.6000000238
40917  -30.069  -37.353  -20.574 0.6000000238
40927  -23.294  -37.694  -21.653 0.6000000238
40928  -23.970  -37.109  -20.362 0.5000000000
40929  -30.039  -37.168  -21.175 0.6000000238
40943  -21.790  -37.407  -23.057 0.6000000238
40946  -29.708  -37.071  -22.275 0.5000000000
40950  -21.318  -37.301  -23.415 0.6000000238
40953  -28.920  -36.944  -23.397 0.5000000000
42106  -28.432  -36.550  -17.135 0.6000000238
42107  -29.016  -36.437  -17.635 0.6000000238
42121  -26.415  -36.399  -17.522 0.6000000238
42122  -27.104  -36.075  -17.095 0.6000000238
42143  -26.113  -36.161  -18.127 0.6000000238
42144  -29.858  -36.436  -19.286 0.6000000238
42164  -24.844  -36.294  -19.680 0.6000000238
42166  -29.972  -36.000  -19.718 0.6000000238
42180  -23.934  -36.379  -20.197 0.5000000000
42188  -22.889  -36.416  -21.036 0.5000000000
42190  -30.025  -36.588  -21.398 0.6000000238
42193  -21.850  -36.224  -22.246 0.5000000000
42194  -22.416  -36.681  -21.628 0.6000000238
42200  -20.686  -36.732  -23.270 0.4000000060
42201  -21.811  -36.852  -22.676 0.6000000238
42204  -29.450  -36.693  -22.673 0.5000000000
42209  -21.336  -36.783  -23.163 0.6000000238
43282  -27.941  -35.937  -17.040 0.6000000238
43284  -29.134  -35.676  -17.802 0.6000000238
43290  -28.396  -35.368  -17.402 0.6999999881
43309  -26.193  -35.445  -18.301 0.6999999881
43310  -29.717  -35.070  -18.930 0.6000000238
43327  -25.115  -35.701  -19.306 0.6000000238
43328  -29.949  -35.306  -19.625 0.6000000238
43340  -24.203  -35.908  -19.932 0.5000000000
43341  -30.038  -35.585  -20.255 0.6000000238
43349  -22.518  -35.269  -20.818 0.5000000000
43350  -23.262  -36.144  -20.414 0.5000000000
43369  -28.930  -35.472  -22.716 0.5000000000
43370  -29.520  -36.032  -22.432 0.5000000000
43374  -21.466  -36.296  -22.924 0.6000000238
43376  -28.377  -35.725  -23.394 0.4000000060
44389  -26.469  -34.818  -18.111 0.6999999881
44390  -27.193  -34.665  -17.714 0.6999999881
44393  -29.348  -35.162  -18.310 0.6000000238
44408  -25.229  -35.010  -19.142 0.6000000238
44427  -23.705  -34.213  -19.702 0.5000000000
44428  -24.216  -34.714  -19.595 0.5000000000
44430  -29.724  -34.680  -19.556 0.6000000238
44439  -22.839  -34.790  -20.315 0.5000000000
44440  -23.548  -34.960  -19.922 0.6000000238
44458  -21.155  -34.657  -22.238 0.4000000060
44468  -21.144  -35.122  -22.774 0.5000000000
45608  -26.813  -34.316  -18.045 0.6999999881
45611  -28.747  -34.153  -17.984 0.6999999881
45626  -25.173  -34.369  -18.833 0.6999999881
45627  -25.668  -34.129  -18.441 0.6000000238
45628  -26.343  -33.922  -18.196 0.6999999881
45629  -29.052  -33.864  -18.547 0.6000000238
45675  -22.139  -33.748  -20.664 0.4000000060
45688  -29.100  -34.422  -22.189 0.5000000000
45699  -28.434  -34.184  -22.754 0.4000000060
46882  -28.160  -33.172  -17.776 0.6999999881
46897  -25.238  -33.631  -18.784 0.5000000000
46899  -26.546  -32.604  -18.168 0.5000000000
46900  -29.149  -33.306  -18.856 0.6000000238
46918  -23.736  -33.510  -19.535 0.5000000000
46921  -29.424  -33.243  -19.906 0.5000000000
46933  -22.697  -32.802  -20.220 0.4000000060
46934  -23.266  -32.990  -19.879 0.4000000060
46935  -29.424  -32.996  -20.352 0.5000000000
46944  -29.115  -33.021  -21.385 0.5000000000
46945  -29.381  -33.364  -20.927 0.5000000000
46955  -28.845  -33.283  -22.032 0.5000000000
46964  -28.422  -33.531  -22.584 0.4000000060
48205  -27.728  -32.756  -17.941 0.5000000000
48225  -25.955  -32.325  -18.555 0.5000000000
48228  -29.308  -32.736  -19.095 0.5000000000
48245  -23.682  -32.310  -19.732 0.5000000000
48260  -29.330  -32.468  -20.358 0.5000000000
48281  -28.323  -32.284  -22.193 0.5000000000
48282  -28.746  -32.641  -21.805 0.5000000000
49481  -27.871  -32.113  -18.441 0.4000000060
49497  -25.328  -31.365  -18.910 0.4000000060
49501  -28.282  -31.581  -18.627 0.5000000000
49540  -23.376  -31.821  -19.970 0.4000000060
49541  -29.118  -31.480  -20.564 0.5000000000
49542  -29.213  -31.984  -20.189 0.5000000000
49574  -28.345  -31.570  -22.038 0.5000000000
49586  -27.225  -31.672  -22.945 0.3000000119
49587  -27.785  -31.973  -22.532 0.3000000119
49595  -25.701  -31.300  -24.015 0.4000000060
49597  -26.712  -32.090  -23.445 0.3000000119
50772  -26.774  -30.837  -18.439 0.4000000060
50773  -27.470  -30.822  -18.431 0.4000000060
50774  -28.206  -30.910  -18.702 0.5000000000
50775  -28.605  -30.827  -19.323 0.5000000000
50789  -24.798  -30.792  -19.088 0.4000000060
50828  -29.014  -30.995  -20.996 0.5000000000
50843  -28.809  -31.245  -21.538 0.5000000000
50862  -25.578  -30.710  -24.039 0.4000000060
50863  -25.973  -31.052  -23.605 0.4000000060
50864  -26.564  -31.394  -23.279 0.3000000119
52025  -25.212  -30.271  -19.053 0.4000000060
52028  -27.328  -29.768  -18.920 0.4000000060
52044  -28.595  -30.175  -19.657 0.5000000000
52091  -28.162  -30.003  -22.108 0.4000000060
52102  -26.664  -29.839  -23.139 0.3000000119
52114  -26.552  -30.682  -23.229 0.4000000060
52125  -25.423  -30.455  -24.662 0.4000000060
53257  -27.624  -29.190  -19.082 0.4000000060
53278  -27.877  -28.715  -19.272 0.4000000060
53279  -28.248  -29.054  -19.563 0.4000000060
53299  -28.462  -28.961  -20.168 0.5000000000
53300  -28.745  -29.424  -20.390 0.5000000000
53326  -28.411  -29.455  -21.764 0.4000000060
53327  -28.723  -29.524  -21.199 0.5000000000
53339  -27.366  -29.243  -22.704 0.4000000060
53348  -25.332  -29.384  -23.821 0.4000000060
53349  -26.131  -29.271  -23.414 0.4000000060
53371  -25.084  -29.302  -24.909 0.4000000060
53372  -25.988  -29.085  -25.256 0.3000000119
54496  -27.276  -28.604  -19.153 0.4000000060
54539  -28.310  -28.386  -20.500 0.4000000060
54555  -28.308  -28.380  -21.133 0.5000000000
54578  -26.394  -28.719  -23.239 0.4000000060
54590  -25.210  -28.795  -24.119 0.4000000060
54615  -25.411  -28.640  -24.874 0.4000000060
54617  -27.193  -28.422  -25.432 0.3000000119
55755  -27.401  -27.483  -19.513 0.4000000060
55772  -27.641  -27.310  -19.977 0.4000000060
55773  -28.000  -27.814  -20.220 0.4000000060
55797  -28.065  -27.841  -21.410 0.5000000000
55809  -27.096  -27.867  -22.588 0.5000000000
55818  -24.723  -27.610  -23.906 0.4000000060
57087  -27.483  -26.757  -20.306 0.5000000000
57099  -27.648  -26.659  -20.869 0.4000000060
57108  -27.176  -26.747  -21.959 0.5000000000
57120  -25.482  -27.521  -23.163 0.4000000060
57121  -26.531  -26.745  -22.444 0.5000000000
57160  -25.120  -26.802  -24.483 0.4000000060
57161  -25.963  -26.620  -25.016 0.4000000060
58428  -26.592  -25.900  -20.193 0.5000000000
58429  -27.087  -26.336  -20.155 0.5000000000
58457  -26.963  -25.840  -21.034 0.5000000000
58458  -27.389  -26.195  -21.212 0.5000000000
58468  -27.323  -26.235  -21.672 0.5000000000
58481  -26.124  -26.282  -22.549 0.5000000000
59815  -26.538  -25.364  -21.352 0.5000000000
59826  -25.911  -25.357  -22.090 0.5000000000
59827  -26.324  -25.829  -22.090 0.5000000000
59837  -24.893  -25.339  -22.974 0.5000000000
59847  -24.265  -25.111  -23.250 0.5000000000
59848  -24.817  -25.638  -23.558 0.5000000000
61035  -25.191  -24.229  -21.243 0.5000000000
61036  -25.667  -24.590  -21.433 0.5000000000
61037  -26.100  -25.011  -21.620 0.5000000000
198555  -24.708  -44.824  -14.454 0.6999999881
199325  -24.233  -46.611  -14.284 0.6999999881
199525  -25.758  -26.870  -22.930 0.5000000000
200079  -23.980  -44.825  -14.562 0.6999999881
200099  -29.101  -31.368  -20.036 0.5000000000
200240  -24.695  -47.263  -14.336 0.6999999881
200418  -26.323  -43.628  -21.913 0.5000000000
202815  -24.737  -49.483  -20.014 0.5000000000
202845  -29.532  -34.495  -21.503 0.5000000000
202986  -25.508  -31.965  -18.822 0.5000000000
203379  -27.290  -42.703  -20.164 0.6000000238
203393  -27.027  -41.901  -15.603 0.6000000238
203563  -24.430  -49.447  -21.945 0.5000000000
204170  -24.058  -47.242  -14.216 0.6999999881
204415  -23.123  -40.281  -18.466 0.6000000238
204432  -24.446  -36.208  -19.918 0.6000000238
204459  -29.765  -36.910  -18.903 0.6000000238
204683  -25.581  -32.932  -18.696 0.5000000000
204749  -25.709  -44.236  -14.637 0.6000000238
204845  -26.273  -47.563  -16.898 0.6000000238
205003  -27.568  -27.522  -21.882 0.5000000000
205230  -25.481  -40.999  -15.583 0.6000000238
205309  -25.731  -49.139  -21.602 0.5000000000
206826  -27.021  -26.475  -25.095 0.3000000119
207280  -28.959  -31.394  -19.502 0.5000000000
207287  -26.534  -28.243  -22.938 0.4000000060
207488  -27.561  -42.920  -18.500 0.6000000238
207495  -26.499  -31.323  -18.442 0.4000000060
207515  -27.106  -25.739  -25.103 0.4000000060
207600  -20.736  -36.148  -23.127 0.5000000000
208382  -29.802  -34.670  -20.895 0.6000000238
209001  -25.463  -27.356  -24.749 0.4000000060
209520  -23.788  -48.373  -14.480 0.6999999881
209700  -24.212  -50.191  -21.120 0.4000000060
209749  -24.706  -35.192  -19.492 0.6000000238
210415  -26.865  -45.550  -18.082 0.6999999881
211978  -23.571  -45.459  -14.479 0.5000000000
212091  -29.549  -36.781  -18.440 0.6000000238
212096  -28.829  -30.642  -21.405 0.5000000000
212137  -24.320  -30.561  -19.427 0.4000000060
212803  -30.017  -35.952  -20.930 0.6000000238
212861  -28.546  -40.923  -17.024 0.5000000000
212941  -24.641  -31.430  -19.123 0.5000000000
213232  -24.426  -49.707  -21.089 0.4000000060
213927  -25.814  -43.110  -14.811 0.6000000238
214087  -27.781  -30.262  -18.701 0.4000000060
214381  -23.714  -51.432  -18.546 0.5000000000
214456  -25.034  -29.848  -24.861 0.4000000060
215270  -29.608  -34.242  -19.973 0.6000000238
215505  -24.952  -28.176  -24.034 0.4000000060
216048  -29.274  -46.733  -20.471 0.6000000238
216678  -25.275  -47.222  -14.597 0.6999999881
217257  -26.999  -45.329  -16.637 0.6999999881
218228  -27.056  -45.531  -16.013 0.6999999881
218463  -27.620  -39.553  -16.580 0.5000000000
218584  -28.197  -28.941  -21.911 0.4000000060
218611  -25.492  -38.668  -17.232 0.6000000238
219214  -27.089  -33.010  -17.931 0.4000000060
219782  -27.542  -29.892  -22.610 0.4000000060
220246  -25.688  -48.947  -19.141 0.5000000000
220304  -26.474  -30.406  -18.601 0.4000000060
220597  -28.377  -40.096  -16.787 0.6000000238
221323  -26.180  -40.329  -15.872 0.6000000238
221601  -29.286  -37.505  -17.822 0.6999999881
222174  -22.080  -37.830  -22.722 0.5000000000
222970  -26.857  -38.880  -16.670 0.6000000238
223044  -24.756  -33.539  -19.173 0.5000000000
224485  -26.855  -45.204  -18.493 0.6999999881
225074  -24.379  -49.927  -20.487 0.4000000060
225231  -27.942  -46.838  -19.047 0.6999999881
225882  -29.029  -47.149  -20.341 0.6000000238
226742  -27.985  -33.762  -23.011 0.4000000060
226905  -26.552  -39.258  -16.511 0.6000000238
227416  -26.479  -33.261  -18.117 0.6000000238
228046  -26.180  -46.425  -15.021 0.6999999881
228052  -28.888  -45.655  -19.987 0.6999999881
229453  -29.898  -38.005  -21.579 0.6000000238
229650  -24.284  -39.060  -19.645 0.6000000238
229976  -26.985  -49.055  -21.449 0.5000000000
231126  -29.913  -37.528  -21.519 0.6000000238
231549  -29.102  -35.007  -22.331 0.5000000000
231929  -27.925  -42.820  -18.028 0.6000000238
232262  -24.651  -25.054  -24.012 0.5000000000
232926  -26.339  -29.075  -19.202 0.4000000060
233063  -25.430  -35.889  -18.991 0.6000000238
234414  -29.966  -36.536  -19.776 0.6000000238
234551  -29.498  -38.962  -18.144 0.4000000060
234798  -23.736  -31.836  -19.749 0.4000000060
235164  -29.495  -34.219  -19.496 0.6000000238
235830  -28.607  -39.388  -16.928 0.5000000000
236436  -26.952  -25.959  -20.547 0.5000000000
236821  -26.057  -42.654  -15.034 0.6000000238
237780  -27.602  -40.416  -16.250 0.6000000238
238330  -29.994  -38.718  -19.976 0.6000000238
