#!ascii label  , from subject sub-03_ses-009.long.sub-03 vox2ras=TkReg
883
113621  19.422  3.780  -29.927 0.0000000000
123493  27.285  9.978  -36.543 0.0000000000
232618  24.256  18.074  -37.295 0.0000000000
130390  18.138  15.049  -35.751 0.0000000000
230785  21.011  -0.555  -28.093 0.0000000000
111122  24.770  1.681  -30.433 0.0000000000
117531  22.389  6.034  -33.847 0.0000000000
123498  20.874  10.208  -36.040 0.0000000000
129256  25.909  13.959  -38.743 0.0000000000
138312  28.807  20.150  -37.844 0.0000000000
140587  25.300  21.669  -36.151 0.0000000000
111109  20.383  1.778  -29.117 0.0000000000
108609  22.550  0.315  -29.499 0.0000000000
112393  21.719  2.753  -30.715 0.0000000000
121138  19.169  8.666  -32.988 0.0000000000
124600  17.974  10.851  -33.258 0.0000000000
132724  20.739  16.442  -37.941 0.0000000000
129246  21.360  14.252  -38.175 0.0000000000
216426  25.111  15.986  -38.571 0.0000000000
132735  27.967  16.636  -38.934 0.0000000000
136253  27.376  18.521  -39.916 0.0000000000
142900  23.291  23.687  -34.849 0.0000000000
141718  21.846  22.257  -35.138 0.0000000000
144124  26.335  24.255  -37.545 0.0000000000
118745  24.844  7.237  -35.172 0.0000000000
116291  25.880  5.366  -34.204 0.0000000000
230090  27.605  7.346  -34.860 0.0000000000
221998  19.364  19.052  -37.382 0.0000000000
128028  29.187  12.720  -36.059 0.0000000000
117484  18.443  6.184  -30.680 0.0000000000
115006  20.581  4.592  -32.031 0.0000000000
117518  19.760  6.689  -32.717 0.0000000000
121156  21.887  8.096  -35.017 0.0000000000
122358  23.995  9.830  -37.107 0.0000000000
126834  19.532  12.251  -36.081 0.0000000000
219921  23.549  12.021  -37.462 0.0000000000
125720  26.547  11.639  -38.247 0.0000000000
130398  28.636  14.799  -37.312 0.0000000000
138287  20.425  20.472  -36.431 0.0000000000
137259  25.238  19.888  -37.146 0.0000000000
233944  24.880  23.296  -41.393 0.0000000000
140636  25.596  21.001  -41.382 0.0000000000
138335  26.308  19.780  -40.862 0.0000000000
141762  27.951  22.514  -39.373 0.0000000000
113665  23.940  3.750  -32.621 0.0000000000
114945  19.110  4.485  -29.362 0.0000000000
112366  19.380  3.072  -29.042 0.0000000000
112379  19.656  3.160  -29.710 0.0000000000
214606  20.456  2.157  -29.617 0.0000000000
112395  20.500  3.246  -30.441 0.0000000000
133915  21.978  17.440  -38.291 0.0000000000
132742  22.306  16.373  -38.463 0.0000000000
133912  24.368  17.062  -37.620 0.0000000000
211249  26.328  17.215  -38.665 0.0000000000
135094  26.312  17.833  -38.816 0.0000000000
144104  24.776  24.765  -35.654 0.0000000000
142912  24.206  23.800  -35.425 0.0000000000
145189  26.301  25.529  -38.195 0.0000000000
121168  25.634  8.408  -35.859 0.0000000000
118743  26.239  7.134  -35.135 0.0000000000
228529  27.199  8.716  -35.539 0.0000000000
135071  18.183  18.390  -36.959 0.0000000000
137267  18.410  19.656  -37.054 0.0000000000
108584  19.520  0.435  -27.485 0.0000000000
107281  20.441  -0.555  -27.644 0.0000000000
106003  21.750  -1.268  -27.794 0.0000000000
106012  22.696  -1.007  -28.321 0.0000000000
109865  23.853  1.112  -30.196 0.0000000000
211185  24.755  0.152  -28.662 0.0000000000
117495  19.182  6.140  -31.662 0.0000000000
118698  18.505  7.428  -31.915 0.0000000000
122327  19.358  9.337  -34.376 0.0000000000
121146  19.959  8.482  -33.928 0.0000000000
122337  21.223  9.277  -35.319 0.0000000000
122335  22.949  8.968  -35.889 0.0000000000
123496  22.403  9.972  -36.654 0.0000000000
240228  17.909  12.365  -34.757 0.0000000000
128045  18.916  13.388  -36.208 0.0000000000
129259  23.501  13.549  -38.672 0.0000000000
128065  22.173  13.069  -37.988 0.0000000000
229182  24.365  12.690  -38.439 0.0000000000
125734  24.945  11.789  -38.652 0.0000000000
237293  25.845  12.661  -38.887 0.0000000000
128062  27.550  13.168  -37.986 0.0000000000
130412  27.549  14.428  -38.438 0.0000000000
135091  28.532  18.112  -38.688 0.0000000000
232136  28.943  17.792  -37.158 0.0000000000
140570  23.128  21.968  -35.583 0.0000000000
140592  20.601  21.575  -35.905 0.0000000000
139410  23.001  21.029  -36.414 0.0000000000
137250  22.316  20.097  -36.446 0.0000000000
138282  24.461  20.719  -36.554 0.0000000000
139457  26.185  20.302  -40.923 0.0000000000
235056  26.680  21.214  -41.257 0.0000000000
139456  27.182  21.198  -40.833 0.0000000000
116277  21.328  5.489  -32.889 0.0000000000
207700  21.842  4.329  -32.423 0.0000000000
116274  23.280  4.974  -33.514 0.0000000000
225925  27.322  5.341  -33.106 0.0000000000
115002  26.151  4.078  -32.767 0.0000000000
109843  19.102  1.601  -27.993 0.0000000000
108612  20.924  0.997  -28.726 0.0000000000
107305  21.694  0.188  -28.837 0.0000000000
111108  20.965  1.490  -29.203 0.0000000000
109867  22.256  1.447  -29.923 0.0000000000
111136  22.900  2.073  -30.824 0.0000000000
122294  17.900  9.206  -32.185 0.0000000000
123462  18.528  10.040  -33.366 0.0000000000
124609  19.160  10.664  -34.676 0.0000000000
131560  19.343  16.024  -36.915 0.0000000000
129248  19.895  14.344  -37.433 0.0000000000
131571  21.200  15.471  -38.199 0.0000000000
130429  22.782  14.951  -38.667 0.0000000000
130426  25.188  14.849  -38.866 0.0000000000
208417  27.054  15.016  -38.693 0.0000000000
132738  26.723  16.137  -38.348 0.0000000000
133934  27.597  17.263  -39.702 0.0000000000
137278  28.219  19.035  -39.378 0.0000000000
142903  20.921  23.296  -34.411 0.0000000000
142915  22.270  22.806  -34.722 0.0000000000
141716  23.435  22.732  -35.195 0.0000000000
141731  26.155  22.930  -36.223 0.0000000000
118733  23.527  6.329  -34.964 0.0000000000
116293  24.137  5.268  -34.307 0.0000000000
117542  25.119  6.086  -34.751 0.0000000000
118719  26.786  6.504  -34.477 0.0000000000
132694  17.709  16.141  -35.827 0.0000000000
132714  18.528  16.968  -36.749 0.0000000000
239466  20.222  17.963  -37.781 0.0000000000
136239  21.421  18.309  -37.650 0.0000000000
107292  23.733  -0.452  -28.501 0.0000000000
125698  28.494  11.340  -36.456 0.0000000000
123480  28.411  10.044  -35.687 0.0000000000
114974  18.905  4.892  -30.408 0.0000000000
234548  20.045  4.310  -30.936 0.0000000000
116245  19.591  5.467  -31.459 0.0000000000
117504  20.064  6.094  -32.439 0.0000000000
117516  21.067  6.049  -33.238 0.0000000000
119939  19.457  8.022  -32.814 0.0000000000
118722  20.616  7.226  -33.670 0.0000000000
118735  22.683  7.051  -34.344 0.0000000000
202059  23.526  7.832  -35.558 0.0000000000
122348  24.444  9.055  -36.608 0.0000000000
122346  25.500  9.497  -37.189 0.0000000000
125679  18.520  11.594  -34.751 0.0000000000
234576  20.149  11.093  -36.052 0.0000000000
128056  20.118  13.215  -36.932 0.0000000000
125713  20.734  11.857  -37.060 0.0000000000
124648  22.006  11.194  -36.966 0.0000000000
124660  23.748  11.044  -37.556 0.0000000000
124657  25.210  10.633  -37.940 0.0000000000
124642  26.556  10.781  -37.680 0.0000000000
126854  27.703  12.246  -37.470 0.0000000000
223679  28.816  13.254  -37.022 0.0000000000
131570  28.233  15.700  -38.129 0.0000000000
213485  19.683  19.565  -37.169 0.0000000000
137263  21.631  19.390  -37.155 0.0000000000
213073  24.816  19.105  -37.246 0.0000000000
144141  26.215  24.108  -39.759 0.0000000000
141763  25.963  22.766  -39.832 0.0000000000
141771  25.239  22.204  -41.218 0.0000000000
140614  26.358  21.556  -38.652 0.0000000000
139443  26.220  20.850  -39.384 0.0000000000
224298  26.180  19.843  -38.303 0.0000000000
137279  26.360  18.849  -39.553 0.0000000000
136254  26.609  19.039  -40.457 0.0000000000
222871  28.102  20.467  -40.248 0.0000000000
140619  28.516  21.860  -38.238 0.0000000000
113651  21.467  3.598  -31.496 0.0000000000
112409  22.546  3.034  -31.542 0.0000000000
112407  23.898  2.689  -31.958 0.0000000000
115021  24.704  4.419  -33.554 0.0000000000
238272  25.385  3.127  -32.477 0.0000000000
113622  19.175  4.092  -29.686 0.0000000000
113610  19.293  3.848  -29.157 0.0000000000
113609  19.314  3.484  -29.454 0.0000000000
112365  19.484  2.882  -29.213 0.0000000000
112378  20.187  2.862  -29.942 0.0000000000
113620  19.904  3.507  -30.193 0.0000000000
135081  22.500  17.613  -37.764 0.0000000000
133913  23.353  17.148  -37.816 0.0000000000
224902  25.266  17.155  -37.509 0.0000000000
135078  25.481  17.806  -37.332 0.0000000000
144113  25.862  24.801  -36.385 0.0000000000
122345  26.502  9.016  -36.522 0.0000000000
122334  26.882  8.845  -35.872 0.0000000000
122344  27.026  9.379  -36.291 0.0000000000
108583  20.096  0.159  -27.831 0.0000000000
107282  19.716  -0.175  -27.267 0.0000000000
106004  21.096  -1.046  -27.766 0.0000000000
106002  22.351  -1.467  -27.947 0.0000000000
106014  21.492  -0.823  -28.277 0.0000000000
109879  24.244  1.489  -30.587 0.0000000000
109853  24.736  0.897  -29.529 0.0000000000
109863  24.983  1.488  -29.797 0.0000000000
111121  25.341  1.918  -30.145 0.0000000000
118687  18.187  7.152  -31.414 0.0000000000
119916  17.804  7.790  -31.462 0.0000000000
123471  19.752  9.593  -35.020 0.0000000000
122326  20.114  9.091  -34.673 0.0000000000
123482  21.153  9.729  -35.587 0.0000000000
122351  21.782  9.447  -35.619 0.0000000000
123497  21.758  10.012  -36.094 0.0000000000
128034  18.492  13.677  -35.576 0.0000000000
129215  18.517  14.430  -35.954 0.0000000000
129258  24.752  13.657  -38.815 0.0000000000
208961  24.225  13.256  -38.672 0.0000000000
128075  25.408  13.390  -38.804 0.0000000000
204159  25.526  12.732  -38.970 0.0000000000
128074  25.993  13.190  -38.692 0.0000000000
128073  26.611  13.332  -38.312 0.0000000000
129255  26.501  13.927  -38.564 0.0000000000
137272  28.656  19.253  -37.858 0.0000000000
136235  28.920  18.490  -38.025 0.0000000000
140589  23.815  21.559  -35.649 0.0000000000
214546  23.207  21.433  -36.119 0.0000000000
139408  24.476  21.264  -36.043 0.0000000000
139409  23.684  21.021  -36.412 0.0000000000
139407  25.242  21.005  -36.406 0.0000000000
141775  26.314  21.911  -41.971 0.0000000000
142968  26.746  22.999  -41.524 0.0000000000
141774  26.883  22.306  -41.307 0.0000000000
116296  22.294  5.534  -33.515 0.0000000000
116275  22.612  5.170  -33.217 0.0000000000
116295  22.959  5.529  -33.924 0.0000000000
117503  27.834  5.620  -32.851 0.0000000000
116257  27.615  5.101  -32.518 0.0000000000
111110  19.653  2.310  -29.000 0.0000000000
111093  19.450  1.990  -28.465 0.0000000000
109856  19.926  1.786  -28.841 0.0000000000
109842  19.806  1.305  -28.285 0.0000000000
109855  20.439  1.356  -28.728 0.0000000000
111138  21.470  2.442  -30.207 0.0000000000
111123  21.198  1.952  -29.792 0.0000000000
111137  21.971  2.265  -30.442 0.0000000000
109882  22.485  1.885  -30.343 0.0000000000
112392  22.369  2.501  -30.914 0.0000000000
123463  18.025  10.396  -33.031 0.0000000000
123448  17.962  9.923  -32.838 0.0000000000
123473  18.808  10.354  -34.056 0.0000000000
124599  18.317  10.615  -33.614 0.0000000000
132712  19.738  16.418  -37.181 0.0000000000
131559  19.971  15.766  -37.298 0.0000000000
131592  21.146  15.951  -38.086 0.0000000000
132741  23.551  15.988  -38.318 0.0000000000
131590  22.493  15.620  -38.691 0.0000000000
131588  23.904  15.413  -38.513 0.0000000000
130427  24.356  14.824  -38.810 0.0000000000
131587  24.729  15.495  -38.807 0.0000000000
131586  26.246  15.657  -38.315 0.0000000000
203126  25.970  16.040  -38.267 0.0000000000
135093  26.676  17.593  -39.471 0.0000000000
133935  27.139  17.036  -39.704 0.0000000000
135102  27.269  17.714  -39.922 0.0000000000
220917  28.214  18.347  -39.316 0.0000000000
136252  27.897  18.624  -39.853 0.0000000000
144098  23.063  23.867  -34.203 0.0000000000
142884  22.242  23.742  -34.025 0.0000000000
142902  21.816  23.135  -34.219 0.0000000000
142901  22.637  23.392  -34.533 0.0000000000
142920  25.567  23.742  -35.837 0.0000000000
142921  24.785  23.505  -35.400 0.0000000000
225874  25.394  23.050  -35.653 0.0000000000
141733  24.723  22.709  -35.297 0.0000000000
142937  26.542  23.627  -37.506 0.0000000000
118746  24.196  6.955  -35.279 0.0000000000
118732  24.656  6.520  -35.022 0.0000000000
119958  27.292  7.505  -35.215 0.0000000000
118730  26.679  6.868  -34.836 0.0000000000
118717  27.619  7.085  -34.521 0.0000000000
118707  27.657  6.394  -33.734 0.0000000000
218103  16.928  16.681  -35.205 0.0000000000
132704  17.530  16.835  -35.617 0.0000000000
132703  18.123  16.528  -36.196 0.0000000000
133894  17.935  17.270  -36.267 0.0000000000
136230  18.708  18.904  -37.260 0.0000000000
135070  18.891  18.172  -37.211 0.0000000000
135085  19.970  18.465  -37.591 0.0000000000
135084  20.634  18.089  -37.925 0.0000000000
231292  20.378  18.591  -37.731 0.0000000000
107304  22.232  -0.027  -29.042 0.0000000000
107294  22.449  -0.534  -28.711 0.0000000000
107303  22.775  -0.134  -29.110 0.0000000000
107290  25.022  -0.040  -28.062 0.0000000000
125707  28.587  11.745  -36.441 0.0000000000
117473  18.399  5.779  -30.368 0.0000000000
116231  18.677  5.520  -30.542 0.0000000000
116230  19.224  5.234  -30.813 0.0000000000
116246  19.008  5.880  -30.998 0.0000000000
117505  19.325  6.349  -32.305 0.0000000000
231971  19.654  5.867  -32.009 0.0000000000
116278  20.683  5.728  -32.707 0.0000000000
117517  20.425  6.350  -33.002 0.0000000000
119940  18.773  8.474  -32.424 0.0000000000
119962  20.981  8.062  -34.194 0.0000000000
119950  20.526  8.055  -33.670 0.0000000000
119949  21.153  7.553  -33.979 0.0000000000
118721  21.334  6.985  -33.818 0.0000000000
119960  22.338  7.597  -34.716 0.0000000000
119959  22.978  7.266  -34.830 0.0000000000
119974  22.909  7.757  -35.238 0.0000000000
206670  23.388  9.263  -36.416 0.0000000000
121179  23.632  8.706  -35.878 0.0000000000
214885  24.187  9.437  -36.936 0.0000000000
122347  24.970  9.291  -36.900 0.0000000000
122356  24.875  9.914  -37.314 0.0000000000
230370  18.998  12.414  -35.720 0.0000000000
126835  18.449  12.249  -35.151 0.0000000000
125691  19.214  11.838  -35.326 0.0000000000
124622  18.973  11.218  -34.887 0.0000000000
125690  19.857  11.647  -35.991 0.0000000000
129247  20.601  14.314  -37.753 0.0000000000
129238  20.337  13.736  -37.373 0.0000000000
128066  20.921  13.631  -37.852 0.0000000000
126869  22.882  12.377  -37.621 0.0000000000
126870  21.927  12.456  -37.656 0.0000000000
125727  22.307  12.036  -37.382 0.0000000000
125712  21.690  11.800  -37.200 0.0000000000
213256  22.637  11.510  -37.179 0.0000000000
124647  22.775  10.930  -37.174 0.0000000000
125725  23.739  11.361  -37.600 0.0000000000
125733  25.504  11.544  -38.753 0.0000000000
220950  24.964  11.011  -38.169 0.0000000000
125721  26.027  11.302  -38.561 0.0000000000
124656  25.925  10.881  -38.168 0.0000000000
124655  26.466  11.138  -38.247 0.0000000000
125709  27.423  11.661  -37.239 0.0000000000
125719  26.991  12.048  -37.689 0.0000000000
130399  28.341  14.254  -37.725 0.0000000000
230560  28.461  13.627  -37.355 0.0000000000
129227  28.825  14.054  -36.994 0.0000000000
129226  29.061  14.247  -36.286 0.0000000000
130386  28.913  14.773  -36.578 0.0000000000
132736  27.502  16.337  -38.947 0.0000000000
231331  27.691  15.656  -38.653 0.0000000000
131583  27.987  16.010  -38.631 0.0000000000
141719  20.855  22.626  -35.387 0.0000000000
139412  20.860  20.903  -36.041 0.0000000000
140593  19.819  21.873  -36.135 0.0000000000
139414  19.395  21.425  -36.400 0.0000000000
138289  19.029  20.861  -36.538 0.0000000000
138305  19.347  20.217  -37.035 0.0000000000
138304  20.019  20.041  -36.855 0.0000000000
236218  23.489  20.159  -36.685 0.0000000000
137251  22.036  19.639  -36.788 0.0000000000
137261  23.340  19.454  -36.528 0.0000000000
136226  22.620  18.863  -36.914 0.0000000000
203550  24.049  19.200  -36.679 0.0000000000
210680  25.084  24.483  -40.777 0.0000000000
144152  25.282  23.897  -40.788 0.0000000000
142952  26.264  23.547  -39.302 0.0000000000
142962  25.269  23.069  -40.795 0.0000000000
140646  25.242  21.366  -42.418 0.0000000000
141791  24.803  21.898  -42.635 0.0000000000
141776  25.305  21.409  -41.571 0.0000000000
141770  25.673  21.918  -40.676 0.0000000000
140628  25.850  21.280  -40.464 0.0000000000
140621  26.085  21.442  -39.555 0.0000000000
139450  26.043  20.752  -40.308 0.0000000000
138341  26.526  20.197  -41.069 0.0000000000
139449  26.154  20.198  -40.239 0.0000000000
138328  26.240  19.646  -40.236 0.0000000000
137273  26.579  19.226  -38.512 0.0000000000
137283  26.344  19.132  -40.203 0.0000000000
137289  26.424  19.356  -40.748 0.0000000000
140634  27.615  21.801  -40.134 0.0000000000
139455  27.858  20.927  -40.446 0.0000000000
140627  27.848  21.673  -39.438 0.0000000000
139448  28.123  20.963  -39.609 0.0000000000
141755  28.295  22.375  -38.627 0.0000000000
114987  20.313  4.311  -31.301 0.0000000000
114986  20.914  4.000  -31.848 0.0000000000
115003  23.174  4.045  -32.493 0.0000000000
113650  22.058  3.539  -31.770 0.0000000000
222444  22.718  3.612  -32.061 0.0000000000
112408  23.252  2.984  -31.855 0.0000000000
112422  23.718  3.144  -32.273 0.0000000000
116292  24.685  5.212  -34.439 0.0000000000
115035  24.508  4.886  -34.050 0.0000000000
115034  25.045  4.817  -34.025 0.0000000000
113662  26.458  3.683  -32.234 0.0000000000
113663  25.815  3.456  -32.490 0.0000000000
113648  26.137  3.202  -32.003 0.0000000000
113649  25.584  2.867  -32.093 0.0000000000
111124  19.894  2.568  -29.476 0.0000000000
112377  20.750  2.545  -30.181 0.0000000000
112394  21.088  2.971  -30.617 0.0000000000
133927  21.419  17.119  -38.433 0.0000000000
132743  21.731  16.509  -38.482 0.0000000000
133926  21.833  17.060  -38.418 0.0000000000
132723  23.053  16.455  -38.093 0.0000000000
132721  24.935  16.524  -37.979 0.0000000000
132739  25.602  16.396  -38.202 0.0000000000
133911  25.686  16.842  -37.987 0.0000000000
211680  26.868  18.332  -39.777 0.0000000000
144096  24.188  24.604  -34.763 0.0000000000
144106  23.831  24.075  -35.163 0.0000000000
144115  24.799  24.127  -35.596 0.0000000000
237708  25.831  24.209  -36.286 0.0000000000
220170  26.201  24.901  -37.852 0.0000000000
118744  25.551  7.352  -35.241 0.0000000000
119970  25.981  7.810  -35.498 0.0000000000
217631  27.049  8.203  -35.497 0.0000000000
119957  27.777  7.897  -34.905 0.0000000000
136231  18.021  19.022  -36.803 0.0000000000
240007  18.907  19.332  -37.311 0.0000000000
232362  19.023  0.816  -27.183 0.0000000000
104713  21.983  -1.887  -27.390 0.0000000000
104712  22.701  -1.837  -27.431 0.0000000000
209110  23.014  -1.324  -27.759 0.0000000000
108622  22.913  0.684  -29.883 0.0000000000
212034  23.726  0.367  -29.347 0.0000000000
108620  24.086  0.785  -29.719 0.0000000000
117496  18.645  6.516  -31.225 0.0000000000
118686  18.788  6.723  -31.901 0.0000000000
118697  19.043  6.943  -32.475 0.0000000000
121147  19.440  8.929  -33.620 0.0000000000
121159  19.838  8.847  -34.229 0.0000000000
122325  20.813  8.855  -34.985 0.0000000000
121172  21.665  8.814  -35.259 0.0000000000
121171  22.369  8.302  -35.559 0.0000000000
122336  22.216  8.965  -35.761 0.0000000000
240183  22.960  9.319  -36.383 0.0000000000
123510  23.652  10.300  -37.197 0.0000000000
126836  18.189  12.944  -35.100 0.0000000000
126847  19.169  12.790  -36.224 0.0000000000
129260  22.748  13.913  -38.502 0.0000000000
129245  22.106  13.797  -38.209 0.0000000000
128078  23.116  13.084  -38.557 0.0000000000
128077  23.838  12.871  -38.379 0.0000000000
126880  24.164  12.312  -38.194 0.0000000000
125735  24.398  11.788  -38.231 0.0000000000
126879  24.635  12.233  -38.564 0.0000000000
231220  25.639  12.205  -38.900 0.0000000000
126866  26.125  11.922  -38.602 0.0000000000
126865  26.668  12.314  -38.165 0.0000000000
128063  26.931  12.898  -38.143 0.0000000000
129244  27.661  13.908  -38.057 0.0000000000
130411  27.989  14.678  -38.271 0.0000000000
133923  28.463  17.553  -38.771 0.0000000000
133909  28.425  17.186  -38.169 0.0000000000
135076  28.778  17.834  -37.981 0.0000000000
218369  29.136  18.293  -37.326 0.0000000000
140571  22.482  21.982  -35.558 0.0000000000
140572  21.144  21.982  -35.593 0.0000000000
235055  21.921  21.745  -35.655 0.0000000000
238564  21.970  21.222  -35.866 0.0000000000
139411  21.582  20.740  -35.928 0.0000000000
209730  21.149  20.290  -36.247 0.0000000000
231395  22.808  20.568  -36.492 0.0000000000
138284  23.286  20.618  -36.657 0.0000000000
138302  24.507  20.208  -36.933 0.0000000000
140657  25.516  21.030  -42.408 0.0000000000
139458  25.945  20.768  -41.106 0.0000000000
139477  25.691  20.909  -41.998 0.0000000000
225240  26.153  21.024  -41.512 0.0000000000
139464  26.635  20.716  -41.245 0.0000000000
215446  27.282  20.348  -41.106 0.0000000000
140635  27.349  21.959  -40.573 0.0000000000
116258  20.926  5.068  -32.477 0.0000000000
115005  21.156  4.386  -32.310 0.0000000000
115025  21.545  4.880  -32.667 0.0000000000
115023  22.907  4.608  -32.870 0.0000000000
115022  23.562  4.398  -33.066 0.0000000000
116290  26.517  5.496  -33.907 0.0000000000
116273  26.162  5.007  -33.622 0.0000000000
115017  27.009  4.868  -32.763 0.0000000000
115001  26.732  4.307  -32.477 0.0000000000
109827  18.807  1.323  -27.474 0.0000000000
109826  19.373  1.043  -27.687 0.0000000000
108598  20.443  0.716  -28.317 0.0000000000
108597  21.154  0.477  -28.522 0.0000000000
107295  21.353  -0.167  -28.406 0.0000000000
108611  21.452  0.847  -29.001 0.0000000000
108610  22.037  0.563  -29.276 0.0000000000
109854  21.751  1.294  -29.546 0.0000000000
108623  22.345  0.833  -29.814 0.0000000000
209499  22.786  1.297  -30.048 0.0000000000
109880  23.727  1.491  -30.576 0.0000000000
221559  24.080  1.771  -30.948 0.0000000000
121139  18.513  9.136  -32.533 0.0000000000
122317  18.451  9.628  -32.919 0.0000000000
122316  18.950  9.507  -33.546 0.0000000000
123461  18.970  9.804  -34.001 0.0000000000
123472  19.280  9.983  -34.528 0.0000000000
123484  19.935  10.441  -34.877 0.0000000000
131550  18.842  15.547  -36.709 0.0000000000
130401  19.045  14.911  -36.891 0.0000000000
130400  19.588  14.944  -37.281 0.0000000000
130414  20.278  14.977  -37.590 0.0000000000
130431  21.559  15.043  -38.458 0.0000000000
131591  21.615  15.830  -38.515 0.0000000000
239392  22.132  15.228  -38.817 0.0000000000
230416  22.536  14.625  -38.711 0.0000000000
221618  23.201  14.318  -38.618 0.0000000000
214307  24.719  14.298  -38.850 0.0000000000
130425  25.761  14.534  -38.843 0.0000000000
130424  26.429  14.633  -38.705 0.0000000000
214883  25.973  15.098  -38.681 0.0000000000
221674  27.166  15.989  -38.788 0.0000000000
133924  26.774  16.840  -38.984 0.0000000000
132755  27.345  16.816  -39.515 0.0000000000
133933  28.102  17.320  -39.368 0.0000000000
135092  28.329  17.814  -39.264 0.0000000000
136245  28.470  18.790  -38.659 0.0000000000
137277  28.456  19.532  -38.666 0.0000000000
142913  23.634  23.437  -35.253 0.0000000000
141717  22.730  22.393  -35.117 0.0000000000
140569  23.905  22.248  -35.100 0.0000000000
140588  24.587  21.884  -35.537 0.0000000000
208665  26.081  22.091  -36.505 0.0000000000
117545  23.256  6.093  -34.805 0.0000000000
117529  23.424  5.787  -34.476 0.0000000000
117544  23.776  5.986  -34.809 0.0000000000
116308  24.917  5.617  -34.696 0.0000000000
116307  25.548  5.637  -34.661 0.0000000000
118731  25.441  6.744  -34.856 0.0000000000
117540  26.153  6.596  -34.628 0.0000000000
117528  26.179  5.927  -34.386 0.0000000000
117527  27.013  6.038  -34.002 0.0000000000
131551  18.224  15.726  -36.185 0.0000000000
132702  18.695  16.242  -36.655 0.0000000000
132713  19.188  16.687  -37.009 0.0000000000
133902  19.813  17.106  -37.362 0.0000000000
133904  18.432  17.718  -36.766 0.0000000000
133903  19.041  17.437  -37.179 0.0000000000
133918  20.154  17.606  -37.737 0.0000000000
206186  21.096  17.592  -38.248 0.0000000000
135082  21.758  17.855  -38.113 0.0000000000
135068  22.928  18.216  -37.331 0.0000000000
207088  21.891  -0.429  -28.623 0.0000000000
108596  24.054  0.058  -28.794 0.0000000000
123492  27.582  10.583  -36.703 0.0000000000
202026  27.898  10.186  -36.153 0.0000000000
236318  28.407  10.516  -35.999 0.0000000000
224505  18.944  4.823  -29.858 0.0000000000
114958  19.174  4.340  -30.204 0.0000000000
113636  19.542  4.024  -30.478 0.0000000000
114973  19.326  4.552  -30.667 0.0000000000
114988  19.689  4.769  -31.142 0.0000000000
116244  20.065  4.893  -31.646 0.0000000000
116259  20.294  5.451  -32.037 0.0000000000
117515  21.793  5.847  -33.287 0.0000000000
119926  18.932  7.721  -32.410 0.0000000000
118710  19.496  7.276  -32.896 0.0000000000
119951  19.708  8.236  -33.472 0.0000000000
119938  19.978  7.582  -33.317 0.0000000000
118709  20.195  6.977  -33.176 0.0000000000
118708  20.824  6.617  -33.517 0.0000000000
118720  22.187  6.753  -33.924 0.0000000000
117546  22.845  6.390  -34.351 0.0000000000
118734  23.214  6.585  -34.936 0.0000000000
118747  23.696  6.771  -35.138 0.0000000000
119972  23.840  7.337  -35.513 0.0000000000
121170  23.112  8.318  -35.618 0.0000000000
121169  23.966  8.042  -35.803 0.0000000000
239825  24.681  8.174  -35.833 0.0000000000
204559  24.983  8.589  -36.230 0.0000000000
121177  25.726  8.937  -36.507 0.0000000000
123494  26.620  9.746  -36.845 0.0000000000
124611  18.047  11.102  -33.832 0.0000000000
124621  19.642  11.072  -35.345 0.0000000000
124620  20.286  10.600  -35.706 0.0000000000
129230  19.111  13.848  -36.651 0.0000000000
128044  19.464  13.297  -36.576 0.0000000000
126846  19.806  12.691  -36.571 0.0000000000
128054  21.408  13.041  -37.694 0.0000000000
126856  20.422  12.493  -37.039 0.0000000000
125701  20.093  12.037  -36.619 0.0000000000
125700  20.471  11.502  -36.467 0.0000000000
125699  21.159  11.360  -36.797 0.0000000000
208583  21.372  10.513  -36.372 0.0000000000
124632  22.077  10.540  -36.736 0.0000000000
123511  22.865  10.307  -37.065 0.0000000000
123509  24.038  10.395  -37.245 0.0000000000
125724  24.167  11.406  -37.873 0.0000000000
124644  24.219  10.752  -37.592 0.0000000000
123508  24.419  10.344  -37.475 0.0000000000
123507  25.366  10.042  -37.586 0.0000000000
241895  26.409  10.263  -37.295 0.0000000000
123505  26.971  10.391  -37.061 0.0000000000
124640  27.770  11.284  -36.717 0.0000000000
125708  28.074  11.898  -36.829 0.0000000000
126852  28.553  12.260  -36.716 0.0000000000
126863  28.010  12.569  -37.745 0.0000000000
128052  28.615  12.743  -37.038 0.0000000000
128043  28.941  12.749  -36.593 0.0000000000
130422  27.583  15.010  -38.612 0.0000000000
205979  28.030  15.328  -38.444 0.0000000000
132719  28.276  16.776  -37.595 0.0000000000
131558  28.500  15.469  -37.483 0.0000000000
140573  20.298  22.202  -35.699 0.0000000000
137266  19.108  19.651  -37.301 0.0000000000
239590  19.494  19.284  -37.335 0.0000000000
138303  20.753  19.974  -36.870 0.0000000000
137264  21.003  19.449  -37.209 0.0000000000
136229  20.585  18.958  -37.501 0.0000000000
136227  21.831  18.782  -37.189 0.0000000000
224755  24.175  18.604  -37.052 0.0000000000
210982  26.110  25.471  -38.887 0.0000000000
144132  26.220  24.904  -38.570 0.0000000000
145197  25.758  24.583  -40.191 0.0000000000
144135  26.343  24.277  -38.943 0.0000000000
142943  26.421  23.731  -38.295 0.0000000000
214271  26.601  23.046  -37.771 0.0000000000
231641  26.390  22.292  -38.158 0.0000000000
142970  24.667  22.479  -41.709 0.0000000000
242152  25.690  22.684  -40.517 0.0000000000
224695  25.954  22.066  -39.698 0.0000000000
217144  26.650  21.690  -37.797 0.0000000000
222182  26.411  21.213  -37.526 0.0000000000
139434  26.537  20.922  -38.451 0.0000000000
138314  26.088  20.492  -37.829 0.0000000000
139442  26.210  20.238  -39.396 0.0000000000
137258  25.978  19.930  -37.518 0.0000000000
210635  25.824  19.335  -37.445 0.0000000000
136224  26.443  18.904  -37.837 0.0000000000
135066  24.818  18.295  -37.250 0.0000000000
136247  26.507  18.517  -38.733 0.0000000000
136246  26.461  18.703  -40.074 0.0000000000
136261  27.114  18.952  -40.412 0.0000000000
138333  27.453  19.778  -40.854 0.0000000000
137287  27.518  19.320  -40.506 0.0000000000
136260  27.570  18.910  -40.215 0.0000000000
138321  28.314  20.365  -39.617 0.0000000000
139441  28.445  20.993  -38.770 0.0000000000
139440  28.747  21.427  -37.848 0.0000000000
141761  28.410  23.273  -38.698 0.0000000000
141754  28.796  23.126  -38.044 0.0000000000
236055  28.716  22.502  -37.959 0.0000000000
139433  29.288  21.664  -37.256 0.0000000000
114972  20.172  3.876  -30.704 0.0000000000
113635  20.860  3.638  -31.033 0.0000000000
112411  21.429  3.253  -31.001 0.0000000000
113667  21.568  3.923  -32.043 0.0000000000
112410  21.933  3.122  -31.250 0.0000000000
111153  23.024  2.492  -31.279 0.0000000000
111152  23.569  2.442  -31.522 0.0000000000
111134  24.594  1.845  -31.015 0.0000000000
116294  23.601  5.348  -34.123 0.0000000000
115036  23.974  4.753  -33.741 0.0000000000
209386  24.172  4.296  -33.138 0.0000000000
115020  25.395  4.334  -33.600 0.0000000000
113676  25.131  4.027  -33.183 0.0000000000
113664  24.583  3.369  -32.687 0.0000000000
112420  24.944  2.936  -32.389 0.0000000000
111150  24.881  2.193  -31.486 0.0000000000
111133  25.223  2.082  -30.883 0.0000000000
234635  27.974  9.593  -35.743 0.0000000000
121155  28.113  8.643  -34.780 0.0000000000
106013  22.101  -0.969  -28.333 0.0000000000
107291  24.391  -0.265  -28.286 0.0000000000
107293  23.064  -0.542  -28.649 0.0000000000
107296  20.776  0.041  -28.123 0.0000000000
107302  23.394  -0.104  -29.003 0.0000000000
108608  23.098  0.267  -29.508 0.0000000000
108621  23.464  0.677  -29.882 0.0000000000
109864  24.420  1.216  -30.074 0.0000000000
109866  23.332  1.106  -30.181 0.0000000000
109868  21.856  1.878  -30.021 0.0000000000
109881  23.179  1.678  -30.429 0.0000000000
111135  23.529  1.985  -31.022 0.0000000000
111151  24.166  2.173  -31.437 0.0000000000
112406  25.077  2.596  -31.883 0.0000000000
112421  24.256  3.023  -32.371 0.0000000000
113666  22.121  3.896  -32.173 0.0000000000
113675  25.613  3.979  -33.018 0.0000000000
113677  24.622  3.899  -32.998 0.0000000000
115000  27.329  4.584  -32.168 0.0000000000
115004  22.511  4.231  -32.424 0.0000000000
115018  26.427  4.642  -33.046 0.0000000000
115019  25.907  4.402  -33.398 0.0000000000
115024  22.301  4.904  -32.591 0.0000000000
115033  25.629  4.839  -33.916 0.0000000000
116276  21.947  5.306  -33.039 0.0000000000
116309  24.281  5.622  -34.663 0.0000000000
116310  23.818  5.630  -34.545 0.0000000000
117530  23.025  5.953  -34.315 0.0000000000
117532  21.592  6.397  -33.607 0.0000000000
117541  25.668  6.109  -34.615 0.0000000000
117543  24.456  6.036  -34.832 0.0000000000
118718  27.376  6.646  -34.305 0.0000000000
118729  26.909  7.174  -35.183 0.0000000000
118736  21.886  7.308  -34.188 0.0000000000
119948  28.036  7.494  -34.358 0.0000000000
119961  21.532  7.779  -34.538 0.0000000000
119969  26.709  7.642  -35.436 0.0000000000
119971  25.134  7.943  -35.559 0.0000000000
119973  23.452  7.246  -35.162 0.0000000000
119979  24.363  7.706  -35.605 0.0000000000
121157  21.209  8.345  -34.722 0.0000000000
121158  20.439  8.493  -34.398 0.0000000000
121166  27.557  8.546  -35.249 0.0000000000
121167  26.370  8.407  -35.904 0.0000000000
121178  24.416  8.385  -36.011 0.0000000000
122332  28.040  9.094  -35.297 0.0000000000
122333  27.418  9.145  -35.679 0.0000000000
122338  20.526  9.404  -35.196 0.0000000000
122349  23.921  9.206  -36.605 0.0000000000
122350  22.398  9.426  -36.275 0.0000000000
122357  24.415  9.790  -37.138 0.0000000000
122359  23.582  9.591  -36.987 0.0000000000
123481  27.512  9.661  -36.087 0.0000000000
123483  20.410  9.992  -35.415 0.0000000000
123495  26.093  9.350  -36.920 0.0000000000
123506  25.983  9.861  -37.284 0.0000000000
123518  24.576  10.698  -37.786 0.0000000000
124610  18.527  10.974  -34.311 0.0000000000
124631  28.169  10.817  -36.363 0.0000000000
124633  21.458  10.896  -36.649 0.0000000000
124634  20.773  10.857  -36.353 0.0000000000
124641  27.208  11.003  -37.227 0.0000000000
124643  25.913  10.385  -37.727 0.0000000000
124645  23.910  10.811  -37.501 0.0000000000
124646  23.480  10.813  -37.404 0.0000000000
124658  24.366  11.057  -37.866 0.0000000000
124659  24.001  11.148  -37.757 0.0000000000
125710  26.858  11.370  -37.795 0.0000000000
125711  23.273  11.189  -37.457 0.0000000000
125722  25.416  11.067  -38.473 0.0000000000
125723  24.595  11.370  -38.199 0.0000000000
125726  23.169  11.755  -37.347 0.0000000000
126825  17.928  11.861  -34.604 0.0000000000
126845  28.918  12.109  -36.158 0.0000000000
126853  28.245  12.428  -37.276 0.0000000000
126855  21.227  12.401  -37.374 0.0000000000
126864  27.457  12.576  -37.903 0.0000000000
126867  23.932  11.953  -37.755 0.0000000000
126868  23.540  12.505  -37.970 0.0000000000
126877  26.248  12.634  -38.558 0.0000000000
126878  25.145  12.330  -38.816 0.0000000000
128053  28.326  12.991  -37.452 0.0000000000
128055  20.735  13.077  -37.375 0.0000000000
128061  27.943  12.882  -37.866 0.0000000000
128064  22.842  12.848  -38.281 0.0000000000
128072  27.162  13.444  -38.156 0.0000000000
128076  24.882  12.867  -38.733 0.0000000000
128079  22.606  13.358  -38.298 0.0000000000
129231  18.896  14.423  -36.566 0.0000000000
129237  28.002  13.491  -37.678 0.0000000000
129239  19.309  14.380  -37.017 0.0000000000
129254  27.083  13.928  -38.313 0.0000000000
129257  25.292  14.109  -38.844 0.0000000000
130389  18.611  15.027  -36.348 0.0000000000
130413  20.925  14.945  -38.019 0.0000000000
130423  27.071  14.501  -38.596 0.0000000000
130428  23.565  14.807  -38.579 0.0000000000
130430  22.076  14.525  -38.578 0.0000000000
131545  28.817  15.377  -36.854 0.0000000000
131572  20.659  15.665  -37.820 0.0000000000
131584  27.318  15.571  -38.737 0.0000000000
131585  26.742  15.420  -38.588 0.0000000000
131589  23.164  15.385  -38.317 0.0000000000
132695  17.206  16.151  -35.422 0.0000000000
132720  28.245  16.494  -38.345 0.0000000000
132722  23.946  16.495  -37.991 0.0000000000
132725  20.222  16.498  -37.488 0.0000000000
132737  27.004  16.521  -39.133 0.0000000000
132740  24.363  16.034  -38.517 0.0000000000
132744  21.327  16.543  -38.326 0.0000000000
132754  27.732  16.902  -39.336 0.0000000000
133901  28.607  17.250  -37.379 0.0000000000
133910  28.213  17.040  -38.826 0.0000000000
133914  22.473  17.025  -38.207 0.0000000000
133916  21.504  17.549  -38.507 0.0000000000
133917  20.954  17.118  -38.201 0.0000000000
133925  26.221  16.619  -38.272 0.0000000000
135067  23.658  18.173  -37.288 0.0000000000
135069  19.632  17.928  -37.519 0.0000000000
135077  25.968  17.368  -37.867 0.0000000000
135079  23.930  17.664  -37.537 0.0000000000
135080  23.269  17.821  -37.672 0.0000000000
135083  21.164  17.927  -38.128 0.0000000000
135101  27.901  17.894  -39.751 0.0000000000
136225  23.479  18.750  -36.893 0.0000000000
136228  21.164  18.900  -37.426 0.0000000000
136236  26.111  18.141  -37.918 0.0000000000
136237  25.510  18.629  -37.514 0.0000000000
136238  22.134  18.217  -37.390 0.0000000000
136240  20.832  18.487  -37.885 0.0000000000
137248  23.923  19.940  -36.960 0.0000000000
137249  22.973  20.070  -36.504 0.0000000000
137260  24.499  19.684  -37.029 0.0000000000
137262  22.566  19.575  -36.635 0.0000000000
137265  20.314  19.450  -37.125 0.0000000000
137282  27.943  19.237  -40.026 0.0000000000
137288  26.933  19.353  -40.722 0.0000000000
138283  23.852  20.486  -36.819 0.0000000000
138285  22.316  20.783  -36.190 0.0000000000
138286  21.531  19.819  -36.645 0.0000000000
138288  19.727  20.647  -36.536 0.0000000000
138300  25.692  20.320  -37.183 0.0000000000
138301  25.186  20.500  -36.818 0.0000000000
138306  18.698  20.333  -36.889 0.0000000000
138313  26.240  20.238  -38.682 0.0000000000
138320  28.521  20.264  -38.809 0.0000000000
138322  26.256  19.570  -39.317 0.0000000000
138327  28.050  19.871  -40.327 0.0000000000
138334  26.771  19.752  -40.982 0.0000000000
139413  20.138  21.172  -36.303 0.0000000000
139427  25.930  20.748  -36.919 0.0000000000
139465  26.071  20.779  -41.272 0.0000000000
139466  25.751  20.852  -41.700 0.0000000000
140586  25.984  21.415  -36.732 0.0000000000
140590  22.605  21.476  -35.935 0.0000000000
140591  21.349  21.342  -35.769 0.0000000000
140613  28.967  22.154  -37.585 0.0000000000
140620  28.214  21.547  -38.923 0.0000000000
140643  26.936  21.771  -41.016 0.0000000000
140644  26.473  21.512  -41.558 0.0000000000
140645  25.462  20.989  -42.128 0.0000000000
140656  25.980  21.064  -42.110 0.0000000000
141715  24.031  23.182  -35.453 0.0000000000
141732  25.415  22.374  -35.852 0.0000000000
141741  26.562  22.447  -37.190 0.0000000000
141747  29.380  22.811  -37.680 0.0000000000
141756  26.256  22.808  -38.838 0.0000000000
141769  27.384  22.535  -40.728 0.0000000000
141777  24.857  21.910  -42.037 0.0000000000
142914  23.005  23.101  -35.031 0.0000000000
142919  26.210  23.727  -36.470 0.0000000000
142950  28.747  23.989  -38.870 0.0000000000
142961  25.995  23.378  -40.107 0.0000000000
142971  24.367  23.088  -42.086 0.0000000000
144097  23.716  24.194  -34.478 0.0000000000
144105  24.374  24.393  -35.341 0.0000000000
144114  25.327  24.447  -35.936 0.0000000000
144151  25.829  23.844  -40.335 0.0000000000
145166  25.344  25.033  -35.868 0.0000000000
145182  26.194  25.479  -37.486 0.0000000000
145191  26.163  24.813  -39.353 0.0000000000
201515  27.224  7.002  -34.840 0.0000000000
201635  19.942  18.977  -37.360 0.0000000000
201806  23.025  9.667  -36.875 0.0000000000
201861  22.895  15.957  -38.370 0.0000000000
202897  19.372  18.554  -37.375 0.0000000000
205749  24.691  17.664  -37.377 0.0000000000
207569  20.054  2.119  -29.226 0.0000000000
208484  19.726  13.819  -36.953 0.0000000000
208660  18.703  12.903  -35.688 0.0000000000
209244  24.540  2.567  -31.937 0.0000000000
210017  18.778  13.941  -36.219 0.0000000000
210292  25.294  5.251  -34.377 0.0000000000
211343  25.177  3.526  -32.773 0.0000000000
212391  20.447  17.090  -37.780 0.0000000000
212403  24.017  6.422  -34.979 0.0000000000
214180  24.021  14.084  -38.861 0.0000000000
215007  20.645  17.633  -37.961 0.0000000000
216820  26.545  23.261  -36.986 0.0000000000
218375  21.578  13.572  -37.964 0.0000000000
218598  28.712  15.901  -37.082 0.0000000000
220242  21.796  20.271  -36.167 0.0000000000
221482  29.040  20.960  -37.463 0.0000000000
221799  26.205  22.068  -38.971 0.0000000000
222959  27.836  20.281  -40.694 0.0000000000
223242  23.357  3.522  -32.243 0.0000000000
223428  26.729  5.169  -33.318 0.0000000000
223613  26.186  24.866  -37.133 0.0000000000
223736  28.321  19.713  -39.529 0.0000000000
225941  25.518  15.550  -38.669 0.0000000000
225964  28.700  20.763  -38.133 0.0000000000
227853  26.076  17.043  -38.193 0.0000000000
228070  22.021  15.928  -38.600 0.0000000000
228307  26.218  24.299  -36.789 0.0000000000
229372  26.829  18.698  -40.201 0.0000000000
229392  24.115  8.687  -36.147 0.0000000000
231427  26.544  21.779  -37.175 0.0000000000
232475  19.328  15.423  -37.046 0.0000000000
233513  22.121  19.282  -36.939 0.0000000000
233516  26.309  24.426  -38.237 0.0000000000
233615  24.876  10.229  -37.626 0.0000000000
234146  26.542  18.335  -39.494 0.0000000000
234444  28.143  17.144  -39.075 0.0000000000
235734  26.373  19.482  -37.838 0.0000000000
236648  20.416  16.102  -37.609 0.0000000000
237133  25.019  11.313  -38.524 0.0000000000
237865  22.326  7.888  -35.211 0.0000000000
238126  26.401  23.848  -37.039 0.0000000000
238960  27.043  5.563  -33.583 0.0000000000
239127  18.940  9.211  -33.079 0.0000000000
239716  19.797  0.657  -27.998 0.0000000000
239881  21.742  12.140  -37.490 0.0000000000
240073  27.422  7.989  -35.227 0.0000000000
