#!ascii label  , from subject sub-03_ses-011.long.sub-03 vox2ras=TkReg
883
113621  19.322  3.796  -29.910 0.0000000000
123493  27.483  9.854  -36.809 0.0000000000
232618  24.205  18.080  -37.386 0.0000000000
130390  18.176  15.045  -35.743 0.0000000000
230785  20.939  -0.657  -28.193 0.0000000000
111122  24.896  1.446  -30.612 0.0000000000
117531  22.417  6.049  -33.956 0.0000000000
123498  20.842  10.154  -36.053 0.0000000000
129256  25.962  13.974  -39.386 0.0000000000
138312  29.019  20.059  -38.063 0.0000000000
140587  25.156  21.805  -36.389 0.0000000000
111109  20.278  1.709  -29.218 0.0000000000
108609  22.515  0.045  -29.727 0.0000000000
112393  21.609  2.638  -30.858 0.0000000000
121138  19.005  8.507  -33.082 0.0000000000
124600  18.194  10.808  -33.463 0.0000000000
132724  20.540  16.337  -38.196 0.0000000000
129246  21.346  14.156  -38.375 0.0000000000
216426  25.185  15.911  -38.580 0.0000000000
132735  28.067  16.418  -38.990 0.0000000000
136253  27.910  18.759  -39.729 0.0000000000
142900  23.378  23.519  -34.607 0.0000000000
141718  21.831  22.558  -35.765 0.0000000000
144124  26.495  24.271  -37.624 0.0000000000
118745  25.001  7.003  -35.523 0.0000000000
116291  26.026  5.191  -34.422 0.0000000000
230090  27.854  7.182  -35.076 0.0000000000
221998  19.384  19.116  -37.690 0.0000000000
128028  29.669  12.634  -36.339 0.0000000000
117484  18.560  6.213  -30.639 0.0000000000
115006  20.578  4.693  -31.928 0.0000000000
117518  19.633  6.554  -32.791 0.0000000000
121156  21.799  8.024  -35.116 0.0000000000
122358  23.808  9.523  -37.116 0.0000000000
126834  19.548  12.262  -36.073 0.0000000000
219921  23.067  11.851  -38.376 0.0000000000
125720  26.815  11.478  -38.335 0.0000000000
130398  28.733  14.833  -37.381 0.0000000000
138287  20.480  20.822  -37.070 0.0000000000
137259  25.276  19.871  -36.953 0.0000000000
233944  25.249  23.532  -41.462 0.0000000000
140636  26.136  21.573  -40.878 0.0000000000
138335  26.978  20.114  -40.801 0.0000000000
141762  28.225  22.523  -39.518 0.0000000000
113665  23.917  3.611  -32.697 0.0000000000
114945  18.746  4.520  -29.254 0.0000000000
112366  19.320  3.267  -28.838 0.0000000000
112379  19.814  3.294  -29.553 0.0000000000
214606  20.427  2.083  -29.666 0.0000000000
112395  20.524  3.157  -30.503 0.0000000000
133915  22.120  17.510  -38.473 0.0000000000
132742  22.416  16.320  -38.456 0.0000000000
133912  24.238  17.169  -38.115 0.0000000000
211249  26.478  17.283  -38.643 0.0000000000
135094  26.598  18.007  -38.526 0.0000000000
144104  24.972  24.714  -35.391 0.0000000000
142912  24.390  23.568  -35.132 0.0000000000
145189  26.828  25.556  -38.255 0.0000000000
121168  25.729  8.171  -36.132 0.0000000000
118743  26.288  7.001  -35.429 0.0000000000
228529  27.531  8.522  -35.903 0.0000000000
135071  18.214  18.366  -36.901 0.0000000000
137267  18.710  19.689  -36.630 0.0000000000
108584  19.562  0.497  -27.471 0.0000000000
107281  20.405  -0.609  -27.709 0.0000000000
106003  21.678  -1.407  -27.979 0.0000000000
106012  22.637  -1.116  -28.421 0.0000000000
109865  23.893  0.892  -30.439 0.0000000000
211185  24.626  0.301  -28.547 0.0000000000
117495  19.050  6.072  -31.788 0.0000000000
118698  18.611  7.361  -31.955 0.0000000000
122327  19.415  9.358  -34.241 0.0000000000
121146  19.953  8.454  -33.925 0.0000000000
122337  21.122  9.143  -35.426 0.0000000000
122335  22.739  8.751  -36.175 0.0000000000
123496  22.300  9.896  -36.751 0.0000000000
240228  18.019  12.473  -34.584 0.0000000000
128045  18.859  13.380  -36.278 0.0000000000
129259  23.307  13.655  -38.876 0.0000000000
128065  22.029  13.044  -38.293 0.0000000000
229182  24.246  12.818  -38.461 0.0000000000
125734  25.003  11.850  -38.651 0.0000000000
237293  25.960  12.757  -39.028 0.0000000000
128062  27.432  13.237  -37.899 0.0000000000
130412  27.154  14.763  -38.327 0.0000000000
135091  28.765  18.035  -38.671 0.0000000000
232136  29.311  17.612  -37.383 0.0000000000
140570  23.114  22.196  -35.883 0.0000000000
140592  20.639  21.493  -36.100 0.0000000000
139410  22.995  21.088  -36.243 0.0000000000
137250  22.274  20.248  -36.748 0.0000000000
138282  24.659  20.824  -36.301 0.0000000000
139457  26.685  20.454  -41.160 0.0000000000
235056  27.050  21.032  -41.756 0.0000000000
139456  27.404  20.971  -41.408 0.0000000000
116277  21.183  5.369  -33.062 0.0000000000
207700  21.841  4.285  -32.463 0.0000000000
116274  23.225  4.842  -33.627 0.0000000000
225925  27.679  4.938  -33.429 0.0000000000
115002  26.298  3.842  -32.969 0.0000000000
109843  19.236  1.635  -27.891 0.0000000000
108612  20.780  0.871  -28.905 0.0000000000
107305  21.547  -0.032  -29.069 0.0000000000
111108  20.803  1.342  -29.422 0.0000000000
109867  22.147  1.291  -30.104 0.0000000000
111136  22.878  2.060  -30.947 0.0000000000
122294  18.190  8.979  -32.104 0.0000000000
123462  18.622  9.960  -33.595 0.0000000000
124609  19.059  10.502  -34.707 0.0000000000
131560  19.184  16.005  -37.102 0.0000000000
129248  19.972  14.319  -37.421 0.0000000000
131571  21.081  15.407  -38.277 0.0000000000
130429  22.795  14.967  -38.947 0.0000000000
130426  25.145  14.869  -39.332 0.0000000000
208417  26.942  15.193  -39.201 0.0000000000
132738  26.749  15.897  -38.909 0.0000000000
133934  27.702  17.229  -38.967 0.0000000000
137278  28.392  18.979  -39.614 0.0000000000
142903  20.922  22.862  -34.250 0.0000000000
142915  22.219  22.992  -35.148 0.0000000000
141716  23.464  22.680  -35.410 0.0000000000
141731  25.763  22.963  -36.679 0.0000000000
118733  23.648  6.377  -34.957 0.0000000000
116293  24.241  5.375  -34.164 0.0000000000
117542  25.246  6.058  -35.003 0.0000000000
118719  26.969  6.288  -34.843 0.0000000000
132694  17.717  16.159  -35.885 0.0000000000
132714  18.512  16.973  -36.791 0.0000000000
239466  20.059  17.881  -38.001 0.0000000000
136239  21.534  18.425  -37.759 0.0000000000
107292  23.622  -0.416  -28.488 0.0000000000
125698  28.931  11.003  -37.031 0.0000000000
123480  28.696  9.822  -35.983 0.0000000000
114974  18.868  4.977  -30.398 0.0000000000
234548  19.701  4.282  -30.951 0.0000000000
116245  19.470  5.467  -31.586 0.0000000000
117504  19.848  5.957  -32.597 0.0000000000
117516  20.961  5.972  -33.289 0.0000000000
119939  19.268  7.918  -32.944 0.0000000000
118722  20.508  7.180  -33.760 0.0000000000
118735  22.448  6.838  -34.743 0.0000000000
202059  23.427  7.765  -35.683 0.0000000000
122348  24.379  8.724  -36.870 0.0000000000
122346  25.714  9.454  -37.193 0.0000000000
125679  18.741  11.658  -34.519 0.0000000000
234576  20.234  11.095  -35.957 0.0000000000
128056  20.048  13.182  -37.136 0.0000000000
125713  20.794  11.912  -37.116 0.0000000000
124648  21.792  11.080  -37.295 0.0000000000
124660  23.357  10.872  -38.009 0.0000000000
124657  25.552  10.737  -37.921 0.0000000000
124642  26.904  10.552  -38.242 0.0000000000
126854  27.988  11.937  -37.756 0.0000000000
223679  28.938  13.194  -37.075 0.0000000000
131570  28.383  15.721  -38.334 0.0000000000
213485  19.716  19.803  -37.512 0.0000000000
137263  21.678  19.516  -37.390 0.0000000000
213073  24.843  19.091  -37.131 0.0000000000
144141  26.105  24.135  -39.615 0.0000000000
141763  26.239  22.900  -39.794 0.0000000000
141771  25.487  22.553  -41.124 0.0000000000
140614  26.384  21.667  -38.707 0.0000000000
139443  26.337  21.014  -39.401 0.0000000000
224298  26.395  19.936  -38.159 0.0000000000
137279  26.933  19.123  -39.046 0.0000000000
136254  27.404  18.985  -40.231 0.0000000000
222871  27.841  20.197  -39.992 0.0000000000
140619  28.924  21.737  -38.487 0.0000000000
113651  21.493  3.573  -31.404 0.0000000000
112409  22.545  2.987  -31.563 0.0000000000
112407  23.926  2.628  -31.964 0.0000000000
115021  24.677  4.373  -33.675 0.0000000000
238272  25.415  3.175  -32.372 0.0000000000
113622  18.736  4.001  -29.701 0.0000000000
113610  18.835  3.795  -29.189 0.0000000000
113609  19.261  3.546  -29.336 0.0000000000
112365  19.657  2.994  -29.049 0.0000000000
112378  20.273  2.861  -29.909 0.0000000000
113620  19.960  3.500  -30.163 0.0000000000
135081  22.621  17.746  -38.115 0.0000000000
133913  23.348  17.187  -38.115 0.0000000000
224902  25.076  17.313  -38.110 0.0000000000
135078  25.332  17.939  -37.778 0.0000000000
144113  26.017  24.780  -36.300 0.0000000000
122345  26.687  9.095  -36.453 0.0000000000
122334  27.256  8.658  -36.146 0.0000000000
122344  27.311  9.243  -36.476 0.0000000000
108583  20.016  0.110  -27.901 0.0000000000
107282  19.721  -0.182  -27.310 0.0000000000
106004  21.040  -1.123  -27.889 0.0000000000
106002  22.317  -1.526  -27.997 0.0000000000
106014  21.455  -0.914  -28.345 0.0000000000
109879  24.314  1.318  -30.740 0.0000000000
109853  24.714  0.887  -29.583 0.0000000000
109863  25.073  1.342  -29.916 0.0000000000
111121  25.464  1.729  -30.277 0.0000000000
118687  18.522  7.089  -31.361 0.0000000000
119916  18.395  7.870  -31.243 0.0000000000
123471  19.753  9.539  -34.995 0.0000000000
122326  20.204  9.102  -34.579 0.0000000000
123482  21.030  9.643  -35.684 0.0000000000
122351  21.586  9.204  -35.910 0.0000000000
123497  21.548  9.819  -36.380 0.0000000000
128034  18.379  13.603  -35.682 0.0000000000
129215  18.615  14.428  -35.884 0.0000000000
129258  24.729  13.736  -39.193 0.0000000000
208961  24.128  13.384  -38.725 0.0000000000
128075  25.476  13.434  -39.387 0.0000000000
204159  25.603  12.859  -39.115 0.0000000000
128074  26.147  13.244  -39.317 0.0000000000
128073  26.714  13.355  -38.911 0.0000000000
129255  26.509  13.968  -39.189 0.0000000000
137272  28.885  19.192  -38.054 0.0000000000
136235  28.948  18.437  -38.084 0.0000000000
140589  23.827  21.993  -36.114 0.0000000000
214546  23.241  21.607  -36.066 0.0000000000
139408  24.586  21.488  -36.169 0.0000000000
139409  23.819  21.150  -36.211 0.0000000000
139407  25.271  21.123  -36.384 0.0000000000
141775  26.541  22.183  -41.727 0.0000000000
142968  26.633  23.115  -41.320 0.0000000000
141774  27.025  22.344  -41.287 0.0000000000
116296  22.486  5.684  -33.473 0.0000000000
116275  22.601  5.059  -33.407 0.0000000000
116295  22.928  5.422  -34.061 0.0000000000
117503  28.140  5.344  -33.087 0.0000000000
116257  27.932  4.766  -32.793 0.0000000000
111110  19.644  2.260  -29.015 0.0000000000
111093  19.515  1.960  -28.444 0.0000000000
109856  19.904  1.742  -28.851 0.0000000000
109842  19.795  1.340  -28.264 0.0000000000
109855  20.347  1.323  -28.797 0.0000000000
111138  21.320  2.243  -30.494 0.0000000000
111123  21.096  1.812  -29.993 0.0000000000
111137  21.826  2.175  -30.638 0.0000000000
109882  22.445  1.860  -30.420 0.0000000000
112392  22.324  2.497  -30.978 0.0000000000
123463  18.283  10.388  -33.303 0.0000000000
123448  18.478  9.930  -32.993 0.0000000000
123473  18.679  10.209  -34.206 0.0000000000
124599  18.432  10.540  -33.739 0.0000000000
132712  19.552  16.371  -37.421 0.0000000000
131559  19.854  15.716  -37.515 0.0000000000
131592  20.945  15.912  -38.285 0.0000000000
132741  23.553  16.097  -38.778 0.0000000000
131590  22.567  15.622  -38.790 0.0000000000
131588  23.928  15.486  -38.906 0.0000000000
130427  24.306  14.870  -39.106 0.0000000000
131587  24.711  15.430  -38.966 0.0000000000
131586  26.217  15.414  -39.104 0.0000000000
203126  25.942  15.814  -38.569 0.0000000000
135093  27.115  17.738  -38.924 0.0000000000
133935  27.311  17.057  -39.020 0.0000000000
135102  27.638  17.938  -38.978 0.0000000000
220917  28.451  18.405  -39.096 0.0000000000
136252  28.248  18.889  -39.803 0.0000000000
144098  23.020  23.798  -34.141 0.0000000000
142884  22.204  23.774  -34.102 0.0000000000
142902  21.769  23.355  -34.605 0.0000000000
142901  22.619  23.415  -34.619 0.0000000000
142920  25.294  23.660  -36.231 0.0000000000
142921  24.766  23.317  -35.683 0.0000000000
225874  25.093  23.060  -36.198 0.0000000000
141733  24.655  22.783  -35.948 0.0000000000
142937  26.647  23.651  -37.572 0.0000000000
118746  24.351  6.870  -35.437 0.0000000000
118732  24.834  6.491  -35.159 0.0000000000
119958  27.425  7.440  -35.442 0.0000000000
118730  26.781  6.694  -35.192 0.0000000000
118717  27.948  6.790  -34.809 0.0000000000
118707  27.985  6.118  -33.987 0.0000000000
218103  16.919  16.668  -35.189 0.0000000000
132704  17.398  16.791  -35.797 0.0000000000
132703  18.008  16.506  -36.368 0.0000000000
133894  17.957  17.270  -36.307 0.0000000000
136230  18.804  18.859  -37.206 0.0000000000
135070  18.918  18.125  -37.249 0.0000000000
135085  19.810  18.517  -38.031 0.0000000000
135084  20.482  18.062  -38.044 0.0000000000
231292  20.262  18.715  -38.009 0.0000000000
107304  22.160  -0.251  -29.236 0.0000000000
107294  22.385  -0.722  -28.868 0.0000000000
107303  22.687  -0.303  -29.283 0.0000000000
107290  24.956  0.005  -28.010 0.0000000000
125707  29.155  11.544  -36.933 0.0000000000
117473  17.976  5.823  -30.254 0.0000000000
116231  18.681  5.618  -30.542 0.0000000000
116230  19.203  5.283  -30.885 0.0000000000
116246  18.969  5.881  -31.112 0.0000000000
117505  19.307  6.313  -32.303 0.0000000000
231971  19.524  5.819  -32.128 0.0000000000
116278  20.413  5.553  -32.935 0.0000000000
117517  20.244  6.220  -33.080 0.0000000000
119940  18.647  8.299  -32.521 0.0000000000
119962  20.818  7.852  -34.515 0.0000000000
119950  20.328  7.875  -33.966 0.0000000000
119949  20.916  7.351  -34.378 0.0000000000
118721  21.202  6.867  -34.066 0.0000000000
119960  22.174  7.493  -34.922 0.0000000000
119959  22.797  7.114  -35.064 0.0000000000
119974  22.755  7.678  -35.367 0.0000000000
206670  23.177  9.041  -36.620 0.0000000000
121179  23.446  8.418  -36.257 0.0000000000
214885  24.059  9.161  -37.010 0.0000000000
122347  25.063  9.070  -36.987 0.0000000000
122356  25.098  9.857  -37.288 0.0000000000
230370  19.006  12.440  -35.720 0.0000000000
126835  18.579  12.337  -35.032 0.0000000000
125691  19.208  11.775  -35.351 0.0000000000
124622  19.079  11.173  -34.773 0.0000000000
125690  19.889  11.624  -35.962 0.0000000000
129247  20.622  14.247  -37.863 0.0000000000
129238  20.223  13.620  -37.685 0.0000000000
128066  21.019  13.594  -37.915 0.0000000000
126869  22.512  12.348  -38.180 0.0000000000
126870  21.743  12.463  -38.030 0.0000000000
125727  22.107  11.977  -37.848 0.0000000000
125712  21.562  11.765  -37.474 0.0000000000
213256  22.266  11.366  -37.750 0.0000000000
124647  22.488  10.820  -37.448 0.0000000000
125725  23.331  11.300  -38.318 0.0000000000
125733  25.663  11.646  -38.453 0.0000000000
220950  25.006  11.126  -38.175 0.0000000000
125721  26.213  11.362  -38.281 0.0000000000
124656  26.240  10.855  -38.279 0.0000000000
124655  26.762  11.019  -38.482 0.0000000000
125709  27.798  11.295  -37.795 0.0000000000
125719  27.366  11.663  -38.092 0.0000000000
130399  28.214  14.297  -37.630 0.0000000000
230560  28.490  13.592  -37.321 0.0000000000
129227  28.932  14.051  -37.033 0.0000000000
129226  29.385  14.216  -36.450 0.0000000000
130386  29.144  14.777  -36.716 0.0000000000
132736  27.555  16.023  -39.119 0.0000000000
231331  27.594  15.619  -39.111 0.0000000000
131583  28.048  15.875  -39.013 0.0000000000
141719  20.949  22.267  -35.259 0.0000000000
139412  20.919  21.117  -36.618 0.0000000000
140593  19.805  21.680  -36.044 0.0000000000
139414  19.402  21.386  -36.444 0.0000000000
138289  19.145  20.954  -36.574 0.0000000000
138305  19.480  20.387  -37.193 0.0000000000
138304  20.036  20.341  -37.286 0.0000000000
236218  23.510  20.144  -36.593 0.0000000000
137251  22.039  19.797  -37.106 0.0000000000
137261  23.279  19.551  -36.874 0.0000000000
136226  22.631  18.959  -37.192 0.0000000000
203550  24.033  19.232  -36.831 0.0000000000
210680  25.433  24.609  -40.996 0.0000000000
144152  25.381  23.996  -40.811 0.0000000000
142952  26.362  23.611  -39.218 0.0000000000
142962  25.419  23.291  -40.788 0.0000000000
140646  25.411  22.136  -41.991 0.0000000000
141791  24.752  22.100  -42.409 0.0000000000
141776  25.727  22.011  -41.329 0.0000000000
141770  26.006  22.196  -40.557 0.0000000000
140628  26.224  21.526  -40.449 0.0000000000
140621  26.407  21.640  -39.626 0.0000000000
139450  26.342  20.936  -40.374 0.0000000000
138341  27.094  20.235  -41.593 0.0000000000
139449  26.520  20.453  -40.163 0.0000000000
138328  26.726  19.889  -39.969 0.0000000000
137273  26.690  19.364  -38.322 0.0000000000
137283  26.974  19.319  -39.887 0.0000000000
137289  26.998  19.360  -40.185 0.0000000000
140634  27.869  21.723  -40.418 0.0000000000
139455  27.769  20.985  -40.353 0.0000000000
140627  28.349  21.629  -39.745 0.0000000000
139448  28.067  20.884  -39.620 0.0000000000
141755  28.573  22.345  -38.729 0.0000000000
114987  20.224  4.276  -31.358 0.0000000000
114986  21.016  4.113  -31.627 0.0000000000
115003  23.135  3.904  -32.620 0.0000000000
113650  22.096  3.536  -31.696 0.0000000000
222444  22.719  3.557  -32.097 0.0000000000
112408  23.251  2.920  -31.883 0.0000000000
112422  23.776  3.167  -32.147 0.0000000000
116292  24.803  5.447  -34.199 0.0000000000
115035  24.549  4.946  -34.053 0.0000000000
115034  25.064  4.839  -34.073 0.0000000000
113662  26.613  3.486  -32.336 0.0000000000
113663  25.871  3.379  -32.536 0.0000000000
113648  26.216  3.097  -32.069 0.0000000000
113649  25.636  2.765  -32.081 0.0000000000
111124  19.910  2.534  -29.457 0.0000000000
112377  20.735  2.437  -30.282 0.0000000000
112394  21.046  2.834  -30.720 0.0000000000
133927  21.301  16.959  -38.534 0.0000000000
132743  21.731  16.361  -38.434 0.0000000000
133926  21.942  16.946  -38.447 0.0000000000
132723  23.120  16.587  -38.575 0.0000000000
132721  24.799  16.697  -38.513 0.0000000000
132739  25.596  16.268  -38.224 0.0000000000
133911  25.626  16.867  -38.199 0.0000000000
211680  27.569  18.658  -39.204 0.0000000000
144096  23.908  24.689  -34.865 0.0000000000
144106  23.929  23.902  -34.805 0.0000000000
144115  24.853  24.001  -35.553 0.0000000000
237708  25.732  24.137  -36.444 0.0000000000
220170  26.741  24.914  -37.908 0.0000000000
118744  25.593  7.229  -35.437 0.0000000000
119970  26.028  7.679  -35.728 0.0000000000
217631  27.271  8.140  -35.716 0.0000000000
119957  27.913  7.902  -34.969 0.0000000000
136231  18.196  18.976  -36.478 0.0000000000
240007  19.034  19.351  -37.314 0.0000000000
232362  19.160  0.871  -27.176 0.0000000000
104713  21.935  -1.959  -27.523 0.0000000000
104712  22.693  -1.888  -27.485 0.0000000000
209110  22.982  -1.391  -27.826 0.0000000000
108622  22.928  0.454  -30.079 0.0000000000
212034  23.679  0.225  -29.504 0.0000000000
108620  24.084  0.649  -29.867 0.0000000000
117496  18.621  6.394  -31.365 0.0000000000
118686  18.764  6.630  -31.955 0.0000000000
118697  19.076  6.932  -32.436 0.0000000000
121147  19.375  8.841  -33.675 0.0000000000
121159  19.918  8.874  -34.110 0.0000000000
122325  20.918  8.890  -34.874 0.0000000000
121172  21.522  8.599  -35.480 0.0000000000
121171  22.293  8.265  -35.604 0.0000000000
122336  22.135  8.853  -35.880 0.0000000000
240183  22.793  9.179  -36.502 0.0000000000
123510  23.367  10.010  -37.295 0.0000000000
126836  18.130  12.924  -35.092 0.0000000000
126847  19.148  12.823  -36.234 0.0000000000
129260  22.532  13.813  -38.974 0.0000000000
129245  22.002  13.694  -38.608 0.0000000000
128078  22.905  13.247  -38.584 0.0000000000
128077  23.627  13.013  -38.442 0.0000000000
126880  23.916  12.342  -38.412 0.0000000000
125735  24.259  11.783  -38.523 0.0000000000
126879  24.596  12.300  -38.628 0.0000000000
231220  25.701  12.265  -38.713 0.0000000000
126866  26.209  11.979  -38.230 0.0000000000
126865  26.810  12.217  -38.108 0.0000000000
128063  26.968  12.890  -38.312 0.0000000000
129244  27.488  14.059  -38.028 0.0000000000
130411  27.776  14.888  -38.336 0.0000000000
133923  28.684  17.474  -38.634 0.0000000000
133909  28.825  16.958  -38.192 0.0000000000
135076  29.074  17.686  -38.119 0.0000000000
218369  29.236  18.215  -37.386 0.0000000000
140571  22.369  22.401  -36.160 0.0000000000
140572  21.203  21.985  -35.866 0.0000000000
235055  21.886  22.000  -36.216 0.0000000000
238564  21.935  21.468  -36.408 0.0000000000
139411  21.592  21.053  -36.597 0.0000000000
209730  21.212  20.675  -36.970 0.0000000000
231395  22.768  20.573  -36.385 0.0000000000
138284  23.347  20.576  -36.347 0.0000000000
138302  24.642  20.236  -36.624 0.0000000000
140657  25.914  21.865  -41.888 0.0000000000
139458  26.322  20.872  -41.282 0.0000000000
139477  26.321  21.284  -41.749 0.0000000000
225240  26.762  20.943  -41.810 0.0000000000
139464  27.027  20.541  -41.752 0.0000000000
215446  27.364  20.119  -41.387 0.0000000000
140635  27.530  21.875  -40.832 0.0000000000
116258  20.765  4.970  -32.639 0.0000000000
115005  21.214  4.435  -32.265 0.0000000000
115025  21.453  4.752  -32.871 0.0000000000
115023  22.829  4.447  -33.091 0.0000000000
115022  23.527  4.265  -33.185 0.0000000000
116290  26.763  5.192  -34.192 0.0000000000
116273  26.340  4.840  -33.774 0.0000000000
115017  27.356  4.493  -33.073 0.0000000000
115001  26.960  4.031  -32.672 0.0000000000
109827  19.006  1.382  -27.402 0.0000000000
109826  19.406  1.108  -27.666 0.0000000000
108598  20.426  0.727  -28.292 0.0000000000
108597  20.985  0.278  -28.743 0.0000000000
107295  21.237  -0.359  -28.583 0.0000000000
108611  21.255  0.617  -29.286 0.0000000000
108610  21.910  0.353  -29.481 0.0000000000
109854  21.563  1.073  -29.833 0.0000000000
108623  22.316  0.722  -29.873 0.0000000000
209499  22.753  1.120  -30.222 0.0000000000
109880  23.759  1.369  -30.745 0.0000000000
221559  24.102  1.686  -31.079 0.0000000000
121139  18.573  8.905  -32.618 0.0000000000
122317  18.717  9.466  -33.065 0.0000000000
122316  18.916  9.397  -33.701 0.0000000000
123461  18.881  9.761  -34.115 0.0000000000
123472  19.157  9.907  -34.574 0.0000000000
123484  19.683  10.204  -35.114 0.0000000000
131550  18.756  15.555  -36.806 0.0000000000
130401  19.027  14.929  -36.930 0.0000000000
130400  19.577  14.926  -37.322 0.0000000000
130414  20.228  14.948  -37.737 0.0000000000
130431  21.493  14.939  -38.480 0.0000000000
131591  21.565  15.708  -38.320 0.0000000000
239392  22.111  15.127  -38.819 0.0000000000
230416  22.486  14.501  -38.945 0.0000000000
221618  23.052  14.276  -39.035 0.0000000000
214307  24.660  14.353  -39.321 0.0000000000
130425  25.718  14.579  -39.374 0.0000000000
130424  26.328  14.749  -39.199 0.0000000000
214883  25.938  15.120  -39.388 0.0000000000
221674  27.176  15.728  -39.121 0.0000000000
133924  26.901  16.778  -38.884 0.0000000000
132755  27.493  16.601  -39.060 0.0000000000
133933  28.157  17.274  -38.850 0.0000000000
135092  28.487  17.839  -38.826 0.0000000000
136245  28.646  18.659  -38.784 0.0000000000
137277  28.483  19.381  -38.822 0.0000000000
142913  23.740  23.245  -35.034 0.0000000000
141717  22.602  22.714  -35.747 0.0000000000
140569  23.925  22.524  -35.979 0.0000000000
140588  24.570  22.209  -36.138 0.0000000000
208665  25.719  22.167  -36.864 0.0000000000
117545  23.265  6.078  -34.776 0.0000000000
117529  23.361  5.654  -34.532 0.0000000000
117544  23.915  6.018  -34.724 0.0000000000
116308  25.021  5.744  -34.622 0.0000000000
116307  25.623  5.568  -34.875 0.0000000000
118731  25.540  6.534  -35.265 0.0000000000
117540  26.246  6.407  -35.041 0.0000000000
117528  26.375  5.715  -34.773 0.0000000000
117527  27.257  5.815  -34.234 0.0000000000
131551  18.171  15.734  -36.290 0.0000000000
132702  18.488  16.227  -36.902 0.0000000000
132713  19.005  16.653  -37.248 0.0000000000
133902  19.664  17.029  -37.594 0.0000000000
133904  18.556  17.697  -36.664 0.0000000000
133903  19.068  17.408  -37.178 0.0000000000
133918  20.008  17.448  -37.898 0.0000000000
206186  20.942  17.459  -38.309 0.0000000000
135082  21.864  17.917  -38.111 0.0000000000
135068  22.951  18.240  -37.409 0.0000000000
207088  21.812  -0.610  -28.797 0.0000000000
108596  23.965  0.050  -28.828 0.0000000000
123492  27.829  10.438  -37.097 0.0000000000
202026  28.155  10.007  -36.444 0.0000000000
236318  28.752  10.250  -36.382 0.0000000000
224505  18.861  4.867  -29.831 0.0000000000
114958  19.086  4.383  -30.156 0.0000000000
113636  19.539  4.041  -30.477 0.0000000000
114973  19.312  4.628  -30.685 0.0000000000
114988  19.629  4.823  -31.193 0.0000000000
116244  19.959  4.930  -31.671 0.0000000000
116259  20.041  5.324  -32.246 0.0000000000
117515  21.826  5.841  -33.381 0.0000000000
119926  18.880  7.647  -32.457 0.0000000000
118710  19.392  7.185  -32.965 0.0000000000
119951  19.618  8.183  -33.529 0.0000000000
119938  19.795  7.482  -33.491 0.0000000000
118709  20.005  6.832  -33.292 0.0000000000
118708  20.765  6.601  -33.465 0.0000000000
118720  22.040  6.643  -34.216 0.0000000000
117546  22.741  6.312  -34.567 0.0000000000
118734  23.131  6.599  -35.005 0.0000000000
118747  23.733  6.756  -35.245 0.0000000000
119972  23.874  7.228  -35.666 0.0000000000
121170  22.970  8.192  -35.768 0.0000000000
121169  23.962  7.854  -36.075 0.0000000000
239825  24.837  7.819  -36.290 0.0000000000
204559  25.061  8.302  -36.518 0.0000000000
121177  25.845  8.911  -36.476 0.0000000000
123494  26.844  9.582  -37.176 0.0000000000
124611  18.270  11.112  -33.738 0.0000000000
124621  19.675  11.005  -35.311 0.0000000000
124620  20.253  10.514  -35.722 0.0000000000
129230  19.055  13.826  -36.792 0.0000000000
128044  19.419  13.293  -36.697 0.0000000000
126846  19.864  12.751  -36.561 0.0000000000
128054  21.293  12.920  -38.097 0.0000000000
126856  20.425  12.551  -37.137 0.0000000000
125701  20.166  12.084  -36.569 0.0000000000
125700  20.536  11.504  -36.454 0.0000000000
125699  21.171  11.342  -36.935 0.0000000000
208583  21.240  10.356  -36.577 0.0000000000
124632  21.899  10.411  -36.966 0.0000000000
123511  22.720  10.248  -37.150 0.0000000000
123509  23.959  10.124  -37.418 0.0000000000
125724  23.960  11.328  -38.399 0.0000000000
124644  24.136  10.620  -37.844 0.0000000000
123508  24.578  10.300  -37.428 0.0000000000
123507  25.666  10.098  -37.584 0.0000000000
241895  26.677  10.016  -37.843 0.0000000000
123505  27.226  10.171  -37.570 0.0000000000
124640  28.183  10.920  -37.305 0.0000000000
125708  28.516  11.561  -37.334 0.0000000000
126852  29.007  12.076  -36.977 0.0000000000
126863  28.085  12.467  -37.620 0.0000000000
128052  28.866  12.624  -37.200 0.0000000000
128043  29.280  12.645  -36.782 0.0000000000
130422  27.370  15.251  -38.953 0.0000000000
205979  27.935  15.390  -38.800 0.0000000000
132719  28.922  16.617  -37.906 0.0000000000
131558  28.781  15.486  -37.707 0.0000000000
140573  20.354  21.964  -35.551 0.0000000000
137266  19.172  19.831  -37.462 0.0000000000
239590  19.577  19.486  -37.681 0.0000000000
138303  20.751  20.166  -37.143 0.0000000000
137264  21.011  19.597  -37.396 0.0000000000
136229  20.565  19.129  -37.771 0.0000000000
136227  21.925  18.963  -37.510 0.0000000000
224755  24.153  18.595  -37.141 0.0000000000
210982  26.573  25.525  -38.945 0.0000000000
144132  26.820  24.928  -38.634 0.0000000000
145197  25.814  24.624  -40.200 0.0000000000
144135  26.604  24.304  -38.894 0.0000000000
142943  26.736  23.769  -38.299 0.0000000000
214271  26.762  23.055  -37.765 0.0000000000
231641  26.514  22.361  -38.188 0.0000000000
142970  25.145  22.823  -41.694 0.0000000000
242152  25.855  22.880  -40.482 0.0000000000
224695  26.445  22.249  -39.723 0.0000000000
217144  26.365  21.771  -37.807 0.0000000000
222182  26.189  21.247  -37.434 0.0000000000
139434  26.453  21.002  -38.359 0.0000000000
138314  26.129  20.562  -37.686 0.0000000000
139442  26.427  20.391  -39.257 0.0000000000
137258  25.976  19.897  -37.419 0.0000000000
210635  25.688  19.319  -37.399 0.0000000000
136224  26.239  18.940  -37.792 0.0000000000
135066  24.823  18.264  -37.248 0.0000000000
136247  26.716  18.703  -38.345 0.0000000000
136246  27.226  19.027  -39.681 0.0000000000
136261  27.905  18.917  -40.698 0.0000000000
138333  27.905  19.458  -40.978 0.0000000000
137287  28.119  19.084  -40.900 0.0000000000
136260  28.159  18.982  -40.593 0.0000000000
138321  27.978  20.117  -39.570 0.0000000000
139441  28.607  20.958  -38.889 0.0000000000
139440  29.113  21.309  -38.109 0.0000000000
141761  28.665  23.238  -38.804 0.0000000000
141754  29.029  23.008  -38.177 0.0000000000
236055  28.946  22.389  -38.082 0.0000000000
139433  29.546  21.530  -37.488 0.0000000000
114972  20.072  3.740  -30.846 0.0000000000
113635  20.698  3.412  -31.233 0.0000000000
112411  21.405  3.180  -30.997 0.0000000000
113667  21.620  3.908  -31.984 0.0000000000
112410  21.954  3.147  -31.154 0.0000000000
111153  22.949  2.359  -31.506 0.0000000000
111152  23.505  2.310  -31.716 0.0000000000
111134  24.668  1.703  -31.149 0.0000000000
116294  23.601  5.286  -34.122 0.0000000000
115036  23.982  4.729  -33.803 0.0000000000
209386  24.133  4.146  -33.298 0.0000000000
115020  25.354  4.283  -33.699 0.0000000000
113676  25.087  3.882  -33.365 0.0000000000
113664  24.590  3.339  -32.652 0.0000000000
112420  25.009  2.925  -32.311 0.0000000000
111150  24.979  2.051  -31.659 0.0000000000
111133  25.322  1.921  -31.026 0.0000000000
234635  28.250  9.347  -36.061 0.0000000000
121155  28.472  8.409  -35.154 0.0000000000
106013  22.056  -1.106  -28.448 0.0000000000
107291  24.319  -0.246  -28.273 0.0000000000
107293  22.944  -0.598  -28.726 0.0000000000
107296  20.659  -0.108  -28.257 0.0000000000
107302  23.294  -0.160  -29.097 0.0000000000
108608  23.056  0.031  -29.740 0.0000000000
108621  23.465  0.465  -30.092 0.0000000000
109864  24.500  1.022  -30.257 0.0000000000
109866  23.335  0.834  -30.490 0.0000000000
109868  21.673  1.692  -30.323 0.0000000000
109881  23.158  1.590  -30.589 0.0000000000
111135  23.501  1.929  -31.189 0.0000000000
111151  24.181  2.060  -31.588 0.0000000000
112406  25.225  2.374  -31.989 0.0000000000
112421  24.314  3.034  -32.258 0.0000000000
113666  22.159  3.900  -32.133 0.0000000000
113675  25.638  3.794  -33.218 0.0000000000
113677  24.580  3.740  -33.150 0.0000000000
115000  27.529  4.332  -32.326 0.0000000000
115004  22.482  4.148  -32.519 0.0000000000
115018  26.658  4.409  -33.260 0.0000000000
115019  25.985  4.318  -33.502 0.0000000000
115024  22.152  4.630  -32.974 0.0000000000
115033  25.683  4.824  -33.961 0.0000000000
116276  21.992  5.298  -33.178 0.0000000000
116309  24.447  5.792  -34.461 0.0000000000
116310  23.902  5.656  -34.411 0.0000000000
117530  22.942  5.823  -34.479 0.0000000000
117532  21.540  6.353  -33.726 0.0000000000
117541  25.759  6.003  -35.061 0.0000000000
117543  24.647  6.135  -34.807 0.0000000000
118718  27.704  6.330  -34.638 0.0000000000
118729  26.983  7.027  -35.478 0.0000000000
118736  21.647  7.099  -34.572 0.0000000000
119948  28.339  7.287  -34.593 0.0000000000
119961  21.398  7.658  -34.745 0.0000000000
119969  26.783  7.594  -35.655 0.0000000000
119971  25.251  7.641  -35.962 0.0000000000
119973  23.298  7.113  -35.369 0.0000000000
119979  24.530  7.463  -35.952 0.0000000000
121157  21.160  8.252  -34.843 0.0000000000
121158  20.509  8.501  -34.352 0.0000000000
121166  27.828  8.391  -35.573 0.0000000000
121167  26.492  8.449  -35.849 0.0000000000
121178  24.465  8.088  -36.388 0.0000000000
122332  28.336  8.862  -35.666 0.0000000000
122333  27.777  8.863  -36.090 0.0000000000
122338  20.511  9.342  -35.223 0.0000000000
122349  23.740  8.919  -36.835 0.0000000000
122350  22.260  9.303  -36.393 0.0000000000
122357  24.408  9.551  -37.153 0.0000000000
122359  23.407  9.429  -36.933 0.0000000000
123481  27.775  9.441  -36.346 0.0000000000
123483  20.304  9.855  -35.503 0.0000000000
123495  26.288  9.311  -37.042 0.0000000000
123506  26.254  9.668  -37.677 0.0000000000
123518  24.780  10.772  -37.792 0.0000000000
124610  18.625  10.882  -34.193 0.0000000000
124631  28.541  10.572  -36.828 0.0000000000
124633  21.382  10.799  -36.846 0.0000000000
124634  20.823  10.835  -36.340 0.0000000000
124641  27.549  10.739  -37.877 0.0000000000
124643  26.237  10.248  -38.052 0.0000000000
124645  23.617  10.543  -37.751 0.0000000000
124646  23.102  10.596  -37.638 0.0000000000
124658  24.336  11.019  -38.187 0.0000000000
124659  23.778  10.923  -38.149 0.0000000000
125710  27.313  11.045  -38.451 0.0000000000
125711  22.893  11.067  -37.952 0.0000000000
125722  25.671  11.215  -38.249 0.0000000000
125723  24.589  11.413  -38.418 0.0000000000
125726  22.729  11.625  -38.116 0.0000000000
126825  18.246  12.042  -34.283 0.0000000000
126845  29.624  11.961  -36.609 0.0000000000
126853  28.504  12.279  -37.424 0.0000000000
126855  21.090  12.367  -37.731 0.0000000000
126864  27.461  12.451  -37.844 0.0000000000
126867  23.599  11.786  -38.439 0.0000000000
126868  23.178  12.505  -38.335 0.0000000000
126877  26.400  12.640  -38.789 0.0000000000
126878  25.168  12.447  -38.765 0.0000000000
128053  28.433  12.908  -37.424 0.0000000000
128055  20.663  13.002  -37.690 0.0000000000
128061  27.823  12.922  -37.645 0.0000000000
128064  22.613  12.939  -38.322 0.0000000000
128072  27.066  13.551  -38.263 0.0000000000
128076  24.866  13.009  -38.778 0.0000000000
128079  22.375  13.363  -38.658 0.0000000000
129231  18.968  14.410  -36.526 0.0000000000
129237  27.939  13.519  -37.556 0.0000000000
129239  19.208  14.311  -37.182 0.0000000000
129254  26.911  14.161  -38.453 0.0000000000
129257  25.277  14.143  -39.392 0.0000000000
130389  18.642  15.016  -36.340 0.0000000000
130413  20.863  14.880  -38.170 0.0000000000
130423  26.780  14.763  -38.767 0.0000000000
130428  23.538  14.872  -38.946 0.0000000000
130430  21.975  14.359  -38.796 0.0000000000
131545  29.093  15.392  -37.036 0.0000000000
131572  20.525  15.607  -38.053 0.0000000000
131584  27.239  15.544  -39.174 0.0000000000
131585  26.728  15.363  -39.181 0.0000000000
131589  23.214  15.500  -38.794 0.0000000000
132695  17.240  16.171  -35.377 0.0000000000
132720  28.474  16.381  -38.450 0.0000000000
132722  23.871  16.629  -38.513 0.0000000000
132725  20.051  16.413  -37.736 0.0000000000
132737  27.237  16.280  -39.041 0.0000000000
132740  24.317  16.052  -38.717 0.0000000000
132744  21.100  16.407  -38.431 0.0000000000
132754  27.822  16.684  -39.033 0.0000000000
133901  29.140  17.102  -37.654 0.0000000000
133910  28.391  16.902  -38.731 0.0000000000
133914  22.595  17.018  -38.279 0.0000000000
133916  21.558  17.491  -38.482 0.0000000000
133917  20.722  16.938  -38.445 0.0000000000
133925  26.227  16.534  -38.480 0.0000000000
135067  23.623  18.162  -37.361 0.0000000000
135069  19.556  17.870  -37.712 0.0000000000
135077  25.878  17.557  -38.295 0.0000000000
135079  23.860  17.679  -37.755 0.0000000000
135080  23.263  17.764  -37.699 0.0000000000
135083  21.171  17.960  -38.081 0.0000000000
135101  28.076  18.131  -39.062 0.0000000000
136225  23.437  18.791  -37.130 0.0000000000
136228  21.263  19.043  -37.665 0.0000000000
136236  26.078  18.273  -38.004 0.0000000000
136237  25.519  18.621  -37.501 0.0000000000
136238  22.253  18.371  -37.676 0.0000000000
136240  20.849  18.543  -37.893 0.0000000000
137248  23.985  19.940  -36.789 0.0000000000
137249  22.948  20.116  -36.633 0.0000000000
137260  24.538  19.699  -36.887 0.0000000000
137262  22.549  19.665  -36.948 0.0000000000
137265  20.312  19.686  -37.455 0.0000000000
137282  28.333  19.095  -40.516 0.0000000000
137288  27.823  19.125  -40.953 0.0000000000
138283  24.011  20.476  -36.395 0.0000000000
138285  22.250  20.939  -36.412 0.0000000000
138286  21.554  20.107  -37.112 0.0000000000
138288  19.811  20.955  -37.027 0.0000000000
138300  25.806  20.341  -36.915 0.0000000000
138301  25.393  20.535  -36.512 0.0000000000
138306  18.912  20.415  -36.675 0.0000000000
138313  26.549  20.344  -38.495 0.0000000000
138320  28.399  20.108  -38.821 0.0000000000
138322  26.701  19.745  -39.061 0.0000000000
138327  28.241  19.381  -40.735 0.0000000000
138334  27.680  19.931  -41.012 0.0000000000
139413  20.148  21.304  -36.739 0.0000000000
139427  25.967  20.809  -36.704 0.0000000000
139465  26.651  20.676  -41.735 0.0000000000
139466  26.198  21.121  -41.585 0.0000000000
140586  25.676  21.516  -36.901 0.0000000000
140590  22.516  21.766  -36.306 0.0000000000
140591  21.368  21.518  -36.293 0.0000000000
140613  29.267  21.986  -37.794 0.0000000000
140620  28.577  21.515  -39.121 0.0000000000
140643  27.264  21.656  -41.312 0.0000000000
140644  27.099  21.746  -41.494 0.0000000000
140645  25.875  21.766  -41.705 0.0000000000
140656  26.467  21.639  -41.799 0.0000000000
141715  24.210  22.950  -35.423 0.0000000000
141732  25.158  22.504  -36.330 0.0000000000
141741  26.509  22.486  -37.299 0.0000000000
141747  29.431  22.652  -37.752 0.0000000000
141756  26.557  22.910  -38.831 0.0000000000
141769  27.420  22.526  -40.761 0.0000000000
141777  25.172  22.216  -41.917 0.0000000000
142914  23.042  22.997  -35.012 0.0000000000
142919  25.968  23.674  -36.765 0.0000000000
142950  28.896  24.023  -38.847 0.0000000000
142961  25.978  23.482  -40.027 0.0000000000
142971  25.124  23.436  -41.912 0.0000000000
144097  23.575  24.153  -34.439 0.0000000000
144105  24.422  24.348  -35.075 0.0000000000
144114  25.422  24.385  -35.902 0.0000000000
144151  25.690  23.909  -40.260 0.0000000000
145166  25.502  25.049  -35.756 0.0000000000
145182  26.649  25.508  -37.442 0.0000000000
145191  26.511  24.831  -39.369 0.0000000000
201515  27.425  6.781  -35.132 0.0000000000
201635  19.910  19.221  -37.871 0.0000000000
201806  22.902  9.625  -36.786 0.0000000000
201861  22.969  16.047  -38.721 0.0000000000
202897  19.267  18.518  -37.724 0.0000000000
205749  24.591  17.716  -37.653 0.0000000000
207569  19.997  2.031  -29.277 0.0000000000
208484  19.621  13.753  -37.161 0.0000000000
208660  18.597  12.899  -35.758 0.0000000000
209244  24.627  2.447  -31.999 0.0000000000
210017  18.782  13.916  -36.260 0.0000000000
210292  25.360  5.277  -34.372 0.0000000000
211343  25.168  3.445  -32.819 0.0000000000
212391  20.247  16.945  -38.032 0.0000000000
212403  24.197  6.464  -35.012 0.0000000000
214180  23.956  14.160  -38.982 0.0000000000
215007  20.431  17.458  -38.100 0.0000000000
216820  26.610  23.232  -37.120 0.0000000000
218375  21.631  13.501  -38.135 0.0000000000
218598  29.114  15.883  -37.357 0.0000000000
220242  21.775  20.608  -36.799 0.0000000000
221482  29.300  20.867  -37.705 0.0000000000
221799  26.453  22.192  -39.008 0.0000000000
222959  27.812  20.021  -40.905 0.0000000000
223242  23.351  3.442  -32.275 0.0000000000
223428  27.107  4.740  -33.704 0.0000000000
223613  26.332  24.859  -37.165 0.0000000000
223736  28.405  19.365  -39.894 0.0000000000
225941  25.513  15.410  -39.189 0.0000000000
225964  28.892  20.694  -38.307 0.0000000000
227853  26.072  17.081  -38.387 0.0000000000
228070  22.068  15.811  -38.585 0.0000000000
228307  26.132  24.245  -36.894 0.0000000000
229372  27.596  18.879  -40.064 0.0000000000
229392  24.004  8.408  -36.498 0.0000000000
231427  26.254  21.832  -37.233 0.0000000000
232475  19.267  15.422  -37.116 0.0000000000
233513  22.160  19.375  -37.212 0.0000000000
233516  26.803  24.435  -38.260 0.0000000000
233615  25.142  10.429  -37.506 0.0000000000
234146  27.135  18.625  -38.802 0.0000000000
234444  28.110  16.798  -38.942 0.0000000000
235734  26.240  19.513  -37.785 0.0000000000
236648  20.264  16.026  -37.870 0.0000000000
237133  25.173  11.447  -38.417 0.0000000000
237865  22.258  7.876  -35.218 0.0000000000
238126  26.369  23.832  -37.184 0.0000000000
238960  27.342  5.214  -33.866 0.0000000000
239127  18.876  9.011  -33.216 0.0000000000
239716  20.051  0.737  -28.081 0.0000000000
239881  21.641  12.164  -37.743 0.0000000000
240073  27.544  7.995  -35.333 0.0000000000
