#!ascii label  , from subject sub-03_ses-004.long.sub-03 vox2ras=TkReg
1699
81748  -5.282  -10.155  49.792 0.0000000000
92768  -30.908  -4.035  33.401 0.0000000000
101247  -29.026  0.773  31.604 0.0000000000
91407  -22.563  -5.198  39.239 0.0000000000
112092  -37.560  6.370  20.862 0.0000000000
109188  -32.551  5.468  24.233 0.0000000000
94141  -33.274  -2.211  39.359 0.0000000000
97003  -27.692  -1.800  37.854 0.0000000000
215463  -43.472  8.533  22.963 0.0000000000
217231  -46.758  11.958  19.137 0.0000000000
125513  -48.537  14.683  17.828 0.0000000000
110371  -32.744  5.958  33.627 0.0000000000
107896  -29.182  4.175  27.914 0.0000000000
111920  -35.165  6.752  29.341 0.0000000000
110527  -38.105  6.070  26.634 0.0000000000
94121  -15.137  -3.734  40.581 0.0000000000
80417  -3.362  -11.878  52.895 0.0000000000
98456  -31.840  -1.749  32.496 0.0000000000
106546  -30.925  3.632  37.084 0.0000000000
90156  -17.759  -6.243  35.887 0.0000000000
91469  -21.822  -5.200  34.339 0.0000000000
123069  -44.827  14.223  11.503 0.0000000000
130296  -49.826  19.115  17.472 0.0000000000
106737  -35.450  3.724  22.188 0.0000000000
107965  -41.247  4.752  23.669 0.0000000000
83249  -6.744  -9.518  46.817 0.0000000000
73459  -1.953  -15.596  53.492 0.0000000000
117060  -45.019  10.583  21.248 0.0000000000
110429  -33.905  6.352  31.459 0.0000000000
90087  -12.601  -6.353  40.055 0.0000000000
81734  -4.613  -10.329  51.515 0.0000000000
92840  -31.795  -4.726  30.601 0.0000000000
206117  -32.931  -3.747  32.893 0.0000000000
200732  -20.078  -6.069  36.980 0.0000000000
88757  -19.864  -6.750  34.838 0.0000000000
91447  -21.887  -4.800  36.625 0.0000000000
228722  -29.262  -2.751  35.344 0.0000000000
97061  -26.844  -2.014  34.810 0.0000000000
95742  -29.116  -3.113  32.935 0.0000000000
90078  -21.000  -6.576  40.506 0.0000000000
214585  -18.270  -5.058  38.889 0.0000000000
118249  -42.101  11.143  17.176 0.0000000000
123053  -43.983  13.569  13.504 0.0000000000
128002  -49.022  16.904  18.333 0.0000000000
109158  -30.638  5.394  26.075 0.0000000000
107985  -33.877  4.431  23.076 0.0000000000
107927  -39.786  4.230  25.442 0.0000000000
89989  -10.687  -6.201  44.079 0.0000000000
88558  -9.815  -6.332  46.072 0.0000000000
88542  -8.381  -6.833  47.745 0.0000000000
83275  -7.658  -9.129  45.154 0.0000000000
73472  -3.230  -15.884  51.931 0.0000000000
94197  -32.398  -3.531  36.673 0.0000000000
95713  -33.687  -2.274  35.560 0.0000000000
98366  -35.398  -1.144  38.600 0.0000000000
225935  -25.836  -3.834  41.124 0.0000000000
94159  -24.927  -3.007  38.816 0.0000000000
95610  -28.117  -2.257  40.874 0.0000000000
220120  -30.290  -2.573  38.496 0.0000000000
114521  -40.435  8.002  22.315 0.0000000000
117038  -41.877  10.056  21.260 0.0000000000
118226  -42.772  11.118  18.933 0.0000000000
120514  -44.072  12.278  17.015 0.0000000000
121715  -45.520  13.668  15.665 0.0000000000
121687  -47.881  13.220  17.644 0.0000000000
106620  -29.845  3.820  32.508 0.0000000000
105419  -28.942  3.200  29.821 0.0000000000
109117  -30.884  5.321  30.638 0.0000000000
110477  -31.997  6.144  28.492 0.0000000000
111981  -33.468  6.760  26.966 0.0000000000
112018  -35.284  6.479  25.484 0.0000000000
111947  -36.572  6.799  28.464 0.0000000000
92629  -13.675  -4.232  42.584 0.0000000000
90043  -11.684  -6.154  41.893 0.0000000000
207729  -49.875  15.089  11.878 0.0000000000
80392  -2.448  -11.809  53.347 0.0000000000
231385  -32.000  -2.546  29.579 0.0000000000
99834  -30.552  -0.554  32.550 0.0000000000
99804  -32.813  -0.590  35.096 0.0000000000
102657  -31.376  0.618  34.662 0.0000000000
105375  -30.190  2.770  34.231 0.0000000000
109078  -31.354  4.878  35.174 0.0000000000
230739  -24.443  -2.132  36.149 0.0000000000
94125  -17.780  -4.172  40.922 0.0000000000
202025  -16.230  -4.508  38.212 0.0000000000
125530  -45.964  15.166  15.138 0.0000000000
128023  -46.879  16.848  13.883 0.0000000000
126833  -48.346  16.353  12.472 0.0000000000
130319  -50.681  18.463  14.779 0.0000000000
79172  -5.010  -12.756  48.038 0.0000000000
79138  -4.337  -12.736  49.407 0.0000000000
108022  -36.322  4.484  21.050 0.0000000000
109191  -36.863  4.711  24.473 0.0000000000
106722  -38.015  3.706  22.977 0.0000000000
110643  -38.805  5.834  22.046 0.0000000000
209023  -42.089  6.378  23.232 0.0000000000
83239  -6.207  -9.704  48.322 0.0000000000
77646  -3.642  -13.321  51.259 0.0000000000
218450  -2.897  -13.510  52.863 0.0000000000
77602  -2.029  -13.275  53.045 0.0000000000
83209  -4.995  -9.974  50.921 0.0000000000
94260  -30.468  -4.051  32.758 0.0000000000
236755  -31.182  -4.479  32.069 0.0000000000
92782  -31.678  -4.362  33.105 0.0000000000
90120  -20.940  -5.929  38.253 0.0000000000
90150  -20.932  -5.671  36.691 0.0000000000
91434  -21.971  -4.908  37.488 0.0000000000
94227  -29.956  -3.266  34.432 0.0000000000
95710  -29.123  -2.360  34.551 0.0000000000
94259  -29.917  -3.695  33.178 0.0000000000
94274  -29.435  -3.646  32.363 0.0000000000
90094  -23.116  -5.343  40.414 0.0000000000
90066  -22.605  -5.839  41.099 0.0000000000
226131  -21.861  -6.009  39.837 0.0000000000
90105  -20.440  -6.217  39.069 0.0000000000
120558  -43.281  12.605  14.020 0.0000000000
99850  -29.194  -0.256  30.643 0.0000000000
101271  -28.613  0.159  30.213 0.0000000000
109173  -31.429  5.815  25.231 0.0000000000
107939  -31.315  4.460  24.018 0.0000000000
107956  -33.334  4.800  23.337 0.0000000000
87243  -9.569  -7.285  43.763 0.0000000000
88594  -10.158  -6.419  45.051 0.0000000000
231944  -9.179  -7.644  44.500 0.0000000000
85910  -8.657  -8.027  45.358 0.0000000000
207856  -8.043  -9.535  44.098 0.0000000000
94163  -32.978  -2.938  38.287 0.0000000000
94180  -34.105  -2.686  37.576 0.0000000000
95651  -34.738  -2.061  39.116 0.0000000000
94098  -27.275  -3.257  42.300 0.0000000000
94128  -26.915  -2.934  41.304 0.0000000000
95590  -28.730  -2.433  41.633 0.0000000000
95615  -32.768  -2.230  40.275 0.0000000000
95613  -31.129  -2.092  40.050 0.0000000000
94139  -32.162  -2.372  39.009 0.0000000000
206914  -31.881  -3.015  37.960 0.0000000000
114523  -41.967  8.555  22.485 0.0000000000
115671  -40.941  9.141  21.881 0.0000000000
115697  -42.712  9.604  21.882 0.0000000000
118205  -45.610  10.895  20.562 0.0000000000
118203  -43.817  10.748  20.506 0.0000000000
118218  -44.744  11.374  19.637 0.0000000000
119375  -43.520  11.723  17.928 0.0000000000
119376  -44.930  12.137  18.107 0.0000000000
120517  -46.322  12.619  17.532 0.0000000000
120491  -47.371  12.555  18.208 0.0000000000
109103  -30.916  5.047  32.980 0.0000000000
107879  -30.273  4.680  31.556 0.0000000000
109113  -31.262  5.404  31.680 0.0000000000
111863  -34.354  6.560  30.608 0.0000000000
110451  -33.070  6.612  30.114 0.0000000000
111919  -33.787  6.800  29.113 0.0000000000
111964  -32.710  6.605  27.755 0.0000000000
218417  -34.149  6.798  28.169 0.0000000000
111967  -34.702  6.826  27.347 0.0000000000
210934  -36.075  6.767  28.795 0.0000000000
94094  -16.127  -3.439  42.148 0.0000000000
227668  -15.359  -3.646  43.352 0.0000000000
224026  -14.629  -3.804  41.619 0.0000000000
225951  -12.338  -6.003  41.016 0.0000000000
126826  -50.867  16.428  12.877 0.0000000000
125541  -51.398  15.676  12.084 0.0000000000
80394  -3.053  -11.158  53.354 0.0000000000
95784  -32.325  -3.229  31.294 0.0000000000
94330  -32.854  -3.676  30.097 0.0000000000
97157  -32.027  -2.636  30.854 0.0000000000
98480  -31.111  -1.996  31.130 0.0000000000
98455  -31.364  -1.425  32.317 0.0000000000
99778  -33.777  -0.636  37.006 0.0000000000
98413  -33.191  -1.183  35.268 0.0000000000
101192  -33.111  -0.033  36.932 0.0000000000
105314  -31.719  2.687  38.015 0.0000000000
104061  -31.934  1.250  36.647 0.0000000000
226238  -31.101  2.038  36.015 0.0000000000
102655  -30.571  1.836  34.213 0.0000000000
106592  -30.533  3.226  35.106 0.0000000000
232629  -30.511  4.149  34.572 0.0000000000
201620  -31.011  4.593  35.853 0.0000000000
90172  -21.028  -6.119  34.441 0.0000000000
95657  -26.317  -2.092  38.541 0.0000000000
232431  -24.788  -2.331  37.772 0.0000000000
97015  -26.117  -1.638  36.899 0.0000000000
97078  -25.157  -1.916  33.805 0.0000000000
92653  -18.630  -5.205  41.450 0.0000000000
91432  -18.020  -5.313  37.069 0.0000000000
92704  -17.758  -4.758  38.537 0.0000000000
91444  -16.962  -5.635  36.803 0.0000000000
90131  -15.525  -6.043  37.142 0.0000000000
205087  -46.941  14.328  16.416 0.0000000000
124266  -46.038  14.345  15.563 0.0000000000
125516  -47.282  15.110  16.689 0.0000000000
234268  -49.080  18.422  17.617 0.0000000000
128010  -47.544  17.040  16.295 0.0000000000
129175  -48.379  18.084  15.342 0.0000000000
128033  -47.841  17.107  13.359 0.0000000000
129178  -48.854  18.093  14.652 0.0000000000
129199  -49.667  17.424  13.673 0.0000000000
131392  -50.401  19.360  16.419 0.0000000000
106634  -28.898  3.640  28.711 0.0000000000
104209  -28.023  2.014  28.693 0.0000000000
228694  -35.943  4.000  20.468 0.0000000000
106756  -35.937  4.033  21.371 0.0000000000
110554  -36.459  6.260  25.721 0.0000000000
110602  -35.928  5.759  24.389 0.0000000000
226402  -37.369  5.388  25.269 0.0000000000
106688  -40.765  4.003  24.446 0.0000000000
106685  -38.287  3.513  24.074 0.0000000000
107963  -39.770  3.955  23.557 0.0000000000
109220  -38.978  4.696  22.495 0.0000000000
109222  -40.509  5.236  22.982 0.0000000000
234043  -41.170  6.191  22.603 0.0000000000
202219  -41.761  5.678  23.049 0.0000000000
85888  -7.892  -8.091  47.015 0.0000000000
84594  -6.901  -8.824  47.691 0.0000000000
229296  -6.586  -8.792  48.698 0.0000000000
84601  -6.535  -9.431  47.646 0.0000000000
81796  -5.925  -10.853  47.405 0.0000000000
81816  -6.382  -10.809  46.502 0.0000000000
74849  -4.160  -14.728  49.844 0.0000000000
77647  -3.910  -12.835  50.722 0.0000000000
74835  -3.725  -14.644  50.502 0.0000000000
73466  -2.897  -15.746  52.607 0.0000000000
216874  -2.696  -14.366  52.585 0.0000000000
74807  -2.473  -14.314  52.935 0.0000000000
77603  -2.301  -13.265  53.282 0.0000000000
74806  -2.161  -14.337  52.944 0.0000000000
200289  -30.553  -2.103  41.900 0.0000000000
114527  -45.637  8.854  22.704 0.0000000000
115699  -44.187  9.804  22.144 0.0000000000
115702  -46.646  9.597  22.190 0.0000000000
110410  -33.253  6.104  32.515 0.0000000000
91390  -14.580  -4.944  39.122 0.0000000000
91375  -13.558  -4.993  40.328 0.0000000000
83185  -4.574  -9.770  52.761 0.0000000000
228231  -4.218  -10.691  52.538 0.0000000000
91522  -30.750  -5.046  30.739 0.0000000000
224146  -32.559  -4.010  31.460 0.0000000000
95760  -32.405  -2.841  32.048 0.0000000000
109056  -31.753  5.496  37.467 0.0000000000
210146  -18.957  -5.954  36.378 0.0000000000
88745  -18.962  -6.331  35.139 0.0000000000
90159  -19.952  -6.161  35.982 0.0000000000
210536  -21.038  -5.877  35.438 0.0000000000
92742  -21.755  -4.720  35.405 0.0000000000
224985  -28.657  -2.280  36.641 0.0000000000
97032  -27.266  -1.481  36.319 0.0000000000
97046  -28.449  -2.261  35.422 0.0000000000
206314  -27.831  -2.231  34.288 0.0000000000
94297  -28.571  -3.449  31.540 0.0000000000
218279  -20.431  -6.547  40.967 0.0000000000
91376  -19.010  -5.441  40.331 0.0000000000
90104  -19.873  -6.120  39.350 0.0000000000
91419  -18.980  -5.743  38.120 0.0000000000
118247  -41.088  10.628  17.666 0.0000000000
123061  -44.310  13.918  12.512 0.0000000000
125501  -49.997  15.379  19.087 0.0000000000
126795  -48.739  15.549  18.020 0.0000000000
107901  -29.730  4.610  27.078 0.0000000000
106717  -33.825  3.775  22.615 0.0000000000
107986  -34.967  4.068  22.956 0.0000000000
110530  -40.187  5.381  27.037 0.0000000000
109161  -38.966  4.985  25.987 0.0000000000
109147  -40.603  5.066  26.410 0.0000000000
91307  -11.387  -5.432  44.008 0.0000000000
91294  -11.188  -4.988  45.174 0.0000000000
91270  -9.889  -5.101  47.342 0.0000000000
88557  -9.290  -6.586  46.452 0.0000000000
85894  -8.137  -8.147  46.322 0.0000000000
208958  -7.045  -9.799  45.737 0.0000000000
80530  -6.974  -11.079  45.616 0.0000000000
80548  -7.180  -11.203  45.119 0.0000000000
94229  -31.227  -3.756  34.830 0.0000000000
92771  -32.851  -4.107  34.352 0.0000000000
92730  -33.354  -3.502  36.138 0.0000000000
97034  -34.402  -1.724  37.306 0.0000000000
91395  -24.133  -4.448  40.386 0.0000000000
92695  -24.290  -3.976  39.661 0.0000000000
94136  -25.262  -3.527  40.110 0.0000000000
95627  -26.520  -2.365  40.158 0.0000000000
95645  -27.911  -1.939  39.504 0.0000000000
95612  -29.529  -1.864  40.961 0.0000000000
211927  -29.457  -2.030  39.396 0.0000000000
97005  -29.116  -2.142  38.035 0.0000000000
95674  -29.802  -2.595  37.027 0.0000000000
94195  -30.935  -3.100  35.877 0.0000000000
91366  -25.290  -4.623  41.564 0.0000000000
113372  -38.485  6.983  21.554 0.0000000000
113389  -38.027  7.459  20.383 0.0000000000
114542  -39.367  8.747  21.450 0.0000000000
115707  -39.965  9.619  20.949 0.0000000000
117065  -40.668  10.179  19.682 0.0000000000
117040  -43.161  9.939  21.539 0.0000000000
118201  -42.544  10.682  20.397 0.0000000000
118224  -41.832  10.855  18.506 0.0000000000
119373  -42.452  11.237  17.874 0.0000000000
119390  -42.890  11.637  17.126 0.0000000000
120536  -43.585  12.564  15.966 0.0000000000
121714  -44.058  13.070  15.554 0.0000000000
120524  -44.653  12.732  16.600 0.0000000000
121693  -46.834  13.516  16.932 0.0000000000
123016  -48.156  13.969  17.537 0.0000000000
120493  -48.318  12.954  18.755 0.0000000000
123012  -49.514  14.449  18.771 0.0000000000
105407  -29.294  2.823  32.153 0.0000000000
104172  -28.873  2.147  31.206 0.0000000000
106624  -29.308  3.422  31.064 0.0000000000
107888  -29.543  4.099  30.004 0.0000000000
216215  -29.926  4.607  28.969 0.0000000000
110438  -32.243  6.001  30.955 0.0000000000
109128  -31.412  5.607  29.546 0.0000000000
109135  -30.651  5.264  27.920 0.0000000000
110524  -31.041  5.651  27.566 0.0000000000
110576  -31.678  6.100  25.826 0.0000000000
225868  -32.967  6.164  25.504 0.0000000000
110599  -33.628  5.984  24.581 0.0000000000
210418  -34.361  6.771  26.206 0.0000000000
200711  -35.682  6.759  26.556 0.0000000000
111971  -37.829  6.525  27.235 0.0000000000
111925  -38.457  6.556  29.103 0.0000000000
110499  -39.464  6.016  27.954 0.0000000000
94062  -13.568  -3.897  43.683 0.0000000000
216016  -12.903  -4.997  41.341 0.0000000000
91338  -12.765  -4.739  42.495 0.0000000000
91325  -12.020  -5.209  43.220 0.0000000000
88651  -11.064  -6.394  42.944 0.0000000000
99852  -30.211  -1.086  31.392 0.0000000000
101248  -29.561  0.314  31.930 0.0000000000
94247  -33.433  -3.395  34.324 0.0000000000
97083  -32.901  -2.090  33.931 0.0000000000
99829  -32.343  -1.160  33.823 0.0000000000
101217  -31.959  0.220  35.055 0.0000000000
101234  -31.587  -0.246  33.694 0.0000000000
101233  -31.025  0.026  33.487 0.0000000000
102680  -30.073  0.928  33.068 0.0000000000
102679  -29.751  1.479  32.636 0.0000000000
106612  -29.820  3.422  33.149 0.0000000000
107873  -30.565  4.486  33.378 0.0000000000
109088  -32.072  5.499  34.448 0.0000000000
110309  -32.410  6.076  36.502 0.0000000000
110341  -33.014  6.025  35.555 0.0000000000
94157  -23.837  -3.587  38.191 0.0000000000
94192  -23.388  -3.279  36.504 0.0000000000
94226  -23.126  -3.019  35.040 0.0000000000
228717  -25.937  -1.872  35.474 0.0000000000
95708  -24.149  -2.288  34.624 0.0000000000
94082  -17.516  -3.721  42.735 0.0000000000
94123  -16.202  -3.632  40.582 0.0000000000
92679  -18.154  -4.548  39.854 0.0000000000
92677  -16.569  -4.078  39.535 0.0000000000
92676  -15.866  -4.244  39.376 0.0000000000
91416  -15.002  -5.397  37.990 0.0000000000
229449  -44.726  13.841  14.651 0.0000000000
124268  -45.087  14.619  14.241 0.0000000000
125534  -45.300  15.236  13.882 0.0000000000
126804  -47.451  16.105  16.548 0.0000000000
126817  -46.551  16.533  14.449 0.0000000000
125538  -45.848  15.857  12.720 0.0000000000
126840  -46.596  16.110  12.149 0.0000000000
125545  -47.622  15.506  11.607 0.0000000000
124278  -48.183  15.068  11.449 0.0000000000
126843  -48.869  15.893  12.262 0.0000000000
237566  -50.463  16.979  13.345 0.0000000000
238286  -5.320  -10.682  49.024 0.0000000000
212021  -4.690  -11.135  49.907 0.0000000000
77671  -4.589  -12.848  48.711 0.0000000000
102735  -28.151  1.321  29.853 0.0000000000
228485  -37.001  5.564  21.010 0.0000000000
237259  -34.265  5.426  24.057 0.0000000000
109205  -35.051  4.915  23.667 0.0000000000
107987  -35.690  4.057  23.118 0.0000000000
107925  -38.063  4.005  24.966 0.0000000000
107961  -36.966  3.852  23.786 0.0000000000
106721  -36.934  3.867  22.811 0.0000000000
106739  -37.103  4.026  22.373 0.0000000000
109234  -37.874  5.164  21.804 0.0000000000
110642  -38.251  6.314  21.774 0.0000000000
112088  -39.858  6.795  22.216 0.0000000000
113352  -41.018  6.875  22.503 0.0000000000
113354  -42.671  7.340  23.100 0.0000000000
84581  -5.986  -8.773  50.342 0.0000000000
84586  -6.181  -9.257  49.347 0.0000000000
225202  -5.860  -9.767  49.477 0.0000000000
80480  -5.365  -11.251  48.144 0.0000000000
209900  -5.291  -12.677  47.335 0.0000000000
80446  -4.326  -11.677  50.367 0.0000000000
79071  -3.833  -12.223  51.662 0.0000000000
79048  -3.595  -12.068  52.322 0.0000000000
74834  -3.289  -14.560  51.199 0.0000000000
209482  -3.123  -13.270  52.670 0.0000000000
79035  -3.055  -12.558  53.123 0.0000000000
79027  -2.976  -12.508  53.162 0.0000000000
79025  -2.022  -12.325  53.099 0.0000000000
73458  -1.541  -15.560  53.579 0.0000000000
74804  -1.835  -14.422  52.813 0.0000000000
83210  -5.508  -9.749  50.296 0.0000000000
83217  -5.018  -10.147  50.348 0.0000000000
92781  -31.100  -4.387  32.660 0.0000000000
92769  -31.645  -4.159  33.789 0.0000000000
90122  -21.792  -5.504  38.776 0.0000000000
91420  -21.519  -5.300  37.967 0.0000000000
91421  -22.267  -5.028  38.429 0.0000000000
94244  -30.372  -3.678  33.963 0.0000000000
206234  -29.757  -3.466  33.868 0.0000000000
199437  -30.263  -3.791  33.429 0.0000000000
91393  -22.910  -5.354  39.877 0.0000000000
198700  -22.461  -5.787  40.067 0.0000000000
90108  -22.041  -5.723  39.511 0.0000000000
207565  -21.395  -5.935  38.899 0.0000000000
120546  -43.205  12.511  14.730 0.0000000000
101259  -29.323  0.004  31.318 0.0000000000
101258  -28.773  0.437  30.937 0.0000000000
109174  -31.960  5.667  24.646 0.0000000000
107924  -31.318  5.122  24.640 0.0000000000
109187  -31.925  5.106  23.938 0.0000000000
109202  -32.244  4.797  23.455 0.0000000000
107955  -32.698  4.665  23.168 0.0000000000
109203  -32.747  5.193  23.633 0.0000000000
85923  -8.959  -8.464  43.195 0.0000000000
235685  -9.302  -7.462  44.131 0.0000000000
201370  -8.782  -8.479  43.940 0.0000000000
84635  -8.546  -8.521  44.399 0.0000000000
94152  -33.112  -2.458  38.779 0.0000000000
94165  -34.000  -2.414  38.523 0.0000000000
235396  -33.996  -2.132  39.229 0.0000000000
94083  -28.009  -3.029  42.746 0.0000000000
228503  -27.705  -3.026  42.451 0.0000000000
94114  -28.256  -2.814  42.294 0.0000000000
215980  -32.936  -2.289  39.715 0.0000000000
95633  -32.474  -2.244  39.615 0.0000000000
94140  -32.749  -2.254  39.140 0.0000000000
94151  -32.533  -2.716  38.661 0.0000000000
92632  -27.861  -3.372  43.119 0.0000000000
114524  -42.743  8.710  22.658 0.0000000000
115673  -42.359  9.150  22.181 0.0000000000
209160  -43.368  9.113  22.573 0.0000000000
118220  -46.163  11.382  20.093 0.0000000000
118219  -45.482  11.265  19.848 0.0000000000
119353  -45.522  11.656  19.147 0.0000000000
119363  -44.694  11.763  18.857 0.0000000000
205247  -46.262  11.917  18.799 0.0000000000
232020  -46.465  12.112  18.275 0.0000000000
212997  -46.881  12.213  18.522 0.0000000000
109104  -31.581  5.453  33.081 0.0000000000
109109  -31.281  5.347  32.390 0.0000000000
109110  -31.888  5.785  32.619 0.0000000000
212583  -34.914  6.735  29.887 0.0000000000
111891  -33.784  6.750  29.796 0.0000000000
231780  -34.463  6.831  29.409 0.0000000000
111943  -33.672  6.735  28.480 0.0000000000
219116  -34.867  6.834  28.867 0.0000000000
111945  -35.116  6.859  28.411 0.0000000000
111921  -35.748  6.821  29.343 0.0000000000
94106  -15.203  -3.609  41.191 0.0000000000
200724  -15.351  -3.550  41.888 0.0000000000
92651  -14.630  -3.963  40.977 0.0000000000
126827  -51.566  16.623  12.898 0.0000000000
126836  -51.213  16.066  12.499 0.0000000000
207480  -3.910  -10.593  53.243 0.0000000000
81714  -3.409  -10.828  53.556 0.0000000000
80406  -3.246  -11.365  53.219 0.0000000000
212445  -32.044  -2.504  31.527 0.0000000000
97132  -31.640  -2.008  31.902 0.0000000000
98463  -31.198  -1.742  31.724 0.0000000000
101193  -33.536  -0.228  37.204 0.0000000000
200323  -33.377  0.188  37.321 0.0000000000
106532  -31.116  3.584  37.744 0.0000000000
105348  -31.249  2.174  37.051 0.0000000000
106563  -30.850  2.875  36.814 0.0000000000
105358  -30.810  2.672  35.682 0.0000000000
230179  -30.785  3.019  36.172 0.0000000000
106578  -30.687  3.655  35.623 0.0000000000
107833  -31.011  4.493  36.666 0.0000000000
88739  -17.161  -6.708  35.751 0.0000000000
212766  -17.738  -6.575  35.359 0.0000000000
96992  -26.993  -1.862  38.657 0.0000000000
97001  -26.234  -1.874  37.706 0.0000000000
97002  -26.904  -1.728  37.832 0.0000000000
229816  -18.137  -5.532  36.711 0.0000000000
91431  -17.340  -5.164  37.124 0.0000000000
91445  -17.664  -5.475  36.625 0.0000000000
90144  -16.586  -6.152  36.536 0.0000000000
124284  -45.285  14.519  11.278 0.0000000000
124249  -47.823  14.399  17.253 0.0000000000
124253  -47.102  14.625  16.550 0.0000000000
125517  -47.732  14.927  17.149 0.0000000000
232077  -49.232  18.762  17.159 0.0000000000
130300  -48.705  18.407  16.683 0.0000000000
130308  -48.769  18.577  15.871 0.0000000000
231233  -48.317  17.891  14.744 0.0000000000
130301  -49.280  18.918  16.353 0.0000000000
130309  -49.480  18.921  15.586 0.0000000000
221080  -49.841  19.170  16.768 0.0000000000
107893  -29.161  4.005  28.447 0.0000000000
106639  -28.494  3.245  28.183 0.0000000000
106640  -28.848  3.709  28.029 0.0000000000
106736  -34.791  3.534  22.119 0.0000000000
106754  -35.019  3.512  21.614 0.0000000000
199266  -35.582  3.772  21.688 0.0000000000
112002  -37.531  6.096  26.311 0.0000000000
110555  -37.292  5.857  25.757 0.0000000000
110556  -38.012  5.683  26.058 0.0000000000
106703  -41.027  4.378  23.969 0.0000000000
106702  -40.359  4.036  24.016 0.0000000000
107964  -40.639  4.401  23.570 0.0000000000
107990  -40.199  4.561  23.169 0.0000000000
107991  -40.921  4.912  23.299 0.0000000000
109223  -41.271  5.455  23.040 0.0000000000
109206  -41.758  5.352  23.392 0.0000000000
213729  -7.085  -8.988  47.088 0.0000000000
85887  -7.402  -8.595  47.226 0.0000000000
83248  -6.317  -9.973  47.303 0.0000000000
81797  -6.180  -10.526  47.087 0.0000000000
83258  -6.469  -10.186  46.664 0.0000000000
76252  -3.871  -13.960  50.203 0.0000000000
73460  -2.479  -15.632  53.138 0.0000000000
219566  -2.566  -14.998  52.777 0.0000000000
218262  -2.217  -14.982  53.060 0.0000000000
215552  -1.818  -15.044  53.118 0.0000000000
110393  -34.184  6.378  33.492 0.0000000000
91402  -14.146  -5.487  38.962 0.0000000000
83202  -4.914  -9.775  51.638 0.0000000000
84575  -4.813  -9.503  52.329 0.0000000000
81726  -4.582  -10.171  52.295 0.0000000000
81725  -4.349  -10.693  52.036 0.0000000000
92823  -30.507  -4.618  31.234 0.0000000000
92798  -31.866  -4.490  32.334 0.0000000000
92825  -32.202  -4.359  31.738 0.0000000000
94276  -32.550  -4.131  32.338 0.0000000000
94299  -32.658  -3.627  32.107 0.0000000000
95761  -32.747  -3.105  32.738 0.0000000000
90147  -19.342  -5.964  36.938 0.0000000000
236377  -19.565  -6.058  36.352 0.0000000000
90148  -19.895  -6.103  36.622 0.0000000000
91446  -21.327  -5.310  36.546 0.0000000000
215152  -21.132  -5.777  36.007 0.0000000000
91455  -21.520  -5.119  35.984 0.0000000000
208180  -21.343  -5.507  35.432 0.0000000000
91456  -21.970  -4.573  36.008 0.0000000000
197793  -29.237  -2.638  35.872 0.0000000000
97033  -28.773  -2.405  36.017 0.0000000000
95698  -28.890  -2.597  35.417 0.0000000000
197786  -29.000  -2.759  33.688 0.0000000000
95725  -28.514  -2.218  34.544 0.0000000000
95741  -28.507  -2.591  33.290 0.0000000000
97082  -27.904  -2.220  33.587 0.0000000000
95759  -28.543  -2.775  32.609 0.0000000000
94273  -28.889  -3.247  32.165 0.0000000000
94298  -29.227  -3.811  31.734 0.0000000000
90079  -21.654  -6.313  40.615 0.0000000000
90065  -21.954  -6.293  41.107 0.0000000000
90064  -21.176  -6.612  41.079 0.0000000000
88683  -21.086  -6.735  41.447 0.0000000000
90077  -20.415  -6.542  40.360 0.0000000000
90090  -19.902  -6.291  40.109 0.0000000000
90091  -20.414  -6.467  39.755 0.0000000000
198850  -19.951  -6.018  37.667 0.0000000000
90119  -19.547  -5.927  38.127 0.0000000000
90135  -19.444  -5.927  37.567 0.0000000000
233194  -18.963  -5.796  37.464 0.0000000000
118248  -41.623  10.990  17.407 0.0000000000
109144  -30.191  5.146  26.625 0.0000000000
107908  -29.759  4.299  26.241 0.0000000000
107909  -30.218  4.887  25.799 0.0000000000
107984  -33.209  4.249  22.911 0.0000000000
106718  -34.576  3.720  22.546 0.0000000000
219213  -34.364  4.147  22.817 0.0000000000
110501  -40.827  5.809  27.720 0.0000000000
107929  -41.569  4.010  25.248 0.0000000000
89990  -10.931  -5.738  44.310 0.0000000000
211737  -11.263  -5.200  44.555 0.0000000000
89971  -10.583  -6.107  44.673 0.0000000000
203953  -9.865  -6.521  45.551 0.0000000000
204117  -10.287  -5.729  45.728 0.0000000000
91282  -9.975  -5.851  46.109 0.0000000000
89945  -9.597  -6.014  46.545 0.0000000000
84626  -8.086  -8.607  45.101 0.0000000000
85901  -8.397  -8.060  45.769 0.0000000000
210515  -7.837  -8.662  45.472 0.0000000000
84617  -7.853  -8.510  45.971 0.0000000000
235505  -7.324  -9.446  45.443 0.0000000000
81838  -7.110  -10.561  45.395 0.0000000000
83274  -7.339  -9.837  45.159 0.0000000000
94213  -32.126  -3.624  35.818 0.0000000000
92745  -32.523  -3.908  35.365 0.0000000000
94198  -33.064  -3.627  36.696 0.0000000000
97006  -34.977  -1.886  38.252 0.0000000000
94181  -34.254  -2.437  37.591 0.0000000000
98380  -35.080  -1.258  38.219 0.0000000000
92668  -25.229  -4.026  40.870 0.0000000000
92682  -24.982  -3.875  40.379 0.0000000000
92683  -25.457  -3.672  40.632 0.0000000000
95588  -27.604  -2.779  41.357 0.0000000000
95608  -26.756  -2.735  40.726 0.0000000000
95609  -27.461  -2.567  40.786 0.0000000000
95628  -27.284  -2.263  40.198 0.0000000000
95629  -28.022  -2.059  40.236 0.0000000000
235113  -30.845  -2.019  41.325 0.0000000000
210421  -30.354  -1.977  41.429 0.0000000000
95648  -30.854  -2.379  38.846 0.0000000000
95631  -30.531  -2.040  39.772 0.0000000000
95647  -30.162  -2.106  39.174 0.0000000000
95658  -29.287  -2.104  38.759 0.0000000000
230994  -29.764  -2.434  38.203 0.0000000000
95659  -30.205  -2.674  37.742 0.0000000000
234091  -31.969  -3.270  36.999 0.0000000000
94175  -30.937  -2.961  36.720 0.0000000000
94196  -31.636  -3.253  36.418 0.0000000000
94212  -31.440  -3.536  35.517 0.0000000000
227989  -26.020  -4.196  41.548 0.0000000000
91381  -25.536  -4.269  41.329 0.0000000000
91379  -24.415  -4.616  40.832 0.0000000000
113373  -39.158  7.284  21.791 0.0000000000
113384  -38.583  7.732  21.374 0.0000000000
114520  -39.888  8.381  21.890 0.0000000000
115695  -41.454  9.580  21.491 0.0000000000
115694  -40.724  9.623  21.254 0.0000000000
117037  -41.241  10.057  20.951 0.0000000000
117054  -40.512  9.966  20.444 0.0000000000
117055  -41.274  10.380  20.193 0.0000000000
117042  -44.565  10.240  21.823 0.0000000000
115698  -43.610  9.783  21.961 0.0000000000
117041  -43.819  10.169  21.655 0.0000000000
118217  -43.532  10.977  19.850 0.0000000000
118202  -43.194  10.594  20.378 0.0000000000
118216  -42.865  10.881  19.637 0.0000000000
118215  -42.253  10.796  19.736 0.0000000000
216248  -42.432  11.017  19.206 0.0000000000
118238  -42.061  11.032  18.037 0.0000000000
119361  -42.922  11.404  18.329 0.0000000000
119392  -44.291  12.097  17.620 0.0000000000
119391  -43.480  11.883  17.347 0.0000000000
119399  -43.360  12.044  16.838 0.0000000000
120523  -43.836  12.414  16.498 0.0000000000
227369  -44.152  12.806  16.169 0.0000000000
120518  -46.956  12.996  17.380 0.0000000000
120526  -46.260  12.988  17.110 0.0000000000
121694  -47.354  13.431  17.206 0.0000000000
123014  -47.354  13.918  17.059 0.0000000000
121696  -48.138  13.522  17.644 0.0000000000
207109  -29.534  3.542  32.066 0.0000000000
106623  -29.344  3.338  31.671 0.0000000000
107878  -29.931  4.103  31.815 0.0000000000
107882  -30.276  4.870  30.872 0.0000000000
107881  -29.915  4.338  31.134 0.0000000000
107884  -29.938  4.479  30.431 0.0000000000
107889  -30.012  4.603  29.652 0.0000000000
107885  -30.351  4.989  30.198 0.0000000000
110428  -33.316  6.233  31.769 0.0000000000
110427  -32.637  6.180  31.962 0.0000000000
200476  -32.753  6.376  31.378 0.0000000000
110463  -32.530  6.309  29.652 0.0000000000
110462  -31.949  5.898  29.911 0.0000000000
109132  -31.424  5.572  28.750 0.0000000000
109131  -30.764  5.238  28.607 0.0000000000
110495  -31.123  5.451  28.176 0.0000000000
110496  -31.526  5.880  28.011 0.0000000000
111980  -32.940  6.672  27.254 0.0000000000
110526  -32.265  6.449  27.061 0.0000000000
111996  -32.810  6.597  26.647 0.0000000000
110577  -32.257  6.104  25.441 0.0000000000
111997  -33.210  6.706  26.338 0.0000000000
112015  -33.331  6.588  25.838 0.0000000000
111998  -33.700  6.842  26.294 0.0000000000
211047  -36.113  6.817  28.053 0.0000000000
111983  -35.258  6.772  26.996 0.0000000000
111984  -35.990  6.784  27.222 0.0000000000
111985  -36.735  6.787  26.926 0.0000000000
211083  -36.816  6.806  27.973 0.0000000000
222707  -39.012  6.589  29.505 0.0000000000
198458  -39.220  6.617  28.991 0.0000000000
111950  -38.846  6.451  28.313 0.0000000000
110478  -39.921  6.192  28.363 0.0000000000
94079  -14.789  -3.677  43.024 0.0000000000
94063  -14.207  -3.732  43.376 0.0000000000
201360  -14.168  -3.516  44.093 0.0000000000
92618  -13.666  -4.098  43.089 0.0000000000
91374  -13.378  -5.569  40.079 0.0000000000
91362  -13.516  -4.629  40.876 0.0000000000
91361  -13.081  -5.253  40.705 0.0000000000
90061  -12.153  -5.876  41.550 0.0000000000
91349  -12.384  -5.348  41.769 0.0000000000
90044  -11.931  -5.733  42.182 0.0000000000
91337  -12.263  -5.174  42.488 0.0000000000
90025  -11.713  -5.634  42.841 0.0000000000
90005  -11.498  -5.541  43.449 0.0000000000
90024  -11.453  -6.055  42.552 0.0000000000
214967  -2.359  -11.431  53.269 0.0000000000
94329  -32.827  -3.620  29.342 0.0000000000
97173  -31.433  -2.432  29.961 0.0000000000
98462  -30.737  -1.434  31.589 0.0000000000
98479  -30.623  -1.699  31.047 0.0000000000
99841  -30.325  -0.870  32.000 0.0000000000
99840  -29.868  -0.410  31.646 0.0000000000
101249  -30.018  -0.155  32.288 0.0000000000
94230  -33.309  -3.430  34.828 0.0000000000
94246  -33.167  -3.822  34.283 0.0000000000
95712  -33.457  -2.913  35.023 0.0000000000
99805  -33.143  -0.760  35.417 0.0000000000
98431  -33.120  -1.455  34.825 0.0000000000
98430  -32.891  -1.451  34.293 0.0000000000
98443  -32.507  -1.832  33.574 0.0000000000
99818  -32.591  -0.876  34.509 0.0000000000
102644  -31.529  0.806  35.391 0.0000000000
102630  -31.711  0.983  36.037 0.0000000000
101224  -31.799  0.008  34.331 0.0000000000
101223  -31.238  0.327  34.003 0.0000000000
102666  -30.383  1.245  33.629 0.0000000000
104108  -30.126  2.208  33.680 0.0000000000
104123  -29.959  1.812  33.154 0.0000000000
105383  -29.795  2.652  33.184 0.0000000000
105384  -29.961  2.953  33.616 0.0000000000
107859  -30.893  4.551  34.705 0.0000000000
107869  -30.605  4.387  34.111 0.0000000000
107870  -31.063  4.946  34.271 0.0000000000
109096  -31.545  5.265  34.168 0.0000000000
109079  -31.862  5.532  35.041 0.0000000000
110302  -32.317  5.882  37.817 0.0000000000
109064  -31.794  5.704  36.773 0.0000000000
212916  -32.875  6.357  37.412 0.0000000000
110358  -33.578  6.057  34.972 0.0000000000
88746  -19.684  -6.354  35.301 0.0000000000
88756  -19.261  -6.786  34.769 0.0000000000
94147  -24.665  -3.557  39.276 0.0000000000
92707  -24.108  -3.854  39.003 0.0000000000
94158  -24.433  -3.300  38.540 0.0000000000
95671  -24.934  -2.140  37.253 0.0000000000
94193  -23.930  -2.853  36.954 0.0000000000
95685  -23.749  -2.813  36.167 0.0000000000
94209  -23.223  -3.164  35.773 0.0000000000
95695  -23.673  -2.788  35.499 0.0000000000
200846  -27.494  -1.731  35.741 0.0000000000
97031  -26.869  -1.654  35.775 0.0000000000
97043  -26.530  -1.927  35.360 0.0000000000
94096  -17.462  -3.675  42.032 0.0000000000
94108  -16.732  -3.516  41.723 0.0000000000
94109  -17.318  -3.767  41.326 0.0000000000
91391  -18.989  -5.344  39.671 0.0000000000
92680  -18.619  -4.953  40.111 0.0000000000
92693  -18.470  -5.013  39.450 0.0000000000
233673  -16.975  -4.493  38.165 0.0000000000
92691  -17.234  -4.359  39.100 0.0000000000
92690  -16.451  -4.325  38.814 0.0000000000
92689  -15.751  -4.528  38.665 0.0000000000
92688  -15.161  -4.970  38.615 0.0000000000
92702  -15.688  -4.895  38.054 0.0000000000
121729  -44.874  13.395  15.523 0.0000000000
121728  -44.390  13.457  14.883 0.0000000000
123039  -45.053  13.780  15.169 0.0000000000
229961  -46.151  14.648  15.512 0.0000000000
124265  -45.590  14.601  15.086 0.0000000000
125531  -45.460  15.075  14.578 0.0000000000
124271  -44.988  14.778  13.387 0.0000000000
125532  -45.733  15.555  14.353 0.0000000000
128001  -48.587  16.365  17.943 0.0000000000
126799  -48.177  15.850  17.519 0.0000000000
128005  -48.119  16.823  17.437 0.0000000000
212501  -47.362  17.198  15.498 0.0000000000
128017  -46.890  16.884  15.053 0.0000000000
126820  -46.114  16.087  14.028 0.0000000000
126824  -46.185  16.224  13.304 0.0000000000
237835  -46.206  16.023  12.347 0.0000000000
126825  -46.787  16.605  13.201 0.0000000000
128044  -48.139  16.750  12.872 0.0000000000
126832  -47.694  16.426  12.460 0.0000000000
126842  -48.036  16.018  12.041 0.0000000000
125546  -48.448  15.464  11.768 0.0000000000
128045  -48.961  16.623  12.755 0.0000000000
129180  -50.249  18.178  14.409 0.0000000000
217579  -50.022  16.990  13.356 0.0000000000
213268  -50.676  17.865  13.940 0.0000000000
128026  -51.252  17.550  13.663 0.0000000000
130320  -51.457  18.256  14.486 0.0000000000
80479  -5.090  -11.585  48.602 0.0000000000
79157  -4.908  -12.210  48.491 0.0000000000
105411  -28.897  2.837  30.610 0.0000000000
104191  -28.470  1.881  30.404 0.0000000000
104190  -28.237  1.956  29.507 0.0000000000
108030  -36.471  4.712  20.398 0.0000000000
109244  -36.677  5.066  20.977 0.0000000000
110579  -34.132  6.309  25.030 0.0000000000
110620  -33.813  5.547  24.154 0.0000000000
110600  -34.359  5.824  24.457 0.0000000000
109190  -36.205  5.056  24.172 0.0000000000
110622  -35.486  5.264  24.058 0.0000000000
107959  -35.807  4.592  23.672 0.0000000000
107940  -36.564  4.339  23.999 0.0000000000
107910  -39.232  4.502  25.631 0.0000000000
224172  -38.665  4.655  25.561 0.0000000000
107926  -38.673  4.173  25.287 0.0000000000
106700  -38.000  3.570  23.537 0.0000000000
107962  -37.559  3.597  24.016 0.0000000000
198259  -37.391  3.665  23.308 0.0000000000
106699  -36.795  3.780  23.259 0.0000000000
210040  -37.473  3.776  22.763 0.0000000000
106740  -37.815  4.041  22.474 0.0000000000
109235  -38.617  5.174  22.040 0.0000000000
108010  -38.232  4.572  22.213 0.0000000000
225598  -38.254  5.647  21.756 0.0000000000
112087  -38.971  6.576  22.038 0.0000000000
110644  -39.456  6.137  22.477 0.0000000000
112075  -41.725  6.329  22.709 0.0000000000
211329  -40.734  6.511  22.506 0.0000000000
113353  -41.537  6.956  22.653 0.0000000000
218685  -42.032  7.355  22.835 0.0000000000
85879  -6.506  -9.158  48.358 0.0000000000
85874  -6.448  -8.670  49.171 0.0000000000
83226  -6.222  -9.539  48.902 0.0000000000
220016  -5.925  -9.987  48.804 0.0000000000
229637  -5.642  -10.454  48.653 0.0000000000
83238  -5.970  -10.205  48.250 0.0000000000
80510  -5.880  -11.323  46.986 0.0000000000
211896  -5.532  -11.914  47.124 0.0000000000
79118  -4.517  -11.647  49.724 0.0000000000
79117  -4.223  -12.316  50.029 0.0000000000
79094  -4.077  -12.273  50.915 0.0000000000
77632  -3.728  -12.766  51.508 0.0000000000
79070  -3.481  -12.768  52.377 0.0000000000
213559  -3.188  -15.234  51.531 0.0000000000
76208  -2.749  -13.928  52.799 0.0000000000
76213  -2.959  -13.770  52.468 0.0000000000
77611  -3.061  -13.000  52.985 0.0000000000
236119  -3.040  -12.887  53.085 0.0000000000
77604  -2.676  -13.136  53.210 0.0000000000
76206  -2.123  -13.776  53.069 0.0000000000
77597  -2.116  -12.986  53.119 0.0000000000
216213  -1.981  -12.361  53.007 0.0000000000
73457  -1.333  -15.563  53.241 0.0000000000
219564  -1.640  -15.050  53.132 0.0000000000
81739  -4.651  -10.485  50.790 0.0000000000
92797  -30.762  -4.373  32.207 0.0000000000
92799  -32.323  -4.333  32.875 0.0000000000
90136  -20.328  -5.951  37.261 0.0000000000
90137  -20.627  -5.857  36.916 0.0000000000
199510  -20.930  -5.590  37.561 0.0000000000
91433  -21.308  -5.292  37.191 0.0000000000
95699  -29.823  -2.922  35.085 0.0000000000
213014  -29.151  -2.605  34.951 0.0000000000
95711  -29.588  -2.759  34.410 0.0000000000
95726  -29.350  -2.848  34.055 0.0000000000
94243  -29.410  -3.415  33.525 0.0000000000
199966  -29.568  -3.591  32.923 0.0000000000
94275  -29.949  -3.862  32.505 0.0000000000
206894  -23.914  -5.128  41.244 0.0000000000
90080  -22.918  -5.570  40.766 0.0000000000
90093  -22.041  -6.040  40.298 0.0000000000
201096  -21.411  -6.352  40.061 0.0000000000
90092  -20.910  -6.450  39.566 0.0000000000
90106  -20.956  -6.154  38.920 0.0000000000
198851  -20.448  -6.005  38.193 0.0000000000
119407  -42.462  11.373  16.318 0.0000000000
121739  -43.736  13.237  14.001 0.0000000000
99865  -29.513  -0.983  30.466 0.0000000000
109172  -30.862  5.200  25.372 0.0000000000
107923  -30.493  4.398  25.087 0.0000000000
233809  -30.914  4.714  24.931 0.0000000000
107938  -30.902  4.349  24.597 0.0000000000
88612  -9.943  -6.799  44.070 0.0000000000
88613  -10.272  -6.464  44.393 0.0000000000
87235  -9.426  -7.118  44.288 0.0000000000
87229  -9.294  -7.174  44.787 0.0000000000
88592  -9.103  -7.174  45.196 0.0000000000
88572  -9.248  -6.821  45.708 0.0000000000
87228  -8.988  -7.788  45.020 0.0000000000
85909  -8.552  -8.320  44.932 0.0000000000
84634  -8.110  -8.897  44.591 0.0000000000
83287  -7.671  -9.640  44.606 0.0000000000
81882  -7.759  -10.144  44.115 0.0000000000
201992  -32.881  -3.345  37.757 0.0000000000
94178  -33.309  -3.468  37.279 0.0000000000
199490  -33.450  -3.099  37.845 0.0000000000
95662  -34.454  -2.496  38.452 0.0000000000
96996  -35.521  -1.496  38.898 0.0000000000
92654  -26.391  -3.926  41.637 0.0000000000
92669  -26.197  -3.571  41.285 0.0000000000
94112  -27.109  -3.114  41.823 0.0000000000
94113  -27.818  -2.911  41.919 0.0000000000
95589  -28.223  -2.575  41.342 0.0000000000
95614  -31.682  -2.029  40.343 0.0000000000
233400  -32.239  -2.172  40.077 0.0000000000
95632  -31.803  -2.202  39.560 0.0000000000
95661  -31.303  -2.565  38.457 0.0000000000
95660  -30.823  -2.652  38.207 0.0000000000
94150  -31.865  -2.795  38.485 0.0000000000
94162  -32.388  -3.095  38.156 0.0000000000
92643  -27.101  -3.763  42.471 0.0000000000
225347  -40.495  8.641  22.080 0.0000000000
114522  -41.156  8.435  22.362 0.0000000000
115672  -41.689  9.058  21.980 0.0000000000
115696  -42.108  9.599  21.708 0.0000000000
117059  -44.174  10.573  21.200 0.0000000000
118204  -44.677  10.980  20.483 0.0000000000
218667  -44.113  11.189  20.046 0.0000000000
118228  -44.010  11.445  19.436 0.0000000000
119362  -43.538  11.605  18.477 0.0000000000
212301  -43.914  11.618  18.818 0.0000000000
120502  -45.087  12.358  17.607 0.0000000000
120515  -44.876  12.489  17.172 0.0000000000
120503  -45.685  12.358  17.805 0.0000000000
215199  -46.806  12.596  17.717 0.0000000000
120504  -47.272  12.736  17.753 0.0000000000
213295  -30.540  4.590  32.811 0.0000000000
107876  -30.312  4.464  32.293 0.0000000000
231341  -30.712  4.938  32.488 0.0000000000
109108  -30.687  5.069  31.961 0.0000000000
221716  -31.246  5.428  31.147 0.0000000000
110440  -33.979  6.464  30.952 0.0000000000
203940  -32.928  6.432  30.764 0.0000000000
111862  -33.714  6.634  30.530 0.0000000000
110464  -33.163  6.691  29.412 0.0000000000
111918  -32.588  6.535  28.898 0.0000000000
238214  -32.486  6.465  28.256 0.0000000000
111942  -33.034  6.671  28.334 0.0000000000
111965  -33.456  6.674  27.789 0.0000000000
111966  -34.097  6.797  27.540 0.0000000000
111982  -34.152  6.817  26.862 0.0000000000
211048  -34.687  6.868  27.979 0.0000000000
111946  -35.615  6.816  28.402 0.0000000000
94065  -16.094  -3.586  43.405 0.0000000000
94080  -15.512  -3.537  42.706 0.0000000000
94093  -14.693  -3.613  42.325 0.0000000000
94092  -13.970  -4.098  42.061 0.0000000000
90075  -12.746  -5.896  40.483 0.0000000000
88667  -11.191  -6.433  42.269 0.0000000000
125539  -50.201  15.613  12.299 0.0000000000
125548  -50.546  15.015  11.848 0.0000000000
125540  -50.873  15.515  12.168 0.0000000000
125549  -51.040  15.152  11.719 0.0000000000
125550  -51.373  15.407  11.681 0.0000000000
80393  -2.952  -11.813  53.258 0.0000000000
94319  -32.553  -3.744  30.715 0.0000000000
92841  -32.379  -4.254  30.457 0.0000000000
95805  -32.605  -3.111  30.422 0.0000000000
95804  -32.033  -2.533  30.156 0.0000000000
213229  -31.637  -2.371  30.293 0.0000000000
97156  -31.592  -2.328  30.531 0.0000000000
99842  -30.876  -1.152  32.172 0.0000000000
97047  -33.992  -1.789  36.218 0.0000000000
97065  -33.634  -1.644  35.729 0.0000000000
99789  -33.616  -0.783  36.386 0.0000000000
99788  -33.259  -0.570  36.013 0.0000000000
101206  -32.893  -0.190  36.338 0.0000000000
104045  -31.898  1.707  37.073 0.0000000000
105332  -31.869  2.152  37.495 0.0000000000
198592  -31.424  1.805  36.557 0.0000000000
104078  -31.344  1.416  35.596 0.0000000000
102643  -31.004  1.407  34.925 0.0000000000
104077  -30.984  1.990  35.469 0.0000000000
104094  -30.650  2.245  34.794 0.0000000000
105366  -30.409  2.878  34.772 0.0000000000
106591  -30.275  3.609  34.526 0.0000000000
107846  -30.880  4.342  35.257 0.0000000000
111731  -33.529  6.639  37.687 0.0000000000
88759  -20.721  -6.385  34.653 0.0000000000
95642  -25.839  -2.491  39.221 0.0000000000
95655  -24.676  -2.729  38.100 0.0000000000
95656  -25.785  -2.372  38.334 0.0000000000
95672  -25.635  -2.063  37.513 0.0000000000
97014  -25.503  -1.888  36.684 0.0000000000
208229  -27.138  -2.077  34.294 0.0000000000
214014  -26.564  -2.020  34.347 0.0000000000
92652  -18.272  -4.655  41.239 0.0000000000
91404  -18.355  -5.280  38.302 0.0000000000
91418  -17.728  -4.953  37.720 0.0000000000
92715  -16.999  -4.853  37.556 0.0000000000
91430  -16.595  -5.247  37.242 0.0000000000
91417  -15.699  -5.339  37.403 0.0000000000
90132  -16.224  -5.821  36.970 0.0000000000
88737  -15.960  -6.493  36.629 0.0000000000
123029  -46.755  14.221  16.219 0.0000000000
123040  -45.593  14.104  15.390 0.0000000000
124257  -46.546  14.390  15.802 0.0000000000
125522  -46.549  14.805  15.727 0.0000000000
125523  -46.909  15.037  16.112 0.0000000000
129159  -48.589  17.324  17.773 0.0000000000
231358  -48.795  18.133  17.408 0.0000000000
129167  -48.154  17.847  16.268 0.0000000000
129177  -47.852  17.669  15.082 0.0000000000
128024  -47.492  17.223  14.007 0.0000000000
129187  -47.940  17.663  14.408 0.0000000000
129188  -48.589  17.806  14.202 0.0000000000
129198  -48.948  17.585  13.630 0.0000000000
128035  -49.338  17.083  13.265 0.0000000000
129189  -49.264  17.855  14.088 0.0000000000
130318  -49.868  18.573  14.938 0.0000000000
130310  -50.345  18.859  15.379 0.0000000000
77697  -5.192  -13.438  47.584 0.0000000000
77686  -4.902  -13.482  48.198 0.0000000000
106630  -29.008  3.467  29.242 0.0000000000
105427  -28.360  2.591  29.136 0.0000000000
106629  -28.625  3.114  28.854 0.0000000000
217030  -28.239  2.735  27.607 0.0000000000
106755  -35.411  3.558  21.098 0.0000000000
231804  -35.873  6.390  25.359 0.0000000000
110581  -35.538  6.131  24.896 0.0000000000
110582  -36.227  6.020  24.953 0.0000000000
110583  -36.856  5.692  25.180 0.0000000000
110604  -37.121  5.095  24.843 0.0000000000
106672  -40.373  3.886  25.096 0.0000000000
106670  -39.008  3.903  24.999 0.0000000000
230605  -39.728  3.799  24.133 0.0000000000
106701  -39.088  3.620  24.064 0.0000000000
106723  -38.755  3.649  23.344 0.0000000000
107988  -38.549  4.079  22.694 0.0000000000
107989  -39.345  4.252  23.003 0.0000000000
109221  -39.709  4.979  22.833 0.0000000000
206002  -39.967  5.676  22.721 0.0000000000
226974  -40.169  6.225  22.550 0.0000000000
110634  -40.798  5.908  22.744 0.0000000000
110635  -41.465  5.995  22.707 0.0000000000
110636  -41.907  6.157  23.077 0.0000000000
87206  -8.324  -7.368  47.021 0.0000000000
202582  -7.829  -7.626  47.678 0.0000000000
87200  -7.768  -7.227  48.357 0.0000000000
85880  -6.889  -8.561  48.244 0.0000000000
207919  -6.186  -9.931  47.859 0.0000000000
83247  -6.075  -10.389  47.696 0.0000000000
81815  -6.120  -10.957  46.891 0.0000000000
80511  -6.267  -11.330  46.474 0.0000000000
77658  -4.090  -13.209  49.965 0.0000000000
213157  -3.767  -13.402  50.592 0.0000000000
76241  -3.576  -13.928  50.899 0.0000000000
74812  -2.894  -15.090  52.253 0.0000000000
76207  -2.512  -13.734  53.160 0.0000000000
94102  -29.828  -2.488  42.605 0.0000000000
95594  -32.697  -1.874  40.967 0.0000000000
228010  -44.637  8.553  22.900 0.0000000000
114525  -44.137  8.932  22.811 0.0000000000
115676  -44.550  9.371  22.537 0.0000000000
115700  -44.955  9.797  22.282 0.0000000000
208939  -45.395  10.114  21.785 0.0000000000
118221  -46.775  11.474  20.175 0.0000000000
119355  -47.213  11.836  19.562 0.0000000000
119343  -47.656  12.119  19.302 0.0000000000
237203  -33.267  6.015  33.565 0.0000000000
110391  -32.938  6.015  33.101 0.0000000000
110392  -33.556  6.061  33.230 0.0000000000
216643  -33.871  6.203  32.828 0.0000000000
110411  -33.865  6.289  32.173 0.0000000000
111798  -34.380  6.696  31.801 0.0000000000
111830  -34.952  6.727  31.356 0.0000000000
200997  -36.028  6.930  29.862 0.0000000000
92674  -14.599  -4.533  39.767 0.0000000000
92663  -14.063  -4.608  40.291 0.0000000000
91389  -13.987  -5.129  39.708 0.0000000000
90089  -13.631  -5.793  39.394 0.0000000000
83184  -4.319  -10.317  52.983 0.0000000000
81719  -3.732  -10.989  52.889 0.0000000000
91523  -31.277  -5.153  30.706 0.0000000000
91509  -31.010  -4.751  31.116 0.0000000000
221396  -31.443  -4.730  31.031 0.0000000000
207342  -32.018  -4.353  31.036 0.0000000000
210596  -32.092  -2.255  32.119 0.0000000000
107823  -31.114  4.307  37.272 0.0000000000
90146  -18.165  -5.875  36.364 0.0000000000
90157  -18.492  -6.154  35.685 0.0000000000
90158  -19.343  -6.105  35.806 0.0000000000
88747  -20.179  -6.356  35.353 0.0000000000
233186  -20.781  -5.962  36.319 0.0000000000
90161  -20.803  -6.026  35.792 0.0000000000
90166  -20.543  -6.192  35.238 0.0000000000
90167  -20.858  -6.051  35.054 0.0000000000
90168  -21.186  -5.794  34.893 0.0000000000
92755  -21.968  -4.715  34.725 0.0000000000
97018  -28.247  -2.046  37.133 0.0000000000
97017  -27.555  -1.687  37.056 0.0000000000
227388  -28.086  -1.915  36.165 0.0000000000
97045  -27.858  -1.969  35.332 0.0000000000
95709  -28.711  -2.380  34.976 0.0000000000
97063  -28.171  -2.207  34.846 0.0000000000
97062  -27.511  -2.075  34.785 0.0000000000
97081  -27.338  -1.983  33.719 0.0000000000
91351  -19.328  -5.985  41.633 0.0000000000
91377  -19.395  -5.956  40.535 0.0000000000
91392  -19.429  -5.827  39.885 0.0000000000
230529  -19.336  -5.682  39.311 0.0000000000
91406  -19.426  -5.844  38.717 0.0000000000
90134  -18.463  -5.514  37.635 0.0000000000
90133  -18.628  -5.681  36.944 0.0000000000
118236  -40.962  10.589  18.138 0.0000000000
124275  -44.707  14.344  12.164 0.0000000000
125510  -49.408  15.102  18.683 0.0000000000
211751  -48.423  15.180  17.694 0.0000000000
125500  -49.545  15.668  18.860 0.0000000000
127994  -49.533  16.488  18.858 0.0000000000
131379  -50.336  19.367  17.905 0.0000000000
106646  -29.053  3.791  27.402 0.0000000000
106647  -29.338  3.993  26.856 0.0000000000
106719  -35.242  3.750  22.635 0.0000000000
110529  -39.547  5.635  27.077 0.0000000000
110557  -38.602  5.458  26.251 0.0000000000
110558  -39.232  5.268  26.385 0.0000000000
109146  -39.923  4.971  26.402 0.0000000000
210878  -39.944  4.555  25.880 0.0000000000
107928  -40.322  4.183  25.578 0.0000000000
106673  -41.165  3.943  24.888 0.0000000000
106674  -41.789  4.369  24.579 0.0000000000
107943  -41.859  4.775  24.148 0.0000000000
107967  -42.145  5.184  24.084 0.0000000000
89956  -10.500  -5.953  45.266 0.0000000000
198341  -10.692  -5.351  45.491 0.0000000000
87207  -8.826  -6.726  47.003 0.0000000000
85902  -8.757  -7.528  45.572 0.0000000000
87215  -8.674  -7.148  46.267 0.0000000000
87214  -8.311  -7.716  46.525 0.0000000000
84607  -7.352  -9.024  46.466 0.0000000000
202716  -7.030  -9.417  46.222 0.0000000000
83263  -6.766  -9.859  46.295 0.0000000000
72150  -2.237  -16.231  53.531 0.0000000000
94245  -31.051  -3.875  34.157 0.0000000000
92758  -32.402  -4.087  34.722 0.0000000000
92746  -32.970  -3.663  35.556 0.0000000000
94214  -33.635  -3.195  35.933 0.0000000000
199847  -33.556  -3.475  36.787 0.0000000000
95689  -34.241  -2.564  36.679 0.0000000000
95701  -34.026  -2.453  36.179 0.0000000000
98390  -34.304  -1.283  37.264 0.0000000000
96987  -35.529  -1.354  39.421 0.0000000000
91408  -23.391  -4.876  39.600 0.0000000000
91422  -23.091  -4.751  38.891 0.0000000000
91409  -23.901  -4.292  39.859 0.0000000000
92696  -24.812  -3.745  39.890 0.0000000000
94148  -25.108  -3.299  39.517 0.0000000000
94127  -26.338  -3.130  41.137 0.0000000000
94138  -26.149  -2.943  40.575 0.0000000000
95626  -25.945  -2.661  39.975 0.0000000000
95643  -26.366  -2.149  39.416 0.0000000000
95644  -27.141  -2.094  39.457 0.0000000000
96993  -27.793  -1.786  38.694 0.0000000000
95577  -29.733  -2.354  42.071 0.0000000000
95591  -29.587  -1.995  41.589 0.0000000000
95611  -28.810  -2.048  40.927 0.0000000000
204996  -30.346  -1.817  40.727 0.0000000000
235140  -30.058  -1.875  40.402 0.0000000000
95630  -28.794  -1.992  40.217 0.0000000000
95646  -28.697  -1.935  39.485 0.0000000000
96994  -28.572  -1.904  38.721 0.0000000000
97004  -28.413  -1.976  37.906 0.0000000000
97019  -28.889  -2.218  37.276 0.0000000000
95688  -29.768  -2.664  36.351 0.0000000000
94160  -30.884  -2.767  37.546 0.0000000000
95675  -30.308  -2.772  36.931 0.0000000000
224516  -30.349  -2.871  36.138 0.0000000000
233259  -30.387  -3.048  35.528 0.0000000000
94228  -30.549  -3.543  34.592 0.0000000000
90069  -25.030  -5.003  41.767 0.0000000000
90082  -24.080  -4.987  41.111 0.0000000000
91394  -23.554  -4.853  40.178 0.0000000000
112093  -37.981  6.603  21.259 0.0000000000
113382  -37.792  6.870  20.657 0.0000000000
113383  -38.187  7.277  21.021 0.0000000000
114540  -38.254  8.028  20.806 0.0000000000
115670  -40.117  9.117  21.611 0.0000000000
115693  -39.587  9.178  21.103 0.0000000000
115705  -39.017  9.256  20.146 0.0000000000
115674  -43.242  9.541  22.101 0.0000000000
117039  -42.503  9.996  21.375 0.0000000000
117058  -43.474  10.352  21.019 0.0000000000
117057  -42.861  10.327  20.949 0.0000000000
117056  -42.237  10.442  20.930 0.0000000000
118200  -41.952  10.607  20.324 0.0000000000
118213  -41.199  10.491  19.401 0.0000000000
118223  -41.183  10.639  18.662 0.0000000000
118237  -41.518  10.919  17.942 0.0000000000
119372  -42.002  11.194  17.598 0.0000000000
119374  -42.893  11.553  17.646 0.0000000000
119389  -42.463  11.345  17.381 0.0000000000
119397  -42.485  11.377  16.899 0.0000000000
119398  -42.851  11.718  16.615 0.0000000000
119408  -42.792  11.800  16.060 0.0000000000
120535  -43.060  12.220  15.758 0.0000000000
217010  -43.379  12.630  15.322 0.0000000000
121702  -44.742  13.098  16.029 0.0000000000
229091  -45.319  13.351  15.922 0.0000000000
120525  -45.484  12.922  16.896 0.0000000000
121704  -46.108  13.298  16.620 0.0000000000
121716  -45.871  13.544  16.144 0.0000000000
123020  -46.931  14.005  16.706 0.0000000000
123015  -47.702  14.098  17.228 0.0000000000
124250  -48.367  14.357  17.675 0.0000000000
119365  -47.411  12.273  18.856 0.0000000000
120492  -47.854  12.773  18.437 0.0000000000
120506  -48.165  13.231  18.020 0.0000000000
121688  -48.754  13.862  18.279 0.0000000000
123011  -48.977  14.285  18.389 0.0000000000
124246  -49.188  14.668  18.537 0.0000000000
124247  -49.772  14.845  18.882 0.0000000000
104147  -29.391  1.962  32.223 0.0000000000
102712  -28.669  1.292  31.118 0.0000000000
215747  -29.121  2.295  31.793 0.0000000000
105406  -29.142  2.834  31.449 0.0000000000
106627  -29.207  3.582  30.341 0.0000000000
106625  -29.579  3.986  30.741 0.0000000000
237707  -29.240  3.696  29.689 0.0000000000
202709  -29.452  4.054  29.148 0.0000000000
107894  -29.560  4.451  28.454 0.0000000000
110409  -32.485  6.010  32.545 0.0000000000
109119  -31.791  5.615  31.339 0.0000000000
109118  -31.588  5.623  30.799 0.0000000000
110450  -32.453  6.145  30.321 0.0000000000
110449  -31.941  5.812  30.454 0.0000000000
109122  -30.888  5.311  29.920 0.0000000000
107890  -30.485  5.038  29.639 0.0000000000
109130  -30.103  4.964  28.361 0.0000000000
107897  -29.623  4.672  27.798 0.0000000000
109134  -30.107  5.051  27.505 0.0000000000
216957  -30.603  5.340  27.251 0.0000000000
109145  -30.902  5.730  26.710 0.0000000000
110525  -31.539  6.072  27.270 0.0000000000
110551  -31.582  6.139  26.477 0.0000000000
109159  -31.098  5.860  25.896 0.0000000000
110598  -32.888  5.814  24.863 0.0000000000
109189  -33.197  5.523  24.201 0.0000000000
112016  -33.919  6.688  25.654 0.0000000000
112017  -34.607  6.635  25.553 0.0000000000
236682  -34.720  6.781  26.727 0.0000000000
111999  -35.098  6.694  26.216 0.0000000000
112000  -35.781  6.646  25.948 0.0000000000
200757  -36.294  6.745  26.423 0.0000000000
111986  -37.380  6.482  26.788 0.0000000000
111987  -38.411  6.234  27.156 0.0000000000
111922  -36.411  6.876  29.480 0.0000000000
210988  -36.826  6.813  28.998 0.0000000000
199894  -38.519  6.511  29.802 0.0000000000
211043  -37.600  6.642  29.048 0.0000000000
111948  -37.199  6.740  28.461 0.0000000000
111949  -37.994  6.647  28.409 0.0000000000
209421  -38.275  6.499  27.728 0.0000000000
110498  -38.925  6.098  27.507 0.0000000000
110500  -39.973  5.758  27.721 0.0000000000
198373  -40.390  6.034  28.122 0.0000000000
204626  -14.177  -4.323  40.768 0.0000000000
92650  -14.053  -4.231  41.324 0.0000000000
92649  -13.358  -4.502  41.616 0.0000000000
90062  -12.585  -5.587  41.156 0.0000000000
91350  -12.753  -4.833  41.972 0.0000000000
92639  -13.288  -4.499  42.254 0.0000000000
92627  -12.542  -4.761  43.018 0.0000000000
92616  -12.355  -4.772  43.766 0.0000000000
218773  -11.802  -5.199  43.750 0.0000000000
90004  -11.088  -5.886  43.752 0.0000000000
88632  -10.894  -6.322  43.529 0.0000000000
88650  -10.844  -6.827  42.699 0.0000000000
88631  -10.721  -6.733  43.310 0.0000000000
87244  -10.236  -6.987  43.561 0.0000000000
126837  -51.813  16.321  12.450 0.0000000000
126844  -51.951  15.994  11.951 0.0000000000
98497  -30.504  -1.847  30.582 0.0000000000
98478  -30.099  -1.291  30.807 0.0000000000
99851  -29.717  -0.663  31.045 0.0000000000
102694  -29.396  1.110  32.158 0.0000000000
92770  -32.330  -4.173  34.101 0.0000000000
92784  -32.894  -4.141  33.829 0.0000000000
94261  -33.154  -3.732  33.676 0.0000000000
215571  -33.405  -2.399  34.960 0.0000000000
95744  -33.129  -2.657  33.916 0.0000000000
95743  -33.127  -3.224  33.370 0.0000000000
97100  -32.785  -2.546  33.373 0.0000000000
97114  -32.304  -2.285  32.777 0.0000000000
98442  -32.119  -1.433  33.083 0.0000000000
101205  -32.544  0.019  36.101 0.0000000000
102631  -32.289  0.633  36.383 0.0000000000
101218  -32.496  -0.138  35.417 0.0000000000
99817  -32.126  -0.554  34.054 0.0000000000
99828  -31.852  -0.816  33.412 0.0000000000
99836  -31.553  -1.155  32.890 0.0000000000
99827  -31.301  -0.563  33.202 0.0000000000
99835  -31.015  -0.913  32.768 0.0000000000
101240  -30.774  -0.263  33.052 0.0000000000
102656  -30.871  1.002  34.171 0.0000000000
101232  -30.499  0.408  33.342 0.0000000000
101239  -30.239  0.121  32.871 0.0000000000
101238  -29.776  0.582  32.543 0.0000000000
104148  -29.564  2.337  32.716 0.0000000000
105395  -29.516  3.143  32.688 0.0000000000
106601  -30.124  3.698  33.737 0.0000000000
109095  -31.099  5.125  33.693 0.0000000000
109097  -32.004  5.589  33.759 0.0000000000
109063  -31.365  5.036  37.062 0.0000000000
109071  -31.424  5.231  36.350 0.0000000000
109072  -31.897  5.876  36.100 0.0000000000
222482  -32.784  6.400  36.833 0.0000000000
226943  -32.561  6.013  35.985 0.0000000000
110323  -32.248  5.871  35.523 0.0000000000
110340  -32.678  5.859  34.886 0.0000000000
110357  -32.675  5.889  34.194 0.0000000000
110372  -33.266  5.983  34.006 0.0000000000
92706  -23.474  -4.153  38.617 0.0000000000
92705  -22.743  -4.499  38.092 0.0000000000
92716  -22.568  -4.366  37.182 0.0000000000
94174  -24.141  -3.006  37.783 0.0000000000
94173  -23.558  -3.375  37.332 0.0000000000
92727  -22.496  -4.264  36.382 0.0000000000
92743  -22.327  -4.139  35.732 0.0000000000
92756  -22.229  -4.085  35.075 0.0000000000
92767  -22.259  -4.112  34.468 0.0000000000
97016  -26.772  -1.486  37.024 0.0000000000
97030  -26.149  -1.774  36.014 0.0000000000
97029  -25.426  -1.922  35.909 0.0000000000
97059  -25.273  -1.824  34.511 0.0000000000
97041  -24.700  -1.977  34.911 0.0000000000
95696  -24.145  -2.435  35.259 0.0000000000
95707  -23.726  -2.686  35.006 0.0000000000
207248  -22.943  -3.100  34.306 0.0000000000
94081  -16.894  -3.584  43.113 0.0000000000
94095  -16.879  -3.422  42.427 0.0000000000
94107  -15.977  -3.529  41.348 0.0000000000
94122  -15.630  -3.712  40.365 0.0000000000
92667  -18.642  -5.047  40.794 0.0000000000
92666  -18.221  -4.571  40.537 0.0000000000
92692  -17.924  -4.707  39.240 0.0000000000
92678  -17.684  -4.299  39.641 0.0000000000
94124  -17.044  -3.876  40.589 0.0000000000
94135  -16.599  -3.847  40.103 0.0000000000
94134  -16.011  -3.859  39.957 0.0000000000
94133  -15.270  -4.056  39.932 0.0000000000
92675  -15.144  -4.440  39.190 0.0000000000
91403  -14.641  -5.325  38.565 0.0000000000
90118  -15.110  -5.751  37.472 0.0000000000
121727  -43.649  13.049  14.715 0.0000000000
121740  -43.986  13.366  14.435 0.0000000000
123045  -44.295  13.637  14.186 0.0000000000
198577  -45.136  14.168  14.797 0.0000000000
123046  -44.719  14.094  14.210 0.0000000000
205855  -44.401  13.922  13.729 0.0000000000
123054  -44.319  13.930  13.163 0.0000000000
124273  -44.723  14.319  12.901 0.0000000000
124274  -45.007  14.857  12.597 0.0000000000
126798  -48.000  15.226  17.300 0.0000000000
234145  -47.769  15.767  17.058 0.0000000000
223207  -46.828  15.710  15.816 0.0000000000
129164  -47.880  17.208  16.875 0.0000000000
128009  -47.035  16.449  15.844 0.0000000000
126816  -46.234  15.832  14.795 0.0000000000
125537  -45.301  15.361  13.061 0.0000000000
125542  -45.394  15.354  12.264 0.0000000000
124277  -45.577  15.090  11.588 0.0000000000
125552  -46.222  15.252  11.365 0.0000000000
126831  -47.011  16.433  12.527 0.0000000000
125544  -46.761  15.705  11.664 0.0000000000
125553  -46.971  15.148  11.259 0.0000000000
125547  -49.172  15.268  11.847 0.0000000000
236593  -49.547  15.569  12.189 0.0000000000
128046  -49.770  16.579  13.020 0.0000000000
126835  -50.241  16.230  12.742 0.0000000000
128036  -50.405  16.649  13.186 0.0000000000
128037  -51.131  17.036  13.272 0.0000000000
128027  -51.933  17.354  13.623 0.0000000000
221864  -5.083  -10.641  49.508 0.0000000000
80462  -5.003  -11.246  49.238 0.0000000000
79139  -4.588  -12.034  49.151 0.0000000000
77685  -4.627  -13.597  48.672 0.0000000000
77670  -4.392  -13.413  49.205 0.0000000000
102736  -28.168  0.921  30.507 0.0000000000
101270  -28.068  0.610  29.734 0.0000000000
106657  -28.956  3.430  26.797 0.0000000000
110647  -37.203  5.966  20.647 0.0000000000
109204  -33.496  5.233  23.765 0.0000000000
107957  -33.947  4.911  23.508 0.0000000000
110601  -35.145  5.751  24.473 0.0000000000
110621  -34.786  5.382  24.072 0.0000000000
109219  -34.557  4.592  23.281 0.0000000000
107958  -35.219  4.392  23.363 0.0000000000
200855  -35.828  3.867  22.624 0.0000000000
109160  -38.372  5.087  25.753 0.0000000000
109175  -37.612  4.952  25.150 0.0000000000
107942  -37.846  3.820  24.566 0.0000000000
107941  -37.202  4.046  24.330 0.0000000000
107960  -36.376  4.104  23.447 0.0000000000
106720  -36.335  3.930  22.897 0.0000000000
106738  -36.238  3.978  22.247 0.0000000000
108008  -36.569  4.348  21.843 0.0000000000
108009  -37.345  4.598  22.014 0.0000000000
232879  -36.765  4.759  21.519 0.0000000000
109245  -37.176  5.192  21.474 0.0000000000
110648  -37.652  5.851  21.333 0.0000000000
113374  -39.839  7.600  22.016 0.0000000000
112089  -40.493  7.188  22.300 0.0000000000
113375  -41.027  7.548  22.543 0.0000000000
114500  -41.664  7.828  22.656 0.0000000000
114501  -42.327  8.019  22.854 0.0000000000
114502  -42.948  8.084  22.987 0.0000000000
202885  -42.357  5.548  24.056 0.0000000000
84583  -5.949  -9.331  49.946 0.0000000000
84584  -6.188  -8.807  49.708 0.0000000000
228106  -5.519  -10.252  49.185 0.0000000000
81764  -5.345  -10.960  48.614 0.0000000000
81780  -5.718  -10.751  48.063 0.0000000000
80495  -5.551  -11.267  47.583 0.0000000000
79173  -5.252  -11.931  47.913 0.0000000000
80529  -6.644  -11.225  45.986 0.0000000000
214428  -6.421  -11.845  46.001 0.0000000000
204759  -4.807  -10.564  50.112 0.0000000000
80434  -4.456  -11.077  50.596 0.0000000000
81733  -4.273  -11.011  51.424 0.0000000000
80433  -4.203  -11.684  51.123 0.0000000000
230091  -3.933  -11.653  51.743 0.0000000000
222933  -3.649  -15.323  50.831 0.0000000000
76229  -3.290  -13.857  51.673 0.0000000000
74819  -2.961  -14.456  51.963 0.0000000000
77631  -3.364  -13.276  52.039 0.0000000000
79047  -3.339  -12.540  52.856 0.0000000000
80405  -3.104  -12.068  53.127 0.0000000000
79026  -2.579  -12.164  53.364 0.0000000000
77598  -2.390  -12.786  53.373 0.0000000000
80391  -2.155  -11.928  53.244 0.0000000000
72149  -1.667  -16.127  53.819 0.0000000000
74805  -1.908  -14.437  52.789 0.0000000000
76205  -1.958  -13.851  52.941 0.0000000000
81837  -6.754  -10.522  46.012 0.0000000000
84608  -7.636  -8.573  46.677 0.0000000000
84616  -7.444  -9.121  45.781 0.0000000000
85875  -6.896  -8.322  48.786 0.0000000000
85918  -8.947  -8.158  44.518 0.0000000000
85924  -9.193  -7.939  43.946 0.0000000000
87205  -7.384  -8.301  47.690 0.0000000000
87222  -8.459  -7.730  46.038 0.0000000000
87261  -10.992  -6.985  41.988 0.0000000000
88593  -9.554  -6.783  45.137 0.0000000000
88682  -20.685  -6.688  41.317 0.0000000000
89955  -10.153  -6.185  45.671 0.0000000000
89972  -10.827  -5.550  44.890 0.0000000000
90047  -22.203  -6.178  41.445 0.0000000000
90068  -24.465  -5.052  41.472 0.0000000000
90076  -19.876  -6.274  40.758 0.0000000000
90081  -23.519  -5.181  40.889 0.0000000000
90107  -21.427  -6.145  39.496 0.0000000000
90121  -21.253  -5.690  38.327 0.0000000000
90145  -17.274  -6.093  36.288 0.0000000000
90149  -20.373  -6.058  36.421 0.0000000000
90160  -20.386  -6.154  35.754 0.0000000000
91363  -18.949  -5.601  40.982 0.0000000000
91364  -19.329  -5.986  41.127 0.0000000000
91365  -24.716  -4.734  41.292 0.0000000000
91378  -23.801  -4.894  40.632 0.0000000000
91380  -24.983  -4.394  41.077 0.0000000000
91396  -24.712  -4.228  40.597 0.0000000000
91405  -18.855  -5.413  38.928 0.0000000000
92617  -13.026  -4.355  43.395 0.0000000000
92628  -13.156  -4.450  42.802 0.0000000000
92642  -26.711  -4.012  42.121 0.0000000000
92655  -26.843  -3.597  42.023 0.0000000000
92664  -14.649  -4.207  40.392 0.0000000000
92665  -17.726  -4.179  40.209 0.0000000000
92681  -24.491  -4.015  40.096 0.0000000000
92694  -23.733  -4.314  39.361 0.0000000000
92703  -16.347  -4.806  37.713 0.0000000000
92717  -23.178  -3.923  37.754 0.0000000000
92728  -23.033  -3.825  36.843 0.0000000000
92729  -32.750  -3.673  36.030 0.0000000000
92744  -31.882  -4.026  35.160 0.0000000000
92757  -31.738  -4.024  34.453 0.0000000000
92759  -32.972  -3.820  34.899 0.0000000000
92760  -33.247  -3.410  35.436 0.0000000000
92783  -32.347  -4.282  33.466 0.0000000000
92800  -32.780  -4.093  33.161 0.0000000000
92824  -31.473  -4.574  31.582 0.0000000000
94078  -14.172  -3.824  42.732 0.0000000000
94099  -27.491  -3.342  42.723 0.0000000000
94100  -28.543  -2.830  42.601 0.0000000000
94101  -29.121  -2.697  42.634 0.0000000000
94110  -17.945  -4.103  41.641 0.0000000000
94111  -26.559  -3.344  41.616 0.0000000000
94126  -25.924  -3.440  40.859 0.0000000000
94137  -25.698  -3.270  40.326 0.0000000000
94149  -25.510  -3.012  39.745 0.0000000000
94153  -33.697  -2.246  38.946 0.0000000000
94161  -31.385  -2.779  38.031 0.0000000000
94164  -33.503  -2.539  38.334 0.0000000000
94176  -31.566  -3.005  37.344 0.0000000000
94177  -32.266  -3.276  37.471 0.0000000000
94179  -33.858  -3.164  37.294 0.0000000000
94191  -22.849  -3.663  36.087 0.0000000000
94194  -29.796  -2.836  35.571 0.0000000000
94199  -33.845  -3.251  36.569 0.0000000000
94200  -34.153  -2.809  37.027 0.0000000000
94208  -22.706  -3.563  35.417 0.0000000000
94210  -30.151  -3.161  35.014 0.0000000000
94211  -30.763  -3.365  35.194 0.0000000000
94215  -33.983  -2.908  36.336 0.0000000000
94225  -22.637  -3.556  34.762 0.0000000000
94262  -33.347  -3.236  33.924 0.0000000000
95576  -28.962  -2.550  42.171 0.0000000000
95635  -33.753  -2.172  39.533 0.0000000000
95636  -34.249  -2.163  39.509 0.0000000000
95641  -25.380  -2.764  39.012 0.0000000000
95649  -31.536  -2.413  38.887 0.0000000000
95650  -34.271  -2.211  38.927 0.0000000000
95663  -34.803  -2.270  38.373 0.0000000000
95670  -24.456  -2.474  37.432 0.0000000000
95673  -29.506  -2.483  37.490 0.0000000000
95676  -34.404  -2.515  38.026 0.0000000000
95677  -34.568  -2.166  37.934 0.0000000000
95686  -24.852  -2.021  36.396 0.0000000000
95687  -29.211  -2.477  36.653 0.0000000000
95690  -34.339  -2.230  37.313 0.0000000000
95697  -24.677  -2.028  35.673 0.0000000000
95700  -33.707  -2.822  35.721 0.0000000000
95702  -34.330  -2.095  36.688 0.0000000000
95727  -33.424  -2.833  34.431 0.0000000000
96986  -35.321  -1.841  39.266 0.0000000000
96995  -35.174  -1.937  38.704 0.0000000000
97007  -35.323  -1.544  38.438 0.0000000000
97020  -34.610  -1.801  37.861 0.0000000000
97042  -25.351  -1.842  35.233 0.0000000000
97044  -27.214  -1.885  35.263 0.0000000000
97048  -34.343  -1.612  36.762 0.0000000000
97060  -26.070  -1.900  34.829 0.0000000000
97064  -33.302  -1.760  35.240 0.0000000000
97079  -25.959  -1.927  33.996 0.0000000000
97080  -26.721  -1.941  33.802 0.0000000000
97084  -33.227  -2.062  34.500 0.0000000000
97131  -31.574  -2.206  31.276 0.0000000000
98398  -33.763  -1.215  36.141 0.0000000000
98399  -34.091  -1.351  36.646 0.0000000000
98414  -33.426  -1.307  35.604 0.0000000000
99790  -34.012  -1.055  36.860 0.0000000000
99806  -33.413  -0.932  35.766 0.0000000000
99819  -32.977  -1.039  34.894 0.0000000000
101207  -33.338  -0.435  36.659 0.0000000000
101219  -32.899  -0.400  35.721 0.0000000000
101225  -32.336  -0.323  34.726 0.0000000000
102645  -32.058  0.393  35.776 0.0000000000
102667  -30.768  0.580  33.720 0.0000000000
102693  -29.124  1.604  31.681 0.0000000000
104028  -32.479  1.697  37.474 0.0000000000
104060  -31.449  1.613  36.057 0.0000000000
105347  -30.923  2.355  36.422 0.0000000000
105367  -30.722  2.594  35.137 0.0000000000
105418  -28.573  2.596  29.830 0.0000000000
105428  -28.716  3.015  29.377 0.0000000000
105436  -28.206  2.670  28.404 0.0000000000
106547  -31.159  2.766  37.470 0.0000000000
106562  -30.810  3.715  36.369 0.0000000000
106577  -30.472  3.976  34.984 0.0000000000
106621  -30.162  4.095  32.987 0.0000000000
106671  -39.624  3.949  25.044 0.0000000000
106686  -38.579  3.721  24.746 0.0000000000
106687  -40.042  3.851  24.550 0.0000000000
106689  -41.395  4.357  24.300 0.0000000000
106704  -41.500  4.674  23.958 0.0000000000
107900  -29.339  4.242  27.409 0.0000000000
107911  -40.580  4.513  25.907 0.0000000000
107966  -41.703  4.905  23.906 0.0000000000
107992  -41.318  4.976  23.529 0.0000000000
109087  -31.462  5.141  34.642 0.0000000000
109105  -32.278  5.865  33.111 0.0000000000
109112  -30.730  5.150  31.299 0.0000000000
109114  -31.936  5.796  31.992 0.0000000000
109123  -31.396  5.664  30.221 0.0000000000
109126  -30.345  4.985  29.102 0.0000000000
109127  -30.896  5.266  29.260 0.0000000000
109162  -39.449  4.830  26.025 0.0000000000
109192  -37.554  4.420  24.834 0.0000000000
109207  -41.929  5.285  23.759 0.0000000000
109224  -42.120  5.723  23.595 0.0000000000
110310  -33.396  6.637  36.947 0.0000000000
110439  -33.461  6.335  31.134 0.0000000000
110497  -32.090  6.274  27.808 0.0000000000
110528  -38.840  5.829  26.797 0.0000000000
110552  -32.197  6.397  26.221 0.0000000000
110553  -32.802  6.385  26.017 0.0000000000
110578  -33.479  6.290  25.230 0.0000000000
110580  -34.836  6.205  24.958 0.0000000000
110584  -37.830  5.298  25.507 0.0000000000
110603  -36.543  5.436  24.630 0.0000000000
110633  -39.246  5.442  22.504 0.0000000000
111829  -34.396  6.527  31.103 0.0000000000
111892  -34.352  6.688  30.097 0.0000000000
111944  -34.278  6.853  28.754 0.0000000000
111968  -35.355  6.855  27.810 0.0000000000
111969  -36.538  6.828  27.537 0.0000000000
111970  -37.142  6.756  27.379 0.0000000000
112001  -36.954  6.443  26.306 0.0000000000
112074  -41.322  6.389  22.540 0.0000000000
114519  -39.177  8.085  21.699 0.0000000000
114526  -44.912  8.853  22.669 0.0000000000
114541  -38.753  8.412  21.139 0.0000000000
115675  -43.831  9.416  22.347 0.0000000000
115701  -45.796  9.667  22.191 0.0000000000
118214  -41.712  10.666  19.663 0.0000000000
118225  -42.372  11.029  18.512 0.0000000000
118227  -43.343  11.251  19.051 0.0000000000
119354  -46.140  11.673  19.460 0.0000000000
119356  -48.042  12.460  19.130 0.0000000000
119364  -45.738  11.977  18.374 0.0000000000
119377  -46.368  12.291  17.918 0.0000000000
120490  -46.895  12.415  18.042 0.0000000000
120505  -47.724  12.943  17.885 0.0000000000
120516  -45.635  12.613  17.346 0.0000000000
120522  -43.195  12.170  16.328 0.0000000000
121686  -47.567  13.128  17.497 0.0000000000
121695  -47.810  13.593  17.347 0.0000000000
121703  -45.380  13.157  16.365 0.0000000000
123010  -48.620  14.140  18.013 0.0000000000
123019  -46.508  13.798  16.426 0.0000000000
123021  -47.294  14.335  16.932 0.0000000000
123028  -46.153  14.031  15.909 0.0000000000
124245  -48.836  14.445  18.150 0.0000000000
124254  -47.411  14.636  16.951 0.0000000000
124258  -46.882  14.526  16.130 0.0000000000
124270  -44.704  14.289  13.608 0.0000000000
124276  -45.097  14.762  11.858 0.0000000000
124283  -51.171  14.898  11.317 0.0000000000
125509  -48.912  14.986  18.200 0.0000000000
125512  -48.181  14.723  17.463 0.0000000000
125535  -45.706  15.741  13.560 0.0000000000
125543  -46.034  15.707  11.960 0.0000000000
126796  -49.108  15.971  18.395 0.0000000000
126803  -47.146  15.596  16.316 0.0000000000
126811  -46.510  15.433  15.496 0.0000000000
126812  -46.669  16.138  15.237 0.0000000000
126821  -46.473  16.488  13.762 0.0000000000
126830  -46.408  16.280  12.664 0.0000000000
126834  -49.597  16.086  12.550 0.0000000000
126841  -47.269  16.115  12.001 0.0000000000
128004  -47.741  16.484  17.006 0.0000000000
128020  -47.388  17.306  14.773 0.0000000000
128025  -48.221  17.510  13.763 0.0000000000
128032  -47.277  16.921  13.474 0.0000000000
128034  -48.575  17.181  13.226 0.0000000000
128043  -47.437  16.743  12.966 0.0000000000
129165  -48.295  17.675  17.119 0.0000000000
129174  -47.833  17.606  15.711 0.0000000000
129176  -49.086  18.521  15.112 0.0000000000
129179  -49.541  18.183  14.522 0.0000000000
129181  -51.385  17.911  14.026 0.0000000000
129190  -49.960  17.836  13.996 0.0000000000
129200  -50.433  17.445  13.531 0.0000000000
130293  -49.381  18.656  17.846 0.0000000000
130294  -49.828  18.941  18.081 0.0000000000
130302  -49.964  19.180  16.054 0.0000000000
130311  -51.370  18.755  15.126 0.0000000000
131405  -50.782  19.228  15.812 0.0000000000
197999  -19.965  -6.012  38.523 0.0000000000
198157  -24.296  -2.334  36.609 0.0000000000
198282  -31.965  6.016  29.215 0.0000000000
198896  -20.609  -5.808  37.622 0.0000000000
200464  -9.802  -6.759  44.627 0.0000000000
200589  -44.131  11.845  18.292 0.0000000000
200828  -42.021  10.888  19.132 0.0000000000
202017  -28.447  -2.316  33.992 0.0000000000
202128  -8.259  -8.329  45.432 0.0000000000
202179  -33.967  -2.661  37.983 0.0000000000
202238  -35.490  6.815  29.848 0.0000000000
202332  -3.828  -11.253  52.248 0.0000000000
202743  -29.648  -1.910  40.122 0.0000000000
205019  -39.246  4.157  25.312 0.0000000000
205483  -10.467  -6.575  43.831 0.0000000000
205555  -11.263  -5.981  43.180 0.0000000000
207100  -49.142  15.374  18.430 0.0000000000
207698  -34.216  -0.861  37.401 0.0000000000
207798  -20.843  -6.647  40.032 0.0000000000
208198  -17.170  -4.049  39.854 0.0000000000
208562  -25.203  -2.509  38.123 0.0000000000
209165  -48.349  14.594  11.168 0.0000000000
209171  -46.955  17.030  14.456 0.0000000000
209382  -32.246  6.023  31.528 0.0000000000
209554  -50.872  18.137  14.308 0.0000000000
210935  -35.435  6.783  28.855 0.0000000000
211082  -37.548  6.736  27.851 0.0000000000
212810  -33.980  5.255  23.843 0.0000000000
213461  -29.621  3.803  31.412 0.0000000000
213470  -24.080  -2.363  35.875 0.0000000000
214429  -31.598  5.398  35.659 0.0000000000
215081  -41.699  10.389  20.791 0.0000000000
215314  -22.303  -5.987  40.701 0.0000000000
215496  -34.637  -1.427  37.837 0.0000000000
217205  -34.731  -2.199  38.708 0.0000000000
217576  -50.666  15.990  12.507 0.0000000000
218136  -48.410  13.677  17.928 0.0000000000
218596  -42.047  6.784  22.954 0.0000000000
218889  -47.536  15.402  16.876 0.0000000000
222186  -33.440  -3.133  35.376 0.0000000000
222405  -34.426  5.098  23.730 0.0000000000
222467  -39.332  3.799  24.608 0.0000000000
223327  -40.901  3.916  25.492 0.0000000000
223375  -32.308  6.005  37.134 0.0000000000
223467  -39.417  9.386  20.633 0.0000000000
224235  -34.741  6.654  30.326 0.0000000000
224417  -30.855  -4.540  31.665 0.0000000000
224769  -31.191  -2.267  39.359 0.0000000000
225255  -38.125  4.639  25.295 0.0000000000
225358  -29.842  -2.289  38.777 0.0000000000
225612  -28.770  -2.332  34.076 0.0000000000
226399  -33.252  6.747  28.838 0.0000000000
226481  -16.644  -3.637  41.108 0.0000000000
227002  -34.635  6.862  28.445 0.0000000000
228775  -22.591  -5.787  40.437 0.0000000000
228857  -32.801  -3.560  37.208 0.0000000000
229843  -6.369  -9.130  48.908 0.0000000000
230249  -40.402  5.667  27.540 0.0000000000
231373  -42.870  9.242  22.295 0.0000000000
231656  -21.597  -5.119  36.935 0.0000000000
231671  -34.977  -1.556  38.131 0.0000000000
234479  -19.772  -6.032  37.138 0.0000000000
234980  -41.581  10.732  19.078 0.0000000000
235156  -46.613  11.698  19.691 0.0000000000
235407  -15.606  -3.561  40.790 0.0000000000
237686  -26.622  -1.479  36.385 0.0000000000
