#!ascii label  , from subject sub-04_ses-001.long.sub-04 vox2ras=TkReg
1443
80235  -34.010  -8.559  30.755 0.0000000000
77666  -19.633  -10.049  36.725 0.0000000000
78948  -25.605  -9.655  33.539 0.0000000000
107804  -38.585  10.730  14.654 0.0000000000
112208  -42.321  14.075  7.384 0.0000000000
202460  -12.938  -11.383  41.735 0.0000000000
99001  -39.773  5.137  14.311 0.0000000000
84921  -35.444  -5.471  28.060 0.0000000000
76473  -30.574  -10.075  32.119 0.0000000000
75163  -16.841  -11.292  39.289 0.0000000000
189924  -16.705  -13.348  43.058 0.0000000000
79063  -28.617  -8.838  27.463 0.0000000000
83845  -29.444  -6.097  25.788 0.0000000000
82555  -22.489  -7.379  35.188 0.0000000000
82667  -26.123  -7.455  29.836 0.0000000000
92213  -35.490  -0.211  18.743 0.0000000000
94497  -39.464  0.445  15.308 0.0000000000
97943  -43.254  4.037  11.960 0.0000000000
66701  -10.363  -16.832  45.874 0.0000000000
64439  -8.047  -19.439  48.722 0.0000000000
88476  -27.982  -2.875  25.134 0.0000000000
196145  -28.759  -0.323  22.980 0.0000000000
88587  -31.920  -1.825  19.753 0.0000000000
70133  -13.382  -15.351  44.604 0.0000000000
188594  -20.397  -11.564  39.463 0.0000000000
77655  -22.250  -10.129  38.038 0.0000000000
77758  -32.871  -9.688  31.784 0.0000000000
81279  -18.177  -7.604  37.972 0.0000000000
76361  -18.149  -10.797  38.206 0.0000000000
73920  -18.513  -12.321  40.290 0.0000000000
81468  -29.143  -8.069  28.856 0.0000000000
80264  -27.579  -8.406  29.061 0.0000000000
95608  -35.285  2.076  17.728 0.0000000000
93368  -37.734  0.691  17.150 0.0000000000
95641  -37.223  2.246  15.615 0.0000000000
99026  -40.457  4.372  12.007 0.0000000000
102483  -40.784  7.189  11.775 0.0000000000
175229  -43.369  7.134  11.561 0.0000000000
106728  -40.522  10.307  12.512 0.0000000000
108983  -39.939  11.245  11.479 0.0000000000
87205  -27.660  -3.843  27.623 0.0000000000
84957  -28.728  -4.516  25.521 0.0000000000
89700  -25.950  -2.229  27.064 0.0000000000
95538  -26.588  2.024  23.501 0.0000000000
95556  -28.162  1.916  21.699 0.0000000000
92178  -29.417  -0.414  21.219 0.0000000000
94422  -30.309  1.232  20.228 0.0000000000
94435  -32.195  0.944  19.832 0.0000000000
80158  -24.413  -8.495  34.347 0.0000000000
70141  -11.158  -14.313  43.776 0.0000000000
71335  -13.023  -13.628  42.144 0.0000000000
62073  -8.778  -20.655  50.927 0.0000000000
60921  -6.374  -21.394  50.976 0.0000000000
180888  -38.045  5.021  15.592 0.0000000000
87208  -34.275  -3.273  27.262 0.0000000000
76469  -27.784  -10.406  32.509 0.0000000000
75129  -14.867  -11.526  40.434 0.0000000000
196511  -14.980  -13.145  41.554 0.0000000000
194979  -17.041  -12.720  40.687 0.0000000000
111129  -43.758  13.605  5.674 0.0000000000
79053  -31.282  -9.273  28.638 0.0000000000
80312  -32.058  -8.272  26.926 0.0000000000
206077  -29.445  -7.754  26.371 0.0000000000
82540  -19.122  -6.759  36.277 0.0000000000
80130  -21.729  -8.391  35.949 0.0000000000
83716  -21.058  -5.866  34.816 0.0000000000
83747  -22.298  -5.584  33.485 0.0000000000
81386  -23.828  -7.126  32.094 0.0000000000
83777  -25.229  -5.701  30.931 0.0000000000
79004  -24.954  -8.665  30.995 0.0000000000
77772  -27.387  -10.068  30.551 0.0000000000
76528  -29.502  -10.067  29.543 0.0000000000
89809  -36.243  -2.275  20.007 0.0000000000
96790  -39.506  2.790  13.832 0.0000000000
95684  -42.059  1.956  13.245 0.0000000000
109008  -41.045  11.410  9.024 0.0000000000
65589  -9.730  -18.109  47.434 0.0000000000
64429  -9.915  -18.885  50.110 0.0000000000
83846  -32.470  -6.006  25.687 0.0000000000
86049  -31.711  -4.203  25.740 0.0000000000
89713  -30.887  -2.001  26.243 0.0000000000
92093  -25.661  -0.143  24.984 0.0000000000
92109  -27.932  -0.518  24.212 0.0000000000
92095  -30.992  -0.382  25.098 0.0000000000
90970  -31.779  -0.839  23.389 0.0000000000
88539  -32.867  -3.311  22.614 0.0000000000
86156  -34.311  -3.974  20.847 0.0000000000
189627  -33.810  -0.644  19.477 0.0000000000
94448  -34.193  1.163  18.691 0.0000000000
80102  -23.576  -8.458  37.458 0.0000000000
70119  -9.983  -14.744  44.995 0.0000000000
67788  -11.748  -16.230  45.442 0.0000000000
71300  -15.106  -14.041  44.078 0.0000000000
58875  -6.187  -22.126  50.821 0.0000000000
76364  -20.280  -11.028  37.740 0.0000000000
76350  -21.319  -10.967  38.644 0.0000000000
76378  -20.792  -10.634  37.192 0.0000000000
79008  -33.095  -9.264  30.893 0.0000000000
78908  -18.612  -9.209  36.878 0.0000000000
190865  -18.101  -8.875  37.462 0.0000000000
76376  -19.193  -10.476  37.202 0.0000000000
75166  -19.340  -11.502  38.754 0.0000000000
199986  -35.506  3.899  17.183 0.0000000000
96752  -36.165  2.591  16.632 0.0000000000
97883  -36.440  3.920  16.200 0.0000000000
105623  -39.049  8.983  14.763 0.0000000000
103559  -40.041  6.953  12.805 0.0000000000
105635  -39.019  8.969  13.475 0.0000000000
104589  -40.275  8.730  12.384 0.0000000000
106720  -39.336  10.132  13.281 0.0000000000
107821  -39.132  11.190  12.967 0.0000000000
88449  -27.057  -3.417  27.521 0.0000000000
96665  -27.662  3.388  22.456 0.0000000000
175093  -29.332  1.586  20.771 0.0000000000
96686  -29.867  3.055  20.886 0.0000000000
95566  -31.150  2.533  20.543 0.0000000000
78960  -24.940  -8.828  33.422 0.0000000000
78941  -25.239  -9.465  34.844 0.0000000000
180742  -25.879  -10.124  34.396 0.0000000000
72630  -12.075  -13.012  42.646 0.0000000000
73885  -12.922  -12.549  41.839 0.0000000000
110047  -42.526  12.660  7.108 0.0000000000
60932  -7.543  -21.398  50.988 0.0000000000
83802  -36.418  -5.719  30.029 0.0000000000
84930  -35.027  -4.549  27.740 0.0000000000
76471  -29.332  -10.298  32.230 0.0000000000
76423  -31.500  -10.725  33.923 0.0000000000
77641  -17.264  -9.907  38.669 0.0000000000
77631  -15.915  -10.037  39.699 0.0000000000
77618  -15.298  -10.133  40.135 0.0000000000
76334  -15.723  -10.796  39.822 0.0000000000
191510  -15.847  -12.233  40.364 0.0000000000
73932  -16.681  -11.854  39.770 0.0000000000
73906  -19.932  -12.379  41.138 0.0000000000
73904  -18.790  -12.887  41.188 0.0000000000
77828  -30.278  -9.727  27.840 0.0000000000
79084  -31.061  -9.064  26.870 0.0000000000
81502  -29.038  -7.894  26.813 0.0000000000
84817  -19.496  -5.236  35.983 0.0000000000
83705  -19.816  -5.886  35.702 0.0000000000
84830  -20.343  -4.649  35.179 0.0000000000
85954  -21.847  -4.157  33.754 0.0000000000
84859  -22.471  -5.092  33.005 0.0000000000
82616  -23.347  -6.369  32.825 0.0000000000
84872  -23.285  -5.071  32.009 0.0000000000
82638  -26.507  -7.335  31.375 0.0000000000
82656  -25.653  -7.117  30.532 0.0000000000
81425  -24.887  -7.462  30.564 0.0000000000
80247  -25.311  -7.863  30.124 0.0000000000
194650  -26.287  -9.828  30.532 0.0000000000
79032  -26.021  -9.052  29.656 0.0000000000
79050  -28.274  -9.092  28.185 0.0000000000
77814  -27.924  -9.624  28.621 0.0000000000
77816  -29.227  -9.978  28.286 0.0000000000
77804  -30.655  -9.672  29.617 0.0000000000
91035  -35.621  -1.138  19.368 0.0000000000
91037  -37.000  -0.876  19.689 0.0000000000
92215  -37.019  -0.215  18.850 0.0000000000
209390  -38.162  0.774  16.374 0.0000000000
202489  -38.921  0.287  17.691 0.0000000000
98987  -39.341  4.827  14.705 0.0000000000
97902  -38.612  3.544  14.376 0.0000000000
198924  -39.595  3.837  13.821 0.0000000000
99036  -41.514  4.439  11.618 0.0000000000
96812  -41.241  2.944  12.513 0.0000000000
96814  -42.534  2.972  12.412 0.0000000000
95671  -43.430  1.886  13.747 0.0000000000
107859  -40.639  11.097  10.441 0.0000000000
110018  -39.766  12.470  10.054 0.0000000000
111091  -40.353  13.182  8.997 0.0000000000
66700  -9.688  -16.882  45.975 0.0000000000
66699  -9.086  -16.869  46.309 0.0000000000
65595  -10.033  -17.708  46.972 0.0000000000
65569  -10.074  -18.409  49.457 0.0000000000
64420  -9.637  -19.214  51.770 0.0000000000
82727  -31.020  -7.150  25.447 0.0000000000
82711  -32.775  -7.167  26.194 0.0000000000
82744  -30.899  -6.467  25.364 0.0000000000
87236  -28.027  -3.666  25.325 0.0000000000
86061  -30.048  -4.373  25.172 0.0000000000
179463  -29.219  -3.078  25.268 0.0000000000
87224  -30.802  -3.292  25.832 0.0000000000
180913  -29.412  -2.344  25.495 0.0000000000
95502  -25.835  2.053  25.543 0.0000000000
93278  -27.517  0.685  22.972 0.0000000000
92128  -27.153  0.191  24.072 0.0000000000
92130  -28.225  -0.291  23.887 0.0000000000
90955  -29.631  -0.962  24.820 0.0000000000
92132  -29.645  -0.478  23.848 0.0000000000
92134  -31.353  -0.483  23.667 0.0000000000
92153  -30.321  -0.686  23.007 0.0000000000
189653  -30.533  -1.448  20.706 0.0000000000
89794  -30.759  -1.982  21.563 0.0000000000
189798  -31.864  -2.885  20.635 0.0000000000
87329  -33.206  -3.837  21.498 0.0000000000
87358  -33.065  -2.830  19.919 0.0000000000
88589  -33.765  -2.653  19.616 0.0000000000
192532  -32.540  -1.185  19.465 0.0000000000
95589  -33.016  1.996  19.808 0.0000000000
94437  -33.174  1.381  19.461 0.0000000000
95590  -33.401  2.010  19.282 0.0000000000
81306  -22.045  -7.914  35.791 0.0000000000
80112  -22.774  -8.697  36.596 0.0000000000
80132  -23.071  -8.336  36.253 0.0000000000
70132  -12.155  -15.237  43.829 0.0000000000
68984  -11.787  -15.532  44.375 0.0000000000
68970  -12.879  -15.779  45.158 0.0000000000
72633  -16.180  -13.431  42.656 0.0000000000
71325  -15.388  -13.753  42.940 0.0000000000
72618  -15.909  -13.605  43.171 0.0000000000
75107  -20.815  -12.212  41.761 0.0000000000
75134  -21.674  -11.517  40.831 0.0000000000
76327  -22.857  -10.790  40.537 0.0000000000
77633  -23.273  -9.933  39.607 0.0000000000
76491  -31.821  -9.943  31.891 0.0000000000
76457  -31.881  -10.091  33.076 0.0000000000
80093  -17.903  -8.052  38.387 0.0000000000
77642  -17.824  -10.067  38.294 0.0000000000
76349  -17.626  -10.616  38.624 0.0000000000
73934  -17.841  -11.963  39.792 0.0000000000
209334  -18.575  -11.641  39.143 0.0000000000
73937  -19.638  -11.981  39.850 0.0000000000
81489  -28.480  -7.869  27.712 0.0000000000
81490  -28.888  -7.524  27.297 0.0000000000
81427  -27.065  -7.485  30.319 0.0000000000
80263  -26.828  -8.283  29.214 0.0000000000
81467  -28.344  -8.211  28.892 0.0000000000
93355  -35.444  0.806  17.989 0.0000000000
93356  -36.227  0.551  18.036 0.0000000000
94468  -36.007  1.424  17.400 0.0000000000
94485  -37.303  1.278  16.241 0.0000000000
94495  -38.031  1.327  15.412 0.0000000000
99011  -39.758  4.753  13.465 0.0000000000
101378  -40.362  5.768  12.776 0.0000000000
100212  -40.887  5.354  11.862 0.0000000000
194418  -42.236  5.503  11.490 0.0000000000
100229  -43.271  5.480  11.426 0.0000000000
102485  -42.021  6.849  11.479 0.0000000000
104601  -41.579  8.779  11.892 0.0000000000
106730  -42.166  10.289  12.389 0.0000000000
107823  -40.237  10.698  12.421 0.0000000000
108981  -38.894  11.981  12.348 0.0000000000
67759  -11.554  -16.625  46.873 0.0000000000
66681  -10.888  -17.425  47.852 0.0000000000
66675  -11.340  -16.942  48.840 0.0000000000
84934  -28.657  -5.050  26.538 0.0000000000
84958  -29.138  -5.047  25.658 0.0000000000
86038  -27.705  -4.108  26.309 0.0000000000
87223  -27.271  -3.629  26.120 0.0000000000
88474  -26.747  -2.431  25.739 0.0000000000
96647  -26.043  2.874  24.463 0.0000000000
96657  -26.823  3.252  23.533 0.0000000000
95548  -27.329  2.276  22.568 0.0000000000
209942  -28.335  0.499  21.877 0.0000000000
92168  -29.456  -0.633  22.075 0.0000000000
93302  -29.069  0.243  21.333 0.0000000000
92186  -29.753  -0.243  20.593 0.0000000000
93314  -30.717  0.214  19.941 0.0000000000
93326  -31.879  0.225  19.657 0.0000000000
202478  -31.603  1.331  19.946 0.0000000000
81333  -23.563  -7.748  34.642 0.0000000000
81309  -23.762  -8.193  35.858 0.0000000000
80146  -24.458  -8.626  35.073 0.0000000000
71312  -12.145  -14.202  43.043 0.0000000000
70144  -13.227  -14.792  43.351 0.0000000000
63316  -8.146  -20.260  49.609 0.0000000000
64433  -6.956  -19.152  49.727 0.0000000000
62082  -7.630  -20.572  50.104 0.0000000000
192975  -6.346  -20.451  50.809 0.0000000000
199118  -5.866  -20.759  51.152 0.0000000000
88440  -33.860  -2.457  27.161 0.0000000000
77726  -26.320  -10.341  32.747 0.0000000000
76417  -27.085  -10.956  34.446 0.0000000000
77606  -14.315  -9.748  40.941 0.0000000000
196536  -13.870  -11.026  41.090 0.0000000000
73900  -13.901  -12.279  41.076 0.0000000000
199220  -14.794  -12.581  40.898 0.0000000000
72665  -16.037  -13.059  41.366 0.0000000000
72652  -17.212  -13.162  41.983 0.0000000000
73903  -17.633  -12.572  40.608 0.0000000000
72653  -17.828  -13.020  41.870 0.0000000000
207171  -17.711  -13.152  43.065 0.0000000000
196690  -43.088  13.690  6.442 0.0000000000
79036  -32.664  -8.753  29.632 0.0000000000
80282  -32.868  -8.378  28.627 0.0000000000
201328  -31.953  -8.815  27.974 0.0000000000
80330  -31.180  -7.981  26.274 0.0000000000
82725  -29.349  -6.550  26.140 0.0000000000
82696  -29.256  -6.828  26.993 0.0000000000
83825  -29.535  -6.113  26.990 0.0000000000
84935  -29.097  -5.677  26.633 0.0000000000
199221  -29.103  -4.460  27.386 0.0000000000
80127  -19.352  -8.383  36.432 0.0000000000
78922  -20.522  -8.966  36.112 0.0000000000
81304  -20.419  -7.779  35.818 0.0000000000
82553  -21.236  -6.838  35.350 0.0000000000
82565  -21.475  -6.531  34.998 0.0000000000
199824  -20.706  -4.055  34.776 0.0000000000
83730  -21.422  -5.550  34.439 0.0000000000
82577  -21.965  -6.651  34.245 0.0000000000
82579  -23.260  -7.194  33.725 0.0000000000
81364  -24.298  -7.942  33.296 0.0000000000
78978  -25.008  -8.845  32.819 0.0000000000
204884  -24.672  -4.581  31.996 0.0000000000
82635  -24.043  -6.523  31.429 0.0000000000
80219  -24.497  -8.005  31.637 0.0000000000
192226  -25.169  -8.828  32.121 0.0000000000
196910  -26.413  -9.696  31.808 0.0000000000
76485  -27.983  -10.286  31.467 0.0000000000
76503  -28.935  -10.178  31.199 0.0000000000
79034  -27.250  -9.316  29.078 0.0000000000
76515  -28.536  -10.219  30.203 0.0000000000
76505  -30.089  -10.014  31.238 0.0000000000
76518  -30.862  -9.796  30.690 0.0000000000
79019  -32.053  -9.173  30.331 0.0000000000
82539  -18.794  -7.168  36.864 0.0000000000
93344  -37.395  0.160  18.419 0.0000000000
184923  -37.226  4.044  15.559 0.0000000000
95650  -37.937  2.430  14.809 0.0000000000
209929  -39.397  1.737  14.306 0.0000000000
200321  -40.198  3.153  12.914 0.0000000000
95682  -40.144  2.075  13.407 0.0000000000
94509  -40.520  0.771  14.380 0.0000000000
94512  -42.630  1.096  14.561 0.0000000000
109016  -41.245  11.802  8.255 0.0000000000
110036  -41.343  12.502  7.833 0.0000000000
112204  -41.377  13.891  8.324 0.0000000000
203628  -8.256  -17.534  47.354 0.0000000000
64449  -8.739  -18.669  47.744 0.0000000000
65582  -9.997  -18.250  48.077 0.0000000000
64446  -9.654  -18.684  48.439 0.0000000000
63327  -9.175  -19.566  49.230 0.0000000000
183645  -9.252  -19.943  50.221 0.0000000000
81481  -33.835  -7.766  28.475 0.0000000000
82699  -34.391  -7.208  27.746 0.0000000000
83835  -34.153  -5.818  26.588 0.0000000000
84960  -30.875  -5.236  25.203 0.0000000000
84945  -32.294  -5.323  25.631 0.0000000000
86041  -33.625  -4.359  26.417 0.0000000000
192908  -33.146  -3.851  26.548 0.0000000000
88450  -32.500  -2.535  26.997 0.0000000000
89701  -31.911  -1.592  26.579 0.0000000000
90922  -25.761  -1.112  25.832 0.0000000000
90937  -26.778  -1.476  24.711 0.0000000000
94367  -26.274  1.137  24.379 0.0000000000
188678  -27.203  -0.278  24.152 0.0000000000
202412  -28.079  -1.769  24.735 0.0000000000
90940  -29.382  -1.367  25.138 0.0000000000
90924  -30.850  -1.248  26.034 0.0000000000
90989  -30.575  -1.311  22.640 0.0000000000
181581  -32.056  -1.998  22.914 0.0000000000
87349  -35.356  -3.360  20.278 0.0000000000
188164  -34.625  -1.750  19.360 0.0000000000
92201  -34.427  -0.547  19.222 0.0000000000
92199  -33.034  -0.056  19.515 0.0000000000
92211  -34.151  0.093  19.361 0.0000000000
93340  -34.463  0.493  18.793 0.0000000000
191677  -34.549  1.694  18.385 0.0000000000
97853  -34.709  3.772  17.926 0.0000000000
78909  -21.617  -9.335  36.644 0.0000000000
78897  -22.656  -9.363  37.625 0.0000000000
80115  -24.400  -8.257  37.007 0.0000000000
67802  -10.431  -16.051  45.160 0.0000000000
70130  -10.816  -14.727  44.238 0.0000000000
68967  -10.719  -15.687  44.872 0.0000000000
67787  -11.294  -16.444  45.807 0.0000000000
67760  -12.137  -16.275  47.071 0.0000000000
72648  -13.908  -13.320  41.670 0.0000000000
180204  -14.249  -14.198  43.183 0.0000000000
184346  -14.368  -14.388  43.904 0.0000000000
59877  -6.847  -22.676  52.080 0.0000000000
60920  -6.217  -21.260  50.904 0.0000000000
209344  -5.532  -20.649  50.687 0.0000000000
80236  -34.539  -8.248  31.028 0.0000000000
76377  -19.984  -10.612  37.164 0.0000000000
77667  -20.448  -10.118  36.665 0.0000000000
79009  -33.753  -9.137  31.055 0.0000000000
77679  -19.295  -9.440  36.529 0.0000000000
77665  -18.878  -9.883  36.939 0.0000000000
76363  -19.500  -10.973  37.672 0.0000000000
98962  -35.455  4.745  17.221 0.0000000000
97872  -35.867  4.151  16.638 0.0000000000
98963  -35.999  5.094  16.713 0.0000000000
177548  -38.930  9.662  14.713 0.0000000000
105629  -38.948  9.219  14.120 0.0000000000
207508  -38.950  9.833  14.148 0.0000000000
105634  -38.997  9.645  13.607 0.0000000000
106719  -39.104  10.360  13.793 0.0000000000
107809  -38.682  10.840  14.123 0.0000000000
97807  -29.192  3.469  21.230 0.0000000000
78961  -25.259  -9.290  33.213 0.0000000000
77702  -25.408  -9.774  34.204 0.0000000000
77711  -25.783  -9.952  33.782 0.0000000000
75092  -12.564  -11.165  42.199 0.0000000000
75106  -12.657  -11.845  41.984 0.0000000000
75117  -13.261  -11.947  41.439 0.0000000000
111107  -42.217  13.346  7.241 0.0000000000
179759  -42.697  12.156  6.888 0.0000000000
111117  -42.756  13.288  6.857 0.0000000000
84913  -36.145  -4.974  29.056 0.0000000000
86025  -35.709  -4.573  28.388 0.0000000000
177187  -30.277  -10.188  32.440 0.0000000000
76454  -30.057  -10.330  32.738 0.0000000000
76456  -31.233  -10.115  32.984 0.0000000000
76348  -16.963  -10.553  38.944 0.0000000000
76336  -16.525  -9.806  39.155 0.0000000000
76335  -16.358  -10.652  39.411 0.0000000000
75145  -16.200  -11.380  39.692 0.0000000000
79064  -29.297  -9.279  27.319 0.0000000000
79082  -29.719  -8.955  27.021 0.0000000000
80309  -29.094  -8.545  27.037 0.0000000000
84809  -19.763  -4.531  35.821 0.0000000000
85966  -23.052  -3.950  32.742 0.0000000000
85965  -22.263  -4.194  32.984 0.0000000000
200156  -22.855  -5.327  32.571 0.0000000000
85979  -23.514  -4.318  32.330 0.0000000000
82657  -26.049  -7.310  30.567 0.0000000000
193439  -26.062  -6.954  30.946 0.0000000000
81426  -25.348  -7.348  30.424 0.0000000000
192422  -25.854  -7.685  29.548 0.0000000000
80248  -25.564  -8.407  29.715 0.0000000000
80262  -26.162  -8.290  29.353 0.0000000000
79051  -28.845  -9.598  27.765 0.0000000000
77827  -29.612  -9.872  27.726 0.0000000000
92202  -35.924  -0.692  19.059 0.0000000000
92214  -36.260  -0.174  18.704 0.0000000000
93394  -39.058  0.420  15.883 0.0000000000
93384  -38.696  0.491  16.489 0.0000000000
209629  -39.873  0.254  15.421 0.0000000000
205699  -39.737  5.237  14.908 0.0000000000
99010  -39.547  4.448  13.963 0.0000000000
97942  -42.549  3.871  11.807 0.0000000000
97931  -42.332  3.414  12.095 0.0000000000
97932  -42.936  3.433  12.166 0.0000000000
96815  -43.318  2.911  12.648 0.0000000000
112192  -39.667  13.846  10.283 0.0000000000
66695  -10.235  -17.271  46.432 0.0000000000
82726  -29.859  -6.657  25.694 0.0000000000
183096  -30.492  -6.812  25.499 0.0000000000
83858  -29.931  -6.035  25.463 0.0000000000
179760  -28.587  -3.335  25.203 0.0000000000
88478  -29.819  -2.842  25.489 0.0000000000
88477  -28.759  -2.574  25.184 0.0000000000
93279  -27.946  0.229  22.833 0.0000000000
93261  -27.770  0.086  23.438 0.0000000000
93262  -28.305  -0.177  23.191 0.0000000000
92131  -28.874  -0.480  23.654 0.0000000000
193144  -29.361  -0.398  23.229 0.0000000000
182485  -29.988  -0.470  23.433 0.0000000000
92152  -29.694  -0.518  22.814 0.0000000000
91020  -31.305  -1.442  20.090 0.0000000000
88573  -31.472  -2.465  20.726 0.0000000000
88574  -31.824  -2.506  20.185 0.0000000000
88575  -32.370  -2.932  20.332 0.0000000000
88588  -32.445  -2.407  19.747 0.0000000000
89820  -32.626  -1.855  19.378 0.0000000000
91031  -31.827  -1.027  19.739 0.0000000000
81319  -22.291  -7.550  35.535 0.0000000000
81307  -22.666  -8.027  35.834 0.0000000000
191389  -22.757  -7.739  35.538 0.0000000000
176020  -12.933  -15.228  43.854 0.0000000000
68985  -12.578  -15.595  44.427 0.0000000000
70120  -13.494  -15.435  45.448 0.0000000000
199217  -16.265  -13.453  43.313 0.0000000000
64443  -7.635  -18.851  48.491 0.0000000000
82682  -35.652  -6.584  29.621 0.0000000000
75146  -20.334  -11.859  39.970 0.0000000000
75121  -20.973  -11.948  41.067 0.0000000000
75133  -20.961  -11.665  40.377 0.0000000000
76351  -22.002  -10.653  38.702 0.0000000000
199209  -22.066  -10.887  39.834 0.0000000000
76338  -22.367  -10.628  39.349 0.0000000000
76339  -22.949  -10.553  39.927 0.0000000000
77643  -22.676  -10.231  38.757 0.0000000000
77757  -32.199  -9.780  31.538 0.0000000000
77743  -32.384  -9.839  32.198 0.0000000000
82515  -18.031  -6.661  38.160 0.0000000000
182668  -18.100  -8.311  37.978 0.0000000000
77653  -18.237  -10.237  37.817 0.0000000000
78896  -17.872  -9.519  37.949 0.0000000000
75164  -17.927  -11.219  38.646 0.0000000000
75180  -18.436  -11.309  38.293 0.0000000000
75167  -20.025  -11.485  38.987 0.0000000000
73946  -19.514  -11.704  39.345 0.0000000000
191917  -19.978  -11.753  39.495 0.0000000000
73922  -19.819  -12.249  40.448 0.0000000000
81479  -28.836  -7.797  28.066 0.0000000000
192352  -27.409  -7.743  29.949 0.0000000000
81450  -29.267  -7.962  29.658 0.0000000000
81478  -28.268  -7.981  28.296 0.0000000000
94460  -35.520  1.438  17.636 0.0000000000
188251  -35.941  1.028  17.725 0.0000000000
95618  -35.653  1.972  17.375 0.0000000000
96753  -36.848  2.479  16.201 0.0000000000
95631  -36.546  1.844  16.541 0.0000000000
95632  -37.000  1.736  16.097 0.0000000000
94494  -37.427  1.554  15.687 0.0000000000
95642  -37.675  1.972  15.165 0.0000000000
101364  -40.205  5.847  13.638 0.0000000000
102466  -40.241  6.365  13.146 0.0000000000
193779  -40.344  7.060  12.236 0.0000000000
102473  -40.328  6.412  12.422 0.0000000000
102474  -40.660  6.520  11.914 0.0000000000
100218  -41.465  5.235  11.568 0.0000000000
102484  -41.240  6.637  11.647 0.0000000000
101391  -42.482  6.119  11.467 0.0000000000
103579  -41.350  7.274  11.559 0.0000000000
105643  -40.266  9.651  12.648 0.0000000000
104590  -40.859  8.532  12.008 0.0000000000
105644  -40.981  9.312  12.289 0.0000000000
106729  -41.246  10.169  12.453 0.0000000000
107824  -41.005  10.672  12.327 0.0000000000
195837  -38.416  12.259  13.686 0.0000000000
108973  -38.926  11.668  12.777 0.0000000000
86030  -28.377  -4.701  26.971 0.0000000000
86039  -28.113  -4.634  26.450 0.0000000000
86029  -27.797  -4.352  27.000 0.0000000000
88448  -26.584  -2.836  27.279 0.0000000000
87213  -26.838  -3.329  26.666 0.0000000000
88461  -26.426  -2.756  26.419 0.0000000000
87222  -26.905  -3.107  25.912 0.0000000000
96674  -28.023  2.756  21.914 0.0000000000
96673  -27.567  2.698  22.408 0.0000000000
95555  -27.684  2.100  22.165 0.0000000000
94402  -27.859  1.414  22.008 0.0000000000
94403  -28.270  1.147  21.626 0.0000000000
94404  -28.673  0.680  21.437 0.0000000000
94410  -28.758  1.340  21.139 0.0000000000
95576  -29.973  1.783  20.449 0.0000000000
94412  -29.659  1.043  20.518 0.0000000000
93313  -30.061  0.439  20.287 0.0000000000
195686  -30.655  0.797  20.024 0.0000000000
93315  -31.315  0.725  19.800 0.0000000000
94423  -30.981  1.329  20.028 0.0000000000
196410  -23.989  -7.991  34.370 0.0000000000
81334  -24.019  -8.161  34.876 0.0000000000
77693  -26.070  -9.662  35.776 0.0000000000
78933  -25.595  -9.370  35.533 0.0000000000
72646  -12.669  -13.113  42.194 0.0000000000
71311  -11.924  -13.630  42.905 0.0000000000
71321  -12.501  -13.758  42.535 0.0000000000
70154  -12.816  -14.406  42.848 0.0000000000
71322  -13.226  -14.036  42.468 0.0000000000
62083  -8.671  -20.453  50.244 0.0000000000
62072  -8.072  -20.966  50.615 0.0000000000
60922  -7.156  -21.780  51.258 0.0000000000
60931  -6.624  -21.120  50.903 0.0000000000
62061  -6.032  -20.564  50.806 0.0000000000
87200  -35.817  -3.693  28.360 0.0000000000
87199  -35.390  -3.228  27.882 0.0000000000
88429  -35.107  -2.700  27.718 0.0000000000
187931  -34.211  -2.756  27.254 0.0000000000
76468  -26.979  -10.550  32.576 0.0000000000
76451  -27.353  -10.730  33.075 0.0000000000
76452  -28.274  -10.446  33.010 0.0000000000
76325  -15.112  -10.886  40.204 0.0000000000
77617  -14.670  -10.237  40.493 0.0000000000
76313  -14.153  -10.507  40.892 0.0000000000
75119  -14.331  -11.322  40.784 0.0000000000
188697  -14.357  -12.089  40.548 0.0000000000
73902  -16.310  -12.721  40.797 0.0000000000
73901  -15.580  -12.592  40.882 0.0000000000
72651  -16.442  -13.272  41.947 0.0000000000
72666  -16.782  -13.071  41.304 0.0000000000
73935  -18.330  -12.022  39.926 0.0000000000
73919  -17.978  -12.336  40.256 0.0000000000
73874  -18.722  -12.853  42.652 0.0000000000
73886  -18.220  -12.950  41.537 0.0000000000
72635  -18.269  -12.977  42.241 0.0000000000
190296  -17.783  -13.125  42.455 0.0000000000
207427  -32.038  -8.966  29.174 0.0000000000
80265  -32.415  -8.750  29.048 0.0000000000
79054  -31.900  -8.983  28.642 0.0000000000
80310  -29.735  -8.390  26.571 0.0000000000
80329  -30.655  -8.427  26.386 0.0000000000
80328  -30.052  -7.829  26.103 0.0000000000
81518  -30.752  -7.691  25.933 0.0000000000
81503  -29.586  -7.202  26.122 0.0000000000
82689  -29.431  -7.228  27.572 0.0000000000
82697  -29.940  -6.566  27.372 0.0000000000
83826  -30.087  -5.690  27.326 0.0000000000
84928  -29.523  -5.454  27.055 0.0000000000
84927  -29.054  -5.041  26.934 0.0000000000
81303  -19.619  -7.815  36.147 0.0000000000
80128  -20.088  -8.372  36.049 0.0000000000
82541  -19.843  -7.146  35.873 0.0000000000
83706  -20.491  -5.889  35.299 0.0000000000
82552  -20.380  -6.554  35.516 0.0000000000
83707  -20.947  -6.337  35.189 0.0000000000
84858  -21.988  -4.885  33.474 0.0000000000
84845  -21.645  -4.906  34.196 0.0000000000
83731  -21.887  -5.730  34.064 0.0000000000
82578  -22.320  -7.222  33.731 0.0000000000
83732  -22.210  -6.409  33.576 0.0000000000
187647  -23.603  -6.886  32.628 0.0000000000
82596  -23.478  -7.037  33.141 0.0000000000
81363  -23.901  -7.500  32.795 0.0000000000
80181  -24.321  -8.017  32.730 0.0000000000
80202  -24.219  -7.742  32.185 0.0000000000
83767  -25.501  -5.474  31.466 0.0000000000
84875  -25.632  -5.253  32.207 0.0000000000
84874  -25.137  -4.993  31.834 0.0000000000
84886  -24.988  -5.249  31.279 0.0000000000
84885  -24.462  -4.910  31.449 0.0000000000
83776  -24.382  -5.609  31.032 0.0000000000
80232  -24.869  -8.152  30.710 0.0000000000
81405  -24.511  -7.754  31.038 0.0000000000
195983  -24.676  -8.265  31.180 0.0000000000
78992  -25.253  -8.969  31.443 0.0000000000
77741  -26.034  -9.575  32.293 0.0000000000
77769  -25.711  -9.353  31.274 0.0000000000
77786  -26.711  -9.879  30.085 0.0000000000
77771  -26.814  -9.971  30.860 0.0000000000
76501  -27.926  -10.285  30.921 0.0000000000
182269  -28.362  -10.264  31.191 0.0000000000
76502  -28.430  -10.229  30.762 0.0000000000
79048  -27.029  -8.972  28.901 0.0000000000
77803  -28.965  -10.080  28.909 0.0000000000
77802  -28.289  -9.971  29.025 0.0000000000
76527  -28.733  -10.204  29.551 0.0000000000
76516  -29.157  -10.106  30.184 0.0000000000
202777  -29.723  -9.985  30.214 0.0000000000
76517  -30.261  -9.921  30.592 0.0000000000
76529  -30.155  -9.922  29.881 0.0000000000
77819  -31.082  -9.387  29.206 0.0000000000
190562  -31.260  -9.370  29.785 0.0000000000
195954  -31.662  -9.178  29.281 0.0000000000
79035  -32.165  -8.975  29.675 0.0000000000
83696  -19.117  -5.900  36.287 0.0000000000
82530  -18.619  -6.398  36.923 0.0000000000
81302  -18.961  -7.860  36.780 0.0000000000
88577  -36.435  -2.856  20.384 0.0000000000
205885  -37.510  -0.721  19.906 0.0000000000
91021  -37.397  -1.097  20.072 0.0000000000
93357  -36.939  0.548  17.986 0.0000000000
93358  -37.743  0.416  17.848 0.0000000000
100179  -38.103  5.538  16.110 0.0000000000
98984  -37.516  4.846  15.836 0.0000000000
97885  -37.727  4.442  15.266 0.0000000000
96774  -37.997  3.198  14.793 0.0000000000
96775  -38.462  2.636  14.555 0.0000000000
95666  -39.001  2.126  14.508 0.0000000000
95667  -39.410  2.263  14.117 0.0000000000
99019  -40.092  4.393  12.627 0.0000000000
97914  -39.932  3.916  13.372 0.0000000000
196137  -40.210  3.720  12.624 0.0000000000
96802  -41.770  2.513  12.777 0.0000000000
96801  -41.079  2.459  12.902 0.0000000000
95683  -40.828  1.857  13.256 0.0000000000
95669  -40.374  1.583  13.644 0.0000000000
94535  -41.509  1.557  13.465 0.0000000000
94511  -41.975  0.808  14.431 0.0000000000
94525  -42.250  1.336  13.827 0.0000000000
95651  -43.784  1.762  14.834 0.0000000000
102487  -43.599  6.473  11.431 0.0000000000
107845  -40.756  11.164  11.316 0.0000000000
108998  -40.773  11.135  9.717 0.0000000000
107874  -41.332  10.898  9.418 0.0000000000
107886  -41.510  11.070  8.685 0.0000000000
112200  -40.389  13.822  9.208 0.0000000000
111097  -40.733  13.065  8.558 0.0000000000
111092  -40.705  13.635  8.582 0.0000000000
111098  -41.165  13.211  8.103 0.0000000000
65594  -9.408  -17.813  46.966 0.0000000000
66692  -8.426  -17.176  47.027 0.0000000000
65593  -8.784  -17.744  47.088 0.0000000000
65587  -8.450  -18.107  47.485 0.0000000000
65588  -9.111  -18.236  47.359 0.0000000000
200651  -10.985  -17.308  48.482 0.0000000000
65590  -10.366  -17.854  47.627 0.0000000000
65583  -10.558  -17.828  48.440 0.0000000000
65576  -10.112  -18.315  48.762 0.0000000000
64434  -9.731  -19.106  49.394 0.0000000000
191133  -9.404  -19.129  48.802 0.0000000000
63318  -9.500  -19.543  49.849 0.0000000000
63304  -9.657  -19.490  50.496 0.0000000000
207692  -9.437  -19.783  51.518 0.0000000000
80297  -32.827  -8.265  27.890 0.0000000000
80283  -33.379  -8.015  28.920 0.0000000000
81491  -32.750  -8.144  27.173 0.0000000000
82729  -32.235  -6.703  25.657 0.0000000000
82698  -33.734  -7.392  27.205 0.0000000000
83834  -33.456  -6.818  26.538 0.0000000000
82712  -34.085  -6.679  26.936 0.0000000000
198034  -33.567  -5.962  26.165 0.0000000000
84959  -30.165  -5.438  25.267 0.0000000000
192518  -29.764  -4.941  25.301 0.0000000000
86048  -31.087  -3.995  25.584 0.0000000000
86063  -31.340  -4.675  25.324 0.0000000000
84944  -31.840  -4.821  25.595 0.0000000000
84946  -32.783  -4.994  25.918 0.0000000000
86050  -32.344  -4.496  25.938 0.0000000000
87226  -32.126  -3.839  26.086 0.0000000000
88463  -31.134  -2.676  26.246 0.0000000000
87215  -31.866  -2.653  26.436 0.0000000000
198941  -32.033  -2.143  26.710 0.0000000000
89714  -31.505  -2.114  26.473 0.0000000000
93239  -25.373  0.495  25.705 0.0000000000
92066  -25.373  -0.305  26.817 0.0000000000
92079  -25.434  -0.356  25.945 0.0000000000
181643  -26.153  -1.307  25.105 0.0000000000
90936  -25.818  -0.752  25.174 0.0000000000
95523  -26.114  2.007  24.212 0.0000000000
94381  -26.671  1.265  23.837 0.0000000000
90952  -27.314  -0.988  24.314 0.0000000000
90953  -28.189  -1.222  24.458 0.0000000000
90939  -28.685  -1.503  24.980 0.0000000000
90954  -28.973  -1.103  24.630 0.0000000000
92094  -30.415  -0.751  24.946 0.0000000000
90941  -30.054  -1.142  25.246 0.0000000000
90942  -30.622  -0.864  25.523 0.0000000000
90925  -31.584  -1.065  26.182 0.0000000000
92080  -31.205  -0.537  25.796 0.0000000000
91002  -29.802  -1.108  21.549 0.0000000000
90988  -29.962  -1.010  22.356 0.0000000000
91003  -30.294  -1.564  21.926 0.0000000000
88537  -31.640  -2.726  21.879 0.0000000000
89767  -31.424  -2.290  22.448 0.0000000000
174958  -32.617  -2.542  22.955 0.0000000000
86155  -33.733  -4.000  21.166 0.0000000000
86127  -34.253  -4.266  22.211 0.0000000000
86142  -35.012  -4.129  21.194 0.0000000000
208494  -35.606  -3.862  21.283 0.0000000000
87330  -36.020  -3.605  21.096 0.0000000000
209204  -34.781  -3.293  20.127 0.0000000000
89821  -33.915  -1.943  19.373 0.0000000000
89822  -34.456  -2.376  19.619 0.0000000000
91033  -34.153  -1.230  19.287 0.0000000000
91034  -34.880  -1.126  19.280 0.0000000000
92198  -32.395  -0.375  19.558 0.0000000000
93327  -32.631  0.327  19.571 0.0000000000
94438  -33.624  1.317  19.016 0.0000000000
194272  -33.408  0.799  19.326 0.0000000000
93329  -33.888  0.675  19.058 0.0000000000
94449  -34.774  0.962  18.337 0.0000000000
96729  -34.561  2.954  18.276 0.0000000000
80129  -20.907  -8.398  35.845 0.0000000000
77681  -20.875  -9.512  36.371 0.0000000000
78923  -21.320  -8.943  36.131 0.0000000000
78910  -22.373  -9.134  36.949 0.0000000000
78898  -23.279  -8.924  37.860 0.0000000000
78887  -23.596  -9.080  38.556 0.0000000000
78899  -23.753  -8.604  37.944 0.0000000000
80134  -24.314  -8.282  36.244 0.0000000000
181878  -24.777  -8.359  36.637 0.0000000000
209690  -27.359  -10.952  35.002 0.0000000000
68966  -10.049  -15.525  45.116 0.0000000000
72616  -11.057  -13.533  43.758 0.0000000000
71298  -10.718  -13.994  44.251 0.0000000000
68969  -12.174  -15.939  44.965 0.0000000000
68968  -11.406  -15.890  44.823 0.0000000000
67803  -11.033  -16.139  45.237 0.0000000000
67772  -11.926  -16.386  46.248 0.0000000000
72663  -14.223  -12.874  41.241 0.0000000000
72649  -14.554  -13.381  41.702 0.0000000000
71324  -14.691  -13.902  42.727 0.0000000000
71313  -14.921  -13.971  43.412 0.0000000000
111123  -43.448  13.809  6.050 0.0000000000
58876  -6.236  -23.073  51.314 0.0000000000
59883  -6.317  -22.114  50.911 0.0000000000
60919  -5.879  -21.228  50.674 0.0000000000
60929  -5.591  -20.873  50.666 0.0000000000
75168  -20.805  -11.349  39.034 0.0000000000
206289  -20.930  -11.220  38.500 0.0000000000
76365  -21.032  -10.964  37.981 0.0000000000
77654  -21.519  -10.400  37.531 0.0000000000
77775  -32.725  -9.589  31.248 0.0000000000
181725  -18.482  -8.123  37.500 0.0000000000
183265  -18.245  -9.661  37.337 0.0000000000
76362  -18.725  -10.816  37.760 0.0000000000
75181  -19.048  -11.264  38.178 0.0000000000
75182  -19.778  -11.263  38.272 0.0000000000
96742  -35.546  2.639  17.499 0.0000000000
96743  -35.766  2.423  17.056 0.0000000000
192758  -35.857  3.209  17.118 0.0000000000
205516  -36.206  3.411  16.576 0.0000000000
96761  -36.589  3.211  16.177 0.0000000000
102461  -39.962  6.899  13.483 0.0000000000
200628  -39.361  7.825  13.774 0.0000000000
104585  -39.296  8.243  13.338 0.0000000000
103566  -39.763  8.108  12.658 0.0000000000
103567  -40.432  7.850  12.176 0.0000000000
105642  -39.598  8.879  12.951 0.0000000000
105636  -39.391  9.591  13.086 0.0000000000
106727  -39.831  10.285  12.815 0.0000000000
107822  -39.654  10.909  12.703 0.0000000000
107814  -39.361  10.650  13.179 0.0000000000
108963  -38.459  11.455  13.860 0.0000000000
89672  -27.228  -2.493  28.464 0.0000000000
89687  -26.396  -2.349  28.084 0.0000000000
179480  -25.936  -1.813  27.802 0.0000000000
96684  -28.441  2.428  21.234 0.0000000000
95564  -28.882  2.070  20.898 0.0000000000
96685  -29.032  2.774  20.958 0.0000000000
95565  -29.506  2.344  20.544 0.0000000000
176615  -30.262  2.456  20.475 0.0000000000
95577  -30.678  1.887  20.284 0.0000000000
96687  -30.617  2.997  20.748 0.0000000000
80170  -24.632  -8.373  33.660 0.0000000000
80159  -24.727  -9.131  34.645 0.0000000000
203503  -25.023  -9.407  34.274 0.0000000000
77703  -25.693  -9.802  34.990 0.0000000000
77694  -26.539  -10.163  35.859 0.0000000000
73884  -12.374  -12.437  42.283 0.0000000000
109021  -42.187  11.870  7.298 0.0000000000
205324  -42.981  11.429  6.746 0.0000000000
62062  -8.432  -21.124  51.325 0.0000000000
60923  -7.923  -21.601  51.701 0.0000000000
60911  -7.510  -21.940  52.063 0.0000000000
60910  -7.148  -22.080  51.563 0.0000000000
86024  -35.339  -3.885  28.002 0.0000000000
86033  -34.859  -3.609  27.619 0.0000000000
176091  -28.921  -10.333  32.535 0.0000000000
76453  -29.056  -10.434  33.022 0.0000000000
186108  -29.657  -10.408  32.879 0.0000000000
76435  -30.103  -10.328  33.410 0.0000000000
75224  -31.803  -11.236  34.382 0.0000000000
78873  -17.095  -9.189  38.949 0.0000000000
182498  -16.528  -9.121  39.691 0.0000000000
183144  -16.079  -9.455  39.737 0.0000000000
75130  -15.556  -11.588  40.082 0.0000000000
75131  -16.125  -11.957  39.943 0.0000000000
190490  -16.548  -12.306  40.285 0.0000000000
73905  -19.329  -12.599  40.851 0.0000000000
178312  -18.768  -12.585  40.632 0.0000000000
73888  -19.472  -12.752  41.649 0.0000000000
73875  -19.262  -12.756  42.387 0.0000000000
79052  -30.895  -9.373  27.994 0.0000000000
184603  -31.208  -9.276  27.386 0.0000000000
79066  -30.673  -9.434  27.294 0.0000000000
79083  -30.371  -9.081  26.826 0.0000000000
82551  -19.614  -6.467  35.863 0.0000000000
84818  -20.081  -5.263  35.508 0.0000000000
207042  -20.594  -5.349  35.064 0.0000000000
87127  -21.698  -3.298  34.078 0.0000000000
87141  -22.127  -3.594  33.485 0.0000000000
83748  -22.679  -5.907  32.985 0.0000000000
83765  -23.171  -5.789  32.318 0.0000000000
82617  -23.571  -6.412  32.135 0.0000000000
82637  -26.059  -6.790  31.602 0.0000000000
83778  -25.780  -6.102  30.998 0.0000000000
83785  -25.461  -6.262  30.641 0.0000000000
83784  -24.951  -6.052  30.702 0.0000000000
82655  -25.052  -6.680  30.521 0.0000000000
80233  -25.160  -8.620  30.349 0.0000000000
79005  -25.374  -9.119  30.819 0.0000000000
79018  -25.603  -9.145  30.175 0.0000000000
77785  -26.095  -9.592  30.096 0.0000000000
77799  -26.434  -9.513  29.676 0.0000000000
80280  -28.093  -8.433  28.550 0.0000000000
79049  -27.741  -8.987  28.840 0.0000000000
77815  -28.513  -9.809  28.367 0.0000000000
208598  -29.561  -10.052  28.853 0.0000000000
178876  -30.049  -9.882  29.165 0.0000000000
77817  -29.888  -9.927  28.398 0.0000000000
77818  -30.531  -9.508  28.712 0.0000000000
89824  -36.089  -1.638  19.714 0.0000000000
186782  -36.671  -1.871  19.942 0.0000000000
91036  -36.348  -1.061  19.484 0.0000000000
92203  -36.627  -0.614  19.199 0.0000000000
92204  -37.315  -0.540  19.432 0.0000000000
94471  -37.767  0.952  16.598 0.0000000000
179566  -38.350  0.445  17.470 0.0000000000
93383  -38.253  0.628  16.879 0.0000000000
98986  -39.044  5.067  15.339 0.0000000000
98985  -38.317  4.776  15.109 0.0000000000
98999  -38.695  4.414  14.631 0.0000000000
99000  -39.105  4.127  14.134 0.0000000000
97912  -39.259  3.398  13.978 0.0000000000
192003  -40.949  3.973  11.896 0.0000000000
97929  -40.697  3.409  12.372 0.0000000000
97930  -41.317  3.422  12.170 0.0000000000
208263  -42.186  2.739  12.579 0.0000000000
96803  -42.579  2.430  12.880 0.0000000000
95670  -42.801  1.847  13.457 0.0000000000
95685  -43.368  2.275  13.195 0.0000000000
96804  -44.071  2.697  13.080 0.0000000000
108988  -39.577  11.828  11.051 0.0000000000
108989  -40.145  11.464  10.807 0.0000000000
108996  -39.817  11.950  10.506 0.0000000000
108997  -40.272  11.712  10.046 0.0000000000
110025  -40.160  12.473  9.430 0.0000000000
109007  -40.571  11.770  9.301 0.0000000000
111085  -39.838  13.344  9.620 0.0000000000
66694  -9.590  -17.380  46.501 0.0000000000
199673  -9.893  -18.986  50.757 0.0000000000
81504  -31.787  -7.946  26.332 0.0000000000
81505  -32.470  -7.803  26.529 0.0000000000
81520  -32.087  -7.425  25.967 0.0000000000
82745  -31.527  -6.593  25.360 0.0000000000
83860  -31.278  -5.927  25.252 0.0000000000
86059  -28.607  -4.013  25.269 0.0000000000
86060  -29.293  -4.332  25.239 0.0000000000
87237  -29.079  -3.703  25.183 0.0000000000
87238  -29.736  -3.640  25.219 0.0000000000
87239  -30.439  -3.847  25.386 0.0000000000
87225  -31.596  -3.387  25.997 0.0000000000
88479  -30.238  -3.245  25.556 0.0000000000
88462  -30.392  -2.598  25.998 0.0000000000
198149  -29.943  -2.252  25.726 0.0000000000
94355  -25.630  1.282  25.516 0.0000000000
94382  -27.071  1.345  23.252 0.0000000000
93260  -27.214  0.537  23.681 0.0000000000
92110  -28.620  -0.746  24.179 0.0000000000
92111  -29.301  -0.726  24.271 0.0000000000
92112  -30.019  -0.645  24.449 0.0000000000
92113  -30.757  -0.466  24.293 0.0000000000
203707  -30.208  -0.469  23.943 0.0000000000
92133  -30.627  -0.519  23.577 0.0000000000
90969  -31.027  -0.818  23.163 0.0000000000
91012  -29.970  -0.997  20.731 0.0000000000
91013  -30.336  -1.525  21.193 0.0000000000
89807  -30.926  -1.944  20.876 0.0000000000
88556  -31.724  -2.866  21.155 0.0000000000
181861  -32.049  -3.154  21.587 0.0000000000
87313  -33.227  -3.781  22.217 0.0000000000
87328  -32.809  -3.677  21.113 0.0000000000
87347  -32.969  -3.460  20.510 0.0000000000
87359  -33.665  -3.257  20.091 0.0000000000
87360  -34.333  -2.993  19.897 0.0000000000
192996  -33.176  -2.220  19.418 0.0000000000
91032  -33.340  -1.382  19.353 0.0000000000
95588  -32.677  1.480  19.832 0.0000000000
94436  -32.924  0.853  19.662 0.0000000000
95597  -33.955  2.041  18.766 0.0000000000
80131  -22.437  -8.396  36.130 0.0000000000
80113  -23.392  -8.405  36.873 0.0000000000
70142  -11.793  -14.597  43.520 0.0000000000
70131  -11.418  -14.990  43.972 0.0000000000
68949  -12.447  -16.124  45.693 0.0000000000
72650  -15.694  -13.341  41.975 0.0000000000
72631  -15.100  -13.594  42.190 0.0000000000
72632  -15.689  -13.578  42.582 0.0000000000
71314  -15.605  -13.771  43.597 0.0000000000
83811  -35.816  -6.053  29.203 0.0000000000
83819  -35.434  -6.216  28.530 0.0000000000
75093  -21.127  -12.181  42.396 0.0000000000
205371  -21.303  -12.043  41.959 0.0000000000
75109  -22.045  -11.444  41.550 0.0000000000
76301  -22.646  -11.051  41.577 0.0000000000
75148  -21.527  -11.256  40.079 0.0000000000
76326  -22.202  -11.004  40.363 0.0000000000
76490  -31.185  -10.032  31.900 0.0000000000
76474  -30.906  -10.080  32.457 0.0000000000
80092  -17.645  -8.351  38.692 0.0000000000
78886  -17.785  -8.777  38.205 0.0000000000
204580  -17.570  -9.374  38.393 0.0000000000
174882  -17.389  -11.140  38.942 0.0000000000
209791  -17.346  -11.486  39.263 0.0000000000
73943  -17.779  -11.589  39.234 0.0000000000
73944  -18.243  -11.756  39.426 0.0000000000
203743  -18.666  -11.809  39.592 0.0000000000
75165  -18.756  -11.496  38.717 0.0000000000
73945  -18.984  -11.659  39.197 0.0000000000
73921  -19.100  -12.215  40.248 0.0000000000
80295  -28.584  -8.115  27.273 0.0000000000
82678  -29.734  -7.637  28.274 0.0000000000
82658  -26.523  -7.411  30.763 0.0000000000
82668  -26.485  -7.429  30.265 0.0000000000
81446  -26.434  -7.626  29.343 0.0000000000
81447  -26.841  -7.504  29.716 0.0000000000
81465  -27.195  -7.877  29.409 0.0000000000
81466  -27.796  -8.179  29.235 0.0000000000
81477  -28.081  -8.244  28.842 0.0000000000
80294  -28.286  -8.337  27.810 0.0000000000
93342  -35.787  0.233  18.366 0.0000000000
94461  -36.470  0.932  17.610 0.0000000000
94469  -36.552  1.279  16.980 0.0000000000
95619  -36.022  1.898  16.966 0.0000000000
94470  -37.218  1.076  16.805 0.0000000000
94486  -37.810  1.096  16.005 0.0000000000
94487  -38.367  0.783  15.862 0.0000000000
94496  -38.795  0.927  15.167 0.0000000000
100198  -39.974  5.315  13.760 0.0000000000
100205  -40.105  5.194  13.064 0.0000000000
100211  -40.435  5.075  12.253 0.0000000000
101379  -40.661  5.834  12.164 0.0000000000
99027  -40.869  4.707  11.730 0.0000000000
100219  -42.135  4.822  11.431 0.0000000000
99038  -42.814  4.530  11.594 0.0000000000
190785  -43.604  4.604  11.680 0.0000000000
195595  -42.795  5.657  11.441 0.0000000000
101399  -43.157  6.030  11.381 0.0000000000
102486  -42.883  6.654  11.437 0.0000000000
103568  -41.137  7.907  11.783 0.0000000000
103580  -41.944  7.841  11.589 0.0000000000
193095  -42.641  8.055  11.580 0.0000000000
107834  -40.535  10.946  11.999 0.0000000000
107833  -39.795  11.099  12.146 0.0000000000
108982  -39.265  11.715  11.772 0.0000000000
110005  -38.836  12.433  11.872 0.0000000000
66696  -10.933  -16.935  46.561 0.0000000000
66688  -11.200  -16.993  47.363 0.0000000000
66682  -11.337  -16.969  48.095 0.0000000000
84943  -28.969  -5.394  26.191 0.0000000000
199639  -29.247  -5.642  25.879 0.0000000000
84942  -28.597  -4.818  26.036 0.0000000000
86047  -28.145  -4.285  25.718 0.0000000000
87214  -27.333  -3.825  26.892 0.0000000000
86046  -27.697  -3.826  25.724 0.0000000000
87235  -27.453  -3.361  25.500 0.0000000000
88475  -27.291  -2.677  25.382 0.0000000000
96656  -26.278  2.757  23.805 0.0000000000
195725  -26.728  2.620  23.290 0.0000000000
97776  -27.233  3.705  23.109 0.0000000000
96664  -27.165  2.883  22.872 0.0000000000
95539  -27.030  2.111  22.969 0.0000000000
94393  -27.348  1.469  22.517 0.0000000000
93293  -27.814  0.691  22.216 0.0000000000
93280  -28.392  0.064  22.457 0.0000000000
92151  -29.058  -0.308  22.466 0.0000000000
93294  -28.726  0.102  21.851 0.0000000000
92167  -29.129  -0.215  21.810 0.0000000000
94411  -29.129  0.872  20.993 0.0000000000
93303  -29.439  0.324  20.742 0.0000000000
91019  -30.720  -1.062  20.333 0.0000000000
91030  -31.251  -0.872  19.961 0.0000000000
93325  -31.259  0.100  19.687 0.0000000000
185031  -31.415  1.859  20.193 0.0000000000
94424  -32.102  1.695  20.031 0.0000000000
95579  -32.592  2.130  20.187 0.0000000000
95580  -32.993  2.710  20.332 0.0000000000
81332  -23.022  -7.554  34.910 0.0000000000
81320  -23.016  -7.713  35.345 0.0000000000
81321  -23.527  -7.928  35.274 0.0000000000
81322  -24.090  -8.249  35.517 0.0000000000
80135  -24.855  -8.651  36.114 0.0000000000
80147  -24.946  -9.052  35.405 0.0000000000
204889  -11.559  -13.904  43.337 0.0000000000
73873  -11.683  -12.522  42.931 0.0000000000
70143  -12.488  -14.801  43.356 0.0000000000
70145  -13.662  -14.923  43.925 0.0000000000
72606  -17.254  -13.161  44.148 0.0000000000
63326  -8.497  -19.839  49.149 0.0000000000
64438  -7.437  -19.149  49.031 0.0000000000
63325  -7.687  -19.671  49.309 0.0000000000
63315  -7.254  -19.878  49.904 0.0000000000
63302  -6.601  -20.062  50.425 0.0000000000
62071  -7.081  -20.868  50.581 0.0000000000
186319  -6.008  -19.887  50.579 0.0000000000
62070  -5.807  -19.749  50.675 0.0000000000
100181  -39.697  5.408  15.491 0.0000000000
100191  -40.098  5.484  15.015 0.0000000000
190620  -33.534  -2.182  27.115 0.0000000000
77725  -25.957  -10.053  33.252 0.0000000000
77712  -26.124  -10.343  33.774 0.0000000000
76431  -26.817  -10.804  33.762 0.0000000000
183057  -27.911  -10.933  34.396 0.0000000000
76437  -31.536  -10.338  33.424 0.0000000000
77592  -13.951  -9.954  41.288 0.0000000000
76300  -13.579  -10.452  41.424 0.0000000000
76312  -13.376  -11.199  41.369 0.0000000000
75118  -13.863  -11.669  41.052 0.0000000000
207889  -14.263  -12.436  40.847 0.0000000000
73917  -15.122  -12.108  40.460 0.0000000000
72664  -15.412  -12.958  41.342 0.0000000000
189127  -16.749  -13.311  42.462 0.0000000000
73933  -17.317  -11.779  39.585 0.0000000000
73918  -17.298  -12.272  40.127 0.0000000000
176658  -18.196  -12.701  40.786 0.0000000000
72667  -17.573  -12.849  41.260 0.0000000000
72634  -17.246  -13.242  42.725 0.0000000000
72620  -17.253  -13.220  43.419 0.0000000000
111108  -42.734  13.896  6.932 0.0000000000
79021  -33.459  -8.891  30.463 0.0000000000
80250  -33.706  -8.255  30.188 0.0000000000
80266  -32.974  -8.437  29.271 0.0000000000
80281  -32.363  -8.636  28.289 0.0000000000
80296  -32.263  -8.502  27.607 0.0000000000
79085  -31.672  -8.834  27.298 0.0000000000
80311  -31.422  -8.457  26.630 0.0000000000
180699  -30.294  -7.279  25.694 0.0000000000
184024  -29.128  -7.322  26.642 0.0000000000
82710  -29.239  -6.870  26.492 0.0000000000
83833  -29.225  -6.367  26.577 0.0000000000
83844  -29.191  -5.986  26.192 0.0000000000
87206  -28.317  -4.204  27.513 0.0000000000
86021  -29.115  -3.871  27.911 0.0000000000
77680  -20.086  -9.552  36.347 0.0000000000
78921  -19.749  -8.914  36.336 0.0000000000
81317  -20.824  -7.228  35.668 0.0000000000
81305  -21.296  -7.825  35.737 0.0000000000
81318  -21.639  -7.395  35.526 0.0000000000
82554  -21.898  -7.066  35.249 0.0000000000
85929  -20.155  -3.745  35.422 0.0000000000
84831  -21.028  -4.946  34.682 0.0000000000
85953  -21.468  -4.158  34.466 0.0000000000
83717  -21.588  -6.214  34.581 0.0000000000
82566  -21.913  -6.885  34.869 0.0000000000
82567  -22.397  -7.271  34.555 0.0000000000
82568  -23.049  -7.419  34.287 0.0000000000
189157  -23.667  -7.618  34.078 0.0000000000
82595  -22.825  -6.709  33.306 0.0000000000
81346  -23.850  -7.502  33.505 0.0000000000
81347  -24.206  -7.954  33.869 0.0000000000
80182  -24.694  -8.375  33.070 0.0000000000
85980  -24.399  -4.101  32.417 0.0000000000
84873  -23.950  -4.590  31.816 0.0000000000
83766  -23.618  -5.736  31.647 0.0000000000
82636  -24.569  -6.323  30.806 0.0000000000
81404  -24.190  -7.398  31.536 0.0000000000
80203  -24.709  -8.308  32.314 0.0000000000
78962  -25.719  -9.678  32.951 0.0000000000
191271  -26.098  -9.977  32.695 0.0000000000
77742  -26.572  -10.104  32.231 0.0000000000
77770  -26.276  -9.700  31.199 0.0000000000
77754  -26.829  -10.027  31.556 0.0000000000
179432  -28.169  -10.265  32.016 0.0000000000
76470  -28.780  -10.318  32.097 0.0000000000
76487  -29.177  -10.225  31.810 0.0000000000
175942  -29.545  -10.125  31.515 0.0000000000
79033  -26.639  -9.009  29.284 0.0000000000
77787  -27.407  -10.027  29.826 0.0000000000
199833  -27.595  -9.476  28.915 0.0000000000
77788  -28.073  -10.163  29.679 0.0000000000
76514  -27.960  -10.225  30.323 0.0000000000
200955  -28.911  -10.160  30.651 0.0000000000
76504  -29.515  -10.038  30.815 0.0000000000
76489  -30.523  -10.023  31.652 0.0000000000
197967  -31.074  -9.984  31.433 0.0000000000
76506  -31.250  -9.902  31.092 0.0000000000
77773  -31.758  -9.776  31.134 0.0000000000
175359  -31.000  -9.570  30.280 0.0000000000
77805  -31.527  -9.384  30.335 0.0000000000
77774  -32.222  -9.630  31.111 0.0000000000
79007  -32.452  -9.351  30.808 0.0000000000
79020  -32.685  -8.955  30.282 0.0000000000
82529  -18.274  -6.901  37.480 0.0000000000
81290  -18.551  -7.573  37.366 0.0000000000
80111  -18.696  -8.529  36.905 0.0000000000
78920  -19.076  -8.894  36.541 0.0000000000
89810  -37.216  -1.717  20.168 0.0000000000
93343  -36.698  0.236  18.425 0.0000000000
92216  -37.793  -0.250  18.953 0.0000000000
93359  -38.626  0.248  18.039 0.0000000000
98969  -36.426  4.644  16.294 0.0000000000
206491  -36.862  3.724  15.909 0.0000000000
97884  -37.056  3.164  15.603 0.0000000000
97901  -38.067  4.061  14.771 0.0000000000
97900  -37.556  3.634  15.151 0.0000000000
96773  -37.507  2.772  15.130 0.0000000000
94506  -38.371  1.781  14.811 0.0000000000
94508  -39.501  0.908  14.815 0.0000000000
97913  -39.723  3.261  13.507 0.0000000000
96811  -40.729  2.872  12.713 0.0000000000
96799  -39.899  2.644  13.294 0.0000000000
95681  -39.703  2.297  13.662 0.0000000000
95668  -39.817  1.743  13.908 0.0000000000
94523  -40.182  1.202  14.034 0.0000000000
178393  -39.970  0.933  14.496 0.0000000000
93403  -41.640  0.435  15.024 0.0000000000
94526  -42.967  1.539  14.085 0.0000000000
109017  -41.804  11.267  7.900 0.0000000000
109015  -40.900  11.996  8.784 0.0000000000
109020  -41.569  11.960  7.624 0.0000000000
110037  -41.915  12.554  7.457 0.0000000000
111099  -41.756  13.647  7.734 0.0000000000
112205  -42.039  14.250  8.013 0.0000000000
112202  -41.702  14.508  8.645 0.0000000000
65581  -7.997  -18.492  47.919 0.0000000000
64444  -8.361  -19.050  48.222 0.0000000000
65596  -10.671  -17.421  47.119 0.0000000000
64450  -9.398  -18.517  47.855 0.0000000000
64445  -9.070  -18.955  48.254 0.0000000000
63335  -8.805  -19.491  48.635 0.0000000000
63317  -8.950  -20.027  49.676 0.0000000000
63291  -9.704  -19.408  51.122 0.0000000000
63303  -9.294  -20.067  50.879 0.0000000000
62063  -9.108  -20.453  51.647 0.0000000000
80267  -33.464  -8.003  29.553 0.0000000000
81506  -33.140  -7.600  26.820 0.0000000000
81493  -33.796  -7.775  27.825 0.0000000000
83828  -35.065  -6.343  27.860 0.0000000000
181063  -35.020  -5.510  27.535 0.0000000000
83857  -29.557  -5.566  25.506 0.0000000000
83859  -30.600  -5.921  25.314 0.0000000000
83861  -31.940  -5.992  25.376 0.0000000000
202028  -30.329  -4.903  25.071 0.0000000000
84961  -31.608  -5.331  25.341 0.0000000000
187783  -32.906  -5.634  25.878 0.0000000000
208812  -33.844  -5.493  26.241 0.0000000000
84929  -34.565  -5.026  27.044 0.0000000000
86042  -34.090  -4.385  26.832 0.0000000000
86032  -34.419  -4.046  27.273 0.0000000000
86031  -33.761  -3.680  26.863 0.0000000000
87217  -32.972  -3.223  26.889 0.0000000000
87207  -33.704  -2.917  27.030 0.0000000000
88439  -33.226  -2.533  27.140 0.0000000000
88438  -33.003  -2.030  27.206 0.0000000000
89686  -25.570  -1.480  27.223 0.0000000000
92052  -25.495  0.203  27.535 0.0000000000
90909  -25.433  -0.966  26.603 0.0000000000
89699  -25.622  -1.672  26.395 0.0000000000
195973  -26.163  -2.139  26.107 0.0000000000
182824  -26.466  -1.887  25.356 0.0000000000
89723  -27.094  -2.067  25.104 0.0000000000
94356  -25.912  1.619  24.885 0.0000000000
93246  -25.675  0.523  24.874 0.0000000000
93259  -26.780  0.614  24.153 0.0000000000
92108  -26.690  0.068  24.258 0.0000000000
90951  -26.325  -0.692  24.403 0.0000000000
90938  -27.505  -1.658  24.622 0.0000000000
89725  -28.385  -2.099  25.035 0.0000000000
89726  -29.081  -1.875  25.259 0.0000000000
89727  -29.799  -1.707  25.539 0.0000000000
90923  -30.352  -1.345  25.655 0.0000000000
201280  -31.345  -1.602  26.316 0.0000000000
90910  -32.429  -1.307  26.843 0.0000000000
92114  -31.553  -0.238  24.350 0.0000000000
90990  -31.373  -1.544  22.891 0.0000000000
89766  -30.858  -1.917  22.241 0.0000000000
87350  -35.967  -3.369  20.527 0.0000000000
88576  -35.792  -2.829  20.087 0.0000000000
88590  -35.056  -2.754  19.872 0.0000000000
206950  -35.025  -2.154  19.591 0.0000000000
89823  -35.601  -2.223  19.751 0.0000000000
175022  -35.312  -1.656  19.524 0.0000000000
91046  -35.176  -0.614  19.123 0.0000000000
92212  -34.787  -0.079  18.945 0.0000000000
191190  -33.157  -0.585  19.516 0.0000000000
93328  -33.236  0.363  19.521 0.0000000000
92200  -33.644  -0.045  19.633 0.0000000000
206748  -34.013  -0.246  19.481 0.0000000000
93341  -35.106  0.329  18.478 0.0000000000
94459  -35.028  1.494  17.953 0.0000000000
95598  -34.450  2.355  18.493 0.0000000000
95607  -34.852  2.222  18.126 0.0000000000
96730  -35.098  2.834  17.864 0.0000000000
97854  -35.383  3.383  17.557 0.0000000000
97865  -35.156  4.108  17.512 0.0000000000
77668  -21.205  -9.980  36.867 0.0000000000
77669  -21.910  -9.663  37.317 0.0000000000
77644  -23.172  -9.743  38.997 0.0000000000
81308  -23.217  -8.093  35.754 0.0000000000
80133  -23.748  -8.228  36.476 0.0000000000
80114  -23.867  -8.236  37.116 0.0000000000
80105  -25.263  -8.519  37.614 0.0000000000
80104  -24.728  -8.383  37.746 0.0000000000
78888  -24.181  -8.537  38.263 0.0000000000
78876  -24.137  -8.759  39.136 0.0000000000
77704  -26.430  -10.570  34.471 0.0000000000
76403  -27.276  -10.644  35.772 0.0000000000
68948  -9.349  -15.655  45.505 0.0000000000
67785  -9.898  -16.294  45.461 0.0000000000
67786  -10.627  -16.426  45.524 0.0000000000
68982  -10.499  -15.085  44.721 0.0000000000
68983  -11.052  -15.365  44.424 0.0000000000
66702  -10.928  -16.653  46.016 0.0000000000
67771  -11.349  -16.604  46.329 0.0000000000
191126  -12.631  -16.112  46.478 0.0000000000
72662  -13.502  -12.717  41.430 0.0000000000
72647  -13.243  -13.196  41.849 0.0000000000
71336  -13.623  -13.746  42.050 0.0000000000
71337  -14.347  -13.746  42.088 0.0000000000
71323  -13.981  -14.049  42.568 0.0000000000
70155  -13.577  -14.429  42.913 0.0000000000
203698  -13.830  -14.602  43.420 0.0000000000
70134  -14.066  -14.830  44.556 0.0000000000
72605  -16.680  -13.249  44.443 0.0000000000
184165  -16.107  -13.456  43.881 0.0000000000
71299  -14.710  -14.394  44.624 0.0000000000
178410  -14.344  -14.687  45.198 0.0000000000
191452  -13.873  -15.090  45.100 0.0000000000
199933  -43.431  12.482  6.219 0.0000000000
59878  -7.228  -22.338  52.492 0.0000000000
59876  -6.581  -22.881  51.672 0.0000000000
59884  -6.634  -22.183  51.176 0.0000000000
60930  -5.563  -20.687  50.616 0.0000000000
58881  -5.991  -22.270  50.519 0.0000000000
195325  -5.781  -21.815  49.927 0.0000000000
206146  -5.616  -21.138  50.318 0.0000000000
58869  -6.833  -22.973  52.545 0.0000000000
59888  -5.869  -21.406  50.639 0.0000000000
63290  -9.403  -19.737  52.135 0.0000000000
66693  -9.025  -17.318  46.760 0.0000000000
73887  -18.788  -12.955  41.956 0.0000000000
73936  -19.111  -11.875  39.733 0.0000000000
75108  -21.433  -11.831  41.544 0.0000000000
75120  -20.443  -12.224  41.294 0.0000000000
75132  -20.429  -12.097  40.697 0.0000000000
75147  -20.893  -11.409  39.739 0.0000000000
75183  -20.485  -11.297  38.394 0.0000000000
76314  -22.393  -11.078  40.989 0.0000000000
76324  -14.638  -10.915  40.555 0.0000000000
76337  -21.533  -11.000  39.376 0.0000000000
76366  -21.668  -10.674  38.160 0.0000000000
76375  -18.650  -10.237  37.392 0.0000000000
76407  -31.138  -11.063  34.310 0.0000000000
76419  -28.524  -10.953  34.439 0.0000000000
76432  -27.710  -10.843  33.709 0.0000000000
76434  -29.392  -10.465  33.568 0.0000000000
76436  -30.884  -10.369  33.593 0.0000000000
76438  -32.100  -10.428  33.566 0.0000000000
76450  -26.503  -10.580  33.152 0.0000000000
76455  -30.568  -10.254  32.920 0.0000000000
76472  -29.758  -10.286  32.397 0.0000000000
76484  -27.394  -10.332  31.942 0.0000000000
76486  -28.581  -10.255  31.620 0.0000000000
76488  -29.942  -10.094  31.734 0.0000000000
77632  -22.942  -10.260  39.339 0.0000000000
77656  -22.987  -9.624  38.278 0.0000000000
77705  -26.727  -10.662  35.162 0.0000000000
77728  -32.796  -9.823  32.784 0.0000000000
77740  -25.642  -9.177  31.901 0.0000000000
77753  -26.043  -9.451  31.697 0.0000000000
77755  -27.397  -10.226  31.223 0.0000000000
77756  -31.560  -9.929  31.483 0.0000000000
77789  -30.584  -9.790  30.225 0.0000000000
77790  -31.371  -9.675  30.758 0.0000000000
77791  -31.890  -9.497  30.788 0.0000000000
77800  -26.935  -9.705  29.428 0.0000000000
77801  -27.605  -9.807  29.192 0.0000000000
78911  -23.025  -8.784  37.241 0.0000000000
78924  -22.090  -8.863  36.356 0.0000000000
78947  -25.134  -9.350  33.710 0.0000000000
78979  -25.438  -9.261  32.574 0.0000000000
78991  -24.878  -8.492  31.606 0.0000000000
78993  -33.352  -9.487  31.445 0.0000000000
79006  -25.856  -9.523  30.653 0.0000000000
79065  -30.038  -9.542  27.275 0.0000000000
79067  -31.497  -9.093  28.003 0.0000000000
80103  -24.089  -8.328  37.597 0.0000000000
80116  -25.106  -8.482  37.066 0.0000000000
80171  -24.763  -8.997  33.986 0.0000000000
80249  -33.147  -8.553  29.901 0.0000000000
81424  -24.493  -7.016  30.910 0.0000000000
81480  -33.381  -8.096  28.232 0.0000000000
81492  -33.334  -7.958  27.500 0.0000000000
81519  -31.414  -7.570  25.866 0.0000000000
82666  -25.707  -7.459  30.059 0.0000000000
82728  -31.664  -7.144  25.518 0.0000000000
82730  -32.890  -6.380  26.038 0.0000000000
82743  -30.365  -6.379  25.487 0.0000000000
83786  -25.827  -6.620  30.684 0.0000000000
83801  -36.028  -6.175  29.865 0.0000000000
83820  -35.838  -5.467  28.694 0.0000000000
83827  -34.689  -6.168  27.170 0.0000000000
84871  -22.853  -4.660  32.569 0.0000000000
84884  -23.830  -5.127  31.460 0.0000000000
84936  -33.431  -5.122  26.089 0.0000000000
84937  -34.000  -5.022  26.501 0.0000000000
86040  -32.658  -3.837  26.368 0.0000000000
86051  -32.987  -4.417  26.181 0.0000000000
86062  -30.676  -4.521  25.210 0.0000000000
86126  -33.712  -4.095  21.836 0.0000000000
86128  -34.887  -4.261  21.922 0.0000000000
86141  -34.312  -4.319  21.494 0.0000000000
86157  -34.887  -3.750  20.530 0.0000000000
86158  -35.500  -3.750  20.766 0.0000000000
87198  -34.716  -2.967  27.510 0.0000000000
87216  -32.317  -3.231  26.441 0.0000000000
87312  -32.587  -3.563  21.780 0.0000000000
87331  -36.556  -3.314  20.864 0.0000000000
87348  -34.266  -3.532  20.311 0.0000000000
88428  -34.472  -2.529  27.378 0.0000000000
88437  -26.902  -2.926  27.999 0.0000000000
88518  -31.947  -2.588  22.521 0.0000000000
88536  -31.285  -2.379  21.325 0.0000000000
88538  -32.225  -3.063  22.257 0.0000000000
88557  -32.254  -3.334  20.984 0.0000000000
89702  -32.433  -1.836  27.020 0.0000000000
89703  -32.920  -1.454  27.119 0.0000000000
89711  -26.032  -1.637  25.737 0.0000000000
89712  -30.348  -1.834  25.917 0.0000000000
89724  -27.719  -2.186  25.000 0.0000000000
89808  -31.325  -2.040  20.302 0.0000000000
89825  -36.815  -1.376  19.798 0.0000000000
91022  -38.004  -0.902  20.174 0.0000000000
92107  -26.126  0.024  24.506 0.0000000000
92129  -27.630  -0.010  23.994 0.0000000000
92187  -30.327  -0.365  20.297 0.0000000000
92196  -30.943  -0.407  19.952 0.0000000000
92197  -31.565  -0.396  19.724 0.0000000000
93247  -26.248  0.528  24.466 0.0000000000
93369  -38.837  0.366  17.140 0.0000000000
93401  -40.057  0.491  14.966 0.0000000000
94366  -25.843  0.981  24.744 0.0000000000
94462  -37.089  0.790  17.377 0.0000000000
94484  -36.872  1.389  16.484 0.0000000000
94498  -42.304  0.728  15.144 0.0000000000
94507  -39.109  1.424  14.639 0.0000000000
94510  -41.240  0.672  14.339 0.0000000000
94522  -39.650  1.300  14.350 0.0000000000
94524  -40.874  1.140  13.729 0.0000000000
95563  -28.489  1.774  21.284 0.0000000000
95672  -43.945  2.132  14.229 0.0000000000
95686  -43.861  2.235  13.553 0.0000000000
96675  -28.565  3.154  21.457 0.0000000000
96789  -39.041  2.812  14.253 0.0000000000
96800  -40.442  2.479  13.009 0.0000000000
96813  -41.878  3.102  12.330 0.0000000000
97941  -41.801  3.749  11.855 0.0000000000
98983  -36.942  4.314  16.007 0.0000000000
99037  -42.151  4.265  11.614 0.0000000000
100220  -42.757  5.164  11.459 0.0000000000
100221  -43.251  4.998  11.518 0.0000000000
101389  -41.105  5.935  11.779 0.0000000000
101390  -41.747  6.045  11.544 0.0000000000
101392  -43.832  5.823  11.435 0.0000000000
103558  -39.633  7.506  13.196 0.0000000000
103581  -42.670  7.384  11.502 0.0000000000
104574  -39.113  8.452  14.072 0.0000000000
106715  -38.887  10.289  14.447 0.0000000000
108968  -38.708  11.609  13.247 0.0000000000
108974  -39.283  11.427  12.469 0.0000000000
109033  -42.661  11.543  6.948 0.0000000000
110030  -40.606  12.498  8.899 0.0000000000
110031  -40.968  12.518  8.381 0.0000000000
110048  -43.028  12.781  6.576 0.0000000000
111084  -39.528  13.106  10.349 0.0000000000
111106  -41.654  13.051  7.646 0.0000000000
175365  -38.902  11.008  13.511 0.0000000000
175579  -30.073  -10.130  32.086 0.0000000000
175669  -29.627  -10.238  31.998 0.0000000000
178864  -24.522  -8.567  35.682 0.0000000000
179820  -41.571  1.046  13.899 0.0000000000
182641  -21.759  -11.838  42.171 0.0000000000
183054  -18.741  -12.014  40.004 0.0000000000
183783  -33.677  -3.735  20.583 0.0000000000
184068  -18.283  -11.538  38.884 0.0000000000
185301  -36.258  0.225  18.377 0.0000000000
185564  -28.025  -11.005  35.756 0.0000000000
186471  -30.050  -0.906  24.892 0.0000000000
186545  -43.460  1.753  14.321 0.0000000000
189785  -26.129  -10.215  35.148 0.0000000000
190531  -30.924  -1.632  20.442 0.0000000000
190554  -19.220  -7.367  36.329 0.0000000000
196561  -40.407  3.930  12.192 0.0000000000
197880  -25.555  -0.715  27.373 0.0000000000
197899  -39.971  7.475  12.562 0.0000000000
200270  -33.671  0.362  19.447 0.0000000000
200613  -28.389  -10.332  32.426 0.0000000000
201737  -33.254  -3.798  20.928 0.0000000000
202287  -31.165  -2.299  21.888 0.0000000000
202525  -41.445  2.073  13.127 0.0000000000
204498  -30.706  -9.937  31.108 0.0000000000
205171  -42.224  10.705  7.909 0.0000000000
205454  -29.403  -10.358  32.547 0.0000000000
206920  -43.801  5.180  11.523 0.0000000000
207055  -27.255  -7.731  29.672 0.0000000000
207655  -9.826  -18.729  48.982 0.0000000000
208141  -33.877  -6.366  26.487 0.0000000000
209202  -31.738  -9.195  29.886 0.0000000000
