#!ascii label  , from subject sub-03_ses-008 vox2ras=TkReg
1743
26713  -39.486  -64.689  11.879 0.5000000000
24573  -37.688  -66.372  10.682 0.8000000119
27872  -35.976  -63.864  11.603 0.8000000119
26716  -36.832  -64.674  10.357 0.8000000119
26717  -37.510  -64.629  10.252 0.8000000119
26698  -39.748  -64.832  12.540 0.5000000000
25605  -38.579  -65.715  11.337 0.5000000000
26719  -38.649  -64.494  10.839 0.6000000238
30165  -35.481  -61.677  12.989 0.6999999881
29073  -36.272  -62.697  12.163 0.6999999881
27877  -37.606  -63.458  10.550 0.8000000119
27878  -38.191  -63.467  10.444 0.6999999881
27864  -40.316  -63.273  12.630 0.6000000238
26707  -40.112  -64.207  12.442 0.5000000000
29083  -40.351  -63.072  11.749 0.6000000238
32621  -32.694  -60.798  11.748 0.6999999881
26720  -39.111  -64.445  11.279 0.6000000238
29082  -39.843  -62.784  11.164 0.6000000238
32622  -33.498  -60.476  12.093 0.6999999881
31354  -34.381  -61.065  13.215 0.6999999881
29076  -36.744  -62.890  11.532 0.6999999881
200585  -39.146  -63.167  10.983 0.6000000238
30186  -39.469  -61.711  10.585 0.6000000238
29077  -37.322  -62.857  10.912 0.8000000119
29081  -38.319  -62.743  10.413 0.8000000119
30181  -38.919  -61.920  10.539 0.6999999881
30178  -42.403  -61.553  12.313 0.4000000060
29084  -40.957  -62.744  11.828 0.6000000238
236105  -31.268  -61.605  10.694 0.6999999881
31394  -40.980  -60.704  10.450 0.6000000238
207041  -32.719  -60.987  10.324 0.6999999881
32623  -34.841  -60.591  12.183 0.6999999881
31364  -35.919  -61.315  12.460 0.6999999881
31365  -36.576  -61.665  12.067 0.6999999881
31376  -37.382  -61.747  10.851 0.6000000238
31383  -38.726  -61.376  10.471 0.6999999881
34870  -38.435  -59.189  9.705 0.5000000000
32635  -35.740  -60.435  11.296 0.6000000238
32645  -36.666  -60.272  10.365 0.6000000238
32646  -37.397  -60.525  10.267 0.6000000238
33754  -38.112  -59.630  9.710 0.6000000238
32654  -37.067  -59.866  9.955 0.6000000238
36069  -37.350  -58.365  9.759 0.5000000000
31379  -43.619  -60.483  11.667 0.4000000060
31377  -42.359  -61.380  11.732 0.5000000000
33734  -29.974  -60.828  11.115 0.6999999881
31386  -42.145  -61.064  11.126 0.6000000238
32660  -42.123  -59.931  10.160 0.6000000238
232754  -33.423  -60.569  10.613 0.6999999881
32658  -40.338  -60.508  10.230 0.6000000238
32642  -34.171  -60.221  10.574 0.6999999881
33745  -40.290  -59.184  10.233 0.5000000000
34872  -39.768  -58.987  9.827 0.6000000238
32643  -35.126  -60.041  10.643 0.6999999881
33744  -36.268  -59.539  10.045 0.6000000238
209570  -38.051  -58.481  9.788 0.5000000000
36078  -39.169  -57.755  9.436 0.5000000000
34868  -36.302  -58.763  9.917 0.5000000000
34844  -27.169  -58.733  12.405 0.6000000238
239626  -27.657  -58.419  12.465 0.6000000238
32638  -44.700  -59.681  11.939 0.5000000000
32650  -44.633  -59.546  11.360 0.5000000000
234513  -29.025  -59.617  12.230 0.6999999881
33729  -29.147  -60.733  11.565 0.6999999881
31388  -43.556  -60.224  11.028 0.5000000000
32648  -42.977  -60.010  10.527 0.5000000000
34877  -44.004  -58.620  9.781 0.4000000060
33735  -31.153  -60.738  10.567 0.6999999881
33759  -42.659  -59.315  10.040 0.5000000000
33736  -31.976  -60.222  10.439 0.6999999881
32651  -32.779  -60.688  10.109 0.6999999881
34882  -42.288  -58.026  9.246 0.5000000000
33749  -33.528  -59.774  10.049 0.6999999881
33742  -34.520  -59.656  10.199 0.6000000238
34880  -40.919  -58.091  9.186 0.5000000000
33752  -35.655  -59.132  9.943 0.6000000238
36079  -39.843  -57.910  9.274 0.5000000000
34864  -34.739  -58.752  10.136 0.5000000000
36067  -35.778  -57.806  10.087 0.5000000000
219384  -36.324  -57.757  9.994 0.5000000000
37234  -38.707  -57.227  9.425 0.5000000000
36070  -37.712  -57.905  9.785 0.5000000000
240337  -38.753  -55.969  9.190 0.3000000119
204980  -43.539  -58.071  11.741 0.3000000119
37205  -26.384  -57.458  12.119 0.6000000238
36032  -26.517  -58.137  11.922 0.6000000238
202826  -44.910  -58.119  11.040 0.4000000060
36064  -44.041  -57.840  10.437 0.4000000060
34832  -29.416  -58.696  12.758 0.6000000238
233729  -43.132  -57.237  9.282 0.5000000000
228830  -30.849  -59.734  11.404 0.6999999881
33731  -31.537  -59.581  11.188 0.6999999881
34881  -41.619  -58.025  9.226 0.5000000000
34862  -33.109  -59.193  10.392 0.5000000000
37237  -41.266  -56.670  8.732 0.5000000000
34863  -33.879  -58.847  10.264 0.5000000000
223078  -40.841  -56.151  8.825 0.4000000060
37235  -39.365  -57.028  9.163 0.3000000119
222614  -39.894  -55.834  8.945 0.4000000060
38415  -36.997  -56.752  9.907 0.5000000000
38418  -37.611  -56.307  9.600 0.4000000060
38382  -26.070  -56.042  12.227 0.6000000238
37206  -26.500  -57.149  11.935 0.6000000238
239475  -27.277  -57.087  12.022 0.6000000238
37209  -28.572  -57.336  12.610 0.6000000238
36018  -28.977  -57.991  12.869 0.6000000238
36062  -42.640  -57.159  10.070 0.3000000119
37239  -42.849  -56.677  9.115 0.4000000060
34833  -30.149  -58.573  12.872 0.6000000238
37225  -42.632  -56.438  9.451 0.3000000119
209060  -31.248  -58.971  12.063 0.6000000238
34855  -32.251  -59.314  10.989 0.6999999881
38412  -41.803  -55.683  9.624 0.3000000119
37238  -42.314  -56.432  9.024 0.3000000119
34847  -31.928  -58.812  11.859 0.6000000238
40900  -40.950  -54.996  9.970 0.3000000119
38421  -41.760  -55.954  9.136 0.3000000119
36036  -32.996  -57.867  12.286 0.5000000000
36045  -33.191  -58.296  11.377 0.5000000000
36056  -33.834  -58.061  11.010 0.5000000000
40908  -40.150  -54.557  9.367 0.3000000119
40909  -40.865  -54.959  9.452 0.3000000119
37220  -34.386  -57.570  11.041 0.5000000000
37221  -34.965  -57.395  10.658 0.5000000000
40907  -39.304  -54.422  9.075 0.3000000119
37216  -34.024  -57.329  11.673 0.5000000000
39648  -37.033  -55.835  9.851 0.4000000060
39650  -38.003  -55.214  9.292 0.3000000119
39629  -26.058  -55.541  12.173 0.5000000000
40885  -26.245  -55.460  11.939 0.6000000238
38400  -27.167  -56.297  11.788 0.5000000000
36019  -29.725  -57.947  13.159 0.6000000238
38384  -29.952  -56.765  13.325 0.5000000000
40895  -39.918  -54.780  10.833 0.3000000119
36021  -31.246  -57.881  13.121 0.6000000238
224891  -39.603  -54.303  11.095 0.3000000119
40899  -40.461  -54.613  10.265 0.3000000119
36022  -31.928  -57.802  13.029 0.6000000238
37215  -33.552  -57.802  11.791 0.5000000000
242020  -34.508  -56.155  11.934 0.5000000000
39645  -36.458  -55.712  10.319 0.4000000060
40892  -35.823  -55.068  11.186 0.4000000060
40876  -26.202  -54.845  12.000 0.5000000000
40886  -26.774  -55.165  11.877 0.5000000000
39639  -28.451  -55.589  11.957 0.5000000000
38392  -28.352  -56.637  12.204 0.5000000000
39631  -29.001  -55.599  12.108 0.5000000000
39628  -38.003  -55.090  12.663 0.3000000119
241661  -38.933  -54.326  12.066 0.3000000119
38385  -30.567  -56.781  13.506 0.6000000238
37195  -31.562  -57.295  13.343 0.6000000238
37196  -32.574  -56.956  13.323 0.5000000000
38396  -34.094  -56.307  12.434 0.5000000000
40898  -37.171  -54.394  9.897 0.4000000060
40893  -36.104  -54.270  10.951 0.4000000060
42127  -26.793  -53.776  11.931 0.5000000000
42136  -28.136  -54.304  11.822 0.5000000000
42137  -28.938  -54.487  11.771 0.5000000000
229855  -37.778  -55.735  12.784 0.4000000060
40874  -37.397  -54.545  13.407 0.4000000060
39632  -29.476  -55.672  12.468 0.5000000000
206113  -30.252  -56.231  13.356 0.5000000000
42124  -37.842  -54.028  13.021 0.4000000060
42133  -38.862  -53.776  12.087 0.3000000119
40878  -30.003  -55.157  12.423 0.4000000060
210882  -39.201  -53.305  11.475 0.3000000119
38377  -30.948  -56.268  13.613 0.5000000000
241268  -32.033  -56.327  13.734 0.4000000060
210479  -33.111  -56.434  13.310 0.4000000060
40882  -35.449  -54.446  11.552 0.4000000060
44415  -26.966  -52.442  12.458 0.5000000000
43328  -27.741  -53.667  11.904 0.5000000000
43329  -28.714  -53.753  11.844 0.5000000000
39618  -36.561  -55.128  14.008 0.4000000060
40877  -29.479  -55.085  12.128 0.5000000000
242089  -29.373  -54.060  11.729 0.4000000060
236075  -36.822  -53.526  13.542 0.4000000060
43314  -37.838  -53.256  12.975 0.4000000060
42128  -30.101  -54.195  12.009 0.4000000060
39624  -31.079  -55.145  13.534 0.4000000060
43315  -38.355  -52.694  12.219 0.4000000060
40862  -31.676  -55.318  13.829 0.4000000060
40863  -32.301  -55.184  13.900 0.4000000060
226394  -33.218  -55.213  13.452 0.4000000060
40880  -34.365  -55.050  12.712 0.4000000060
40872  -33.963  -54.528  13.107 0.4000000060
42132  -35.184  -53.903  12.011 0.4000000060
43335  -36.502  -52.935  10.748 0.4000000060
42140  -35.711  -53.748  11.420 0.4000000060
45620  -26.576  -51.373  12.452 0.5000000000
44416  -27.644  -52.511  12.367 0.4000000060
42112  -36.081  -53.983  14.430 0.4000000060
42115  -36.627  -53.877  13.974 0.4000000060
44417  -28.490  -52.514  12.276 0.5000000000
43320  -28.982  -53.054  11.837 0.4000000060
40879  -30.393  -54.653  12.393 0.4000000060
44413  -37.810  -52.294  12.817 0.4000000060
42118  -31.351  -53.906  13.132 0.4000000060
42119  -32.072  -53.946  13.474 0.4000000060
44431  -37.046  -52.201  10.632 0.3000000119
40873  -34.388  -54.420  12.706 0.4000000060
45621  -27.386  -51.405  12.892 0.4000000060
45622  -28.302  -51.369  13.038 0.5000000000
45631  -28.871  -51.970  12.636 0.4000000060
43305  -36.296  -52.546  13.940 0.4000000060
45632  -29.776  -51.882  12.220 0.4000000060
44426  -29.722  -52.979  11.602 0.4000000060
44427  -30.322  -52.779  11.344 0.4000000060
42139  -30.406  -53.672  11.592 0.4000000060
43321  -30.873  -53.279  11.815 0.4000000060
43309  -31.803  -53.315  13.035 0.4000000060
42120  -32.897  -54.148  13.542 0.4000000060
42121  -33.617  -54.020  13.346 0.4000000060
224609  -35.746  -52.608  11.562 0.4000000060
43325  -34.895  -53.376  12.336 0.4000000060
44423  -35.186  -52.753  12.101 0.4000000060
48245  -28.194  -50.111  13.428 0.4000000060
46921  -28.649  -50.725  13.345 0.4000000060
46930  -29.871  -51.067  12.598 0.4000000060
46937  -30.383  -51.338  11.788 0.4000000060
44428  -30.864  -52.441  11.201 0.4000000060
233208  -31.472  -52.514  11.632 0.4000000060
215487  -36.809  -51.526  10.751 0.4000000060
43323  -31.858  -52.338  11.860 0.4000000060
43311  -33.110  -52.999  13.082 0.4000000060
44420  -32.499  -51.914  12.307 0.4000000060
44411  -33.720  -52.592  12.900 0.4000000060
44422  -34.262  -52.101  12.605 0.4000000060
48246  -28.957  -50.097  13.538 0.4000000060
48247  -29.674  -49.998  13.286 0.4000000060
48257  -30.360  -49.900  12.695 0.4000000060
48258  -30.694  -50.097  11.768 0.4000000060
45640  -30.536  -52.135  11.288 0.4000000060
46945  -31.030  -50.736  10.878 0.4000000060
233244  -31.179  -51.991  10.905 0.4000000060
240774  -31.599  -51.550  11.036 0.4000000060
46932  -32.355  -51.271  11.761 0.4000000060
45636  -35.504  -51.509  11.808 0.3000000119
45634  -33.956  -51.440  12.460 0.4000000060
225262  -34.957  -52.176  12.267 0.4000000060
49615  -28.719  -48.918  13.908 0.4000000060
49616  -29.383  -48.823  13.773 0.4000000060
50927  -29.670  -48.169  13.705 0.4000000060
49643  -30.511  -49.111  12.788 0.4000000060
233688  -30.736  -49.504  12.138 0.4000000060
46946  -31.261  -50.723  10.735 0.4000000060
202817  -31.579  -50.510  10.499 0.4000000060
46942  -37.262  -50.079  11.082 0.4000000060
45644  -36.471  -50.996  11.099 0.3000000119
46934  -34.489  -51.052  12.268 0.5000000000
46935  -35.126  -50.911  12.018 0.4000000060
228773  -32.999  -50.618  11.693 0.5000000000
54881  -29.582  -46.645  13.755 0.4000000060
52266  -29.961  -47.566  13.579 0.4000000060
233143  -30.154  -48.104  13.320 0.4000000060
210266  -30.588  -47.317  12.664 0.4000000060
49632  -30.564  -48.400  12.890 0.4000000060
48271  -32.183  -50.260  10.319 0.4000000060
46939  -33.773  -50.275  11.895 0.5000000000
54898  -29.324  -46.010  13.667 0.4000000060
54899  -30.058  -46.201  13.522 0.4000000060
54900  -30.679  -46.152  12.875 0.4000000060
46947  -32.783  -50.203  10.801 0.4000000060
48273  -33.955  -49.471  11.240 0.5000000000
56167  -29.092  -45.352  13.435 0.4000000060
205648  -29.655  -45.524  13.524 0.4000000060
56187  -30.902  -45.451  12.670 0.4000000060
49675  -33.578  -49.016  10.059 0.5000000000
60118  -29.729  -42.601  12.684 0.4000000060
57475  -29.125  -44.179  12.714 0.4000000060
58787  -30.024  -43.588  12.541 0.4000000060
57476  -29.883  -44.152  12.841 0.4000000060
58788  -30.641  -43.495  12.349 0.4000000060
58789  -31.254  -43.456  12.097 0.5000000000
58777  -29.081  -43.549  12.770 0.4000000060
38407  -34.981  -56.671  10.813 0.5000000000
39641  -35.447  -55.703  11.188 0.5000000000
40896  -36.408  -55.047  10.717 0.4000000060
25587  -39.137  -65.657  12.069 0.5000000000
26715  -36.131  -64.926  10.824 0.8000000119
27871  -35.274  -64.117  11.897 0.8000000119
29063  -34.775  -62.779  13.175 0.6999999881
29068  -40.347  -63.029  13.173 0.5000000000
32597  -33.615  -60.767  13.667 0.6999999881
29060  -41.152  -62.468  13.114 0.5000000000
32619  -31.222  -61.309  11.648 0.6999999881
31366  -43.459  -60.896  12.322 0.4000000060
208452  -41.512  -62.176  13.173 0.4000000060
31362  -30.750  -61.777  10.993 0.6999999881
224404  -28.118  -59.136  12.438 0.6999999881
31368  -44.337  -60.327  12.817 0.4000000060
33733  -45.169  -59.134  12.280 0.4000000060
36031  -26.236  -58.317  11.967 0.6000000238
36041  -44.253  -57.830  11.964 0.4000000060
38383  -26.098  -56.112  12.833 0.6000000238
40867  -26.041  -54.908  13.072 0.5000000000
40866  -26.045  -54.295  12.842 0.5000000000
42126  -26.245  -53.702  12.279 0.5000000000
44414  -26.277  -52.422  12.616 0.4000000060
46919  -26.826  -50.773  12.791 0.4000000060
49627  -26.515  -49.411  12.975 0.4000000060
232917  -27.263  -49.979  13.152 0.4000000060
49628  -27.308  -49.144  13.226 0.4000000060
50925  -28.243  -48.322  13.667 0.4000000060
52249  -28.477  -47.565  13.778 0.4000000060
53617  -28.373  -46.781  13.700 0.4000000060
54897  -28.485  -45.997  13.465 0.4000000060
56166  -28.409  -45.228  12.994 0.4000000060
60117  -29.183  -42.959  13.007 0.4000000060
25607  -36.773  -65.963  10.074 0.8000000119
27873  -36.598  -63.584  11.212 0.8000000119
29078  -40.998  -62.794  11.869 0.5000000000
29072  -35.787  -62.871  12.539 0.6999999881
32624  -35.536  -60.727  12.040 0.6999999881
31384  -40.958  -61.449  10.974 0.6000000238
31392  -39.734  -61.036  10.255 0.6999999881
30179  -38.017  -62.113  10.564 0.6999999881
33758  -41.542  -59.743  9.949 0.6000000238
32656  -38.870  -60.058  9.956 0.6000000238
31390  -38.476  -60.209  9.977 0.6000000238
34845  -29.796  -59.288  12.319 0.6999999881
33757  -40.937  -59.416  10.059 0.5000000000
233016  -28.706  -58.696  12.541 0.6000000238
34861  -45.144  -58.441  11.447 0.5000000000
230796  -44.580  -59.134  10.654 0.5000000000
36073  -43.509  -57.540  10.053 0.3000000119
37227  -35.955  -57.265  9.980 0.5000000000
38393  -28.978  -56.772  12.541 0.6000000238
37197  -33.100  -57.199  12.919 0.5000000000
38408  -35.536  -56.309  10.651 0.5000000000
208850  -34.824  -55.254  12.204 0.4000000060
38386  -33.634  -56.182  12.926 0.4000000060
42144  -36.599  -53.614  10.546 0.4000000060
43313  -34.384  -53.501  12.718 0.4000000060
43310  -32.289  -52.694  12.756 0.4000000060
219484  -27.890  -49.527  13.335 0.4000000060
45633  -33.063  -51.247  12.314 0.4000000060
56186  -30.390  -44.750  12.924 0.4000000060
19523  -24.819  -69.824  12.824 0.4000000060
227762  -26.171  -69.948  13.945 0.4000000060
19503  -27.483  -69.994  13.795 0.4000000060
212485  -28.133  -69.996  14.183 0.4000000060
19538  -26.636  -69.847  12.274 0.4000000060
226476  -27.801  -69.963  13.104 0.4000000060
204960  -28.646  -69.945  13.841 0.4000000060
19541  -29.082  -69.971  12.601 0.4000000060
20538  -30.213  -68.903  14.096 0.5000000000
211323  -27.431  -69.977  10.997 0.4000000060
203659  -27.817  -69.879  11.685 0.4000000060
19555  -29.441  -70.094  11.732 0.5000000000
19542  -29.899  -69.937  12.438 0.5000000000
19544  -31.349  -70.096  11.875 0.6000000238
234497  -26.218  -69.788  9.309 0.4000000060
19572  -27.429  -70.038  10.125 0.4000000060
19586  -28.557  -70.362  9.458 0.4000000060
20551  -30.655  -69.112  13.075 0.5000000000
30168  -42.719  -61.426  13.097 0.3000000119
31348  -43.777  -60.777  13.568 0.4000000060
36030  -45.086  -58.150  13.017 0.3000000119
21569  -31.454  -68.372  13.117 0.5000000000
27854  -37.887  -63.331  13.522 0.5000000000
30160  -40.851  -61.954  13.682 0.4000000060
23588  -27.634  -66.781  10.273 0.4000000060
19575  -29.478  -70.610  10.287 0.5000000000
19556  -30.331  -70.349  11.506 0.5000000000
21599  -27.361  -67.783  9.538 0.4000000060
20584  -27.910  -69.506  9.261 0.4000000060
21574  -31.808  -68.782  12.545 0.6000000238
22562  -32.353  -67.566  13.234 0.6000000238
23552  -33.705  -67.355  12.819 0.6999999881
27860  -38.468  -64.026  13.238 0.5000000000
23533  -33.028  -66.717  13.537 0.6999999881
24529  -34.495  -65.644  13.644 0.6999999881
26688  -36.909  -64.060  13.565 0.6999999881
24537  -34.206  -66.183  13.299 0.6999999881
24538  -34.967  -66.118  13.053 0.6999999881
19597  -30.019  -70.130  9.424 0.5000000000
18503  -30.748  -70.511  10.189 0.6000000238
19558  -31.864  -70.419  11.294 0.6000000238
20566  -33.192  -69.873  11.122 0.6000000238
22593  -28.350  -67.400  9.862 0.4000000060
226118  -29.711  -68.594  9.470 0.5000000000
19599  -31.545  -70.073  9.830 0.6000000238
20560  -32.206  -69.293  11.908 0.6000000238
21581  -33.616  -69.097  11.411 0.6000000238
214725  -33.985  -67.899  12.184 0.6000000238
37203  -44.519  -57.659  12.648 0.3000000119
21576  -33.067  -68.417  12.018 0.6000000238
23554  -35.167  -66.896  12.441 0.6999999881
25577  -37.491  -64.909  12.733 0.6000000238
27861  -39.056  -64.044  12.964 0.5000000000
239568  -29.642  -66.687  11.131 0.6000000238
23591  -29.856  -66.870  10.136 0.6000000238
23592  -30.887  -66.988  9.961 0.6999999881
21612  -31.783  -69.084  9.556 0.6000000238
231344  -32.437  -69.554  9.772 0.6000000238
20567  -34.108  -69.504  10.582 0.6000000238
23590  -29.034  -67.020  10.064 0.5000000000
20587  -30.442  -69.481  9.478 0.6000000238
22574  -35.120  -68.572  11.338 0.6000000238
22569  -35.147  -67.777  11.953 0.6999999881
23555  -36.498  -67.278  11.796 0.6999999881
24549  -35.578  -66.381  12.584 0.6999999881
25578  -38.250  -65.256  12.526 0.6000000238
24551  -36.989  -65.965  12.408 0.6999999881
24560  -30.799  -66.096  11.413 0.6000000238
24566  -31.036  -66.293  10.771 0.6999999881
23584  -32.029  -66.534  10.222 0.6999999881
22598  -32.072  -67.640  9.792 0.6999999881
21602  -34.017  -68.803  9.948 0.6000000238
24563  -38.199  -66.469  11.828 0.5000000000
21584  -35.596  -68.977  10.730 0.6999999881
23568  -36.527  -68.078  11.257 0.6999999881
24552  -37.474  -66.274  12.206 0.6000000238
25591  -33.200  -65.223  11.571 0.6999999881
25600  -34.941  -65.577  10.769 0.6999999881
24562  -32.161  -65.819  11.105 0.6999999881
24577  -34.272  -66.711  10.060 0.6000000238
24578  -34.986  -66.752  10.041 0.5000000000
214098  -32.993  -67.025  9.953 0.6999999881
23595  -33.533  -67.472  9.846 0.6000000238
225392  -35.988  -67.985  10.057 0.6999999881
22578  -37.287  -67.337  11.060 0.5000000000
21603  -35.051  -68.975  10.096 0.6000000238
21593  -36.680  -68.561  10.444 0.6999999881
23569  -37.031  -67.671  11.194 0.6000000238
26709  -34.284  -64.769  11.699 0.6999999881
26710  -34.940  -64.621  11.535 0.6999999881
27866  -34.871  -63.753  12.460 0.6999999881
23599  -36.872  -67.450  10.123 0.6000000238
25606  -36.064  -65.997  10.094 0.6999999881
29057  -39.083  -62.834  13.666 0.5000000000
24579  -35.728  -66.735  9.986 0.6000000238
203737  -26.274  -69.822  12.963 0.4000000060
19526  -29.784  -69.780  13.237 0.4000000060
21607  -26.934  -68.648  9.411 0.4000000060
19573  -28.157  -70.106  10.759 0.4000000060
20585  -28.683  -69.610  9.275 0.4000000060
21609  -28.302  -68.766  9.397 0.4000000060
26694  -35.961  -64.666  13.459 0.6999999881
241620  -36.290  -65.026  13.048 0.6999999881
19590  -32.611  -70.294  10.233 0.6000000238
20573  -33.928  -69.583  10.182 0.6000000238
226098  -29.890  -67.133  9.898 0.6999999881
22607  -30.751  -68.130  9.640 0.6000000238
21600  -32.513  -68.293  9.755 0.6000000238
24569  -33.142  -66.095  10.500 0.6999999881
22601  -35.126  -68.378  9.808 0.6000000238
25599  -34.227  -65.637  10.866 0.6000000238
25589  -31.830  -65.479  11.726 0.5000000000
23551  -28.967  -66.741  11.707 0.4000000060
24546  -29.886  -66.115  12.179 0.5000000000
25582  -32.192  -65.115  12.182 0.6000000238
231927  -27.858  -66.758  12.350 0.4000000060
237638  -29.039  -65.849  13.848 0.5000000000
24545  -29.228  -66.481  12.439 0.5000000000
25579  -30.272  -65.575  12.668 0.5000000000
25573  -31.334  -65.034  12.971 0.5000000000
27848  -31.741  -63.623  14.116 0.5000000000
24548  -31.185  -65.663  11.908 0.5000000000
25583  -32.715  -64.977  11.998 0.6000000238
26692  -32.942  -64.213  12.821 0.5000000000
27855  -32.683  -63.827  13.375 0.5000000000
27850  -33.130  -63.372  13.787 0.6999999881
29051  -32.829  -62.919  14.295 0.6000000238
30154  -33.629  -61.993  14.114 0.6000000238
24515  -28.290  -66.021  14.560 0.5000000000
25560  -29.643  -64.876  14.435 0.5000000000
26677  -30.478  -64.089  14.536 0.5000000000
27839  -31.477  -63.298  14.702 0.5000000000
26682  -30.742  -64.368  13.991 0.5000000000
27857  -33.884  -63.696  13.003 0.6000000238
29038  -32.549  -62.493  14.817 0.6000000238
31323  -32.741  -61.050  14.507 0.5000000000
32595  -32.480  -60.533  13.705 0.6000000238
25556  -28.960  -65.056  15.325 0.5000000000
26671  -29.710  -64.120  15.350 0.5000000000
29021  -30.280  -62.980  15.942 0.5000000000
27830  -30.610  -63.317  15.495 0.5000000000
30130  -31.674  -61.993  15.452 0.5000000000
29053  -33.986  -62.428  13.685 0.6000000238
31322  -31.905  -61.328  15.217 0.5000000000
32594  -31.640  -60.364  13.714 0.6000000238
26669  -28.793  -64.877  15.985 0.5000000000
27828  -29.532  -63.915  15.976 0.5000000000
29006  -29.346  -62.812  16.656 0.5000000000
31255  -29.466  -61.256  16.615 0.5000000000
32556  -28.502  -60.705  16.091 0.6000000238
31275  -30.123  -61.405  16.276 0.4000000060
32567  -27.452  -60.961  15.255 0.4000000060
32569  -28.858  -60.560  15.435 0.5000000000
32571  -30.319  -60.449  15.116 0.5000000000
31276  -30.748  -61.503  15.932 0.4000000060
31341  -25.971  -61.050  14.011 0.4000000060
31343  -26.974  -61.260  13.386 0.5000000000
32591  -29.014  -60.571  13.999 0.5000000000
33720  -25.417  -59.871  13.704 0.4000000060
230218  -30.259  -60.420  14.193 0.6000000238
32593  -30.844  -60.440  13.697 0.6000000238
32618  -30.701  -61.396  11.863 0.6000000238
31370  -30.010  -61.679  11.402 0.6000000238
32579  -28.423  -60.701  14.535 0.5000000000
32601  -26.402  -61.034  12.973 0.5000000000
32602  -26.953  -61.236  12.925 0.5000000000
32590  -28.255  -61.024  13.416 0.5000000000
34825  -25.803  -58.656  13.561 0.4000000060
34831  -25.553  -59.108  12.651 0.5000000000
31358  -28.071  -61.206  12.510 0.6000000238
32603  -29.079  -60.978  13.117 0.6000000238
31369  -29.466  -61.453  11.761 0.6000000238
33726  -26.323  -59.688  12.494 0.5000000000
39614  -26.775  -55.555  14.000 0.3000000119
38376  -26.463  -56.296  13.545 0.4000000060
37182  -26.444  -57.146  13.365 0.4000000060
209265  -26.100  -58.101  12.436 0.5000000000
219579  -27.671  -59.760  12.432 0.5000000000
33728  -28.451  -60.424  12.081 0.6000000238
216848  -26.149  -51.397  12.468 0.3000000119
44409  -26.045  -52.371  12.840 0.3000000119
43308  -26.107  -53.083  13.116 0.4000000060
42116  -26.142  -53.651  13.219 0.4000000060
48243  -25.745  -49.652  12.595 0.3000000119
52264  -26.986  -47.927  13.061 0.3000000119
50938  -26.701  -48.646  12.892 0.3000000119
53616  -27.354  -47.266  13.068 0.3000000119
223986  -27.837  -47.193  13.472 0.3000000119
202497  -27.671  -46.537  13.271 0.3000000119
54896  -27.784  -45.766  12.848 0.3000000119
56185  -27.804  -45.057  12.558 0.3000000119
58785  -28.762  -43.978  12.481 0.3000000119
37191  -26.053  -57.321  12.897 0.5000000000
48256  -25.623  -50.260  12.637 0.3000000119
26702  -33.929  -64.436  12.159 0.5000000000
25566  -29.865  -65.111  13.888 0.5000000000
32582  -30.908  -60.532  14.759 0.5000000000
32604  -29.630  -61.217  12.529 0.6000000238
30157  -38.709  -62.282  14.095 0.3000000119
26686  -35.656  -64.399  14.012 0.6000000238
27852  -36.498  -63.690  14.031 0.6000000238
32558  -45.138  -60.378  16.148 0.3000000119
31307  -44.582  -60.585  15.336 0.3000000119
31331  -43.370  -60.992  14.561 0.3000000119
202012  -43.758  -60.689  14.024 0.3000000119
31305  -43.241  -60.964  15.180 0.3000000119
31330  -42.061  -61.319  14.213 0.3000000119
30162  -42.613  -61.428  13.434 0.3000000119
27843  -36.141  -63.335  14.522 0.6000000238
29055  -37.416  -62.867  14.007 0.5000000000
34789  -45.009  -59.613  16.948 0.3000000119
32572  -45.100  -60.289  15.508 0.3000000119
31333  -44.358  -60.423  14.580 0.3000000119
32599  -44.870  -60.052  13.974 0.3000000119
31304  -41.304  -61.080  15.092 0.3000000119
30147  -40.280  -61.535  14.348 0.3000000119
30145  -38.856  -61.749  14.460 0.4000000060
228012  -28.436  -66.822  10.668 0.4000000060
34781  -44.753  -59.432  17.705 0.3000000119
217356  -44.665  -59.349  16.333 0.3000000119
35987  -44.289  -58.450  15.227 0.3000000119
216650  -44.931  -58.869  14.713 0.3000000119
21518  -28.633  -68.858  16.559 0.5000000000
21509  -28.821  -68.012  17.419 0.5000000000
213942  -27.027  -69.965  14.373 0.4000000060
19460  -27.728  -69.775  15.524 0.4000000060
20488  -28.245  -69.271  16.264 0.4000000060
20466  -28.032  -68.895  17.563 0.5000000000
24507  -31.621  -66.052  15.768 0.5000000000
22516  -30.558  -66.808  16.227 0.5000000000
20503  -29.436  -68.739  15.530 0.5000000000
21520  -29.581  -67.947  16.317 0.5000000000
19462  -28.766  -69.636  14.996 0.4000000060
208092  -33.165  -64.447  15.735 0.6000000238
25561  -32.623  -65.461  15.222 0.6000000238
24517  -31.934  -66.325  15.238 0.5000000000
22529  -30.582  -67.305  15.602 0.5000000000
20519  -29.266  -69.512  14.602 0.3000000119
20520  -29.629  -69.045  14.966 0.4000000060
21531  -30.240  -67.880  15.459 0.5000000000
26673  -34.377  -63.922  15.080 0.6000000238
24519  -33.007  -65.729  14.704 0.6000000238
23532  -32.505  -66.706  14.061 0.6000000238
205592  -30.504  -68.351  14.231 0.4000000060
228559  -31.437  -67.261  14.605 0.5000000000
29040  -35.743  -62.899  14.975 0.6000000238
206407  -40.588  -60.752  15.882 0.3000000119
31301  -38.053  -61.253  15.487 0.4000000060
25568  -34.074  -65.301  14.257 0.6000000238
22557  -32.145  -67.336  13.847 0.4000000060
31283  -43.203  -60.808  16.047 0.3000000119
31284  -44.488  -60.717  15.806 0.3000000119
31328  -39.719  -61.248  14.935 0.3000000119
29042  -37.046  -62.428  14.623 0.5000000000
24528  -33.866  -65.920  13.903 0.6000000238
26679  -34.780  -64.285  14.690 0.6000000238
235098  -33.949  -64.853  14.818 0.6000000238
206428  -39.251  -60.816  16.006 0.3000000119
27824  -34.344  -63.080  16.169 0.5000000000
29010  -34.672  -62.574  16.587 0.5000000000
29025  -35.420  -62.548  15.551 0.5000000000
30112  -36.285  -61.763  17.285 0.4000000060
31277  -36.661  -61.465  16.275 0.5000000000
28997  -34.588  -62.483  17.373 0.5000000000
27814  -33.538  -63.108  17.145 0.5000000000
30092  -35.848  -62.066  17.677 0.4000000060
30094  -37.274  -61.788  17.704 0.4000000060
202209  -37.700  -61.135  16.884 0.4000000060
30132  -36.414  -61.804  15.674 0.5000000000
25553  -31.832  -65.477  16.083 0.5000000000
26664  -32.907  -64.110  16.394 0.5000000000
205045  -38.005  -61.076  16.213 0.4000000060
213731  -26.745  -74.147  18.388 0.3000000119
14615  -27.374  -74.390  17.422 0.3000000119
14574  -26.611  -74.215  19.776 0.3000000119
15479  -26.735  -73.278  21.132 0.3000000119
15465  -28.057  -73.060  21.790 0.4000000060
15503  -26.141  -73.263  20.596 0.3000000119
15478  -25.805  -72.692  21.010 0.3000000119
233041  -29.188  -72.483  21.467 0.4000000060
221746  -27.616  -72.017  21.912 0.4000000060
16391  -26.457  -72.632  21.515 0.3000000119
16412  -25.342  -72.408  20.599 0.3000000119
17338  -29.847  -71.592  21.044 0.4000000060
212881  -30.169  -70.512  20.756 0.4000000060
17314  -27.745  -71.358  22.036 0.4000000060
16368  -26.400  -71.938  21.827 0.4000000060
17352  -25.137  -71.777  20.410 0.4000000060
18326  -26.027  -70.936  21.336 0.4000000060
20448  -32.728  -68.782  18.434 0.3000000119
19365  -30.887  -70.073  19.892 0.4000000060
20414  -30.782  -69.378  20.219 0.4000000060
19349  -30.003  -69.812  21.024 0.4000000060
20396  -28.325  -69.048  21.466 0.4000000060
19331  -27.371  -69.746  21.525 0.4000000060
19329  -26.214  -70.239  21.112 0.4000000060
23430  -34.232  -67.147  18.437 0.3000000119
21469  -32.029  -68.099  19.497 0.4000000060
213453  -30.413  -68.027  20.639 0.4000000060
21445  -30.646  -68.653  20.540 0.4000000060
22431  -29.814  -67.695  20.621 0.4000000060
22430  -29.230  -67.425  20.444 0.4000000060
21422  -27.981  -68.547  21.095 0.4000000060
22429  -28.608  -67.563  20.371 0.4000000060
20412  -27.387  -68.755  20.725 0.4000000060
20410  -26.354  -69.539  20.058 0.4000000060
23418  -33.133  -66.750  19.165 0.4000000060
223744  -32.040  -66.570  19.653 0.4000000060
23413  -29.342  -66.715  19.520 0.4000000060
23412  -28.785  -67.087  19.245 0.4000000060
20426  -26.832  -69.224  19.629 0.4000000060
21440  -27.204  -68.753  20.007 0.4000000060
19381  -25.559  -70.386  19.306 0.4000000060
24429  -31.598  -66.165  19.489 0.4000000060
24428  -30.897  -66.083  19.323 0.4000000060
24439  -30.173  -66.063  18.610 0.4000000060
23440  -29.165  -66.892  18.221 0.4000000060
20445  -27.407  -68.982  18.512 0.4000000060
22488  -28.534  -67.773  18.146 0.4000000060
25509  -31.736  -65.102  18.594 0.4000000060
25528  -30.990  -65.389  17.785 0.4000000060
24493  -30.816  -66.155  16.661 0.4000000060
28980  -34.463  -62.863  17.900 0.4000000060
26626  -31.902  -64.664  18.221 0.4000000060
26656  -32.244  -64.209  17.423 0.4000000060
28983  -36.854  -62.290  18.115 0.3000000119
30096  -38.761  -61.822  18.010 0.3000000119
239606  -29.677  -67.090  17.183 0.4000000060
231489  -33.481  -63.172  17.612 0.4000000060
31237  -38.501  -61.301  17.647 0.3000000119
207956  -31.560  -65.188  16.733 0.4000000060
16392  -29.341  -71.908  21.453 0.4000000060
18310  -28.796  -70.862  21.881 0.4000000060
19320  -28.378  -70.201  21.878 0.4000000060
18308  -27.334  -70.754  21.980 0.4000000060
21487  -32.957  -68.165  18.697 0.4000000060
21485  -32.077  -68.855  19.465 0.4000000060
22490  -33.992  -67.759  18.013 0.3000000119
20398  -29.680  -69.115  21.181 0.4000000060
24443  -34.294  -66.098  18.732 0.3000000119
22475  -32.560  -67.774  19.190 0.4000000060
211451  -31.520  -67.790  19.830 0.4000000060
23405  -30.521  -66.804  20.069 0.4000000060
24431  -32.936  -66.036  19.250 0.4000000060
24440  -30.718  -65.826  18.803 0.4000000060
21483  -27.730  -68.293  18.898 0.4000000060
24478  -30.521  -65.961  17.431 0.4000000060
26646  -32.861  -64.095  18.349 0.4000000060
17384  -31.419  -71.478  18.785 0.3000000119
15506  -30.613  -73.230  20.257 0.3000000119
13737  -29.647  -74.355  20.981 0.3000000119
16413  -30.332  -72.444  20.433 0.3000000119
17370  -31.051  -71.315  19.328 0.3000000119
15482  -29.397  -73.009  21.307 0.3000000119
17353  -30.138  -71.870  20.584 0.3000000119
19384  -31.709  -70.291  18.828 0.3000000119
18355  -30.959  -70.728  19.595 0.3000000119
19366  -31.323  -70.185  19.375 0.3000000119
210281  -34.009  -65.551  18.981 0.3000000119
26630  -34.571  -64.386  18.659 0.3000000119
27787  -34.073  -63.910  18.500 0.3000000119
28962  -35.728  -63.045  18.306 0.3000000119
20467  -32.548  -69.415  18.187 0.3000000119
208563  -32.897  -64.676  18.825 0.3000000119
13736  -29.080  -74.673  21.101 0.3000000119
14557  -28.966  -73.600  21.545 0.3000000119
14558  -29.591  -73.681  21.177 0.3000000119
14563  -26.332  -73.818  20.144 0.3000000119
14566  -30.132  -73.831  20.691 0.3000000119
14573  -26.200  -73.858  19.487 0.3000000119
14590  -26.635  -74.183  19.060 0.3000000119
14614  -27.136  -74.295  17.867 0.3000000119
15463  -27.139  -72.917  21.625 0.3000000119
15464  -27.635  -73.124  21.657 0.4000000060
15466  -28.671  -72.920  21.669 0.4000000060
15480  -27.368  -73.491  21.383 0.3000000119
15502  -25.447  -72.919  20.358 0.3000000119
15504  -26.636  -73.694  20.640 0.3000000119
15505  -30.026  -73.074  20.835 0.3000000119
15529  -25.825  -73.388  19.890 0.3000000119
16369  -27.021  -72.285  21.811 0.3000000119
16370  -27.604  -72.656  21.833 0.4000000060
16371  -28.138  -72.468  21.869 0.4000000060
16372  -28.723  -72.214  21.757 0.4000000060
16389  -25.527  -72.019  21.047 0.3000000119
16390  -26.005  -72.196  21.457 0.4000000060
16393  -29.812  -72.330  21.035 0.3000000119
17312  -26.343  -71.319  21.773 0.4000000060
17313  -26.986  -71.474  21.953 0.4000000060
17315  -28.224  -71.827  21.916 0.4000000060
17316  -28.826  -71.565  21.817 0.4000000060
17335  -25.490  -71.315  20.955 0.4000000060
17336  -25.948  -71.621  21.452 0.4000000060
17337  -29.394  -71.270  21.507 0.4000000060
17354  -30.441  -71.824  20.055 0.3000000119
17369  -30.604  -71.262  19.799 0.3000000119
18307  -26.616  -70.646  21.736 0.4000000060
18309  -28.040  -70.772  22.010 0.4000000060
18325  -25.753  -70.617  20.709 0.4000000060
18327  -29.368  -70.732  21.477 0.4000000060
18328  -29.832  -70.956  21.097 0.4000000060
18340  -30.212  -71.249  20.453 0.4000000060
18341  -30.595  -70.649  20.188 0.4000000060
18356  -31.379  -70.833  19.088 0.3000000119
18370  -31.739  -70.898  18.571 0.3000000119
18385  -32.061  -70.918  18.168 0.3000000119
18496  -31.783  -70.529  11.022 0.6000000238
18497  -32.294  -70.484  11.106 0.6000000238
18502  -29.966  -70.568  9.906 0.5000000000
18504  -31.549  -70.480  10.461 0.6000000238
18505  -32.279  -70.466  10.607 0.6000000238
18506  -30.534  -70.421  9.678 0.5000000000
18507  -31.321  -70.384  9.935 0.6000000238
18508  -31.982  -70.329  10.235 0.6000000238
19319  -27.689  -70.200  21.865 0.4000000060
19321  -29.067  -70.224  21.662 0.4000000060
19330  -26.772  -69.949  21.358 0.4000000060
19332  -28.683  -69.585  21.747 0.4000000060
19333  -29.361  -69.686  21.389 0.4000000060
19347  -26.035  -70.030  20.395 0.4000000060
19348  -26.495  -69.669  20.753 0.4000000060
19350  -30.504  -69.957  20.498 0.4000000060
19363  -25.947  -69.953  19.682 0.4000000060
19364  -26.434  -69.658  19.305 0.4000000060
19385  -32.137  -69.829  18.544 0.3000000119
19404  -32.018  -70.419  18.283 0.3000000119
19443  -27.888  -69.595  16.012 0.4000000060
19459  -27.042  -69.909  15.579 0.4000000060
19461  -28.389  -69.509  15.567 0.4000000060
19478  -26.669  -69.965  14.963 0.4000000060
19479  -27.376  -69.902  14.959 0.4000000060
19480  -28.133  -69.860  14.887 0.4000000060
19481  -28.707  -69.836  14.450 0.4000000060
19501  -25.716  -70.097  14.136 0.4000000060
19502  -26.617  -69.890  13.730 0.4000000060
19504  -28.121  -70.022  13.632 0.4000000060
19505  -29.110  -69.792  14.074 0.3000000119
19506  -29.591  -69.676  13.924 0.3000000119
19524  -28.519  -69.966  13.196 0.4000000060
19525  -29.220  -69.918  13.449 0.4000000060
19527  -30.309  -69.550  12.783 0.5000000000
19539  -27.426  -69.868  12.388 0.4000000060
19540  -28.208  -69.912  12.467 0.4000000060
19543  -30.675  -70.039  12.130 0.5000000000
19553  -27.036  -69.896  11.589 0.4000000060
19554  -28.606  -70.047  11.734 0.4000000060
19557  -31.204  -70.471  11.535 0.5000000000
19559  -32.464  -70.422  11.053 0.6000000238
19560  -33.106  -70.234  10.856 0.6000000238
19574  -28.758  -70.444  9.997 0.4000000060
19576  -30.188  -70.589  10.620 0.5000000000
19577  -30.982  -70.572  10.934 0.5000000000
19578  -32.711  -70.513  10.637 0.6000000238
19584  -27.111  -69.932  9.550 0.4000000060
19585  -27.856  -70.065  9.510 0.4000000060
19587  -29.770  -70.424  9.519 0.5000000000
19588  -31.190  -70.290  9.816 0.6000000238
19589  -31.817  -70.191  10.041 0.6000000238
19591  -33.025  -70.336  10.337 0.6000000238
19593  -26.806  -69.728  9.318 0.4000000060
19594  -27.514  -69.783  9.399 0.4000000060
19595  -28.273  -70.007  9.364 0.4000000060
19596  -29.144  -70.198  9.340 0.4000000060
19598  -30.829  -70.113  9.625 0.6000000238
19600  -31.946  -70.238  9.852 0.6000000238
20383  -28.005  -69.587  21.823 0.4000000060
20394  -27.033  -69.360  21.054 0.4000000060
20395  -27.671  -69.159  21.301 0.4000000060
20397  -29.001  -69.049  21.424 0.4000000060
20411  -26.839  -69.179  20.400 0.4000000060
20413  -30.332  -69.221  20.805 0.4000000060
20427  -27.309  -68.870  19.246 0.4000000060
20446  -31.779  -69.583  19.209 0.3000000119
20447  -32.309  -69.163  18.818 0.3000000119
20465  -27.551  -69.149  17.884 0.5000000000
20468  -33.043  -69.075  17.950 0.3000000119
20489  -28.770  -69.066  15.934 0.5000000000
20502  -29.094  -69.264  15.354 0.4000000060
20550  -30.109  -69.318  13.593 0.5000000000
20552  -31.212  -68.966  12.783 0.5000000000
20558  -30.938  -69.547  12.476 0.5000000000
20559  -31.561  -69.436  12.194 0.6000000238
20561  -32.894  -69.210  11.655 0.6000000238
20564  -31.998  -69.966  11.569 0.6000000238
20565  -32.693  -69.958  11.307 0.6000000238
20574  -34.689  -69.211  10.259 0.6000000238
20579  -32.660  -69.959  9.990 0.6000000238
20580  -33.219  -69.977  10.138 0.6000000238
20581  -34.459  -69.222  10.211 0.6000000238
20582  -26.530  -69.355  9.233 0.4000000060
20583  -27.199  -69.379  9.334 0.4000000060
20586  -29.560  -69.570  9.177 0.4000000060
20588  -31.281  -69.602  9.584 0.6000000238
20589  -31.997  -69.743  9.799 0.6000000238
20590  -33.037  -69.667  9.847 0.6000000238
21423  -28.633  -68.465  21.207 0.4000000060
21424  -29.263  -68.559  21.177 0.4000000060
21441  -27.562  -68.357  20.240 0.4000000060
21442  -28.281  -68.008  20.806 0.4000000060
21443  -29.094  -67.920  20.915 0.4000000060
21444  -29.933  -68.425  20.924 0.4000000060
21466  -27.556  -68.277  19.679 0.4000000060
21467  -30.998  -68.043  20.224 0.4000000060
21468  -31.572  -68.461  19.814 0.4000000060
21484  -28.117  -68.129  18.366 0.4000000060
21486  -32.447  -68.475  19.001 0.4000000060
21496  -27.834  -68.623  18.156 0.4000000060
21497  -28.328  -68.377  17.814 0.5000000000
21498  -28.970  -67.341  17.874 0.4000000060
21499  -33.235  -68.481  18.200 0.3000000119
21508  -28.495  -68.635  17.199 0.5000000000
21519  -29.169  -68.513  16.174 0.5000000000
21530  -29.900  -68.435  15.194 0.5000000000
21544  -30.056  -68.681  14.605 0.4000000060
21545  -30.351  -68.088  14.837 0.5000000000
21559  -30.585  -68.760  13.678 0.5000000000
21560  -31.104  -68.159  13.780 0.5000000000
21568  -30.965  -68.628  13.266 0.5000000000
21570  -32.000  -68.066  12.801 0.6000000238
21575  -32.436  -68.595  12.288 0.6000000238
21577  -33.639  -68.316  11.856 0.6000000238
21582  -34.333  -68.717  11.408 0.6000000238
21583  -34.978  -69.154  10.601 0.6000000238
21585  -36.416  -68.662  10.673 0.6999999881
21591  -35.390  -69.047  10.255 0.6999999881
21592  -36.106  -68.924  10.321 0.6999999881
21601  -33.218  -68.790  9.815 0.6000000238
21604  -36.300  -68.694  10.272 0.6999999881
21605  -36.791  -68.230  10.242 0.6000000238
21606  -26.296  -68.792  9.420 0.4000000060
21608  -27.607  -68.692  9.403 0.4000000060
21610  -29.027  -68.733  9.434 0.5000000000
21611  -31.016  -68.876  9.471 0.6000000238
21613  -32.618  -68.770  9.599 0.6000000238
22428  -27.894  -67.821  20.160 0.4000000060
22432  -30.478  -67.422  20.439 0.4000000060
22454  -28.407  -67.494  19.697 0.4000000060
22455  -28.956  -67.112  19.959 0.4000000060
22456  -31.213  -67.207  20.106 0.4000000060
22457  -32.026  -67.235  19.643 0.4000000060
22458  -32.730  -67.184  19.361 0.4000000060
22472  -27.914  -67.837  19.495 0.4000000060
22473  -28.300  -67.660  18.906 0.4000000060
22474  -28.782  -67.195  18.534 0.4000000060
22476  -33.188  -67.468  18.889 0.4000000060
22477  -33.720  -67.467  18.515 0.3000000119
22489  -33.456  -67.927  18.371 0.3000000119
22491  -34.606  -67.446  17.918 0.3000000119
22502  -29.283  -67.462  17.276 0.5000000000
22515  -30.076  -67.532  16.126 0.5000000000
22547  -30.946  -67.728  14.535 0.4000000060
22556  -31.569  -67.569  14.123 0.4000000060
22561  -31.766  -67.831  13.501 0.4000000060
22563  -32.984  -67.274  13.023 0.6999999881
22567  -32.657  -67.887  12.604 0.6000000238
22568  -33.318  -67.804  12.424 0.6000000238
22570  -35.840  -67.543  11.859 0.6999999881
22575  -35.852  -68.374  11.306 0.6999999881
22576  -36.954  -68.262  10.700 0.6999999881
22577  -37.148  -67.833  10.854 0.5000000000
22586  -37.082  -68.168  10.584 0.6999999881
22587  -37.217  -67.772  10.749 0.5000000000
22591  -27.185  -67.046  9.977 0.4000000060
22592  -27.818  -67.268  9.917 0.4000000060
22594  -28.871  -67.270  9.872 0.4000000060
22595  -29.416  -67.221  9.844 0.6999999881
22596  -30.494  -67.410  9.835 0.6999999881
22597  -31.278  -67.691  9.769 0.6999999881
22599  -32.870  -67.752  9.877 0.6000000238
22600  -34.298  -68.084  9.660 0.6000000238
22602  -37.231  -67.768  10.433 0.6000000238
22603  -28.005  -67.906  9.543 0.4000000060
22604  -28.641  -67.958  9.791 0.4000000060
22605  -29.282  -67.816  9.684 0.5000000000
22606  -29.986  -67.770  9.671 0.6999999881
22608  -31.898  -68.357  9.607 0.6000000238
23404  -29.741  -67.011  20.211 0.4000000060
23414  -30.004  -66.504  19.648 0.4000000060
23415  -31.063  -66.540  19.781 0.4000000060
23416  -31.604  -66.760  19.763 0.4000000060
23417  -32.520  -66.652  19.414 0.4000000060
23427  -29.201  -66.735  18.806 0.4000000060
23428  -29.713  -66.289  19.065 0.4000000060
23429  -33.677  -66.947  18.811 0.3000000119
23431  -34.466  -66.585  18.497 0.3000000119
23441  -29.631  -66.452  18.247 0.4000000060
23442  -34.784  -66.888  18.174 0.3000000119
23461  -29.406  -66.923  17.691 0.4000000060
23462  -29.954  -66.557  17.442 0.4000000060
23463  -30.359  -66.477  16.883 0.4000000060
23483  -30.044  -66.989  16.751 0.5000000000
23504  -30.905  -66.805  15.635 0.5000000000
23505  -31.367  -66.568  15.425 0.5000000000
23522  -31.024  -67.102  15.063 0.5000000000
23523  -31.647  -66.803  14.893 0.5000000000
23524  -32.179  -66.517  14.670 0.5000000000
23531  -31.888  -67.005  14.342 0.6000000238
23540  -28.155  -66.677  13.013 0.4000000060
23541  -33.436  -66.874  13.191 0.6999999881
23542  -34.521  -66.610  12.862 0.6999999881
23550  -28.492  -66.738  12.230 0.4000000060
23553  -34.429  -67.316  12.502 0.6999999881
23556  -37.008  -66.943  11.921 0.6000000238
23557  -37.728  -66.698  11.755 0.5000000000
23565  -28.488  -66.816  11.311 0.4000000060
23566  -29.115  -66.776  10.908 0.6000000238
23567  -29.844  -66.691  10.650 0.6000000238
23570  -37.336  -67.189  11.262 0.6000000238
23571  -37.667  -66.842  11.408 0.5000000000
23572  -38.075  -66.562  11.282 0.5000000000
23580  -28.056  -66.798  10.424 0.4000000060
23581  -29.318  -66.844  10.254 0.5000000000
23582  -30.508  -66.657  10.320 0.6000000238
23583  -31.297  -66.565  10.247 0.6999999881
23585  -37.321  -67.233  10.778 0.5000000000
23586  -37.667  -66.781  10.905 0.5000000000
23589  -28.367  -67.025  10.151 0.4000000060
23593  -31.634  -67.012  9.959 0.6999999881
23594  -32.373  -67.016  9.967 0.6999999881
23596  -34.697  -67.455  9.805 0.5000000000
23597  -35.446  -67.515  9.927 0.6000000238
23598  -36.239  -67.495  10.006 0.6000000238
23600  -37.206  -66.820  10.276 0.6000000238
24427  -30.274  -66.064  19.240 0.4000000060
24430  -32.266  -66.085  19.413 0.4000000060
24441  -31.321  -65.700  18.945 0.4000000060
24442  -33.676  -66.214  19.085 0.4000000060
24457  -30.143  -66.126  17.974 0.4000000060
24458  -30.588  -65.770  18.177 0.4000000060
24479  -31.048  -65.517  17.067 0.4000000060
24494  -31.320  -65.783  16.378 0.4000000060
24506  -31.042  -66.312  15.964 0.5000000000
24508  -32.124  -65.752  15.493 0.6000000238
24516  -28.839  -65.760  14.289 0.5000000000
24518  -32.412  -65.992  14.954 0.5000000000
24520  -33.539  -65.693  14.365 0.6000000238
24524  -27.921  -66.392  14.225 0.5000000000
24525  -28.512  -66.229  13.767 0.5000000000
24526  -32.649  -66.219  14.489 0.6000000238
24527  -33.165  -66.182  14.079 0.6000000238
24534  -29.130  -66.113  13.267 0.5000000000
24535  -29.723  -65.887  12.922 0.5000000000
24536  -33.587  -66.395  13.481 0.6999999881
24539  -35.652  -65.825  12.884 0.6999999881
24540  -36.273  -65.565  12.696 0.6999999881
24544  -28.746  -66.570  12.987 0.4000000060
24547  -30.539  -65.900  12.049 0.5000000000
24550  -36.379  -66.408  12.363 0.6999999881
24553  -38.424  -66.366  12.089 0.6000000238
24554  -38.785  -66.079  12.026 0.5000000000
24558  -29.495  -66.577  11.630 0.5000000000
24559  -30.091  -66.358  11.412 0.5000000000
24561  -31.468  -65.962  11.299 0.5000000000
24564  -38.487  -66.184  11.643 0.5000000000
24565  -30.447  -66.400  10.882 0.6000000238
24567  -31.751  -66.202  10.648 0.6999999881
24568  -32.444  -66.122  10.563 0.6999999881
24570  -33.865  -66.108  10.449 0.6000000238
24571  -34.594  -66.142  10.466 0.6999999881
24572  -35.317  -66.082  10.327 0.6999999881
24574  -38.120  -66.118  10.991 0.5000000000
24575  -32.740  -66.551  10.207 0.6999999881
24576  -33.504  -66.681  10.058 0.6000000238
24580  -36.486  -66.709  9.993 0.8000000119
25495  -31.942  -65.599  19.114 0.4000000060
25496  -32.492  -65.612  19.205 0.4000000060
25508  -31.056  -65.345  18.437 0.4000000060
25510  -32.363  -65.116  18.910 0.4000000060
25511  -32.974  -65.334  19.125 0.3000000119
25512  -34.343  -64.966  18.891 0.3000000119
25529  -31.491  -64.994  18.059 0.4000000060
25543  -31.439  -65.018  17.414 0.4000000060
25544  -31.881  -64.662  17.087 0.4000000060
25552  -28.195  -65.129  16.247 0.5000000000
25554  -32.106  -64.926  16.420 0.5000000000
25555  -28.419  -65.364  15.601 0.5000000000
25557  -32.894  -65.000  15.527 0.6000000238
25558  -28.641  -65.576  14.966 0.5000000000
25559  -29.174  -65.248  14.710 0.5000000000
25562  -33.449  -64.904  15.226 0.6000000238
25563  -33.548  -65.320  14.769 0.6000000238
25564  -34.455  -64.720  14.413 0.6000000238
25565  -29.610  -65.694  13.619 0.5000000000
25567  -30.422  -64.898  13.693 0.5000000000
25569  -34.775  -65.100  13.964 0.6999999881
25570  -35.393  -64.900  13.733 0.6999999881
25571  -30.088  -65.374  13.326 0.5000000000
25572  -30.664  -65.154  13.122 0.5000000000
25574  -35.161  -65.454  13.429 0.6999999881
25575  -35.756  -65.213  13.205 0.6999999881
25576  -36.708  -64.604  13.198 0.6999999881
25580  -30.932  -65.432  12.535 0.5000000000
25581  -31.577  -65.255  12.362 0.5000000000
25584  -36.885  -65.241  12.668 0.6999999881
25585  -37.836  -65.748  12.390 0.6000000238
25586  -38.844  -65.793  12.189 0.5000000000
25588  -39.295  -65.243  12.151 0.5000000000
25590  -32.484  -65.360  11.579 0.6000000238
25592  -33.930  -65.250  11.353 0.6999999881
25593  -34.590  -65.151  11.201 0.6000000238
25594  -35.308  -64.991  10.983 0.6999999881
25595  -39.019  -65.756  11.911 0.5000000000
25596  -39.050  -65.147  11.553 0.6000000238
25597  -32.825  -65.684  10.988 0.6999999881
25598  -33.527  -65.658  10.939 0.6999999881
25601  -35.711  -65.482  10.571 0.6999999881
25602  -36.450  -65.352  10.288 0.8000000119
25603  -37.084  -65.265  10.214 0.8000000119
25604  -38.111  -65.677  10.810 0.8000000119
25608  -37.335  -65.965  10.302 0.8000000119
25609  -37.672  -65.479  10.385 0.8000000119
26627  -32.302  -64.596  18.520 0.4000000060
26628  -33.470  -64.293  18.684 0.3000000119
26629  -34.013  -64.505  18.790 0.3000000119
26644  -31.808  -64.556  17.724 0.4000000060
26645  -32.284  -64.300  18.026 0.4000000060
26657  -32.720  -63.878  17.095 0.4000000060
26663  -32.581  -64.615  16.049 0.6000000238
26665  -33.453  -63.855  16.034 0.5000000000
26670  -29.231  -64.475  15.637 0.5000000000
26672  -34.068  -63.653  15.734 0.5000000000
26675  -29.385  -64.636  14.999 0.5000000000
26676  -29.900  -64.334  14.745 0.5000000000
26678  -33.817  -64.300  15.330 0.6000000238
26680  -35.356  -64.119  14.515 0.6000000238
26681  -30.126  -64.574  14.189 0.5000000000
26683  -31.356  -64.115  13.742 0.5000000000
26684  -32.032  -63.988  13.590 0.5000000000
26685  -35.064  -64.577  14.208 0.6000000238
26687  -36.259  -64.217  13.782 0.6000000238
26689  -31.029  -64.674  13.466 0.5000000000
26690  -31.661  -64.482  13.248 0.5000000000
26691  -32.300  -64.325  13.038 0.5000000000
26693  -33.597  -64.138  12.670 0.5000000000
26695  -37.342  -64.389  13.115 0.6999999881
26696  -38.127  -64.590  12.858 0.6000000238
26697  -38.802  -64.585  12.680 0.5000000000
26699  -31.945  -64.826  12.731 0.6000000238
26700  -32.543  -64.650  12.474 0.6000000238
26701  -33.218  -64.609  12.179 0.5000000000
26703  -34.594  -64.309  12.094 0.6999999881
26704  -38.810  -65.165  12.440 0.6000000238
26705  -39.368  -65.214  12.170 0.5000000000
26706  -39.520  -64.639  12.357 0.5000000000
26708  -33.723  -64.898  11.793 0.5000000000
26711  -35.678  -64.448  11.259 0.6999999881
26712  -36.423  -64.249  10.926 0.8000000119
26714  -39.670  -64.112  11.833 0.6000000238
26718  -38.118  -64.525  10.530 0.6000000238
26721  -37.991  -65.054  10.525 0.6000000238
27786  -33.460  -63.788  18.346 0.4000000060
27788  -35.173  -63.517  18.386 0.3000000119
27804  -32.692  -63.850  17.756 0.4000000060
27805  -33.229  -63.594  17.942 0.4000000060
27806  -33.843  -63.309  18.016 0.4000000060
27807  -34.551  -63.380  18.271 0.3000000119
27813  -33.147  -63.516  17.403 0.4000000060
27821  -29.754  -63.265  16.222 0.5000000000
27822  -33.217  -63.573  16.759 0.5000000000
27823  -33.764  -63.311  16.469 0.5000000000
27829  -30.041  -63.590  15.707 0.5000000000
27831  -34.630  -63.407  15.472 0.6000000238
27832  -35.135  -63.110  15.166 0.6000000238
27837  -30.235  -63.817  15.106 0.5000000000
27838  -30.848  -63.573  14.906 0.5000000000
27840  -32.131  -63.047  14.480 0.6000000238
27841  -34.970  -63.742  14.924 0.6000000238
27842  -35.548  -63.544  14.730 0.6000000238
27847  -31.088  -63.826  14.302 0.5000000000
27849  -32.433  -63.473  13.956 0.6000000238
27851  -35.902  -63.894  14.265 0.6000000238
27853  -37.149  -63.478  13.756 0.6000000238
27856  -33.338  -63.744  13.191 0.6999999881
27858  -34.440  -63.368  13.019 0.6000000238
27859  -37.605  -63.927  13.290 0.6999999881
27862  -39.825  -63.987  12.721 0.5000000000
27863  -40.069  -63.790  12.394 0.6000000238
27865  -34.219  -63.960  12.572 0.6999999881
27867  -35.580  -63.539  12.270 0.8000000119
27868  -36.263  -63.311  12.021 0.6999999881
27869  -39.743  -64.279  12.474 0.5000000000
27870  -40.182  -63.871  12.390 0.5000000000
27874  -37.098  -63.349  10.933 0.8000000119
27875  -40.041  -63.733  11.917 0.5000000000
27876  -37.198  -64.014  10.657 0.8000000119
27879  -38.753  -63.826  10.717 0.6000000238
27880  -39.400  -64.018  11.390 0.6000000238
27881  -39.830  -63.534  11.618 0.6000000238
28961  -35.037  -62.940  18.160 0.4000000060
28981  -35.438  -62.471  17.995 0.4000000060
28982  -36.120  -62.435  18.064 0.3000000119
28984  -37.612  -62.275  18.150 0.3000000119
28995  -29.482  -62.193  16.754 0.5000000000
28996  -33.962  -62.893  17.516 0.5000000000
29007  -29.912  -62.468  16.346 0.5000000000
29008  -30.405  -62.399  16.023 0.5000000000
29009  -34.111  -62.840  16.913 0.5000000000
29011  -35.130  -62.229  16.191 0.5000000000
29022  -30.804  -62.626  15.691 0.4000000060
29023  -31.325  -62.476  15.457 0.5000000000
29024  -34.853  -62.787  15.829 0.5000000000
29026  -35.967  -62.261  15.231 0.5000000000
29036  -31.172  -63.016  15.260 0.5000000000
29037  -31.865  -62.661  15.151 0.6000000238
29039  -33.109  -62.274  14.459 0.6000000238
29041  -36.358  -62.699  14.765 0.5000000000
29043  -37.649  -62.368  14.314 0.5000000000
29052  -33.421  -62.707  13.975 0.6999999881
29054  -36.732  -63.063  14.229 0.6000000238
29056  -38.217  -62.712  13.926 0.5000000000
29058  -39.928  -62.854  13.356 0.5000000000
29059  -40.577  -62.539  13.312 0.5000000000
29061  -33.783  -63.175  13.431 0.6999999881
29062  -34.298  -62.789  13.337 0.6000000238
29064  -35.379  -62.401  13.158 0.6999999881
29065  -38.746  -63.380  13.393 0.5000000000
29066  -39.556  -63.477  13.122 0.5000000000
29067  -39.881  -63.596  13.113 0.5000000000
29069  -40.752  -62.823  12.831 0.4000000060
29070  -41.436  -62.451  12.843 0.4000000060
29071  -35.165  -63.136  12.826 0.6999999881
29074  -40.877  -62.820  12.652 0.6000000238
29075  -41.495  -62.456  12.508 0.4000000060
29079  -41.549  -62.307  11.868 0.6000000238
29080  -37.880  -62.885  10.551 0.8000000119
30091  -35.172  -62.113  17.603 0.5000000000
30093  -36.526  -61.956  17.744 0.4000000060
30095  -38.059  -61.785  17.876 0.3000000119
30108  -29.299  -61.732  17.018 0.5000000000
30109  -29.792  -61.799  16.574 0.4000000060
30110  -35.098  -62.167  16.933 0.5000000000
30111  -35.668  -61.934  17.146 0.4000000060
30113  -36.793  -61.592  17.397 0.4000000060
30121  -30.310  -61.895  16.212 0.4000000060
30122  -30.699  -62.077  15.934 0.4000000060
30123  -35.526  -61.997  16.539 0.5000000000
30124  -36.135  -61.754  16.548 0.5000000000
30129  -31.091  -62.005  15.660 0.4000000060
30131  -35.733  -62.054  15.927 0.5000000000
30133  -36.941  -61.437  15.818 0.4000000060
30140  -32.249  -61.982  15.151 0.6000000238
30141  -32.734  -61.805  14.746 0.5000000000
30142  -36.534  -62.134  15.039 0.5000000000
30143  -37.067  -61.731  15.169 0.5000000000
30144  -38.153  -62.010  14.520 0.4000000060
30146  -39.532  -61.586  14.356 0.3000000119
30148  -41.108  -61.440  14.289 0.3000000119
30155  -34.130  -61.726  13.809 0.6000000238
30156  -34.542  -61.508  13.466 0.6999999881
30158  -39.353  -62.191  13.949 0.3000000119
30159  -40.038  -61.992  13.878 0.4000000060
30161  -42.129  -61.713  13.476 0.3000000119
30163  -43.243  -61.159  13.556 0.4000000060
30164  -34.586  -62.189  13.420 0.6999999881
30166  -41.690  -62.127  13.149 0.5000000000
30167  -41.973  -61.938  13.075 0.5000000000
30169  -43.374  -61.100  13.260 0.3000000119
30170  -36.014  -62.107  12.538 0.6999999881
30171  -36.558  -62.282  11.988 0.6999999881
30172  -42.077  -61.942  12.724 0.4000000060
30173  -42.824  -61.375  12.610 0.4000000060
30174  -43.384  -61.127  12.843 0.4000000060
30175  -37.085  -62.177  11.433 0.6999999881
30176  -37.564  -62.392  10.813 0.8000000119
30177  -41.999  -61.943  12.134 0.5000000000
30180  -38.500  -62.064  10.428 0.8000000119
30182  -39.277  -62.376  10.741 0.6000000238
30183  -39.856  -62.160  10.821 0.6000000238
30184  -41.249  -62.191  11.491 0.6000000238
30185  -41.730  -61.666  11.466 0.6000000238
30187  -40.176  -61.608  10.662 0.6000000238
31236  -37.837  -61.370  17.413 0.4000000060
31238  -39.202  -61.367  17.719 0.3000000119
31254  -28.995  -61.365  17.054 0.5000000000
31256  -36.692  -61.415  16.885 0.4000000060
31257  -37.237  -61.351  17.155 0.4000000060
31258  -38.288  -61.095  17.004 0.4000000060
31259  -38.942  -61.037  17.161 0.3000000119
31273  -28.793  -60.962  16.694 0.5000000000
31274  -29.187  -60.778  16.098 0.5000000000
31281  -41.586  -60.607  15.917 0.3000000119
31282  -42.515  -60.820  15.599 0.3000000119
31285  -44.878  -60.676  16.027 0.3000000119
31297  -30.276  -60.959  15.757 0.5000000000
31298  -30.891  -60.919  15.441 0.5000000000
31299  -31.329  -61.404  15.515 0.5000000000
31300  -37.483  -61.316  15.662 0.4000000060
31302  -38.679  -61.075  15.623 0.3000000119
31303  -39.842  -60.983  15.606 0.3000000119
31306  -43.920  -60.750  15.154 0.3000000119
31308  -44.994  -60.501  15.838 0.3000000119
31318  -26.429  -61.354  14.187 0.4000000060
31319  -27.164  -61.327  14.402 0.4000000060
31320  -27.791  -60.984  14.720 0.5000000000
31321  -31.477  -60.818  15.111 0.5000000000
31324  -33.235  -61.535  14.404 0.6000000238
31325  -37.758  -61.552  15.057 0.4000000060
31326  -38.405  -61.413  14.974 0.4000000060
31327  -39.063  -61.296  14.927 0.3000000119
31329  -40.449  -61.172  15.027 0.3000000119
31332  -43.827  -60.618  14.570 0.3000000119
31334  -44.891  -60.401  15.134 0.3000000119
31342  -26.475  -61.273  13.368 0.4000000060
31344  -27.665  -61.082  13.869 0.5000000000
31345  -33.669  -61.302  13.999 0.6000000238
31346  -34.070  -61.090  13.600 0.6999999881
31347  -43.220  -61.145  13.957 0.3000000119
31349  -44.278  -60.427  13.967 0.3000000119
31350  -26.901  -61.297  13.031 0.5000000000
31351  -27.454  -61.263  13.336 0.5000000000
31352  -28.296  -61.291  12.661 0.6000000238
31353  -29.175  -61.306  12.213 0.6000000238
31355  -34.886  -61.329  13.101 0.6999999881
31356  -43.825  -60.753  13.099 0.4000000060
31357  -44.300  -60.412  13.393 0.4000000060
31359  -28.833  -61.159  12.186 0.6000000238
31360  -29.622  -61.631  12.032 0.6000000238
31361  -30.344  -61.845  11.254 0.6000000238
31363  -35.233  -61.066  12.648 0.6999999881
31367  -43.880  -60.638  12.577 0.4000000060
31371  -30.556  -61.791  11.034 0.6999999881
31372  -31.050  -61.648  10.785 0.6999999881
31373  -31.429  -61.408  10.604 0.6999999881
31374  -36.213  -60.973  11.804 0.6000000238
31375  -36.810  -61.370  11.319 0.6999999881
31378  -42.966  -61.120  12.009 0.4000000060
31380  -37.070  -60.960  10.716 0.6000000238
31381  -37.738  -61.242  10.508 0.6999999881
31382  -38.322  -61.401  10.461 0.6999999881
31385  -41.615  -60.985  10.737 0.6000000238
31387  -42.841  -60.708  11.238 0.5000000000
31389  -38.087  -60.681  10.275 0.6000000238
31391  -38.994  -60.686  10.258 0.6999999881
31393  -40.452  -61.056  10.424 0.6000000238
32555  -27.835  -60.843  15.888 0.6000000238
32557  -29.762  -60.980  16.065 0.4000000060
32568  -28.164  -60.722  15.362 0.6000000238
32570  -29.628  -60.529  15.459 0.5000000000
32580  -29.135  -60.465  14.830 0.5000000000
32581  -29.666  -60.347  14.558 0.5000000000
32583  -32.077  -60.669  14.662 0.5000000000
32584  -44.786  -60.283  14.404 0.3000000119
32589  -26.079  -60.886  13.465 0.4000000060
32592  -29.601  -60.465  13.567 0.6000000238
32596  -33.167  -60.918  14.001 0.6000000238
32598  -44.758  -60.167  13.715 0.3000000119
32600  -25.808  -60.373  13.247 0.5000000000
32605  -30.357  -61.010  12.557 0.6000000238
32606  -31.090  -60.802  12.709 0.6000000238
32607  -31.858  -60.569  12.729 0.6999999881
32608  -32.585  -60.479  12.673 0.6000000238
32609  -33.859  -60.612  13.013 0.6999999881
32610  -34.551  -60.876  12.748 0.6999999881
32613  -26.678  -60.726  12.774 0.5000000000
32614  -27.507  -61.036  12.612 0.5000000000
32615  -28.204  -60.920  12.105 0.6000000238
32616  -28.796  -60.990  11.883 0.6000000238
32617  -30.043  -61.610  11.792 0.6000000238
32620  -31.979  -61.136  11.653 0.6999999881
32625  -44.727  -59.826  12.511 0.4000000060
32626  -45.050  -59.522  12.739 0.4000000060
32627  -29.601  -61.430  11.401 0.6000000238
32628  -30.112  -61.564  11.004 0.6000000238
32629  -30.669  -61.618  10.778 0.6999999881
32630  -31.124  -61.638  10.885 0.6999999881
32631  -31.916  -61.308  10.732 0.6999999881
32632  -32.885  -60.698  11.153 0.6999999881
32633  -33.802  -60.467  11.469 0.6999999881
32634  -34.910  -60.385  11.348 0.6999999881
32636  -36.394  -60.660  11.025 0.6000000238
32637  -44.348  -60.202  12.253 0.5000000000
32639  -31.231  -61.480  10.616 0.6999999881
32640  -32.103  -61.093  10.221 0.6999999881
32641  -33.520  -60.414  10.296 0.6999999881
32644  -35.946  -60.044  10.548 0.6000000238
32647  -42.197  -60.529  10.623 0.6000000238
32649  -44.118  -59.927  11.188 0.5000000000
32652  -33.296  -60.215  10.119 0.6999999881
32653  -33.946  -60.054  10.204 0.6999999881
32655  -37.788  -60.095  9.928 0.6000000238
32657  -39.542  -60.169  10.201 0.6999999881
32659  -41.563  -60.364  10.244 0.6000000238
33693  -45.276  -60.001  16.934 0.3000000119
33702  -45.210  -60.183  16.371 0.3000000119
33716  -45.118  -59.626  14.885 0.3000000119
33721  -45.195  -59.523  13.708 0.3000000119
33722  -25.562  -59.666  12.982 0.5000000000
33723  -26.024  -60.197  12.810 0.5000000000
33725  -25.775  -59.497  12.603 0.5000000000
33727  -27.187  -60.205  12.611 0.5000000000
33730  -30.139  -59.863  11.542 0.6999999881
33732  -44.987  -59.415  12.224 0.4000000060
33737  -32.621  -59.742  10.350 0.6999999881
33738  -45.044  -59.056  11.616 0.5000000000
33739  -31.818  -60.928  10.145 0.6999999881
33740  -32.384  -60.553  10.114 0.6999999881
33741  -33.040  -59.971  10.128 0.6999999881
33743  -35.371  -59.541  10.132 0.6000000238
33746  -43.871  -59.690  10.653 0.5000000000
33747  -44.465  -59.407  10.805 0.5000000000
33748  -44.866  -59.048  10.988 0.5000000000
33750  -34.081  -59.362  10.032 0.6000000238
33751  -34.945  -59.178  9.943 0.6000000238
33753  -37.511  -59.554  9.695 0.6000000238
33755  -39.066  -59.565  9.879 0.6000000238
33756  -39.723  -59.496  10.236 0.5000000000
33760  -43.510  -59.262  10.144 0.5000000000
33761  -44.267  -59.110  10.274 0.5000000000
34780  -44.060  -58.954  17.903 0.3000000119
34790  -45.115  -59.793  16.173 0.3000000119
34797  -44.675  -59.219  15.658 0.3000000119
34809  -44.752  -58.858  14.993 0.3000000119
34810  -45.040  -59.524  15.326 0.3000000119
34824  -25.439  -59.186  13.222 0.4000000060
34834  -30.903  -58.482  12.770 0.6000000238
34835  -31.615  -58.374  12.625 0.6000000238
34841  -45.256  -58.804  12.894 0.3000000119
34842  -26.010  -59.000  12.328 0.6000000238
34843  -26.384  -58.811  12.123 0.6000000238
34846  -30.516  -59.060  12.173 0.6000000238
34854  -45.228  -58.814  12.337 0.4000000060
34856  -32.874  -58.971  10.893 0.5000000000
34865  -44.808  -58.565  10.615 0.5000000000
34866  -45.016  -58.545  11.024 0.4000000060
34867  -33.509  -59.427  10.062 0.6999999881
34869  -37.608  -59.043  9.525 0.5000000000
34871  -39.066  -58.955  9.844 0.5000000000
34873  -40.756  -58.744  9.617 0.5000000000
34874  -41.666  -58.867  9.629 0.5000000000
34875  -42.441  -58.707  9.547 0.5000000000
34876  -43.161  -58.603  9.762 0.5000000000
34878  -44.497  -58.512  10.128 0.5000000000
34879  -40.177  -58.371  9.363 0.5000000000
34883  -42.874  -58.004  9.367 0.5000000000
34884  -43.529  -57.985  9.543 0.5000000000
34885  -44.061  -58.092  9.762 0.4000000060
36008  -26.133  -57.957  13.260 0.4000000060
36017  -25.788  -58.638  12.877 0.5000000000
36020  -30.500  -57.917  13.205 0.6000000238
36023  -32.544  -57.598  12.977 0.5000000000
36033  -27.276  -57.962  12.239 0.6000000238
36034  -28.112  -58.078  12.543 0.6000000238
36035  -32.278  -58.164  12.454 0.6000000238
36042  -44.678  -57.764  11.986 0.4000000060
36043  -45.204  -58.297  12.415 0.3000000119
36044  -32.603  -58.582  11.671 0.5000000000
36052  -43.992  -57.907  11.094 0.3000000119
36053  -44.604  -57.902  11.206 0.4000000060
36054  -44.972  -58.027  11.545 0.5000000000
36055  -33.383  -58.663  10.736 0.5000000000
36057  -34.597  -58.133  10.600 0.5000000000
36058  -35.273  -58.009  10.342 0.5000000000
36063  -43.616  -57.680  10.410 0.3000000119
36065  -44.224  -57.979  10.605 0.4000000060
36066  -44.826  -58.273  10.709 0.4000000060
36068  -36.676  -58.241  9.948 0.5000000000
36071  -38.750  -58.443  9.885 0.5000000000
36072  -39.425  -58.409  9.757 0.5000000000
36074  -43.781  -57.720  9.974 0.3000000119
36075  -44.164  -58.019  10.054 0.4000000060
36076  -44.619  -58.263  10.402 0.4000000060
36077  -38.395  -57.881  9.746 0.5000000000
36080  -40.618  -57.610  9.099 0.5000000000
36081  -41.558  -57.316  8.955 0.5000000000
36082  -42.440  -57.105  8.921 0.5000000000
36083  -42.866  -57.041  9.015 0.4000000060
37183  -31.235  -56.806  13.653 0.6000000238
37184  -31.946  -56.755  13.538 0.6000000238
37185  -32.466  -56.352  13.668 0.4000000060
37192  -29.361  -57.223  13.114 0.5000000000
37193  -30.140  -57.304  13.375 0.6000000238
37194  -30.863  -57.316  13.427 0.6000000238
37202  -44.328  -57.532  12.738 0.3000000119
37204  -44.896  -57.843  12.584 0.3000000119
37207  -26.927  -56.873  11.909 0.6000000238
37208  -27.709  -57.299  12.235 0.6000000238
37210  -33.575  -57.349  12.366 0.5000000000
37211  -33.984  -56.937  12.299 0.5000000000
37214  -44.974  -57.931  12.090 0.3000000119
37217  -34.564  -57.000  11.238 0.5000000000
37222  -35.499  -57.279  10.183 0.5000000000
37224  -41.726  -56.287  9.991 0.3000000119
37226  -43.266  -56.983  9.696 0.3000000119
37228  -36.640  -57.323  9.986 0.5000000000
37229  -37.351  -57.384  9.853 0.5000000000
37230  -38.034  -57.364  9.691 0.5000000000
37231  -42.239  -56.093  9.408 0.3000000119
37232  -42.920  -56.706  9.212 0.4000000060
37233  -43.282  -57.092  9.484 0.5000000000
37236  -40.111  -57.106  8.961 0.5000000000
37240  -43.075  -56.870  9.254 0.5000000000
38378  -31.597  -56.302  13.726 0.5000000000
38390  -26.260  -56.606  11.964 0.6000000238
38391  -27.593  -56.728  11.986 0.6000000238
38394  -29.519  -56.352  12.931 0.5000000000
38395  -33.601  -56.765  12.761 0.5000000000
38399  -26.485  -56.472  11.809 0.6000000238
38401  -27.986  -56.160  11.917 0.5000000000
38402  -34.432  -56.751  11.919 0.5000000000
38403  -34.761  -56.411  11.432 0.5000000000
38404  -35.125  -56.178  11.142 0.5000000000
38409  -36.027  -56.207  10.357 0.4000000060
38411  -41.206  -55.848  10.158 0.3000000119
38413  -35.734  -56.742  10.071 0.5000000000
38414  -36.379  -56.388  10.073 0.4000000060
38416  -37.657  -56.935  9.693 0.4000000060
38417  -42.232  -56.044  9.487 0.3000000119
38419  -38.289  -56.630  9.439 0.4000000060
38420  -39.172  -56.415  9.161 0.3000000119
39615  -31.326  -55.758  13.747 0.5000000000
39616  -32.065  -55.868  13.865 0.4000000060
39617  -32.858  -55.703  13.818 0.4000000060
39619  -37.032  -55.021  13.634 0.4000000060
39620  -25.996  -55.501  12.636 0.5000000000
39621  -26.200  -55.530  13.320 0.6000000238
39622  -30.021  -55.678  13.002 0.5000000000
39623  -30.681  -55.688  13.401 0.4000000060
39625  -33.400  -55.718  13.237 0.4000000060
39627  -37.432  -55.282  13.173 0.4000000060
39630  -28.568  -56.039  12.090 0.5000000000
39633  -33.981  -55.680  12.836 0.4000000060
39634  -34.454  -55.681  12.326 0.4000000060
39635  -38.266  -55.612  12.391 0.3000000119
39637  -26.596  -55.854  11.749 0.6000000238
39638  -27.562  -55.568  11.840 0.5000000000
39640  -34.893  -55.770  11.670 0.5000000000
39644  -35.977  -55.696  10.756 0.4000000060
39646  -40.956  -55.275  10.415 0.3000000119
39647  -41.313  -55.452  9.752 0.3000000119
39649  -37.576  -55.626  9.450 0.3000000119
39651  -41.223  -55.356  9.536 0.3000000119
39652  -41.816  -55.715  9.517 0.3000000119
39653  -38.140  -55.839  9.310 0.3000000119
39654  -39.441  -55.571  8.967 0.4000000060
39655  -41.150  -55.485  9.186 0.3000000119
40859  -35.802  -54.573  14.634 0.4000000060
40860  -36.408  -54.496  14.297 0.4000000060
40861  -26.446  -54.888  13.739 0.3000000119
40864  -32.887  -54.931  13.741 0.4000000060
40865  -36.961  -54.487  13.928 0.4000000060
40868  -30.514  -55.138  12.945 0.4000000060
40869  -30.929  -54.548  13.038 0.4000000060
40870  -31.656  -54.635  13.593 0.4000000060
40871  -33.404  -54.650  13.446 0.4000000060
40875  -37.831  -54.641  13.023 0.4000000060
40881  -34.881  -54.605  12.229 0.4000000060
40883  -38.333  -54.320  12.518 0.4000000060
40884  -38.591  -54.910  12.191 0.3000000119
40887  -27.486  -54.762  11.768 0.5000000000
40888  -28.328  -54.986  11.851 0.5000000000
40889  -29.012  -55.057  11.887 0.5000000000
40890  -29.546  -54.504  11.839 0.4000000060
40891  -35.250  -55.148  11.687 0.4000000060
40894  -39.265  -54.714  11.601 0.3000000119
40897  -36.750  -54.360  10.426 0.4000000060
40901  -36.896  -55.052  10.176 0.4000000060
40902  -37.420  -54.930  9.542 0.4000000060
40905  -40.087  -54.198  10.010 0.3000000119
40906  -38.793  -55.183  9.046 0.3000000119
42114  -32.387  -54.572  13.700 0.4000000060
42117  -26.203  -54.262  13.466 0.4000000060
42122  -34.123  -53.960  12.920 0.4000000060
42123  -37.189  -53.841  13.427 0.4000000060
42125  -26.045  -53.669  12.666 0.5000000000
42129  -30.752  -53.973  12.312 0.4000000060
42130  -31.232  -53.445  12.528 0.4000000060
42131  -34.645  -53.965  12.515 0.4000000060
42134  -26.715  -54.431  11.738 0.5000000000
42135  -27.335  -54.149  11.704 0.5000000000
42138  -29.854  -53.875  11.711 0.4000000060
42141  -36.141  -53.528  10.957 0.4000000060
42142  -39.260  -54.020  11.574 0.3000000119
42151  -39.623  -53.984  9.484 0.3000000119
43303  -36.177  -53.361  14.167 0.4000000060
43306  -36.657  -53.166  13.727 0.4000000060
43307  -37.187  -53.104  13.325 0.4000000060
43312  -33.833  -53.363  13.040 0.4000000060
43316  -26.126  -53.056  12.628 0.4000000060
43317  -26.506  -53.106  12.371 0.5000000000
43318  -27.259  -53.096  12.166 0.5000000000
43319  -28.147  -53.080  12.043 0.5000000000
43322  -31.461  -52.814  12.266 0.4000000060
43324  -34.521  -52.830  12.694 0.4000000060
43326  -35.489  -53.259  11.816 0.4000000060
43330  -29.501  -53.535  11.651 0.4000000060
43331  -30.103  -53.352  11.477 0.4000000060
43332  -30.562  -53.014  11.419 0.4000000060
43333  -31.081  -52.679  11.490 0.4000000060
43334  -35.965  -53.078  11.228 0.4000000060
43338  -37.229  -52.880  10.283 0.3000000119
44410  -32.957  -52.373  12.833 0.4000000060
44412  -37.472  -51.577  13.033 0.4000000060
44418  -29.292  -52.489  11.989 0.4000000060
44419  -29.948  -52.501  11.633 0.4000000060
44421  -33.367  -51.883  12.709 0.4000000060
44429  -31.473  -52.248  11.125 0.4000000060
44430  -36.347  -52.376  11.053 0.4000000060
45619  -25.798  -51.621  12.985 0.3000000119
45623  -29.168  -51.296  12.931 0.4000000060
45627  -26.086  -51.764  12.665 0.3000000119
45628  -26.440  -51.856  12.487 0.4000000060
45629  -27.098  -51.965  12.627 0.5000000000
45630  -27.970  -51.975  12.701 0.5000000000
45635  -34.744  -51.554  12.298 0.5000000000
45641  -30.927  -51.404  11.185 0.4000000060
45642  -31.633  -51.930  10.971 0.4000000060
45643  -32.036  -52.021  11.267 0.4000000060
45648  -31.315  -51.366  10.973 0.4000000060
45649  -31.864  -51.584  11.162 0.4000000060
46920  -27.770  -50.747  13.213 0.4000000060
46922  -29.399  -50.614  13.168 0.4000000060
46929  -26.035  -50.861  12.519 0.3000000119
46931  -30.383  -50.623  12.227 0.4000000060
46933  -33.789  -50.813  12.186 0.4000000060
46938  -30.724  -50.735  11.400 0.4000000060
48244  -26.287  -50.153  12.810 0.4000000060
48262  -30.874  -50.188  10.932 0.4000000060
48263  -33.468  -49.957  11.352 0.5000000000
48264  -34.233  -49.795  11.759 0.5000000000
48269  -31.124  -50.193  10.488 0.4000000060
48272  -33.352  -49.620  10.474 0.4000000060
48275  -32.709  -49.913  10.258 0.4000000060
49629  -28.504  -49.514  13.582 0.4000000060
49630  -29.199  -49.466  13.668 0.4000000060
49631  -30.060  -48.661  13.320 0.4000000060
50926  -28.979  -48.250  13.918 0.4000000060
50939  -27.497  -48.449  13.295 0.3000000119
50940  -28.025  -48.973  13.545 0.4000000060
50949  -30.877  -47.977  12.481 0.4000000060
50977  -33.905  -48.305  9.940 0.5000000000
52250  -29.331  -47.623  13.860 0.4000000060
52265  -27.732  -47.782  13.343 0.3000000119
52267  -30.422  -47.765  13.032 0.4000000060
53601  -29.073  -47.038  13.834 0.4000000060
53602  -29.655  -47.154  13.849 0.4000000060
53618  -30.041  -46.923  13.623 0.4000000060
53619  -30.459  -46.762  13.119 0.4000000060
56168  -29.633  -44.793  13.308 0.4000000060
56169  -30.191  -45.488  13.091 0.4000000060
57467  -28.387  -44.495  12.653 0.4000000060
57477  -30.543  -44.113  12.606 0.4000000060
57478  -31.092  -44.069  12.226 0.5000000000
58786  -29.425  -43.752  12.684 0.4000000060
60102  -29.365  -42.247  13.209 0.4000000060
60130  -29.569  -43.219  12.578 0.4000000060
200625  -33.611  -64.975  19.027 0.3000000119
201280  -26.696  -70.030  10.658 0.4000000060
201485  -37.842  -64.024  10.478 0.8000000119
202406  -38.456  -65.099  10.899 0.6000000238
202418  -38.756  -62.592  10.500 0.6999999881
202574  -32.553  -53.410  13.303 0.4000000060
203182  -27.495  -61.460  12.913 0.5000000000
203280  -42.662  -61.118  14.788 0.3000000119
203467  -27.926  -66.778  10.865 0.4000000060
203736  -27.041  -69.904  13.061 0.4000000060
203738  -25.542  -69.841  12.870 0.4000000060
204372  -34.680  -65.521  18.732 0.3000000119
204404  -29.247  -67.992  16.795 0.5000000000
204654  -40.982  -60.146  10.121 0.6000000238
204936  -38.600  -63.165  10.539 0.6999999881
205101  -43.807  -60.781  15.672 0.3000000119
205551  -34.645  -68.755  9.938 0.6000000238
205939  -26.685  -61.119  15.038 0.4000000060
206002  -32.598  -67.114  13.551 0.6999999881
206490  -29.666  -67.514  16.742 0.5000000000
206622  -36.942  -59.249  9.751 0.6000000238
206951  -26.763  -74.143  17.864 0.3000000119
207544  -32.369  -64.356  16.735 0.5000000000
207598  -32.348  -65.195  15.780 0.5000000000
207642  -29.751  -68.191  15.803 0.5000000000
207705  -27.847  -60.617  12.253 0.5000000000
207984  -45.232  -58.375  11.874 0.5000000000
208104  -40.564  -62.333  11.191 0.6000000238
208176  -25.652  -60.542  13.901 0.4000000060
208368  -42.031  -61.048  15.136 0.3000000119
208776  -38.313  -64.038  10.453 0.6999999881
209600  -35.259  -56.821  10.257 0.5000000000
209635  -26.073  -56.699  12.394 0.6000000238
210065  -26.937  -59.391  12.470 0.6000000238
210555  -28.986  -56.187  12.318 0.5000000000
210825  -25.331  -49.282  12.618 0.3000000119
210966  -39.926  -54.229  10.587 0.3000000119
211237  -30.267  -47.263  13.184 0.4000000060
211302  -35.870  -66.875  12.233 0.6999999881
211353  -28.901  -68.438  16.843 0.5000000000
211584  -29.809  -69.236  14.318 0.4000000060
211842  -33.969  -66.771  13.049 0.6999999881
212405  -37.521  -61.977  14.718 0.5000000000
212503  -45.053  -60.153  14.807 0.3000000119
212730  -25.913  -48.957  12.606 0.3000000119
212772  -37.220  -61.228  16.421 0.4000000060
212842  -36.107  -58.187  10.003 0.5000000000
213026  -28.707  -66.872  10.346 0.5000000000
213122  -30.289  -66.986  10.019 0.6000000238
213415  -24.570  -69.835  13.487 0.4000000060
213523  -29.916  -49.340  13.308 0.4000000060
213871  -25.942  -69.895  13.542 0.4000000060
213872  -25.264  -69.900  13.510 0.4000000060
214100  -35.657  -68.826  10.141 0.6999999881
214198  -27.099  -57.474  12.089 0.6000000238
214396  -33.415  -70.025  10.334 0.6000000238
214533  -26.127  -55.375  12.088 0.5000000000
214689  -30.655  -67.639  15.116 0.5000000000
214712  -44.028  -60.766  16.335 0.3000000119
214861  -33.781  -69.405  9.922 0.6000000238
214885  -26.367  -69.984  14.338 0.4000000060
215224  -31.163  -68.868  20.073 0.4000000060
215290  -29.013  -70.255  10.930 0.5000000000
215655  -32.367  -61.342  14.901 0.5000000000
216531  -27.755  -44.484  12.504 0.3000000119
217235  -45.173  -59.962  15.655 0.3000000119
217413  -43.931  -60.458  12.098 0.5000000000
217735  -26.004  -54.973  12.372 0.5000000000
217767  -29.258  -70.574  9.606 0.4000000060
218203  -30.477  -60.614  10.957 0.6999999881
218703  -29.993  -50.467  12.893 0.4000000060
219278  -28.329  -71.279  22.001 0.4000000060
219641  -39.132  -61.320  10.478 0.6999999881
219863  -36.240  -56.895  9.973 0.5000000000
219902  -26.474  -57.757  11.969 0.6000000238
220228  -34.079  -66.604  18.725 0.3000000119
220304  -28.959  -46.486  13.725 0.4000000060
220460  -33.728  -55.134  13.145 0.4000000060
220864  -41.607  -61.912  13.616 0.4000000060
221124  -40.341  -55.183  8.994 0.4000000060
221901  -40.631  -54.907  10.464 0.3000000119
222036  -39.958  -56.387  8.922 0.4000000060
222043  -39.641  -54.944  8.981 0.4000000060
222419  -33.154  -60.591  13.311 0.6000000238
222571  -34.914  -62.511  17.838 0.4000000060
222820  -33.229  -53.584  13.338 0.4000000060
223064  -38.783  -53.188  12.027 0.3000000119
223219  -45.196  -58.777  11.876 0.5000000000
223403  -29.654  -70.331  21.226 0.4000000060
223584  -38.342  -53.550  12.502 0.3000000119
223683  -40.313  -59.819  10.321 0.5000000000
224030  -36.039  -51.881  11.386 0.4000000060
224052  -44.270  -60.076  11.725 0.5000000000
224073  -29.532  -60.061  11.664 0.6999999881
224216  -45.139  -59.763  14.451 0.3000000119
224916  -27.809  -68.275  20.617 0.4000000060
224953  -26.183  -55.902  11.905 0.6000000238
224979  -37.017  -57.837  9.930 0.5000000000
225235  -34.597  -68.061  11.942 0.6000000238
225237  -31.579  -51.048  10.988 0.4000000060
225238  -40.497  -55.728  8.896 0.4000000060
225292  -34.199  -60.496  12.263 0.6999999881
225909  -36.980  -58.694  9.807 0.5000000000
226014  -31.334  -68.437  9.544 0.6000000238
226088  -42.868  -61.210  14.224 0.3000000119
226117  -30.343  -68.634  9.489 0.6000000238
226352  -32.126  -57.285  13.253 0.5000000000
227450  -35.558  -58.543  10.084 0.5000000000
228189  -38.575  -59.757  9.783 0.5000000000
228242  -35.488  -52.207  11.856 0.3000000119
228280  -39.301  -61.063  15.418 0.3000000119
228438  -33.209  -60.474  12.631 0.6999999881
228566  -30.816  -71.786  19.553 0.3000000119
229380  -42.584  -56.447  9.333 0.3000000119
229890  -45.158  -59.940  15.034 0.3000000119
230224  -28.151  -70.266  9.788 0.4000000060
230347  -28.945  -44.769  13.099 0.4000000060
230477  -31.404  -60.546  14.460 0.5000000000
230528  -26.079  -54.286  12.278 0.5000000000
231872  -34.720  -63.873  18.466 0.3000000119
232219  -43.582  -57.474  9.569 0.5000000000
233115  -32.165  -50.797  11.035 0.4000000060
233391  -29.110  -68.914  15.738 0.5000000000
233432  -34.985  -61.817  13.242 0.6999999881
234011  -29.890  -54.704  12.130 0.4000000060
234348  -29.363  -65.416  14.127 0.5000000000
234393  -42.622  -61.381  13.758 0.3000000119
234427  -27.107  -70.213  21.792 0.4000000060
235255  -40.604  -63.033  12.290 0.5000000000
235491  -42.025  -59.323  9.891 0.6000000238
236000  -30.523  -66.341  19.638 0.4000000060
236149  -31.190  -69.524  19.679 0.4000000060
236648  -30.017  -69.091  9.396 0.6000000238
236993  -31.564  -69.079  19.669 0.4000000060
237278  -25.978  -58.674  12.410 0.5000000000
237371  -34.274  -64.421  14.848 0.6000000238
237484  -33.119  -65.290  15.086 0.6000000238
237600  -34.059  -67.280  9.821 0.6000000238
237747  -38.566  -60.831  10.342 0.6999999881
237896  -30.127  -60.589  13.290 0.6000000238
238108  -26.017  -58.685  14.115 0.4000000060
238280  -29.530  -69.929  12.977 0.4000000060
238385  -26.299  -54.202  11.959 0.5000000000
238536  -33.097  -60.646  10.238 0.6999999881
238631  -29.718  -70.398  10.998 0.5000000000
238687  -34.167  -60.442  11.072 0.6999999881
238979  -34.420  -60.433  11.691 0.6999999881
238997  -29.150  -74.109  21.280 0.3000000119
239251  -40.593  -54.687  9.857 0.3000000119
239398  -27.171  -61.376  13.102 0.5000000000
240250  -26.274  -72.998  21.081 0.3000000119
240288  -37.072  -66.457  12.219 0.6000000238
240321  -29.480  -66.989  10.010 0.6999999881
240554  -28.789  -65.930  13.966 0.5000000000
240900  -26.072  -56.707  12.934 0.5000000000
240958  -26.528  -69.962  9.450 0.4000000060
241183  -42.978  -61.111  14.679 0.3000000119
241243  -27.635  -69.988  14.444 0.4000000060
241395  -33.479  -65.614  19.250 0.4000000060
242023  -33.576  -68.178  9.801 0.6000000238
