#!ascii label  , from subject sub-03_ses-008 vox2ras=TkReg
2239
51468  29.196  -51.030  21.693 0.8999999762
50170  29.074  -51.485  21.334 0.8000000119
50183  29.001  -51.470  20.597 0.8000000119
48842  28.371  -52.357  19.906 0.6999999881
50207  27.845  -51.112  19.114 0.8000000119
51469  28.694  -50.974  22.198 0.8999999762
51487  29.274  -50.923  21.030 1.0000000000
236909  29.434  -50.031  20.400 1.0000000000
51497  29.125  -50.639  20.334 0.8999999762
212444  28.305  -51.157  19.509 0.8000000119
51521  27.328  -50.588  18.857 0.8000000119
51520  28.137  -50.594  19.130 0.8999999762
235469  26.748  -50.922  18.703 0.8000000119
221364  25.753  -50.071  18.193 0.6999999881
52850  25.337  -49.642  17.558 0.6999999881
51455  27.612  -50.835  22.802 0.8000000119
52749  28.326  -50.618  22.661 0.8999999762
53988  28.555  -49.980  22.752 0.8999999762
233053  27.506  -49.709  22.924 0.8999999762
52752  25.752  -50.049  22.653 0.8999999762
52779  29.718  -49.930  21.424 0.8999999762
52793  29.817  -49.729  20.752 1.0000000000
52818  28.375  -50.013  19.386 0.8999999762
54054  28.504  -49.370  19.510 1.0000000000
54066  28.003  -49.514  19.172 0.8999999762
54067  27.384  -49.328  18.873 0.8999999762
52821  25.866  -49.630  18.576 0.8000000119
54133  26.178  -49.505  16.205 0.6999999881
53987  29.538  -49.048  22.707 0.8999999762
203028  28.139  -48.844  23.090 0.8999999762
222274  27.394  -49.101  23.106 0.8999999762
206371  26.675  -48.838  22.879 0.8999999762
53992  25.593  -49.385  22.380 0.8999999762
54003  29.201  -49.775  22.573 0.8999999762
54002  29.730  -49.549  22.088 0.8999999762
54040  29.548  -49.494  20.266 1.0000000000
54068  26.484  -49.184  18.690 0.8000000119
54069  25.733  -49.141  18.539 0.8000000119
54116  26.439  -48.781  16.327 0.8000000119
56905  27.517  -47.964  15.615 0.8000000119
55491  27.737  -48.383  14.590 0.8000000119
212974  28.536  -47.659  13.894 0.8000000119
55337  27.513  -48.455  23.312 0.8999999762
55339  26.249  -48.172  22.868 0.8999999762
55352  24.785  -48.700  22.086 0.8999999762
55336  28.940  -48.609  23.096 0.8999999762
56767  25.723  -47.624  22.564 0.8999999762
212983  25.164  -48.181  22.338 0.8000000119
55353  24.279  -48.611  21.927 0.8000000119
53986  29.926  -48.528  22.534 0.8999999762
56777  24.911  -47.525  22.438 0.6999999881
55354  23.974  -48.168  21.890 0.6999999881
55355  23.333  -48.204  21.530 0.6999999881
204820  30.280  -48.621  21.576 0.8999999762
56780  23.172  -47.633  21.559 0.6999999881
56795  22.686  -47.675  21.408 0.6999999881
55391  30.648  -48.063  20.723 1.0000000000
222183  22.688  -46.536  21.552 0.6000000238
54039  29.991  -49.092  20.626 1.0000000000
55392  30.222  -48.481  20.403 1.0000000000
55408  29.176  -48.593  19.819 1.0000000000
55409  28.485  -48.606  19.548 1.0000000000
54055  27.785  -48.918  19.347 0.8999999762
223626  28.952  -48.142  19.620 1.0000000000
55410  27.699  -48.211  19.218 0.8999999762
55422  27.030  -48.623  18.871 0.8000000119
55423  26.519  -48.285  18.585 0.8000000119
55475  26.966  -48.156  16.386 0.8000000119
56894  27.217  -47.584  16.366 0.8000000119
56904  27.863  -47.600  14.715 0.8000000119
56923  28.767  -47.429  13.332 0.8000000119
58489  28.277  -47.148  14.034 0.8000000119
217453  28.575  -45.925  13.800 0.8000000119
55315  28.250  -48.082  23.364 0.8999999762
55338  26.879  -48.139  23.313 0.8999999762
56742  28.586  -47.411  23.411 0.8999999762
56743  27.875  -47.411  23.512 0.8999999762
56744  27.170  -47.393  23.291 0.8999999762
58317  25.885  -46.976  22.908 0.8999999762
56763  30.027  -48.092  22.638 0.8999999762
56778  24.234  -47.495  22.151 0.6999999881
56776  30.689  -47.612  21.945 0.8999999762
58329  24.026  -46.848  22.131 0.6000000238
241678  23.138  -46.633  21.754 0.6000000238
56794  30.834  -47.546  21.212 1.0000000000
59697  21.913  -45.738  21.073 0.5000000000
56812  30.405  -47.831  20.148 1.0000000000
61021  22.339  -45.050  21.169 0.5000000000
55407  29.657  -48.146  19.907 1.0000000000
56830  29.096  -47.591  19.562 1.0000000000
56831  28.277  -47.735  19.407 1.0000000000
56832  27.564  -47.561  19.143 0.8999999762
239380  26.297  -48.025  17.608 0.8000000119
58415  27.007  -46.944  18.186 0.8999999762
58433  26.891  -46.946  17.524 0.8000000119
58454  27.188  -47.047  16.759 0.8000000119
58432  27.201  -46.413  17.676 0.8999999762
221232  27.207  -46.541  17.156 0.8000000119
206767  27.481  -46.006  17.119 0.8999999762
237739  27.830  -46.363  14.832 0.8000000119
61133  28.055  -45.882  13.245 0.8000000119
61134  27.739  -45.342  13.252 0.8000000119
62276  28.744  -44.665  14.230 0.8000000119
58293  26.850  -46.761  23.333 0.8999999762
56764  29.229  -47.252  23.179 0.8999999762
58315  29.371  -46.556  23.382 0.8999999762
237848  25.772  -46.473  22.948 0.6999999881
230054  24.865  -46.265  22.637 0.8000000119
233618  30.611  -47.084  22.292 0.8999999762
227816  30.080  -46.466  22.928 0.8999999762
219058  24.407  -45.468  22.188 0.6999999881
240273  23.438  -45.876  21.762 0.6000000238
59696  22.617  -45.760  21.411 0.6000000238
61009  24.144  -44.944  22.024 0.6999999881
59695  23.271  -45.537  21.564 0.6000000238
61020  23.012  -44.990  21.329 0.5000000000
56811  30.757  -47.394  20.558 1.0000000000
227448  22.750  -44.411  21.095 0.5000000000
62166  22.171  -44.495  20.819 0.5000000000
56828  30.501  -47.116  20.019 1.0000000000
58382  29.966  -46.748  19.583 1.0000000000
59733  29.391  -46.376  19.156 1.0000000000
231414  28.562  -47.157  19.347 1.0000000000
58400  27.849  -46.484  18.653 0.8999999762
59732  30.106  -46.166  19.359 1.0000000000
58399  28.560  -46.576  19.007 0.8999999762
58414  27.473  -46.347  18.155 0.8999999762
59744  28.153  -46.013  18.619 0.8999999762
61081  27.756  -45.533  17.491 0.8999999762
201199  27.685  -45.656  15.662 0.8999999762
59814  27.691  -46.036  14.746 0.8999999762
61080  28.286  -45.215  17.840 0.8999999762
61093  27.811  -45.441  16.588 0.8999999762
61135  27.472  -45.041  13.457 0.8999999762
61106  27.748  -45.012  15.840 0.8999999762
58291  28.228  -46.894  23.534 0.8999999762
58292  27.533  -46.840  23.410 0.8999999762
59655  26.644  -46.069  23.254 0.8999999762
59630  27.253  -46.192  23.433 0.8999999762
60984  26.521  -45.396  22.985 1.0000000000
60985  25.915  -45.496  22.802 0.8000000119
59628  29.065  -45.836  23.526 0.8999999762
59676  24.887  -45.656  22.455 0.6999999881
58327  30.902  -46.907  21.706 0.8999999762
59652  30.738  -46.372  22.424 0.8999999762
61008  24.799  -45.041  22.212 0.6999999881
62151  24.008  -44.383  21.618 0.6999999881
229764  31.021  -47.031  20.995 1.0000000000
62165  22.978  -43.906  21.036 0.5000000000
62178  22.457  -43.862  20.880 0.5000000000
58366  30.999  -46.699  20.433 1.0000000000
234902  31.089  -46.196  20.031 1.0000000000
62200  31.428  -45.180  19.191 1.0000000000
59731  30.777  -45.973  19.550 1.0000000000
59743  29.615  -45.815  18.900 1.0000000000
61045  30.320  -45.642  19.112 1.0000000000
61044  30.999  -45.575  19.233 1.0000000000
61062  29.132  -45.329  18.571 0.8999999762
61079  28.827  -44.922  18.178 0.8999999762
62236  28.711  -44.647  17.609 0.8999999762
65686  32.163  -41.671  10.763 0.6999999881
66933  31.691  -41.258  10.871 0.8000000119
65671  30.915  -41.579  11.686 0.8000000119
66898  30.397  -41.401  12.086 0.8000000119
59654  29.727  -45.897  23.231 0.8999999762
60983  29.435  -45.250  23.357 1.0000000000
60957  28.066  -45.157  23.553 1.0000000000
62113  27.194  -44.986  22.933 1.0000000000
62133  26.533  -44.653  22.922 0.6999999881
60986  25.454  -45.193  22.565 0.6999999881
59694  31.114  -46.241  21.779 0.8999999762
60981  30.705  -45.539  22.607 0.8999999762
62135  25.181  -44.536  22.353 0.6999999881
62164  23.421  -44.315  21.223 0.6000000238
59716  31.362  -46.050  20.541 1.0000000000
58345  31.227  -46.474  21.137 0.8999999762
59675  31.277  -45.721  22.185 0.8999999762
63243  22.252  -43.256  20.357 0.4000000060
61043  31.402  -45.687  19.796 1.0000000000
61060  30.690  -45.152  18.857 1.0000000000
62234  29.859  -44.180  18.103 1.0000000000
62233  30.610  -44.057  18.229 1.0000000000
65652  27.672  -41.975  13.219 0.8999999762
66929  34.547  -41.428  10.511 0.6000000238
66931  33.387  -40.850  10.068 0.6000000238
66932  32.227  -40.776  10.455 0.8000000119
66915  30.618  -41.110  11.592 0.8000000119
218578  29.649  -41.447  13.206 0.8999999762
65651  28.810  -41.682  13.293 0.8999999762
62131  30.592  -44.849  22.900 0.8999999762
60982  30.106  -45.350  23.043 0.8999999762
63204  26.676  -43.924  23.119 0.8000000119
62134  25.788  -44.560  22.739 0.6999999881
63217  24.879  -43.860  22.188 0.6999999881
231476  24.290  -43.387  21.484 0.6000000238
64373  23.329  -42.410  20.757 0.4000000060
61031  31.660  -45.380  20.540 1.0000000000
59674  31.472  -45.732  21.355 0.8999999762
62199  31.746  -44.980  19.857 1.0000000000
62220  31.160  -44.551  18.703 1.0000000000
63295  30.903  -43.496  17.905 1.0000000000
63347  26.176  -43.237  13.340 0.8999999762
65645  26.140  -42.225  13.746 0.8999999762
65653  26.820  -41.950  13.221 0.8999999762
66901  28.571  -40.710  12.637 0.8999999762
66881  28.188  -41.343  12.895 0.8999999762
66896  35.959  -41.144  12.297 0.6000000238
66912  35.639  -41.427  11.479 0.6000000238
68194  33.571  -40.541  10.339 0.6000000238
68175  33.124  -40.144  10.878 0.8000000119
68197  31.655  -40.502  10.779 0.8000000119
66879  29.863  -41.156  12.609 0.8999999762
62110  29.073  -44.627  23.375 0.8999999762
62111  28.342  -44.617  23.456 0.8999999762
63190  27.231  -44.474  23.122 0.6999999881
63201  29.177  -43.526  23.086 0.8999999762
63189  27.841  -44.090  23.467 0.8999999762
63205  25.501  -43.911  22.535 0.6000000238
61007  31.136  -44.997  22.391 1.0000000000
62150  30.944  -44.320  22.626 1.0000000000
63216  25.236  -43.286  22.227 0.6000000238
64350  24.721  -43.310  21.779 0.6000000238
64361  24.430  -42.774  21.432 0.5000000000
61018  31.720  -44.955  21.243 1.0000000000
61006  31.489  -45.164  21.876 1.0000000000
62163  31.969  -44.327  21.184 1.0000000000
62177  31.944  -44.698  20.580 1.0000000000
62198  32.119  -44.241  19.979 1.0000000000
229726  32.226  -44.041  19.194 1.0000000000
238631  31.753  -44.189  18.785 1.0000000000
63294  31.640  -43.365  18.034 1.0000000000
208591  31.207  -43.048  17.626 1.0000000000
64423  30.480  -42.935  17.547 1.0000000000
63308  29.842  -43.237  17.426 1.0000000000
211025  29.475  -42.969  17.121 1.0000000000
64437  29.008  -43.094  16.806 1.0000000000
64446  28.712  -42.710  16.257 1.0000000000
64448  27.993  -43.087  15.714 0.8999999762
64447  28.485  -43.379  16.322 0.8999999762
64458  25.920  -43.005  13.763 0.8999999762
231048  27.442  -41.501  13.054 0.8999999762
68157  29.180  -40.231  12.340 0.8999999762
214714  37.761  -40.426  12.595 0.6000000238
66894  37.382  -40.896  12.553 0.6000000238
68139  35.493  -40.590  12.780 0.6000000238
68173  34.404  -40.843  11.714 0.6000000238
69440  31.946  -39.802  10.748 0.8000000119
68179  30.402  -40.517  11.635 0.8000000119
63200  29.913  -43.745  22.964 0.8999999762
63202  27.908  -43.402  23.521 0.6999999881
240005  26.385  -43.584  22.829 0.6000000238
64336  25.934  -43.285  22.630 0.6000000238
227094  31.215  -43.792  22.474 0.8999999762
65532  25.809  -42.034  22.125 0.6000000238
65545  24.846  -42.223  21.531 0.5000000000
62149  31.519  -44.352  21.954 1.0000000000
62162  32.266  -44.197  20.697 1.0000000000
204315  31.862  -43.816  21.559 0.8999999762
63263  32.505  -43.614  19.801 1.0000000000
63281  32.590  -43.509  19.072 1.0000000000
64411  32.399  -43.156  18.364 1.0000000000
64434  31.931  -42.741  17.649 1.0000000000
65614  31.479  -42.115  17.160 1.0000000000
64435  30.991  -42.477  17.439 1.0000000000
202449  30.343  -42.218  17.301 1.0000000000
240487  29.479  -41.964  16.727 1.0000000000
65630  28.429  -41.609  15.805 1.0000000000
239662  26.877  -41.503  14.959 0.8999999762
208144  26.194  -41.653  14.080 0.8999999762
66883  26.637  -40.878  13.628 0.8999999762
69391  27.114  -39.944  12.950 0.8999999762
69385  37.458  -39.529  13.222 0.6000000238
68138  36.679  -40.323  13.283 0.6000000238
68141  34.374  -40.038  12.909 0.6000000238
69406  33.798  -39.685  12.545 0.6999999881
69408  32.427  -39.327  12.000 0.6999999881
69427  31.507  -39.438  11.260 0.6999999881
69409  29.662  -39.781  12.089 0.8000000119
69410  28.895  -39.686  12.314 0.8999999762
69404  38.864  -39.110  12.627 0.6000000238
233308  31.305  -38.962  11.681 0.6999999881
70638  30.291  -39.385  11.848 0.8000000119
70621  29.524  -38.924  12.385 0.8999999762
64335  26.701  -43.118  22.987 0.6999999881
65531  26.433  -41.752  22.439 0.6000000238
205276  30.216  -43.148  22.801 0.8999999762
215219  29.613  -43.160  23.039 0.8000000119
65517  29.112  -42.111  22.888 0.6999999881
63231  32.149  -43.188  21.560 0.8999999762
64346  31.038  -43.115  22.532 0.8000000119
215699  32.471  -43.290  20.947 1.0000000000
64372  32.754  -43.059  20.336 0.8999999762
64360  32.442  -42.664  21.028 0.8000000119
64390  32.869  -43.173  19.619 1.0000000000
64410  32.959  -42.965  19.028 1.0000000000
240986  32.525  -42.808  18.040 1.0000000000
65602  32.787  -42.476  17.805 1.0000000000
202996  32.375  -42.087  17.256 1.0000000000
66839  31.082  -41.649  16.749 1.0000000000
66840  30.292  -41.649  16.891 1.0000000000
228635  29.821  -42.019  17.005 1.0000000000
65629  29.118  -41.436  16.118 1.0000000000
66853  28.018  -41.107  15.506 0.8999999762
68113  26.542  -40.398  14.169 0.8999999762
66867  26.353  -41.262  13.786 0.8999999762
69392  26.107  -39.605  13.335 0.8999999762
223422  35.419  -40.058  13.189 0.6000000238
70617  32.883  -38.934  12.603 0.6999999881
69411  28.052  -39.795  12.624 0.8999999762
70616  38.865  -38.469  12.920 0.6000000238
69383  38.372  -38.941  13.076 0.6000000238
70618  32.210  -38.825  12.370 0.6999999881
70620  30.397  -38.670  11.977 0.6999999881
64333  28.163  -42.739  23.293 0.6999999881
65520  26.900  -42.228  22.955 0.6000000238
64330  30.394  -42.497  22.689 0.8000000119
64331  29.722  -42.589  23.020 0.8000000119
66733  28.493  -41.639  22.737 0.6999999881
65519  27.757  -42.034  22.932 0.6999999881
65544  32.084  -42.401  21.636 0.6999999881
65528  30.995  -42.380  22.241 0.8000000119
65556  32.786  -42.241  20.485 0.6999999881
65571  33.384  -42.032  19.455 0.8000000119
66809  33.721  -41.646  18.723 0.8000000119
65601  33.356  -42.115  18.355 0.8000000119
66826  33.692  -41.401  18.091 0.8000000119
65613  33.113  -41.817  17.651 0.8999999762
66837  32.709  -41.283  17.116 0.8999999762
66838  31.855  -41.533  16.888 1.0000000000
66848  30.707  -41.104  16.536 1.0000000000
66850  29.434  -41.013  16.232 1.0000000000
68101  29.263  -40.584  15.911 1.0000000000
68099  30.415  -40.507  16.307 1.0000000000
66849  30.033  -41.057  16.466 1.0000000000
240419  28.376  -40.701  15.555 1.0000000000
68111  27.844  -40.473  15.237 1.0000000000
68112  26.992  -40.484  14.709 0.8999999762
69364  26.425  -39.907  14.343 0.8999999762
68122  26.085  -39.987  13.825 0.8999999762
69377  25.836  -39.635  13.587 0.8999999762
240207  37.750  -38.341  13.264 0.6000000238
69386  36.428  -39.675  13.337 0.6000000238
69388  34.967  -39.552  13.185 0.6000000238
70596  33.953  -38.594  13.311 0.6999999881
223618  27.605  -39.346  12.782 0.8999999762
221424  28.449  -39.155  12.538 0.8999999762
71895  32.510  -37.642  12.836 0.6999999881
71916  31.150  -37.922  12.234 0.6999999881
221554  29.995  -38.144  12.309 0.8999999762
70622  28.664  -38.399  12.488 0.8999999762
65529  30.436  -41.875  22.379 0.6999999881
65516  29.802  -41.955  22.744 0.6000000238
66744  28.598  -40.847  22.495 0.6000000238
65530  27.094  -41.489  22.626 0.6000000238
227209  31.974  -41.789  21.715 0.6999999881
66742  29.905  -41.292  22.505 0.6000000238
66769  32.882  -41.494  20.655 0.6999999881
65555  33.245  -41.831  20.015 0.6999999881
66825  34.086  -40.789  18.090 0.8000000119
66836  33.400  -41.233  17.514 0.8000000119
68083  33.320  -40.661  17.087 0.8000000119
68084  32.655  -40.659  16.819 0.8000000119
66847  31.411  -41.069  16.571 1.0000000000
68097  32.242  -40.333  16.491 0.8000000119
69348  30.144  -40.004  15.913 1.0000000000
68100  29.794  -40.539  16.127 1.0000000000
68110  28.729  -40.306  15.578 1.0000000000
69360  29.779  -39.483  15.606 1.0000000000
69361  29.016  -39.593  15.474 1.0000000000
202486  27.669  -39.175  14.815 1.0000000000
70571  27.154  -38.610  14.607 1.0000000000
70572  26.422  -38.657  14.198 1.0000000000
69371  26.042  -39.360  13.929 0.8999999762
212568  35.420  -38.869  13.212 0.6000000238
70599  26.923  -39.017  12.978 0.8999999762
208994  38.271  -38.279  13.220 0.6000000238
216486  36.570  -38.501  13.290 0.6000000238
217848  35.037  -38.095  13.221 0.6999999881
71920  27.116  -38.118  13.113 0.8999999762
71893  33.686  -37.897  13.377 0.6999999881
73141  31.351  -37.243  12.416 0.6999999881
71918  29.686  -37.681  12.628 0.8999999762
66741  30.596  -41.267  22.175 0.6000000238
208530  30.048  -40.707  22.230 0.5000000000
66754  32.093  -41.251  21.514 0.6999999881
66740  31.426  -41.322  21.972 0.6999999881
66753  32.551  -41.207  21.111 0.6999999881
66768  33.233  -41.094  20.164 0.6999999881
68010  33.245  -40.375  20.282 0.6999999881
68043  34.147  -40.368  18.667 0.6999999881
68065  34.257  -40.162  18.047 0.6999999881
66835  33.949  -40.921  17.549 0.8000000119
68095  33.592  -40.035  16.722 0.8000000119
69344  33.189  -39.635  16.303 0.8000000119
68096  32.931  -40.208  16.547 0.8000000119
69345  32.428  -39.722  16.183 0.8000000119
70566  31.539  -38.815  15.694 0.8999999762
69347  30.816  -39.937  16.130 1.0000000000
70565  32.257  -38.853  15.746 0.8000000119
70567  30.800  -38.691  15.622 0.8999999762
69359  30.474  -39.376  15.793 1.0000000000
70569  29.352  -38.906  15.378 1.0000000000
70570  28.544  -39.042  15.120 1.0000000000
71866  26.745  -38.052  14.457 1.0000000000
71875  26.352  -38.129  14.157 0.8999999762
71897  25.952  -38.541  13.569 0.8999999762
73117  26.367  -37.707  12.785 0.8999999762
235360  26.201  -37.476  13.135 0.8999999762
204708  27.349  -37.438  13.130 0.8999999762
212709  37.733  -37.888  13.231 0.6000000238
238097  36.110  -37.728  13.104 0.6000000238
73115  33.145  -37.387  13.201 0.6999999881
73142  30.210  -36.931  12.263 0.8000000119
225604  28.855  -37.498  12.371 0.8999999762
73108  38.526  -37.136  13.099 0.6000000238
74333  34.487  -36.942  12.871 0.6999999881
73140  32.014  -37.082  12.675 0.6999999881
74358  29.722  -36.476  12.117 0.8000000119
232576  28.367  -36.867  12.535 0.8999999762
211624  31.526  -36.556  12.536 0.6999999881
73144  29.008  -36.575  12.223 0.8999999762
67985  30.793  -40.537  21.968 0.5000000000
69242  29.705  -39.747  21.849 0.5000000000
227515  32.495  -40.176  21.057 0.6999999881
69241  30.408  -39.816  21.717 0.5000000000
68011  32.840  -40.716  20.789 0.6999999881
68029  33.755  -40.084  19.889 0.6999999881
69290  34.057  -39.745  19.233 0.6999999881
69317  34.476  -39.578  17.857 0.6999999881
68064  34.275  -39.947  17.543 0.6999999881
69343  33.872  -39.458  16.470 0.8000000119
70563  33.696  -38.507  15.783 0.8000000119
70564  32.986  -38.651  15.775 0.8000000119
239039  31.888  -38.380  15.578 0.8000000119
71863  30.730  -38.007  15.448 0.8999999762
231741  30.285  -38.252  15.557 1.0000000000
70578  28.903  -38.279  15.044 1.0000000000
70579  27.994  -38.493  14.926 1.0000000000
71861  32.474  -38.206  15.579 0.8000000119
215130  31.223  -37.785  15.248 0.8000000119
71872  29.386  -37.632  15.331 0.8999999762
232496  28.340  -37.198  14.821 1.0000000000
73082  27.361  -37.451  14.648 1.0000000000
73081  29.109  -37.036  15.124 0.8999999762
202531  27.099  -36.900  14.201 1.0000000000
200280  26.703  -36.954  13.756 1.0000000000
204103  26.664  -36.883  13.244 1.0000000000
74361  27.216  -36.117  12.611 0.8999999762
73113  34.963  -37.419  13.040 0.6999999881
75538  26.718  -35.946  12.849 0.8999999762
73110  36.987  -37.030  12.824 0.6000000238
73138  35.869  -37.030  12.706 0.6000000238
74360  28.124  -36.301  12.362 0.8999999762
73139  35.289  -36.902  12.833 0.6999999881
74335  33.241  -36.725  12.928 0.6999999881
74355  32.284  -36.416  12.648 0.6999999881
74357  30.316  -36.257  12.287 0.6999999881
74359  29.356  -36.032  12.020 0.8000000119
200173  31.669  -35.841  12.397 0.6999999881
75553  28.775  -35.775  11.908 0.8000000119
76851  28.377  -35.105  11.967 0.8999999762
75533  30.441  -35.585  12.072 0.6999999881
67984  31.622  -40.613  21.653 0.6000000238
69240  31.224  -39.875  21.761 0.5000000000
220479  32.862  -39.969  20.690 0.6999999881
69291  33.554  -39.300  19.737 0.6999999881
231017  34.156  -39.182  18.777 0.6999999881
70511  34.019  -38.831  19.309 0.6999999881
70524  34.535  -39.030  18.215 0.6999999881
204906  34.736  -39.143  17.628 0.6999999881
69330  34.541  -39.431  17.296 0.6999999881
215274  34.882  -38.140  17.099 0.6999999881
70554  34.574  -38.558  16.661 0.6999999881
71851  34.208  -38.184  16.173 0.8000000119
71860  33.194  -38.031  15.628 0.8000000119
71859  33.800  -37.897  15.790 0.8000000119
73069  32.647  -37.569  15.428 0.8000000119
215899  32.096  -37.119  15.265 0.8000000119
214555  32.840  -36.481  15.091 0.8000000119
74298  32.265  -36.546  15.109 0.8000000119
73079  30.960  -36.850  15.044 0.8000000119
73080  29.613  -36.745  15.173 0.8999999762
204554  28.568  -36.585  14.755 0.8999999762
231894  27.819  -36.768  14.491 1.0000000000
75479  31.665  -35.596  14.317 0.8000000119
75480  31.014  -35.831  14.503 0.8000000119
74312  26.547  -36.266  13.685 1.0000000000
75485  26.763  -35.930  14.084 1.0000000000
73136  36.852  -36.635  12.314 0.6000000238
75514  26.462  -35.697  13.197 1.0000000000
74353  34.271  -36.216  12.673 0.6999999881
75530  33.121  -35.537  12.479 0.6999999881
75537  27.145  -35.617  12.561 0.8999999762
76832  26.717  -35.118  12.896 1.0000000000
76829  32.546  -34.995  12.143 0.6999999881
76830  31.722  -35.053  12.044 0.8000000119
75552  29.957  -35.232  11.792 0.8000000119
70525  34.400  -38.684  18.802 0.6999999881
71826  34.337  -38.171  19.073 0.6999999881
71825  34.669  -38.242  18.326 0.6999999881
71836  34.941  -38.018  17.680 0.6999999881
201682  35.084  -37.521  16.579 0.6999999881
73067  34.402  -37.393  15.910 0.6999999881
73066  34.808  -36.785  15.757 0.6999999881
239490  33.864  -36.980  15.584 0.8000000119
73068  33.454  -37.345  15.541 0.8000000119
215179  32.549  -36.088  14.789 0.8000000119
74297  33.181  -36.106  14.973 0.8000000119
75478  32.252  -35.601  14.478 0.8000000119
75496  29.759  -35.329  14.301 0.8999999762
75482  29.458  -35.860  14.645 0.8999999762
75495  30.487  -35.253  14.284 0.8000000119
76797  29.416  -34.800  13.937 0.8999999762
75484  27.416  -35.640  14.329 0.8999999762
74371  36.370  -36.298  11.946 0.6000000238
76798  28.612  -34.745  13.783 0.8999999762
231658  27.923  -34.605  13.796 0.8999999762
75498  26.483  -35.639  13.673 1.0000000000
75527  37.157  -35.651  11.978 0.6000000238
76816  26.485  -34.501  13.103 0.8999999762
76828  33.278  -34.944  12.108 0.6999999881
76852  26.858  -34.449  12.377 0.8999999762
76849  30.600  -34.519  11.347 0.8000000119
227387  28.615  -34.610  11.614 0.8999999762
78137  28.291  -34.128  11.473 0.8000000119
203249  34.946  -37.588  18.006 0.6999999881
73059  35.400  -36.834  16.657 0.6999999881
74286  34.224  -36.586  15.476 0.6999999881
75471  34.931  -35.670  15.385 0.6999999881
74295  34.377  -35.869  15.038 0.6999999881
75494  31.234  -35.228  14.073 0.8000000119
232022  30.057  -34.910  13.994 0.8000000119
76796  30.689  -34.728  13.749 0.8000000119
78106  30.531  -34.086  13.203 0.8000000119
76782  27.217  -35.131  14.108 0.8999999762
75528  35.221  -35.963  12.049 0.6000000238
78088  29.119  -34.203  13.463 0.8000000119
78107  29.260  -33.616  13.002 0.8999999762
78090  27.503  -34.278  13.699 0.8999999762
235521  26.534  -34.547  13.448 0.8999999762
75547  36.260  -35.859  11.347 0.6000000238
75550  34.700  -35.483  11.903 0.6999999881
78119  26.396  -33.980  12.679 0.8999999762
76846  32.736  -34.581  11.784 0.6999999881
78138  27.345  -33.965  11.807 0.8000000119
78133  30.796  -34.224  11.093 0.6999999881
78136  29.076  -34.218  11.358 0.8000000119
73045  35.457  -36.706  17.349 0.6999999881
74279  35.406  -36.191  16.421 0.6999999881
74284  35.261  -35.799  15.928 0.6999999881
76780  31.992  -35.090  14.099 0.8000000119
205268  31.475  -34.676  13.817 0.8000000119
78105  31.326  -33.907  13.184 0.8000000119
225210  29.784  -33.972  13.204 0.8000000119
78089  28.222  -34.234  13.500 0.8999999762
238491  27.086  -33.245  12.950 0.8999999762
75549  35.346  -35.591  11.431 0.6000000238
79445  26.843  -33.847  13.161 0.8999999762
76844  34.838  -35.024  11.326 0.6999999881
76872  33.349  -34.521  11.512 0.6999999881
209293  25.884  -32.857  12.060 0.8999999762
78160  31.966  -33.978  10.902 0.6999999881
78163  30.017  -33.898  10.962 0.8000000119
210358  26.735  -33.285  11.671 0.8000000119
79500  30.899  -33.479  10.731 0.6999999881
215831  28.980  -33.294  10.880 0.8000000119
79484  27.843  -33.528  11.392 0.8000000119
79501  29.671  -33.408  10.789 0.8000000119
75464  35.615  -35.448  17.067 0.6999999881
76768  35.687  -34.992  16.533 0.6000000238
75568  36.271  -35.507  10.767 0.6000000238
218789  29.374  -33.059  12.653 0.8000000119
80978  27.118  -32.650  12.666 0.8999999762
80979  26.249  -32.404  12.284 0.8999999762
206740  35.403  -35.290  10.716 0.6000000238
80993  25.827  -32.577  11.790 0.8999999762
78131  32.579  -34.180  11.305 0.8000000119
79485  25.927  -32.805  11.509 0.8999999762
79502  28.260  -33.240  11.020 0.8000000119
79499  31.618  -33.580  10.607 0.6999999881
81016  29.251  -32.731  10.649 0.8000000119
81018  27.800  -31.868  10.735 0.8000000119
76870  34.884  -34.798  10.701 0.6999999881
80976  28.798  -32.530  12.518 0.8000000119
78179  34.773  -34.427  9.548 0.5000000000
78158  33.930  -34.067  10.536 0.6000000238
78180  34.111  -33.913  9.917 0.6000000238
78181  33.243  -33.730  10.305 0.6999999881
82571  26.478  -32.021  11.481 0.8000000119
79514  32.740  -33.369  9.845 0.6000000238
81030  31.779  -32.641  9.844 0.6000000238
237074  30.247  -32.371  10.261 0.6999999881
81033  28.772  -31.963  10.525 0.8000000119
239201  27.320  -32.334  11.051 0.8000000119
81031  30.925  -32.295  10.007 0.6000000238
82531  27.784  -31.629  12.168 0.8000000119
84008  27.068  -31.228  12.133 0.8000000119
223847  26.301  -31.223  11.403 0.8999999762
78193  34.436  -33.945  9.192 0.6000000238
209513  28.094  -31.217  10.313 0.8000000119
82570  27.118  -31.906  11.056 0.8000000119
82591  26.554  -31.012  10.954 0.8000000119
82587  30.299  -31.786  9.898 0.6000000238
84007  27.781  -30.969  11.811 0.8000000119
85479  26.723  -30.474  11.071 0.8000000119
79513  33.655  -33.323  9.603 0.6000000238
79529  32.915  -33.022  9.250 0.6000000238
84062  27.436  -30.526  10.333 0.8000000119
81045  31.639  -31.939  9.504 0.6000000238
84061  28.297  -30.624  10.032 0.6999999881
85495  26.805  -30.433  10.752 0.8000000119
84081  30.877  -30.875  8.975 0.6000000238
84060  29.174  -30.560  9.820 0.6000000238
85492  28.515  -30.095  9.838 0.6999999881
81059  32.721  -32.202  8.536 0.6000000238
82606  32.205  -31.721  8.964 0.6000000238
85452  28.967  -30.050  11.310 0.8000000119
85437  27.590  -30.322  11.571 0.8000000119
78208  34.775  -33.896  8.517 0.6000000238
85436  28.373  -30.564  11.549 0.8000000119
79542  35.517  -34.037  8.027 0.5000000000
85516  27.575  -29.344  10.151 0.8000000119
85478  27.110  -29.963  10.883 0.8000000119
81056  34.661  -32.785  8.293 0.6000000238
79545  33.844  -32.731  8.806 0.6000000238
85515  28.137  -29.419  9.695 0.6000000238
79557  35.753  -33.549  7.597 0.5000000000
81057  34.196  -32.452  8.688 0.6000000238
82624  32.611  -31.597  8.542 0.6000000238
84082  30.211  -30.693  9.168 0.6000000238
82622  33.834  -31.857  8.504 0.6000000238
227465  31.522  -30.789  8.702 0.6000000238
85512  30.613  -30.234  8.789 0.6000000238
85534  30.369  -29.627  8.624 0.6000000238
86823  28.438  -29.340  11.225 0.8000000119
86824  27.900  -28.999  11.195 0.8000000119
88222  29.508  -28.831  10.735 0.8000000119
88223  28.591  -28.357  10.763 0.6999999881
88203  28.046  -28.629  10.889 0.6999999881
217443  34.651  -32.116  8.474 0.6000000238
86873  28.926  -29.156  9.277 0.6000000238
208643  28.022  -28.795  9.480 0.6000000238
86859  27.766  -28.653  10.220 0.6999999881
82621  34.869  -31.529  8.334 0.5000000000
86872  29.786  -29.321  8.983 0.6000000238
84095  33.796  -30.700  8.215 0.5000000000
85531  32.034  -30.036  8.221 0.6000000238
85533  30.942  -29.778  8.466 0.6000000238
84094  34.695  -30.836  8.283 0.5000000000
200702  30.119  -28.378  10.415 0.6999999881
89556  28.666  -27.669  10.512 0.6000000238
88239  27.674  -27.784  9.835 0.6000000238
88224  27.905  -28.154  10.527 0.6000000238
88268  28.280  -27.840  8.993 0.6000000238
89557  27.982  -27.438  10.056 0.6000000238
85529  33.325  -30.096  8.247 0.5000000000
85532  31.558  -29.481  8.203 0.6000000238
88264  31.298  -28.658  8.245 0.6000000238
86897  30.171  -28.941  8.569 0.6000000238
88251  28.424  -28.448  9.094 0.6000000238
90935  27.756  -26.680  9.328 0.6000000238
213225  32.910  -29.535  8.185 0.6000000238
86895  31.958  -28.912  7.858 0.6000000238
85527  35.088  -30.155  8.292 0.5000000000
217095  33.545  -29.551  8.378 0.5000000000
233834  34.784  -29.532  8.445 0.4000000060
88261  33.768  -28.378  8.304 0.5000000000
220453  29.302  -28.195  10.554 0.6000000238
90899  28.608  -27.053  10.024 0.6000000238
200647  30.360  -27.943  8.331 0.6000000238
89602  28.928  -27.381  8.461 0.6000000238
90921  27.812  -26.526  9.461 0.6000000238
213932  30.937  -28.013  8.183 0.6000000238
90943  30.487  -27.442  8.100 0.6000000238
86894  32.565  -28.991  7.968 0.5000000000
89600  31.649  -28.094  8.065 0.6000000238
89598  32.668  -27.761  8.235 0.5000000000
88260  34.593  -28.390  8.013 0.4000000060
89597  33.437  -27.769  8.156 0.4000000060
217279  29.228  -26.909  8.196 0.6000000238
92263  27.929  -26.154  9.060 0.5000000000
92245  28.679  -26.075  9.358 0.5000000000
90919  29.206  -26.743  9.692 0.5000000000
89601  29.731  -27.770  8.190 0.6000000238
92294  28.439  -26.074  8.342 0.5000000000
89618  31.007  -27.082  7.875 0.6000000238
89617  31.646  -27.375  7.903 0.5000000000
90957  32.561  -26.772  7.696 0.4000000060
92244  29.718  -26.172  9.344 0.4000000060
90960  29.705  -26.732  7.940 0.6000000238
90961  29.050  -26.366  8.090 0.5000000000
228850  30.993  -26.622  7.614 0.4000000060
90959  30.351  -26.835  7.717 0.6000000238
92292  29.770  -26.097  7.703 0.6000000238
221844  28.358  -25.232  7.898 0.4000000060
92289  32.131  -26.401  7.427 0.4000000060
92290  31.407  -26.166  7.331 0.4000000060
94964  28.253  -24.566  8.029 0.4000000060
92291  30.666  -26.185  7.455 0.4000000060
93585  29.293  -25.328  7.535 0.4000000060
92288  32.783  -26.390  7.409 0.4000000060
93584  30.214  -25.532  7.346 0.4000000060
92262  31.023  -25.603  9.100 0.4000000060
94942  29.314  -24.423  8.418 0.4000000060
93603  28.526  -24.354  7.612 0.4000000060
93600  31.313  -25.309  6.769 0.4000000060
93601  30.533  -24.994  6.888 0.4000000060
94988  30.494  -24.287  6.627 0.4000000060
93602  29.587  -24.823  7.160 0.4000000060
94941  30.341  -24.467  8.424 0.4000000060
96348  29.650  -24.008  8.105 0.4000000060
94963  28.572  -24.275  8.158 0.4000000060
94987  31.127  -24.618  6.566 0.3000000119
205107  28.394  -23.246  7.127 0.4000000060
94976  28.636  -23.915  7.580 0.4000000060
94962  31.036  -24.105  8.357 0.4000000060
96366  29.221  -23.380  7.919 0.4000000060
65650  30.782  -41.779  13.230 0.8000000119
65641  29.627  -41.931  13.833 0.8999999762
65642  28.516  -42.219  13.776 0.8999999762
64466  29.207  -42.565  14.332 0.8999999762
64457  28.524  -43.426  14.153 0.8999999762
62222  29.537  -44.821  18.229 0.8999999762
63297  29.474  -43.731  17.806 1.0000000000
63296  30.180  -43.586  17.853 1.0000000000
61122  27.447  -45.448  14.748 0.8999999762
61092  28.217  -44.934  16.972 0.8999999762
62247  28.518  -44.250  17.043 0.8999999762
63309  29.250  -43.449  17.276 1.0000000000
205356  26.822  -44.328  13.408 0.8999999762
61105  28.130  -44.441  16.264 0.8999999762
63327  26.920  -44.147  14.943 0.8999999762
63310  28.732  -43.659  16.973 1.0000000000
63341  26.467  -43.870  13.248 0.8999999762
224449  27.241  -43.510  15.231 0.8999999762
92246  28.005  -26.028  9.208 0.4000000060
93572  28.196  -25.239  8.451 0.4000000060
93538  29.205  -25.523  9.166 0.4000000060
92243  30.973  -26.156  9.373 0.4000000060
52761  28.894  -50.355  22.420 0.8999999762
52806  29.047  -49.935  19.859 1.0000000000
54099  25.429  -49.250  17.959 0.8000000119
53990  26.913  -49.547  22.815 0.8999999762
52778  30.024  -49.216  21.314 1.0000000000
55440  25.834  -48.647  17.858 0.8000000119
58314  29.870  -47.081  22.935 0.8999999762
56845  27.800  -47.012  19.161 0.8999999762
56847  26.789  -47.627  18.425 0.8000000119
240138  27.651  -46.622  15.696 0.8000000119
58506  27.927  -46.296  13.564 0.8000000119
58381  30.621  -46.492  19.817 1.0000000000
203642  27.745  -46.224  15.538 0.8999999762
59838  27.789  -45.789  13.290 0.8000000119
62282  27.275  -44.644  13.329 0.8999999762
63336  28.116  -44.232  13.784 0.8000000119
219376  28.844  -45.901  18.814 0.8999999762
63337  26.473  -44.203  13.928 0.8999999762
59629  28.370  -45.743  23.622 0.8999999762
60958  27.576  -45.202  23.394 1.0000000000
63218  24.398  -43.862  21.757 0.6000000238
63234  22.871  -43.397  20.866 0.4000000060
63232  23.855  -43.168  21.273 0.4000000060
61061  29.917  -45.263  18.645 1.0000000000
62235  29.183  -44.356  17.947 0.8999999762
65660  31.318  -42.031  12.268 0.6999999881
66899  30.072  -40.939  12.002 0.8000000119
217482  29.863  -44.664  23.147 0.8999999762
65644  26.767  -42.656  13.362 0.8999999762
65706  33.617  -41.359  10.054 0.6000000238
66880  29.107  -41.137  12.892 0.8999999762
63203  27.291  -43.603  23.485 0.6999999881
64362  23.777  -42.535  21.178 0.4000000060
63338  26.073  -43.367  13.995 0.8999999762
214455  27.650  -41.007  12.840 0.8999999762
68158  28.511  -40.184  12.461 0.8999999762
68154  34.051  -40.312  12.153 0.6999999881
69425  32.787  -39.648  11.332 0.6999999881
217076  28.563  -43.281  23.234 0.8000000119
63199  30.637  -43.729  22.734 0.8999999762
65615  30.776  -42.010  17.163 1.0000000000
63322  27.838  -43.866  15.774 0.8999999762
65631  27.246  -41.815  15.330 0.8999999762
239219  26.592  -42.310  14.895 0.8999999762
63328  26.491  -43.523  14.551 0.8999999762
68143  27.066  -40.604  13.098 0.8999999762
64345  31.628  -42.789  22.045 0.8000000119
66746  25.998  -41.347  21.976 0.5000000000
63242  32.446  -43.696  20.511 1.0000000000
214110  26.244  -40.075  13.465 0.8999999762
64371  33.142  -42.571  19.734 0.8999999762
64409  33.243  -42.401  18.996 0.8999999762
70597  33.310  -38.440  13.118 0.6999999881
70623  27.756  -38.695  12.635 0.8999999762
71917  30.562  -38.037  12.126 0.8000000119
66734  27.827  -41.227  22.534 0.6000000238
221086  31.027  -41.785  22.190 0.8000000119
66732  29.216  -41.404  22.699 0.6000000238
65543  32.455  -41.865  21.210 0.6999999881
66787  33.645  -41.407  19.429 0.6999999881
66808  33.926  -41.070  18.733 0.6999999881
68098  31.104  -40.531  16.347 1.0000000000
69363  27.223  -39.858  14.837 1.0000000000
71919  28.005  -37.943  12.557 0.8999999762
67986  29.533  -40.273  22.098 0.6000000238
213361  27.850  -40.539  22.306 0.5000000000
66786  33.896  -40.586  19.320 0.6999999881
69346  31.617  -39.965  16.217 0.8999999762
69243  28.948  -39.854  21.853 0.5000000000
69303  34.297  -39.695  18.465 0.6999999881
69331  34.117  -39.735  17.006 0.8000000119
74362  26.898  -36.663  13.036 0.8999999762
208763  31.904  -40.027  21.330 0.6000000238
69256  31.531  -39.311  21.381 0.5000000000
69274  33.238  -39.672  20.255 0.6999999881
215903  30.221  -36.963  15.061 0.8999999762
73078  31.613  -36.683  15.097 0.8000000119
76831  27.528  -35.084  12.383 0.8999999762
70494  33.109  -38.908  20.284 0.6999999881
71850  34.709  -37.990  16.477 0.6999999881
74296  33.761  -36.164  15.163 0.8000000119
74299  30.565  -36.367  14.815 0.8999999762
75497  28.886  -35.421  14.146 0.8999999762
78132  31.475  -34.245  11.240 0.8000000119
78135  29.762  -34.223  11.291 0.8000000119
73051  35.251  -37.447  17.310 0.6999999881
74280  35.178  -36.490  16.061 0.6999999881
76795  32.610  -34.700  14.044 0.8000000119
78139  26.555  -33.634  12.073 0.8999999762
74274  35.594  -36.168  16.925 0.6999999881
238487  28.090  -32.824  12.583 0.8999999762
74269  35.571  -36.041  17.543 0.6000000238
79516  30.566  -32.916  10.491 0.6999999881
82532  26.937  -31.905  12.469 0.8999999762
82589  29.156  -31.266  10.109 0.6999999881
82608  30.920  -31.557  9.481 0.6000000238
82609  30.283  -31.267  9.396 0.6000000238
85493  27.733  -29.969  10.058 0.8000000119
85514  29.160  -29.917  9.485 0.6000000238
86847  27.767  -28.869  10.764 0.6999999881
202431  32.827  -31.120  8.392 0.6000000238
88266  29.901  -28.315  8.423 0.6000000238
85530  32.677  -30.022  8.197 0.6000000238
202010  28.005  -26.986  8.961 0.6000000238
93537  30.288  -25.728  9.078 0.4000000060
238335  28.293  -25.281  8.908 0.4000000060
94940  31.228  -24.667  8.578 0.4000000060
96389  29.946  -23.661  6.351 0.4000000060
236614  27.405  -43.682  13.465 0.8999999762
43209  25.325  -55.782  18.137 0.4000000060
40425  25.824  -56.870  19.192 0.4000000060
234177  25.777  -57.518  20.245 0.4000000060
43221  25.441  -55.123  18.255 0.4000000060
40383  26.186  -56.972  20.236 0.4000000060
40359  25.960  -57.168  21.304 0.4000000060
44583  25.688  -54.428  18.262 0.3000000119
43190  26.274  -55.860  19.363 0.4000000060
47397  25.159  -53.266  17.567 0.4000000060
48888  24.887  -52.746  17.143 0.4000000060
50249  24.707  -51.343  15.965 0.4000000060
51572  25.674  -50.704  15.472 0.4000000060
41750  26.583  -56.271  21.109 0.5000000000
41751  26.244  -56.673  21.573 0.4000000060
44568  26.785  -54.742  19.258 0.4000000060
41786  26.580  -56.023  19.901 0.4000000060
47383  26.065  -53.306  18.426 0.5000000000
223864  25.377  -52.765  17.773 0.4000000060
50223  25.228  -51.484  17.203 0.4000000060
52880  25.386  -50.487  16.210 0.5000000000
52878  26.685  -49.910  15.478 0.5000000000
54152  27.413  -49.767  14.974 0.6000000238
216019  28.017  -49.751  14.561 0.5000000000
54130  28.755  -49.221  14.988 0.6000000238
55473  29.454  -48.476  15.797 0.4000000060
41732  26.443  -56.070  21.792 0.5000000000
215068  26.018  -55.686  22.194 0.5000000000
224990  24.844  -55.971  22.149 0.5000000000
215942  24.120  -56.221  22.064 0.5000000000
44553  27.285  -54.765  19.780 0.6000000238
43154  27.334  -55.303  20.972 0.6000000238
45901  27.224  -54.220  19.388 0.5000000000
45900  27.622  -54.233  19.904 0.6000000238
47382  26.621  -53.038  18.759 0.5000000000
48858  26.191  -52.636  18.470 0.5000000000
50222  25.548  -51.677  17.786 0.4000000060
51553  25.265  -50.845  17.020 0.6000000238
52865  25.509  -49.856  16.726 0.6000000238
54132  26.946  -49.306  15.565 0.6000000238
54131  27.613  -49.106  14.808 0.6000000238
55507  28.424  -48.232  14.122 0.6000000238
56903  29.141  -47.566  14.478 0.6000000238
54150  28.166  -49.062  14.444 0.6000000238
55489  29.277  -48.012  15.109 0.6000000238
56902  29.586  -47.386  15.624 0.6000000238
59799  30.501  -46.108  16.022 0.6000000238
43139  26.593  -55.432  21.995 0.5000000000
43123  25.805  -55.083  22.421 0.5000000000
43140  24.760  -55.232  22.145 0.5000000000
237422  24.238  -54.973  22.056 0.5000000000
44537  27.635  -54.776  20.729 0.6000000238
44522  27.035  -55.062  21.608 0.6000000238
47365  27.631  -53.118  19.487 0.6000000238
238318  28.247  -53.248  20.405 0.6000000238
48857  26.770  -52.345  18.800 0.5000000000
47364  28.179  -52.971  19.945 0.6000000238
50209  26.577  -51.547  18.700 0.6000000238
235925  25.765  -50.498  17.910 0.6000000238
55492  27.253  -48.663  15.564 0.6000000238
58470  29.435  -46.834  15.250 0.6000000238
59812  30.414  -45.486  15.695 0.6999999881
239379  25.639  -54.567  22.611 0.6000000238
44502  24.596  -54.582  22.208 0.5000000000
210148  23.965  -54.468  21.950 0.5000000000
45874  27.769  -54.219  21.178 0.6000000238
44499  27.301  -54.454  21.764 0.6000000238
44483  26.139  -54.612  22.472 0.6000000238
45861  23.694  -53.856  21.780 0.5000000000
45875  23.208  -53.822  21.487 0.5000000000
47319  27.688  -53.212  21.958 0.6000000238
50208  27.262  -51.329  18.957 0.6000000238
59813  29.369  -46.192  14.974 0.6999999881
235789  26.057  -53.657  22.546 0.6000000238
212960  25.577  -53.375  22.527 0.6000000238
45860  24.349  -53.889  22.091 0.6000000238
47307  26.914  -53.413  22.401 0.6000000238
47321  25.303  -52.727  22.572 0.6000000238
218701  24.242  -52.855  21.904 0.6000000238
48801  23.884  -52.754  21.695 0.6000000238
47340  22.963  -52.957  21.377 0.6000000238
48787  26.875  -52.808  22.603 0.6000000238
47341  22.421  -53.041  21.151 0.5000000000
47337  28.319  -53.120  20.944 0.6000000238
48820  22.192  -52.355  21.139 0.6000000238
61120  30.130  -44.967  15.289 0.6999999881
48788  26.295  -52.496  22.778 0.6000000238
232128  24.587  -51.882  22.100 0.6000000238
207171  26.849  -52.185  22.739 0.6000000238
50147  26.250  -51.818  22.716 0.6000000238
48799  24.896  -52.288  22.336 0.6000000238
220160  23.754  -52.154  21.793 0.6000000238
48819  22.765  -52.454  21.376 0.6000000238
48798  27.786  -52.606  22.178 0.6000000238
50158  22.944  -51.354  21.579 0.6000000238
236841  28.613  -52.332  21.560 0.6000000238
50184  28.542  -51.693  19.961 0.6000000238
62269  29.742  -44.350  14.979 0.6999999881
63334  30.010  -43.471  14.884 0.6999999881
50144  27.815  -51.923  22.416 0.6000000238
50156  25.019  -51.686  22.311 0.6999999881
216536  24.488  -51.317  22.000 0.6999999881
50155  28.433  -51.611  22.148 0.6000000238
64456  29.920  -42.822  14.638 0.6999999881
212871  26.327  -51.274  22.660 0.6999999881
217397  27.518  -51.459  22.725 0.6999999881
50146  26.909  -51.547  22.786 0.6999999881
51458  25.327  -50.662  22.576 0.6999999881
51470  24.706  -50.618  22.192 0.6999999881
207474  23.705  -51.431  21.780 0.6000000238
51472  23.310  -50.762  21.691 0.6999999881
212052  23.613  -50.097  21.801 0.6000000238
51488  22.595  -50.801  21.533 0.5000000000
65640  30.557  -41.847  13.976 0.8000000119
51456  26.814  -50.843  22.829 0.6999999881
51457  26.020  -50.718  22.740 0.6999999881
52762  25.082  -49.979  22.382 0.6999999881
52763  24.345  -49.904  22.053 0.6999999881
52781  22.229  -50.217  21.331 0.5000000000
54005  24.304  -49.140  22.001 0.6999999881
224231  23.245  -49.514  21.788 0.6000000238
220260  22.636  -49.552  21.347 0.6000000238
79459  30.860  -33.469  12.784 0.6999999881
215828  33.589  -35.636  14.865 0.6999999881
76779  32.589  -35.109  14.479 0.6999999881
78084  32.333  -34.246  13.603 0.6999999881
76776  34.878  -35.163  14.953 0.6000000238
76792  34.535  -34.765  14.317 0.6000000238
79458  31.616  -33.472  12.816 0.6999999881
79472  31.253  -33.059  12.380 0.6999999881
238694  29.848  -32.966  12.547 0.6999999881
80991  29.200  -32.032  12.139 0.6999999881
76772  35.295  -35.302  15.520 0.6000000238
78082  34.205  -34.348  13.882 0.6000000238
78083  32.937  -34.266  13.713 0.6999999881
79457  32.370  -33.504  12.745 0.6999999881
76775  35.535  -34.690  15.417 0.6000000238
79473  30.405  -32.771  12.379 0.6999999881
80990  29.919  -32.079  12.121 0.6999999881
84006  29.328  -30.926  11.426 0.6999999881
78081  34.831  -34.164  14.113 0.6000000238
79455  33.931  -33.600  13.068 0.6000000238
79456  33.132  -33.707  12.745 0.6999999881
79471  31.894  -33.095  12.415 0.6999999881
82558  31.205  -31.836  11.707 0.6999999881
82559  30.590  -31.364  11.569 0.6999999881
84026  30.108  -30.742  11.342 0.6999999881
202379  35.176  -34.438  14.735 0.6000000238
78080  35.479  -33.847  14.438 0.6000000238
79454  34.752  -33.349  13.247 0.5000000000
79469  33.493  -32.987  12.553 0.6000000238
81003  33.120  -32.130  11.686 0.5000000000
82557  31.926  -31.582  11.568 0.6999999881
84042  31.458  -30.591  11.132 0.6999999881
85477  30.462  -29.944  10.935 0.6999999881
92324  34.731  -26.285  5.949 0.3000000119
92325  34.133  -25.811  6.000 0.3000000119
92309  32.056  -25.878  7.031 0.3000000119
40426  25.251  -57.131  18.909 0.4000000060
38991  25.375  -58.017  19.843 0.3000000119
37623  25.121  -58.635  20.142 0.4000000060
43222  25.086  -55.290  17.676 0.3000000119
38950  25.284  -58.058  21.297 0.4000000060
47411  24.469  -53.046  16.667 0.4000000060
40360  25.540  -57.529  21.631 0.4000000060
48901  24.290  -52.385  15.857 0.4000000060
50274  25.417  -52.001  15.237 0.4000000060
50272  26.781  -51.447  14.866 0.4000000060
52898  27.040  -50.313  14.947 0.5000000000
54115  29.156  -49.487  15.907 0.4000000060
223230  23.984  -56.895  22.064 0.4000000060
56892  30.128  -47.276  16.473 0.5000000000
43141  23.611  -55.735  21.841 0.5000000000
61104  31.199  -45.520  16.245 0.6000000238
44504  23.159  -55.260  21.530 0.5000000000
44523  23.304  -54.474  21.579 0.5000000000
45876  22.765  -54.083  21.286 0.5000000000
61119  30.995  -44.959  15.684 0.6000000238
223767  22.439  -53.682  21.101 0.5000000000
47342  21.824  -52.845  20.823 0.4000000060
63326  30.515  -43.836  15.278 0.6999999881
50173  21.953  -51.728  21.238 0.5000000000
64455  30.612  -42.737  14.748 0.6999999881
51489  21.831  -50.979  21.279 0.5000000000
64464  30.991  -42.125  14.457 0.8000000119
65639  31.270  -41.980  13.749 0.6999999881
235101  21.580  -50.279  20.982 0.5000000000
54027  21.845  -49.540  21.120 0.6000000238
71811  33.932  -38.185  19.503 0.6000000238
76771  35.584  -35.164  15.977 0.6000000238
79443  35.751  -33.250  14.156 0.5000000000
79453  35.464  -32.989  13.472 0.5000000000
82539  34.340  -31.921  12.209 0.5000000000
81002  33.807  -31.978  11.799 0.5000000000
225655  32.657  -30.946  11.179 0.5000000000
84041  32.187  -30.534  11.067 0.5000000000
210650  31.309  -29.078  10.663 0.5000000000
93615  34.826  -25.718  5.559 0.3000000119
93616  34.259  -25.343  5.522 0.3000000119
93617  32.491  -25.150  6.261 0.3000000119
48831  28.874  -52.018  21.127 0.6000000238
47350  28.435  -52.744  20.424 0.6000000238
48856  27.423  -52.427  19.206 0.6000000238
54004  24.914  -49.306  22.195 0.8000000119
58488  29.050  -46.928  14.254 0.6999999881
61128  29.276  -45.091  14.708 0.6999999881
63335  29.082  -43.918  14.488 0.6999999881
76778  33.211  -35.027  14.513 0.6999999881
82543  28.668  -31.437  11.774 0.6999999881
217714  30.501  -28.959  10.679 0.6000000238
92308  33.401  -25.885  6.542 0.3000000119
64465  30.211  -42.203  14.451 0.8000000119
64471  32.424  -42.735  13.107 0.6999999881
78103  32.676  -33.947  13.226 0.6999999881
43208  25.825  -55.683  18.718 0.4000000060
43207  26.308  -55.227  19.066 0.4000000060
44584  25.053  -54.602  17.870 0.3000000119
45916  26.644  -54.105  18.995 0.5000000000
41733  25.285  -56.535  22.074 0.5000000000
51587  27.741  -50.691  14.765 0.3000000119
56879  30.320  -47.957  16.839 0.4000000060
41734  23.426  -56.404  21.828 0.5000000000
52780  22.911  -50.163  21.647 0.6000000238
80989  31.130  -32.495  12.027 0.6999999881
82542  29.546  -31.591  11.766 0.6999999881
230551  33.539  -34.278  13.833 0.6999999881
78101  34.501  -33.919  13.543 0.6000000238
78102  33.352  -33.988  13.339 0.6999999881
225663  32.401  -33.038  12.368 0.6999999881
78100  35.161  -33.622  13.796 0.6000000238
79468  34.356  -32.968  12.744 0.5000000000
224060  33.454  -32.450  12.100 0.6000000238
80987  32.147  -32.671  12.117 0.6999999881
208798  31.306  -31.210  11.379 0.6999999881
84025  30.825  -30.739  11.265 0.6999999881
80984  34.789  -32.348  12.554 0.5000000000
80985  34.036  -32.444  12.335 0.5000000000
82556  32.722  -31.529  11.431 0.5000000000
84024  31.827  -31.000  11.318 0.5000000000
85475  31.625  -29.846  10.825 0.5000000000
227800  30.833  -29.601  10.746 0.6999999881
79442  36.312  -32.927  14.484 0.5000000000
82554  34.369  -31.526  11.678 0.5000000000
84021  33.951  -31.222  11.136 0.5000000000
86844  32.675  -29.096  10.597 0.5000000000
64454  31.405  -42.690  14.786 0.6000000238
64462  32.414  -42.662  13.923 0.6000000238
213650  32.716  -43.078  10.741 0.5000000000
63350  32.571  -43.255  12.572 0.6000000238
64476  32.093  -42.808  12.272 0.6000000238
65703  35.612  -42.347  9.432 0.5000000000
63375  33.618  -42.918  10.166 0.5000000000
64487  32.346  -42.591  10.757 0.6000000238
220179  22.055  -47.801  21.162 0.5000000000
64479  31.473  -42.439  11.745 0.6000000238
65702  36.438  -42.186  9.043 0.5000000000
65704  34.714  -42.106  10.083 0.5000000000
65681  36.613  -41.810  9.722 0.5000000000
58347  21.670  -47.097  21.071 0.4000000060
58367  21.217  -47.040  20.307 0.4000000060
59717  21.451  -45.761  20.420 0.4000000060
65683  35.064  -41.897  10.156 0.5000000000
228659  37.532  -41.368  10.577 0.5000000000
65668  36.170  -41.792  10.707 0.5000000000
61032  21.821  -45.143  20.707 0.4000000060
66893  37.933  -40.781  11.995 0.5000000000
206573  37.349  -41.283  11.616 0.5000000000
218009  21.692  -44.667  20.218 0.4000000060
239514  25.312  -41.634  21.755 0.4000000060
65546  24.303  -42.134  21.248 0.4000000060
65557  23.816  -41.926  20.768 0.3000000119
69258  29.984  -39.201  21.606 0.4000000060
69259  29.255  -39.229  21.625 0.4000000060
66745  26.613  -41.081  22.145 0.4000000060
67990  26.166  -40.671  21.798 0.4000000060
70480  29.559  -38.511  21.663 0.4000000060
239371  26.824  -40.085  21.914 0.4000000060
232398  25.658  -40.999  21.672 0.4000000060
70483  26.601  -39.327  21.612 0.4000000060
67999  26.388  -40.032  21.702 0.4000000060
66756  24.704  -41.623  21.373 0.4000000060
239852  24.299  -41.655  20.981 0.4000000060
207458  28.400  -40.226  22.147 0.4000000060
69261  27.921  -39.253  21.786 0.4000000060
67988  27.263  -40.183  22.078 0.4000000060
70479  30.289  -38.567  21.489 0.4000000060
70481  28.829  -38.677  21.341 0.4000000060
70482  28.008  -38.684  21.373 0.4000000060
69246  26.982  -39.706  21.879 0.4000000060
225112  27.295  -39.043  21.733 0.4000000060
70484  26.240  -38.866  21.423 0.4000000060
68000  25.709  -40.371  21.480 0.4000000060
71784  26.615  -38.265  21.067 0.4000000060
231336  25.033  -39.207  21.430 0.4000000060
68001  24.948  -40.402  21.379 0.4000000060
70495  32.440  -38.865  20.611 0.4000000060
71780  29.881  -38.079  21.240 0.4000000060
71781  29.158  -38.106  21.142 0.4000000060
71782  28.439  -38.137  20.977 0.4000000060
69275  32.797  -39.389  20.542 0.5000000000
70496  31.981  -38.253  20.648 0.4000000060
70477  31.769  -38.777  20.939 0.4000000060
71779  30.581  -38.098  21.144 0.4000000060
71801  28.837  -37.581  20.700 0.4000000060
214404  28.065  -37.661  20.645 0.4000000060
239595  27.840  -38.094  20.969 0.4000000060
221167  26.935  -37.890  20.875 0.4000000060
71785  26.117  -38.176  21.192 0.4000000060
70512  33.529  -38.565  19.798 0.5000000000
208834  33.168  -38.293  20.155 0.5000000000
71796  32.278  -37.723  20.504 0.5000000000
71798  30.843  -37.621  20.801 0.4000000060
71799  30.123  -37.695  20.755 0.4000000060
71800  29.504  -37.710  20.891 0.4000000060
71802  27.437  -37.725  20.832 0.4000000060
71795  32.900  -37.808  20.244 0.5000000000
71797  31.575  -37.604  20.770 0.4000000060
73006  30.390  -37.146  20.648 0.4000000060
73007  29.580  -37.167  20.689 0.4000000060
74223  32.820  -36.774  20.027 0.4000000060
74224  32.192  -36.579  20.305 0.4000000060
73005  31.148  -36.975  20.649 0.4000000060
229074  30.629  -36.589  20.506 0.4000000060
74227  30.011  -36.530  20.519 0.4000000060
75421  33.005  -35.604  19.684 0.4000000060
76709  32.613  -34.932  19.599 0.4000000060
75423  31.585  -35.329  19.838 0.4000000060
74249  31.052  -35.744  19.933 0.4000000060
200284  30.913  -34.985  19.694 0.4000000060
73030  34.260  -36.862  18.801 0.5000000000
74260  34.181  -36.082  19.014 0.5000000000
219826  32.114  -34.630  19.254 0.4000000060
76710  31.580  -34.757  19.491 0.4000000060
78009  30.480  -34.134  19.153 0.3000000119
74270  35.238  -36.515  17.972 0.5000000000
204179  33.219  -36.365  19.757 0.5000000000
74247  32.538  -36.084  20.061 0.4000000060
74248  31.749  -36.023  20.072 0.4000000060
74226  31.114  -36.345  20.237 0.4000000060
75424  30.361  -35.458  19.926 0.4000000060
75422  32.235  -35.490  19.898 0.4000000060
239833  34.678  -35.789  18.653 0.5000000000
75420  33.666  -35.503  19.165 0.5000000000
238296  32.910  -34.670  19.362 0.4000000060
76732  32.613  -34.449  19.200 0.4000000060
224349  31.073  -34.276  19.302 0.3000000119
75457  35.431  -35.450  17.665 0.5000000000
75443  34.304  -35.406  18.833 0.5000000000
76708  33.213  -34.970  19.348 0.4000000060
76731  33.181  -34.425  19.142 0.4000000060
79380  32.245  -33.420  18.762 0.4000000060
230746  31.498  -33.746  18.821 0.3000000119
78032  30.746  -33.760  18.816 0.3000000119
78033  30.108  -33.825  18.850 0.3000000119
78048  35.266  -34.390  17.785 0.5000000000
76762  35.682  -34.816  16.975 0.4000000060
213465  35.848  -34.356  16.681 0.5000000000
78050  34.325  -33.916  18.241 0.3000000119
78030  33.634  -33.958  18.726 0.4000000060
78031  32.826  -33.872  19.014 0.4000000060
79405  31.615  -33.000  18.483 0.3000000119
215025  30.928  -33.218  18.440 0.3000000119
79406  30.414  -32.834  18.094 0.3000000119
79407  29.808  -32.948  18.142 0.3000000119
211540  34.863  -33.975  17.905 0.3000000119
78060  35.595  -34.319  17.201 0.4000000060
208333  36.018  -33.749  16.940 0.4000000060
78067  36.135  -33.793  16.252 0.4000000060
236446  35.909  -34.131  15.673 0.4000000060
78074  35.795  -34.056  15.078 0.4000000060
79403  33.908  -33.317  18.251 0.3000000119
79379  33.042  -33.189  18.588 0.3000000119
79404  32.310  -32.743  18.461 0.3000000119
211330  31.054  -32.651  18.074 0.3000000119
80918  28.899  -32.533  17.837 0.3000000119
80919  28.177  -32.301  17.930 0.3000000119
79402  34.652  -33.411  17.916 0.3000000119
80940  30.061  -31.952  17.614 0.3000000119
80941  29.338  -32.138  17.655 0.3000000119
220676  28.145  -31.616  17.622 0.3000000119
79401  35.300  -33.707  17.435 0.3000000119
79427  36.235  -33.112  15.849 0.3000000119
79432  36.213  -33.002  15.155 0.4000000060
80965  36.073  -32.701  13.888 0.4000000060
241619  35.815  -32.470  13.411 0.4000000060
222209  35.410  -31.471  12.213 0.4000000060
84022  33.243  -31.099  11.100 0.4000000060
234524  27.624  -31.903  17.811 0.3000000119
80937  34.666  -32.375  17.439 0.3000000119
80911  34.209  -32.718  17.817 0.3000000119
79423  34.982  -32.950  17.472 0.3000000119
79422  35.689  -33.105  17.015 0.3000000119
80947  36.147  -32.541  16.088 0.3000000119
80957  36.335  -32.418  14.841 0.3000000119
80964  36.388  -32.288  14.231 0.4000000060
82524  36.399  -31.681  13.990 0.3000000119
80972  36.178  -32.134  13.651 0.4000000060
82537  35.934  -31.394  12.626 0.4000000060
82553  35.076  -31.267  11.743 0.4000000060
84020  34.610  -30.958  11.327 0.4000000060
85472  34.183  -30.046  10.831 0.4000000060
84039  33.667  -30.572  10.965 0.4000000060
84040  32.951  -30.483  10.930 0.4000000060
80948  35.792  -32.508  16.618 0.3000000119
84001  36.391  -30.885  13.072 0.3000000119
84005  36.216  -30.661  12.364 0.3000000119
84019  35.257  -30.619  11.499 0.4000000060
85471  34.822  -29.750  10.904 0.4000000060
85473  33.419  -29.921  10.759 0.4000000060
89550  33.552  -28.443  10.176 0.4000000060
89551  32.907  -28.238  10.269 0.4000000060
89553  31.524  -27.979  10.248 0.4000000060
88221  31.003  -28.433  10.527 0.5000000000
85431  36.675  -30.423  13.493 0.3000000119
85448  36.438  -29.998  12.151 0.3000000119
85449  35.573  -30.100  11.475 0.3000000119
85470  35.447  -29.665  11.216 0.4000000060
86841  35.260  -29.177  10.816 0.4000000060
88216  34.930  -28.639  10.529 0.4000000060
88217  34.193  -28.716  10.339 0.4000000060
88238  34.089  -28.067  10.099 0.3000000119
89573  32.711  -27.737  9.952 0.4000000060
89574  32.048  -27.577  9.960 0.3000000119
89575  31.352  -27.401  9.924 0.3000000119
90897  29.997  -27.272  9.913 0.4000000060
206024  31.192  -26.756  9.729 0.3000000119
204731  30.342  -26.660  9.590 0.3000000119
211121  36.675  -29.707  13.310 0.3000000119
208316  36.721  -28.751  11.845 0.3000000119
86840  35.885  -29.137  11.235 0.3000000119
203801  35.704  -28.483  10.812 0.3000000119
88237  35.194  -28.017  10.376 0.3000000119
89571  34.655  -27.618  10.055 0.3000000119
90914  34.325  -27.066  9.754 0.3000000119
90915  33.088  -27.348  9.754 0.3000000119
90916  32.543  -27.218  9.613 0.3000000119
92241  32.412  -26.646  9.289 0.3000000119
90934  33.123  -26.783  9.445 0.3000000119
88184  36.854  -28.465  12.711 0.3000000119
86839  36.340  -28.631  11.319 0.3000000119
89549  35.814  -27.687  10.701 0.3000000119
89570  35.350  -27.345  10.284 0.3000000119
90913  34.936  -26.963  9.927 0.3000000119
90933  33.887  -26.505  9.509 0.3000000119
239144  33.414  -26.290  9.372 0.3000000119
92260  32.230  -25.981  9.179 0.3000000119
92261  31.595  -25.778  9.189 0.3000000119
93550  33.097  -25.380  8.964 0.3000000119
216846  32.074  -25.383  9.001 0.3000000119
94961  31.713  -24.172  8.406 0.3000000119
71812  33.447  -37.843  19.839 0.5000000000
73018  33.991  -37.486  19.325 0.5000000000
63333  30.923  -43.247  15.163 0.6000000238
63340  32.835  -43.166  14.345 0.5000000000
64461  32.942  -43.070  13.694 0.5000000000
62310  32.896  -44.174  10.635 0.5000000000
62293  32.765  -44.282  11.795 0.5000000000
229884  36.791  -42.409  8.534 0.5000000000
63373  35.313  -43.547  9.480 0.5000000000
62309  33.661  -43.869  10.244 0.5000000000
54006  23.718  -48.857  21.754 0.6000000238
54025  23.007  -48.878  21.463 0.6000000238
55372  22.646  -48.253  21.318 0.6000000238
55373  22.063  -48.419  21.151 0.5000000000
55394  21.557  -48.283  20.872 0.5000000000
56813  21.368  -47.677  20.670 0.5000000000
56814  20.919  -47.612  19.879 0.5000000000
56833  20.902  -47.024  19.408 0.4000000060
59718  21.265  -45.743  19.667 0.4000000060
61046  21.280  -45.349  19.015 0.4000000060
62180  21.303  -44.838  19.584 0.4000000060
231241  22.963  -42.341  20.325 0.3000000119
65558  23.270  -41.930  20.288 0.3000000119
66770  23.928  -41.251  20.667 0.4000000060
68002  24.410  -40.208  21.173 0.4000000060
202530  25.038  -38.543  21.395 0.4000000060
73008  28.304  -37.095  20.496 0.4000000060
72989  26.459  -37.817  20.695 0.4000000060
228467  25.744  -37.131  21.037 0.4000000060
73009  27.570  -37.109  20.486 0.4000000060
71803  26.959  -37.388  20.662 0.4000000060
239719  29.068  -36.132  20.309 0.4000000060
74230  26.991  -36.721  20.422 0.4000000060
235514  30.292  -34.982  19.641 0.4000000060
78010  29.975  -34.351  19.168 0.4000000060
75400  29.621  -35.846  20.218 0.4000000060
75425  29.743  -35.238  19.557 0.4000000060
78034  29.443  -34.029  18.950 0.3000000119
79408  29.123  -32.982  18.257 0.3000000119
79384  28.415  -33.267  18.637 0.3000000119
65701  37.398  -41.903  9.147 0.5000000000
209448  24.438  -38.815  21.232 0.4000000060
72991  25.263  -37.496  21.198 0.4000000060
74229  27.921  -36.634  20.368 0.4000000060
75403  27.437  -36.369  20.334 0.4000000060
62179  21.987  -44.029  20.280 0.4000000060
65685  33.025  -41.715  10.376 0.5000000000
69257  30.747  -39.224  21.543 0.4000000060
73029  34.789  -37.007  18.284 0.5000000000
78070  35.771  -34.501  16.096 0.5000000000
70478  31.034  -38.655  21.250 0.4000000060
75458  35.108  -35.797  18.143 0.5000000000
80983  35.418  -31.944  12.562 0.4000000060
88220  31.773  -28.549  10.512 0.4000000060
86843  33.206  -29.313  10.541 0.4000000060
63355  32.354  -43.306  11.925 0.6000000238
63374  34.351  -43.218  9.956 0.5000000000
63372  36.215  -43.391  8.581 0.5000000000
69262  26.049  -39.654  21.536 0.4000000060
220649  25.708  -39.209  21.643 0.4000000060
69263  25.463  -39.848  21.380 0.4000000060
69264  24.763  -39.847  21.410 0.4000000060
215127  32.693  -38.312  20.451 0.5000000000
71778  31.296  -38.144  20.933 0.4000000060
73010  26.371  -37.118  20.681 0.4000000060
72990  25.955  -37.669  20.956 0.4000000060
73004  32.528  -37.227  20.284 0.4000000060
73019  33.465  -37.081  19.810 0.5000000000
75399  30.469  -36.032  20.317 0.4000000060
74259  34.743  -36.342  18.517 0.5000000000
231331  33.593  -36.046  19.415 0.5000000000
74246  33.845  -36.647  19.442 0.5000000000
75442  34.789  -35.383  18.496 0.5000000000
76730  33.859  -34.775  18.963 0.4000000060
78029  34.170  -34.426  18.439 0.4000000060
79428  36.150  -33.151  16.505 0.3000000119
80953  36.228  -32.515  15.474 0.3000000119
82552  35.675  -30.996  12.000 0.4000000060
82486  35.395  -31.872  16.750 0.3000000119
228147  34.390  -29.603  10.721 0.4000000060
217777  36.551  -30.205  12.803 0.3000000119
84018  35.944  -30.378  11.804 0.3000000119
217404  34.033  -27.544  9.926 0.3000000119
89552  32.245  -28.092  10.319 0.4000000060
86809  36.856  -28.896  12.382 0.3000000119
238129  36.402  -29.127  11.610 0.3000000119
88188  36.856  -28.223  12.179 0.3000000119
88215  36.342  -28.012  11.060 0.3000000119
90896  36.008  -27.030  10.585 0.3000000119
93570  32.579  -25.065  8.666 0.3000000119
48821  21.544  -52.215  21.000 0.4000000060
50174  21.250  -51.590  21.082 0.4000000060
50185  20.657  -51.538  20.624 0.4000000060
51500  20.500  -50.873  20.283 0.3000000119
51499  21.075  -50.916  20.904 0.4000000060
52794  20.909  -50.214  20.547 0.3000000119
61103  32.079  -45.517  16.331 0.5000000000
215928  21.215  -49.731  20.808 0.5000000000
54043  20.684  -49.395  20.172 0.3000000119
61118  31.790  -44.959  16.002 0.5000000000
62275  32.726  -44.149  15.263 0.5000000000
223494  33.036  -45.309  15.691 0.5000000000
54026  22.324  -48.914  21.249 0.5000000000
54042  21.202  -48.764  20.492 0.4000000060
63324  32.066  -43.843  15.580 0.5000000000
62274  33.160  -44.518  14.996 0.5000000000
62273  33.499  -44.580  14.443 0.3000000119
219824  32.524  -43.469  15.002 0.5000000000
63331  33.156  -43.843  14.623 0.4000000060
62281  33.452  -44.039  13.888 0.4000000060
61151  33.057  -45.535  12.181 0.3000000119
61143  33.599  -44.992  12.917 0.3000000119
218699  32.674  -45.815  11.445 0.3000000119
204735  33.138  -44.712  12.288 0.3000000119
61170  33.750  -45.404  9.957 0.3000000119
61171  33.031  -45.473  10.422 0.3000000119
61162  32.618  -44.904  10.729 0.4000000060
63349  32.956  -43.723  12.813 0.4000000060
58384  21.090  -46.584  18.954 0.3000000119
62329  36.461  -44.728  8.527 0.4000000060
61168  35.695  -44.994  8.930 0.4000000060
62322  33.175  -44.756  10.233 0.4000000060
59734  21.212  -46.061  18.899 0.3000000119
63244  21.740  -43.608  19.521 0.3000000119
68012  23.959  -40.555  20.773 0.3000000119
228076  23.990  -39.978  20.822 0.3000000119
68013  23.636  -40.118  20.346 0.3000000119
70486  23.931  -39.042  20.966 0.3000000119
69276  23.694  -39.519  20.547 0.3000000119
71788  23.840  -38.460  21.111 0.3000000119
74208  25.125  -36.776  21.134 0.3000000119
203062  26.450  -36.257  20.557 0.3000000119
74207  25.846  -36.530  20.932 0.3000000119
226894  25.335  -36.186  20.977 0.3000000119
74231  24.678  -36.202  20.982 0.3000000119
74232  23.898  -36.337  20.797 0.3000000119
75401  28.696  -35.773  20.129 0.3000000119
75402  27.992  -35.976  20.408 0.3000000119
75404  26.985  -35.917  20.293 0.3000000119
212045  26.389  -35.503  20.104 0.3000000119
215137  25.841  -35.875  20.639 0.3000000119
75426  29.163  -35.376  19.728 0.3000000119
76713  28.142  -34.927  19.633 0.3000000119
75429  26.983  -35.302  19.808 0.3000000119
75430  26.586  -34.895  19.614 0.3000000119
231008  26.072  -34.994  19.852 0.3000000119
76715  27.069  -34.800  19.354 0.3000000119
78011  26.736  -34.403  19.265 0.3000000119
78012  26.109  -34.401  19.531 0.3000000119
76735  28.994  -34.386  19.224 0.3000000119
76736  28.359  -34.401  19.347 0.3000000119
76737  27.644  -34.577  19.327 0.3000000119
230215  26.861  -33.984  19.012 0.3000000119
58451  30.865  -46.649  16.592 0.5000000000
209743  34.457  -43.937  9.844 0.4000000060
75428  27.450  -35.664  20.104 0.3000000119
76714  27.487  -35.117  19.658 0.3000000119
54056  20.695  -48.612  19.851 0.3000000119
55395  21.081  -48.187  20.247 0.3000000119
55425  20.734  -47.669  18.890 0.3000000119
40338  23.734  -57.592  22.238 0.4000000060
200663  22.407  -57.558  22.133 0.4000000060
41735  22.466  -56.836  21.946 0.4000000060
41753  21.226  -56.210  21.027 0.4000000060
43174  21.196  -55.658  20.597 0.3000000119
236246  22.269  -56.041  21.264 0.4000000060
43157  21.856  -55.761  20.979 0.4000000060
44525  22.097  -55.046  20.990 0.4000000060
52876  28.767  -49.958  15.452 0.3000000119
44524  22.637  -54.785  21.298 0.4000000060
44539  21.373  -54.704  20.345 0.3000000119
45886  21.065  -54.114  20.223 0.3000000119
44538  21.796  -54.681  20.660 0.4000000060
47354  20.742  -53.463  20.055 0.3000000119
45887  20.514  -54.157  19.811 0.3000000119
48834  20.475  -52.126  20.224 0.3000000119
47352  21.912  -53.559  20.933 0.4000000060
221114  21.358  -52.650  20.599 0.3000000119
48833  20.953  -52.137  20.723 0.3000000119
40340  21.769  -57.033  21.996 0.4000000060
40361  21.928  -56.399  21.455 0.4000000060
50186  20.250  -51.527  19.942 0.3000000119
40337  24.461  -57.379  22.114 0.3000000119
48859  20.073  -52.330  18.923 0.3000000119
37597  25.066  -58.634  20.909 0.4000000060
38926  24.932  -57.788  21.877 0.4000000060
38949  25.770  -57.679  20.999 0.4000000060
38971  25.465  -58.140  20.569 0.4000000060
38990  25.505  -57.379  19.538 0.3000000119
39012  25.079  -57.751  19.196 0.3000000119
40335  25.714  -56.936  21.808 0.4000000060
40336  25.113  -57.168  21.984 0.5000000000
40339  23.033  -57.286  22.111 0.4000000060
40358  26.308  -56.829  20.876 0.4000000060
41752  22.689  -56.279  21.579 0.4000000060
41769  26.533  -56.439  20.362 0.4000000060
41787  26.235  -56.543  19.676 0.4000000060
41804  25.943  -56.294  19.098 0.4000000060
41805  25.471  -56.442  18.607 0.4000000060
41823  24.979  -56.328  18.009 0.4000000060
43142  23.097  -55.866  21.544 0.5000000000
43155  26.827  -55.669  21.373 0.5000000000
43156  22.514  -55.580  21.328 0.4000000060
43173  26.894  -55.784  20.516 0.4000000060
43189  27.374  -55.184  20.309 0.6000000238
44484  25.229  -54.854  22.396 0.6000000238
44500  26.689  -54.671  22.130 0.5000000000
44501  26.305  -55.149  22.302 0.5000000000
44503  23.732  -55.068  21.859 0.5000000000
44521  27.436  -54.783  21.258 0.6000000238
44552  27.573  -54.650  20.239 0.6000000238
44569  26.190  -54.572  18.836 0.5000000000
44596  24.705  -54.789  17.293 0.3000000119
45840  27.040  -53.963  22.137 0.6000000238
45841  26.456  -53.961  22.460 0.6000000238
45842  25.845  -54.058  22.578 0.6000000238
45858  27.553  -53.829  21.853 0.6000000238
45859  25.121  -54.076  22.490 0.6000000238
45873  28.138  -53.714  20.728 0.6000000238
45877  22.144  -54.275  21.034 0.4000000060
45884  27.867  -54.244  20.460 0.6000000238
45885  21.620  -54.124  20.598 0.4000000060
45917  26.124  -53.960  18.596 0.5000000000
45931  25.761  -53.798  18.167 0.3000000119
45932  25.182  -53.898  17.814 0.4000000060
45944  24.767  -54.210  17.470 0.3000000119
47306  27.335  -52.999  22.342 0.6000000238
47308  26.306  -53.230  22.632 0.6000000238
47309  25.815  -52.787  22.672 0.6000000238
47318  28.246  -52.835  21.615 0.6000000238
47320  27.336  -53.499  22.207 0.6000000238
47322  24.037  -53.273  21.879 0.5000000000
47338  27.963  -53.494  21.381 0.6000000238
47339  23.419  -53.241  21.569 0.5000000000
47351  27.997  -53.656  20.043 0.6000000238
47353  21.297  -53.369  20.567 0.3000000119
47366  27.043  -53.530  19.137 0.5000000000
47367  20.416  -52.779  19.644 0.3000000119
47381  27.114  -52.883  19.038 0.5000000000
47396  25.565  -53.323  17.970 0.4000000060
47410  24.739  -53.567  17.149 0.4000000060
48786  27.352  -52.424  22.564 0.6000000238
48789  25.599  -52.140  22.568 0.6000000238
48797  28.309  -52.215  21.984 0.6000000238
48800  24.334  -52.399  21.973 0.6000000238
48816  28.848  -51.920  21.776 0.8000000119
48817  28.556  -52.547  21.025 0.6000000238
48818  23.317  -52.588  21.574 0.6000000238
48832  28.682  -52.157  20.487 0.6000000238
48843  27.941  -52.552  19.577 0.6000000238
48844  20.237  -52.091  19.569 0.3000000119
48871  25.637  -52.220  18.202 0.4000000060
48872  25.266  -52.148  17.483 0.4000000060
48889  24.462  -52.476  16.499 0.4000000060
50145  27.314  -51.935  22.728 0.6000000238
50148  25.622  -51.363  22.589 0.6999999881
50157  24.198  -51.827  21.913 0.6999999881
50171  23.123  -51.970  21.735 0.6000000238
50172  22.576  -51.853  21.355 0.6000000238
50193  27.895  -51.830  19.365 0.8000000119
50210  25.912  -51.544  18.274 0.4000000060
50236  24.847  -51.348  16.548 0.4000000060
50237  24.797  -51.974  16.847 0.4000000060
50250  24.559  -51.881  16.225 0.4000000060
50258  24.982  -51.581  15.511 0.4000000060
50259  24.626  -51.935  15.663 0.4000000060
50275  24.857  -52.027  15.236 0.4000000060
51454  28.100  -51.261  22.580 0.8999999762
51471  24.076  -50.684  21.777 0.6999999881
51498  28.667  -51.096  20.063 0.6000000238
51508  28.640  -50.587  19.679 0.8000000119
51522  26.522  -50.301  18.425 0.8000000119
51536  25.636  -50.994  17.698 0.6000000238
51552  25.451  -50.152  17.632 0.6999999881
51564  25.108  -50.902  16.396 0.5000000000
51573  25.148  -51.013  15.766 0.4000000060
51588  27.304  -50.792  14.828 0.3000000119
51589  26.133  -51.060  14.931 0.4000000060
51590  25.495  -51.320  15.237 0.4000000060
52750  27.910  -50.165  22.856 0.8000000119
52751  26.457  -50.125  22.825 0.8999999762
52760  29.392  -50.138  22.011 0.8999999762
52764  23.797  -49.505  21.963 0.6000000238
52819  27.751  -49.981  18.952 0.8999999762
52820  26.932  -49.826  18.652 0.8000000119
52866  25.328  -50.280  16.939 0.6000000238
52877  28.294  -49.780  14.796 0.5000000000
52879  25.950  -50.145  15.907 0.5000000000
52897  27.747  -50.176  14.717 0.5000000000
52899  26.383  -50.484  15.224 0.5000000000
53989  28.064  -49.538  22.989 0.8999999762
53991  26.234  -49.460  22.655 0.8999999762
54041  21.697  -48.858  21.023 0.5000000000
54053  29.118  -49.171  19.828 1.0000000000
54085  25.536  -49.126  18.300 0.8000000119
54114  29.544  -48.995  16.437 0.4000000060
54117  25.753  -49.122  17.143 0.8000000119
54149  28.580  -48.561  14.462 0.6000000238
54151  27.952  -49.452  14.536 0.6000000238
55316  27.530  -47.901  23.428 0.8999999762
55335  29.575  -48.337  22.883 0.8999999762
55340  25.394  -48.781  22.254 0.8999999762
55351  30.353  -48.237  22.159 0.8999999762
55370  30.627  -48.157  21.421 0.8999999762
55371  30.397  -48.645  20.962 1.0000000000
55393  29.626  -48.839  20.183 1.0000000000
55411  20.743  -48.096  19.568 0.3000000119
55424  25.942  -48.727  18.437 0.8000000119
55439  26.327  -48.144  18.164 0.8000000119
55474  29.217  -48.961  15.613 0.4000000060
55476  26.196  -48.310  17.050 0.8000000119
55490  29.044  -48.555  14.971 0.6000000238
55506  28.911  -48.062  14.089 0.6000000238
55508  28.050  -48.684  14.327 0.6000000238
56741  28.827  -46.902  23.484 0.8999999762
56765  29.085  -47.918  23.223 0.8999999762
56766  26.347  -47.401  23.237 0.8999999762
56779  23.681  -47.650  21.878 0.6999999881
56829  29.850  -47.408  19.757 1.0000000000
56846  27.194  -47.237  18.811 0.8999999762
56860  26.651  -47.522  17.872 0.8000000119
56893  27.469  -47.136  15.759 0.8000000119
56922  28.599  -47.503  13.625 0.8000000119
56924  28.311  -47.960  14.041 0.8000000119
56944  28.691  -47.270  13.410 0.8000000119
58316  26.228  -46.633  23.188 0.8999999762
58318  25.301  -46.800  22.700 0.6999999881
58328  24.592  -46.841  22.406 0.8000000119
58330  23.473  -47.081  21.906 0.6999999881
58331  22.885  -47.147  21.667 0.6999999881
58346  22.330  -47.127  21.400 0.6000000238
58368  21.180  -46.379  19.797 0.4000000060
58383  29.239  -46.970  19.412 1.0000000000
58401  20.953  -47.004  18.441 0.3000000119
58452  29.983  -46.728  16.046 0.6000000238
58453  27.481  -46.470  16.370 0.8000000119
58471  27.882  -46.754  14.962 0.8000000119
58504  28.538  -46.994  13.751 0.8000000119
58505  28.472  -46.944  13.603 0.8000000119
59653  30.263  -45.923  22.814 0.8999999762
59656  26.083  -45.991  22.995 0.6999999881
59657  25.463  -45.966  22.745 0.8000000119
59677  24.316  -46.130  22.247 0.6000000238
59678  23.810  -45.583  21.944 0.6999999881
59679  23.120  -46.102  21.662 0.6000000238
59761  27.781  -45.733  18.153 0.8999999762
59781  27.455  -45.960  17.757 0.8999999762
59797  32.367  -46.001  16.557 0.5000000000
59798  31.670  -46.105  16.591 0.5000000000
59800  29.794  -46.326  15.660 0.6000000238
59801  27.671  -45.916  16.282 0.8999999762
59824  29.000  -46.284  14.135 0.8000000119
59825  27.506  -45.825  13.761 0.8000000119
59836  28.348  -46.467  13.676 0.8000000119
59837  28.053  -46.304  13.513 0.8000000119
59879  33.304  -45.975  10.198 0.3000000119
60956  28.734  -45.187  23.539 1.0000000000
60959  27.111  -45.562  23.403 1.0000000000
61019  23.556  -44.933  21.657 0.6000000238
61033  21.375  -45.235  20.016 0.4000000060
61063  28.398  -45.423  18.491 0.8999999762
61117  32.525  -45.121  15.917 0.5000000000
61121  29.616  -45.525  15.224 0.6999999881
61129  28.469  -45.395  13.718 0.8000000119
61157  32.612  -45.040  11.467 0.4000000060
61169  34.801  -45.169  9.596 0.3000000119
62112  27.738  -44.729  23.314 1.0000000000
62132  28.608  -43.951  23.320 0.8999999762
62201  21.513  -44.308  19.562 0.4000000060
62219  31.830  -44.595  19.221 1.0000000000
62221  30.304  -44.710  18.374 1.0000000000
62246  28.935  -43.985  17.525 1.0000000000
62259  27.506  -44.512  15.495 0.8999999762
62265  32.933  -44.780  15.499 0.5000000000
62266  32.303  -44.524  15.705 0.5000000000
62267  31.534  -44.395  15.719 0.5000000000
62268  30.708  -44.383  15.434 0.6999999881
62270  27.057  -44.772  14.726 0.8999999762
62277  28.097  -44.949  13.324 0.8000000119
62278  26.944  -44.852  13.991 0.8999999762
62280  33.816  -44.689  13.644 0.3000000119
62286  33.390  -44.263  13.058 0.4000000060
62294  32.698  -43.756  12.166 0.5000000000
62303  32.579  -44.293  11.169 0.5000000000
62304  32.584  -43.738  11.565 0.6000000238
62311  32.701  -43.629  10.957 0.5000000000
62319  35.857  -44.211  8.680 0.4000000060
62320  35.092  -44.427  9.526 0.4000000060
62321  34.075  -44.614  9.922 0.4000000060
63215  31.601  -43.494  22.074 0.8999999762
63230  32.262  -43.773  21.100 1.0000000000
63233  23.410  -43.606  21.101 0.4000000060
63282  32.042  -43.738  18.582 1.0000000000
63283  31.372  -43.940  18.302 1.0000000000
63321  28.366  -43.910  16.504 0.8999999762
63325  31.278  -43.780  15.520 0.6999999881
63332  31.759  -43.256  15.210 0.6000000238
63342  26.102  -43.386  13.421 0.8999999762
63345  33.235  -43.573  13.454 0.4000000060
63346  32.857  -43.256  13.156 0.5000000000
63362  33.072  -43.382  10.508 0.5000000000
63363  32.409  -43.231  11.199 0.6000000238
64332  28.967  -42.816  23.028 0.8000000119
64334  27.428  -42.814  23.348 0.6999999881
64347  26.207  -42.502  22.569 0.6000000238
64348  25.552  -42.678  22.224 0.6000000238
64349  25.023  -42.765  21.800 0.6000000238
64363  23.342  -42.984  20.991 0.4000000060
64374  22.916  -42.850  20.569 0.4000000060
64422  32.947  -42.710  18.404 1.0000000000
64436  29.902  -42.611  17.232 1.0000000000
64450  26.059  -42.770  14.446 0.8999999762
64453  32.169  -42.879  14.616 0.6000000238
64463  31.748  -42.318  14.210 0.6000000238
64467  27.025  -43.273  13.391 0.8999999762
64468  25.967  -42.932  13.598 0.8999999762
64472  31.799  -42.294  12.654 0.6999999881
64473  26.300  -42.549  13.503 0.8999999762
64478  32.029  -42.882  11.489 0.6000000238
64486  33.072  -42.604  10.465 0.5000000000
64499  36.529  -42.653  8.519 0.5000000000
64500  34.983  -42.690  9.690 0.5000000000
64501  34.226  -42.433  10.130 0.5000000000
64502  33.601  -42.061  10.155 0.5000000000
64513  36.953  -42.773  8.243 0.5000000000
65518  28.506  -42.254  22.963 0.6999999881
65527  31.551  -42.090  21.987 0.8000000119
65590  33.513  -41.950  19.000 0.8000000119
65616  29.584  -41.547  16.628 1.0000000000
65617  29.357  -42.454  16.802 1.0000000000
65625  29.038  -42.006  16.251 1.0000000000
65626  28.157  -42.333  15.733 1.0000000000
65627  27.155  -42.776  15.084 0.8999999762
65632  26.350  -41.969  14.652 0.8999999762
65635  25.921  -42.474  14.009 0.8999999762
65638  31.940  -42.164  13.455 0.6999999881
65643  27.509  -42.769  13.470 0.8999999762
65649  31.399  -41.912  12.969 0.6999999881
65654  26.406  -41.754  13.398 0.8999999762
65661  30.881  -41.745  12.364 0.8000000119
65666  37.278  -41.454  9.620 0.5000000000
65667  36.947  -41.665  10.676 0.5000000000
65669  31.669  -42.444  11.120 0.6000000238
65670  31.383  -41.865  11.300 0.8000000119
65682  35.877  -42.042  9.967 0.5000000000
65684  34.415  -41.618  10.252 0.5000000000
65705  34.044  -41.684  10.172 0.6000000238
65715  36.990  -42.450  8.762 0.5000000000
66743  29.390  -40.729  22.551 0.6000000238
66755  25.123  -41.021  21.453 0.4000000060
66757  24.462  -40.971  21.153 0.4000000060
66846  32.067  -40.856  16.806 0.8000000119
66852  28.794  -40.971  15.830 1.0000000000
66854  27.286  -41.084  15.101 0.8999999762
66855  26.664  -41.137  14.528 0.8999999762
66860  26.598  -40.725  13.853 0.8999999762
66876  36.935  -40.805  13.002 0.6000000238
66877  36.322  -40.763  12.934 0.6000000238
66878  30.268  -41.562  12.771 0.8000000119
66882  26.973  -41.308  13.162 0.8999999762
66895  36.775  -41.146  12.444 0.6000000238
66897  35.107  -41.128  12.110 0.6000000238
66900  29.490  -40.705  12.507 0.8999999762
66911  36.496  -41.463  11.597 0.6000000238
66913  34.835  -41.242  11.210 0.6000000238
66914  34.123  -40.913  10.725 0.6000000238
66928  35.335  -41.657  10.677 0.5000000000
66930  33.941  -41.088  10.168 0.6000000238
66934  31.151  -41.221  11.199 0.8000000119
67987  28.975  -40.367  22.222 0.6000000238
67989  26.718  -40.459  21.961 0.4000000060
67998  32.283  -40.677  21.253 0.6999999881
68082  33.924  -40.301  17.262 0.8000000119
68109  29.486  -40.103  15.724 1.0000000000
68129  26.312  -40.242  13.718 0.8999999762
68136  37.862  -39.879  12.892 0.6000000238
68137  37.290  -40.251  13.031 0.6000000238
68140  34.972  -40.199  12.973 0.6000000238
68142  27.780  -40.405  12.669 0.8999999762
68151  38.882  -39.726  12.125 0.6000000238
68152  38.249  -40.142  12.361 0.6000000238
68153  34.709  -40.570  12.486 0.6000000238
68155  33.433  -39.951  11.718 0.6999999881
68156  29.820  -40.392  12.010 0.8000000119
68174  33.756  -40.481  11.245 0.6999999881
68176  32.494  -39.886  10.681 0.8000000119
68177  31.424  -39.976  11.043 0.6999999881
68178  30.994  -40.554  11.248 0.8000000119
68195  32.865  -40.396  10.346 0.8000000119
68196  32.269  -40.163  10.488 0.8000000119
69244  28.229  -39.744  21.898 0.4000000060
69245  27.592  -39.679  21.943 0.4000000060
69255  32.289  -39.492  20.956 0.4000000060
69260  28.542  -39.262  21.604 0.4000000060
69265  24.318  -39.519  21.144 0.3000000119
69342  34.557  -39.277  16.648 0.6999999881
69357  31.883  -39.352  15.897 0.8000000119
69358  31.174  -39.332  15.946 0.8999999762
69362  28.194  -39.754  15.152 1.0000000000
69384  37.974  -39.349  13.108 0.6000000238
69387  35.737  -39.568  13.242 0.6000000238
69389  34.218  -39.291  13.102 0.6000000238
69390  33.542  -39.084  12.909 0.6999999881
69405  38.387  -39.535  12.761 0.6000000238
69407  33.137  -39.468  12.228 0.6999999881
69426  32.132  -39.508  11.178 0.6999999881
69428  30.844  -39.835  11.458 0.8000000119
69429  30.202  -39.994  11.766 0.8000000119
70485  25.607  -38.647  21.652 0.4000000060
70534  34.791  -38.594  17.682 0.6999999881
70543  34.689  -38.863  17.172 0.6999999881
70555  34.071  -38.835  16.308 0.8000000119
70556  33.441  -39.064  16.076 0.8000000119
70557  32.780  -39.222  15.966 0.8000000119
70568  30.081  -38.819  15.555 1.0000000000
70580  26.070  -38.886  14.006 0.8999999762
70587  25.842  -38.975  13.654 0.8999999762
70593  37.728  -38.842  13.271 0.6000000238
70594  36.170  -38.992  13.240 0.6000000238
70595  34.646  -38.766  13.319 0.6999999881
70598  32.687  -38.329  12.789 0.6999999881
70600  25.934  -39.102  13.460 0.8999999762
70619  30.958  -38.538  11.961 0.6999999881
70636  31.787  -39.145  11.780 0.6999999881
70637  30.908  -39.110  11.619 0.8000000119
71783  27.264  -38.327  21.166 0.4000000060
71786  25.452  -38.065  21.377 0.4000000060
71787  24.633  -38.055  21.240 0.4000000060
71862  31.872  -37.805  15.353 0.8000000119
71864  30.100  -37.647  15.443 0.8999999762
71865  29.697  -38.240  15.424 1.0000000000
71873  28.152  -37.838  14.928 1.0000000000
71874  27.467  -38.074  14.746 1.0000000000
71881  25.998  -38.363  13.694 0.8999999762
71890  36.542  -37.924  13.208 0.6000000238
71891  35.924  -38.232  13.138 0.6000000238
71892  34.349  -37.642  13.263 0.6999999881
71894  33.088  -37.906  13.153 0.6999999881
71896  26.510  -38.289  13.243 0.8999999762
71914  39.366  -38.043  12.605 0.6000000238
71915  31.797  -37.761  12.464 0.6999999881
73046  35.223  -37.086  17.792 0.5000000000
73060  35.039  -37.024  16.179 0.6999999881
73070  31.424  -37.270  15.207 0.8000000119
73071  30.771  -37.415  15.262 0.8000000119
73083  26.581  -37.537  14.181 1.0000000000
73092  26.169  -37.618  13.618 1.0000000000
73109  37.749  -37.177  13.097 0.6000000238
73111  36.362  -37.371  12.979 0.6000000238
73112  35.644  -37.526  12.999 0.6000000238
73114  33.766  -37.219  13.191 0.6999999881
73116  32.648  -36.962  12.930 0.6999999881
73118  26.153  -37.890  13.273 0.8999999762
73137  36.357  -36.853  12.462 0.6000000238
73143  29.639  -37.110  12.373 0.8999999762
73145  28.051  -37.289  12.639 0.8999999762
73146  27.493  -36.792  12.858 0.8999999762
73147  26.341  -37.385  12.844 0.8999999762
74225  31.625  -36.582  20.413 0.4000000060
74228  28.593  -36.441  20.402 0.4000000060
74285  34.809  -36.210  15.574 0.6999999881
74287  33.424  -36.642  15.344 0.8000000119
74288  32.778  -36.941  15.313 0.8000000119
74300  29.873  -36.327  14.927 0.8999999762
74301  29.240  -36.403  14.924 0.8999999762
74302  27.938  -36.073  14.717 0.8999999762
74303  27.270  -36.263  14.354 1.0000000000
74304  26.850  -36.429  14.021 1.0000000000
74334  33.867  -36.668  12.817 0.6999999881
74350  37.009  -36.174  12.129 0.6000000238
74351  35.702  -36.505  12.288 0.6000000238
74352  34.943  -36.402  12.510 0.6999999881
74354  33.579  -36.105  12.724 0.6999999881
74356  30.959  -36.010  12.407 0.6999999881
75427  28.028  -35.450  19.984 0.3000000119
75469  35.535  -35.635  16.479 0.6000000238
75477  32.894  -35.544  14.703 0.6999999881
75481  30.187  -35.810  14.609 0.8999999762
75483  28.165  -35.655  14.435 0.8999999762
75529  33.971  -35.551  12.349 0.6999999881
75531  32.383  -35.665  12.433 0.6999999881
75532  31.040  -35.322  12.116 0.6999999881
75534  29.871  -35.831  12.075 0.8000000119
75535  29.450  -35.540  11.880 0.8000000119
75536  27.875  -35.672  12.301 0.8999999762
75548  35.795  -36.050  11.597 0.6000000238
75551  30.523  -34.986  11.728 0.6999999881
75569  35.825  -35.682  10.947 0.6000000238
76711  30.453  -34.540  19.471 0.3000000119
76712  28.871  -34.863  19.523 0.3000000119
76729  34.537  -34.919  18.524 0.5000000000
76733  32.153  -34.120  18.980 0.4000000060
76734  29.486  -34.743  19.238 0.3000000119
76751  35.447  -34.910  17.459 0.5000000000
76752  35.059  -35.047  18.043 0.5000000000
76777  34.070  -35.216  14.620 0.6999999881
76781  27.962  -35.149  14.037 0.8999999762
76783  26.878  -35.449  14.008 1.0000000000
76793  33.794  -34.716  14.200 0.6000000238
76794  33.207  -34.598  14.069 0.6999999881
76799  27.294  -34.660  13.951 0.8999999762
76845  34.073  -34.976  11.743 0.6999999881
76847  32.067  -34.563  11.579 0.6999999881
76848  30.978  -34.809  11.732 0.8000000119
76850  30.090  -34.656  11.445 0.8000000119
76869  35.832  -35.370  10.177 0.6000000238
76871  34.168  -34.514  11.034 0.6999999881
78049  34.679  -34.457  18.120 0.3000000119
78069  36.156  -33.608  15.482 0.4000000060
78073  35.969  -33.434  14.818 0.4000000060
78085  31.733  -34.262  13.520 0.8000000119
78086  31.147  -34.339  13.500 0.8000000119
78087  29.934  -34.442  13.624 0.8000000119
78091  26.802  -34.259  13.630 0.8999999762
78104  32.000  -33.878  13.205 0.6999999881
78108  28.495  -33.690  13.192 0.8999999762
78109  26.516  -34.108  13.052 0.8999999762
78134  30.305  -34.258  11.080 0.6999999881
78157  34.609  -34.293  10.361 0.5000000000
78159  33.310  -34.105  10.940 0.6000000238
78161  31.171  -33.949  10.932 0.6999999881
78162  30.534  -33.962  10.913 0.6999999881
78164  29.440  -33.810  11.032 0.8000000119
78165  28.703  -33.733  11.118 0.8000000119
78182  32.352  -33.686  10.382 0.6999999881
78192  34.931  -34.551  8.826 0.6000000238
78223  36.194  -34.155  7.660 0.5000000000
79381  30.293  -33.306  18.482 0.3000000119
79382  29.655  -33.354  18.630 0.3000000119
79383  29.078  -33.459  18.739 0.3000000119
79409  27.896  -32.828  18.330 0.3000000119
79444  27.527  -33.825  13.262 0.8999999762
79460  30.008  -33.463  12.773 0.8000000119
79461  28.694  -33.128  12.876 0.8999999762
79462  27.867  -33.249  12.901 0.8999999762
79463  26.552  -32.843  12.514 0.8999999762
79470  32.837  -33.236  12.488 0.6999999881
79474  25.992  -32.998  12.062 0.8999999762
79503  27.252  -32.888  11.232 0.8000000119
79504  26.458  -32.426  11.445 0.8000000119
79515  31.282  -33.052  10.304 0.6999999881
79517  29.942  -32.823  10.607 0.6999999881
79527  34.171  -33.220  9.041 0.6000000238
79528  33.521  -32.959  9.067 0.6000000238
79543  35.020  -33.361  8.087 0.6000000238
79544  34.498  -33.034  8.622 0.6000000238
80916  30.542  -32.353  17.780 0.3000000119
80917  29.916  -32.519  17.826 0.3000000119
80942  28.687  -32.116  17.594 0.3000000119
80973  35.404  -32.455  12.994 0.5000000000
80974  34.960  -32.825  13.008 0.5000000000
80975  29.598  -32.552  12.398 0.6999999881
80977  27.863  -32.297  12.404 0.8999999762
80986  32.824  -32.667  12.162 0.6999999881
80988  31.631  -32.739  12.153 0.6999999881
80992  28.478  -32.043  12.123 0.8000000119
81004  32.416  -32.167  11.766 0.6999999881
81005  31.742  -32.254  11.899 0.6999999881
81006  25.886  -32.657  11.619 0.8999999762
81017  28.262  -32.688  10.773 0.8000000119
81032  29.619  -32.140  10.103 0.6000000238
81044  32.387  -32.440  9.204 0.6000000238
81058  33.089  -32.624  8.804 0.6000000238
81071  35.103  -32.846  7.924 0.6000000238
82496  27.371  -31.516  17.415 0.3000000119
82529  36.234  -31.540  13.364 0.4000000060
82530  35.851  -32.008  13.086 0.4000000060
82538  34.899  -31.737  12.169 0.5000000000
82540  30.555  -32.058  11.894 0.6999999881
82541  30.116  -31.684  11.769 0.6999999881
82555  33.463  -31.620  11.383 0.5000000000
82588  29.860  -31.480  9.824 0.6000000238
82590  27.273  -31.131  10.809 0.8000000119
82607  31.552  -31.311  9.076 0.6000000238
82620  35.294  -31.340  8.229 0.5000000000
82623  33.127  -31.737  8.432 0.6000000238
82625  32.149  -31.084  8.610 0.6000000238
83996  36.443  -31.054  13.804 0.3000000119
84009  26.752  -30.923  11.650 0.8000000119
84023  32.254  -31.107  11.340 0.5000000000
84027  26.378  -30.878  11.164 0.8000000119
84038  34.238  -30.648  11.044 0.4000000060
84043  26.545  -30.851  10.989 0.8000000119
84059  29.810  -30.986  9.644 0.6000000238
84063  26.868  -30.611  10.768 0.8000000119
84083  29.728  -30.469  9.444 0.6000000238
84096  33.106  -30.585  8.248 0.6000000238
84097  32.459  -30.528  8.354 0.6000000238
84098  31.910  -30.505  8.501 0.6000000238
84099  31.321  -30.271  8.458 0.6000000238
85435  36.736  -29.529  12.602 0.3000000119
85438  27.130  -30.619  11.721 0.8000000119
85450  30.457  -30.349  11.102 0.6999999881
85451  29.870  -30.082  11.093 0.6999999881
85453  27.880  -29.678  11.368 0.8000000119
85454  27.112  -30.009  11.349 0.8000000119
85455  26.768  -30.549  11.379 0.8000000119
85474  32.582  -29.767  10.731 0.5000000000
85476  30.951  -30.182  10.978 0.6999999881
85494  27.169  -29.985  10.489 0.8000000119
85513  29.948  -30.023  9.085 0.6000000238
85528  34.183  -29.998  8.407 0.5000000000
86810  36.664  -29.367  11.988 0.3000000119
86821  36.109  -29.711  11.611 0.3000000119
86822  29.261  -29.443  11.038 0.8000000119
86825  27.546  -29.464  11.009 0.8000000119
86842  33.941  -29.396  10.576 0.4000000060
86845  32.067  -29.154  10.635 0.4000000060
86846  30.103  -29.478  10.869 0.6999999881
86848  27.484  -29.401  10.598 0.8000000119
86874  27.786  -28.844  9.852 0.6000000238
86892  34.142  -29.121  8.402 0.4000000060
86893  33.290  -28.996  8.294 0.5000000000
86896  30.840  -29.168  8.399 0.6000000238
88202  28.547  -28.881  11.039 0.8000000119
88218  33.066  -28.743  10.481 0.4000000060
88219  32.457  -28.624  10.505 0.4000000060
88250  29.459  -28.654  8.937 0.6000000238
88262  32.972  -28.378  8.207 0.5000000000
88263  32.270  -28.391  8.021 0.5000000000
88265  30.610  -28.489  8.363 0.6000000238
88267  29.078  -28.098  8.544 0.6000000238
89554  30.647  -27.830  10.068 0.4000000060
89555  29.686  -27.799  10.217 0.6000000238
89572  33.435  -27.797  9.990 0.3000000119
89576  27.611  -27.056  9.646 0.6000000238
89586  27.561  -27.330  9.511 0.6000000238
89599  32.078  -27.799  8.043 0.6000000238
89615  33.130  -27.134  7.912 0.4000000060
89616  32.304  -27.283  7.974 0.4000000060
90898  29.205  -27.286  10.100 0.5000000000
90900  27.946  -26.901  9.807 0.6000000238
90917  31.887  -27.031  9.600 0.3000000119
90918  30.733  -27.190  9.854 0.3000000119
90920  28.219  -26.495  9.671 0.6000000238
90944  29.813  -27.176  8.164 0.6000000238
90945  28.496  -26.654  8.512 0.6000000238
90946  27.870  -26.264  8.930 0.5000000000
90956  33.133  -26.668  7.498 0.4000000060
90958  31.521  -26.756  7.679 0.4000000060
92242  31.732  -26.427  9.331 0.3000000119
92259  32.938  -26.095  9.172 0.3000000119
92276  27.871  -25.774  8.829 0.4000000060
92293  28.736  -25.701  7.801 0.5000000000
92307  34.047  -26.281  6.540 0.3000000119
92310  31.514  -25.696  6.995 0.4000000060
92311  30.985  -25.679  7.101 0.4000000060
93539  28.262  -25.532  9.083 0.4000000060
93551  31.447  -25.235  8.892 0.4000000060
93552  30.709  -25.147  8.801 0.4000000060
93553  29.781  -25.052  8.782 0.4000000060
93554  28.763  -25.024  8.712 0.4000000060
93555  27.939  -25.533  8.891 0.4000000060
93571  31.943  -24.816  8.632 0.3000000119
93586  28.509  -24.996  7.650 0.4000000060
93587  28.185  -24.707  7.911 0.4000000060
93598  32.634  -25.648  6.567 0.3000000119
93599  31.946  -25.438  6.706 0.3000000119
93627  34.937  -25.210  5.068 0.3000000119
94943  28.251  -25.076  8.481 0.4000000060
94977  28.507  -24.248  7.685 0.4000000060
94989  29.750  -24.188  6.798 0.4000000060
94990  28.540  -23.650  7.408 0.4000000060
96349  28.994  -23.832  8.078 0.4000000060
96367  28.737  -23.379  7.804 0.4000000060
96379  28.421  -23.167  7.294 0.4000000060
96390  29.053  -23.271  6.635 0.4000000060
97819  28.848  -22.972  7.499 0.4000000060
200539  27.192  -40.787  22.350 0.5000000000
200628  34.640  -35.882  12.366 0.6999999881
201312  28.729  -35.997  14.607 0.8999999762
202294  33.664  -25.822  9.158 0.3000000119
202772  28.795  -37.569  15.137 1.0000000000
202775  27.865  -34.590  11.905 0.8000000119
203947  36.947  -39.099  13.370 0.6000000238
204010  29.712  -47.709  22.907 0.8999999762
205272  26.748  -34.941  13.792 1.0000000000
205305  31.566  -38.519  12.205 0.6999999881
205498  25.842  -54.998  18.664 0.4000000060
205624  33.475  -31.221  8.270 0.6000000238
205691  22.415  -51.337  21.370 0.5000000000
206071  30.160  -37.548  12.271 0.8000000119
206130  26.438  -36.103  13.354 1.0000000000
206308  33.537  -40.726  19.812 0.6999999881
206396  32.713  -26.070  7.018 0.3000000119
206572  33.593  -28.930  10.390 0.4000000060
206581  30.010  -48.880  22.089 0.8999999762
206959  30.370  -44.258  22.990 0.8999999762
207027  30.846  -36.741  12.401 0.8000000119
207103  28.231  -42.886  13.869 0.8999999762
207276  31.137  -41.962  11.829 0.8000000119
207370  28.033  -50.304  14.667 0.3000000119
207380  27.922  -46.481  14.041 0.8000000119
207410  30.712  -37.412  12.252 0.8000000119
207506  36.011  -40.181  13.229 0.6000000238
207571  29.146  -50.611  21.983 0.8999999762
207674  36.961  -39.789  13.328 0.6000000238
208109  26.538  -35.075  13.409 0.8999999762
208129  29.402  -38.126  12.524 0.8999999762
208372  33.038  -44.157  12.399 0.5000000000
209020  23.623  -46.321  21.913 0.6000000238
210577  23.451  -56.987  22.024 0.5000000000
210661  30.256  -33.452  10.784 0.6999999881
211033  26.055  -48.804  22.405 0.8999999762
211053  37.091  -37.579  13.185 0.6000000238
211128  35.783  -42.885  9.138 0.5000000000
211262  29.287  -34.905  11.623 0.8999999762
211950  26.862  -55.419  19.681 0.4000000060
212119  32.760  -41.033  10.322 0.6000000238
212440  24.535  -48.127  22.203 0.6999999881
212551  32.018  -33.256  10.101 0.6999999881
212797  29.482  -50.528  21.501 1.0000000000
212832  26.477  -53.579  18.804 0.5000000000
212913  29.779  -47.926  16.074 0.4000000060
212971  36.950  -42.041  9.061 0.5000000000
212981  26.774  -39.267  14.388 1.0000000000
213012  29.110  -45.728  14.369 0.6999999881
213169  32.278  -29.499  8.010 0.6000000238
213367  32.024  -35.028  19.639 0.4000000060
213372  23.903  -47.245  22.102 0.6999999881
213869  34.589  -29.212  10.644 0.4000000060
214074  26.362  -33.412  12.474 0.8999999762
214182  25.301  -49.503  18.273 0.6999999881
214402  29.308  -36.502  20.471 0.4000000060
214458  27.199  -50.200  22.876 0.6999999881
214581  34.540  -37.567  18.672 0.6999999881
214966  25.373  -55.493  22.278 0.5000000000
215015  26.341  -31.982  11.562 0.8999999762
215248  28.578  -35.277  19.785 0.3000000119
215253  32.588  -25.551  9.074 0.3000000119
215443  31.148  -27.571  8.057 0.6000000238
215544  34.713  -30.369  11.104 0.4000000060
215687  30.093  -40.218  21.942 0.5000000000
215775  28.778  -49.322  22.898 0.8999999762
215878  32.139  -38.227  12.545 0.6999999881
215891  29.530  -50.316  20.877 1.0000000000
216458  28.813  -24.744  7.315 0.4000000060
216508  31.334  -38.294  15.360 0.8999999762
217010  32.338  -39.304  15.916 0.8000000119
217196  27.865  -40.075  22.114 0.4000000060
218319  27.545  -53.769  19.578 0.6000000238
218458  25.623  -32.813  11.693 0.8999999762
218620  26.214  -31.253  11.157 0.8999999762
218622  34.202  -31.349  8.338 0.6000000238
218694  28.665  -46.387  23.626 0.8999999762
219501  27.136  -47.903  18.798 0.8000000119
219636  24.541  -44.418  22.054 0.6999999881
219665  33.437  -32.302  8.586 0.6000000238
220141  38.269  -37.647  13.211 0.6000000238
220442  33.491  -45.637  12.931 0.3000000119
220971  24.696  -53.098  22.319 0.6000000238
221058  22.873  -53.471  21.313 0.5000000000
222007  34.312  -38.192  13.395 0.6999999881
222161  26.188  -52.045  18.532 0.6000000238
222304  27.929  -46.321  23.491 0.8999999762
222425  31.685  -40.540  16.488 1.0000000000
222499  27.179  -51.888  19.016 0.6000000238
222608  29.069  -24.159  7.127 0.4000000060
222710  20.896  -52.745  20.290 0.3000000119
222909  26.587  -36.210  13.087 1.0000000000
223393  32.672  -33.907  10.783 0.6999999881
223550  21.538  -46.413  20.733 0.4000000060
223556  22.125  -46.449  21.242 0.4000000060
223654  29.416  -44.122  23.107 0.8999999762
224159  32.712  -45.638  10.939 0.3000000119
224419  29.366  -43.235  14.573 0.6999999881
224525  27.671  -45.655  23.579 0.8999999762
224553  26.248  -43.847  13.381 0.8999999762
224677  34.176  -40.508  17.656 0.6999999881
225031  25.752  -52.842  18.182 0.4000000060
225257  33.644  -27.138  9.823 0.3000000119
225798  25.873  -56.327  21.937 0.5000000000
227648  29.945  -31.291  11.533 0.6999999881
227723  32.371  -32.969  9.648 0.6000000238
227979  31.793  -36.115  14.723 0.8000000119
228146  25.775  -48.304  22.369 0.8999999762
228250  28.519  -32.779  18.169 0.3000000119
228376  31.710  -34.318  19.126 0.3000000119
228440  31.183  -36.390  14.803 0.8000000119
228688  25.937  -32.975  11.806 0.8999999762
228799  26.312  -33.364  12.433 0.8999999762
228866  37.201  -38.305  13.296 0.6000000238
228900  24.206  -55.536  22.066 0.5000000000
229278  31.890  -37.087  20.543 0.4000000060
229582  29.678  -37.193  15.292 0.8999999762
229738  35.148  -30.108  11.222 0.4000000060
229928  32.903  -36.146  12.718 0.6999999881
230016  30.328  -47.564  22.572 0.8999999762
230057  26.126  -43.988  22.812 0.6000000238
230380  23.964  -43.828  21.283 0.6000000238
230856  25.011  -51.141  22.322 0.6999999881
232431  29.411  -32.657  17.854 0.3000000119
232666  38.706  -36.618  12.958 0.6000000238
232696  36.709  -35.909  11.722 0.6000000238
232699  34.622  -28.225  10.240 0.4000000060
233181  29.826  -48.399  16.477 0.4000000060
233413  29.919  -45.908  15.569 0.6999999881
233416  24.644  -56.708  22.146 0.4000000060
233812  23.029  -56.752  21.891 0.5000000000
234331  26.033  -45.053  22.835 0.6999999881
234341  28.917  -36.971  20.554 0.4000000060
234427  33.166  -43.504  14.017 0.4000000060
234879  26.377  -31.875  12.101 0.8999999762
235249  27.610  -28.185  9.617 0.6000000238
235425  28.300  -47.071  13.677 0.8000000119
235433  22.916  -47.975  21.374 0.6000000238
235546  30.194  -41.631  13.461 0.8999999762
236300  26.120  -50.831  18.305 0.6000000238
236330  26.787  -47.638  17.100 0.8000000119
236828  29.337  -35.078  19.466 0.4000000060
237023  26.218  -48.775  18.686 0.8000000119
237428  26.550  -37.238  12.933 0.8999999762
237431  26.026  -57.249  20.722 0.4000000060
237604  25.943  -57.080  19.754 0.4000000060
237673  32.767  -36.555  12.862 0.6999999881
237843  27.226  -51.190  22.852 0.6999999881
237883  27.084  -48.635  23.261 0.8999999762
238668  31.095  -46.109  16.349 0.5000000000
238942  29.896  -44.205  23.030 0.8999999762
238991  26.744  -50.827  14.890 0.5000000000
239050  25.286  -42.253  21.867 0.6000000238
239052  32.048  -34.623  13.782 0.8000000119
239247  29.475  -29.633  9.181 0.6000000238
239513  29.591  -30.464  11.276 0.6999999881
239545  33.914  -34.042  13.520 0.6999999881
239606  32.000  -26.935  7.700 0.5000000000
239765  27.412  -46.792  18.614 0.8999999762
239896  27.733  -46.094  18.387 0.8999999762
240019  29.978  -34.783  19.398 0.4000000060
240096  25.491  -56.028  22.188 0.5000000000
240189  26.791  -38.748  21.411 0.4000000060
240288  31.020  -34.417  11.381 0.8000000119
240408  33.889  -31.578  11.485 0.5000000000
240425  33.053  -37.363  20.046 0.5000000000
240481  30.378  -46.931  22.653 0.8999999762
240515  36.544  -43.906  8.381 0.4000000060
240597  32.065  -34.185  11.229 0.8000000119
240806  21.298  -49.252  20.795 0.5000000000
240817  28.880  -51.412  21.866 0.8999999762
241087  31.438  -34.577  11.596 0.8000000119
241152  26.439  -34.516  12.790 0.8999999762
241312  30.385  -26.189  9.355 0.4000000060
