#!ascii label  , from subject sub-05_ses-003 vox2ras=TkReg
1674
85968  21.045  -28.225  81.850 0.0000000000
87310  36.273  -25.297  84.686 0.0000000000
115948  40.754  -8.679  61.096 0.0000000000
102242  32.134  -18.068  68.588 0.0000000000
95879  37.529  -21.842  75.436 0.0000000000
122910  50.649  -4.044  52.371 0.0000000000
110085  43.037  -12.055  63.165 0.0000000000
108958  36.372  -13.108  62.925 0.0000000000
85933  17.221  -28.259  83.453 0.0000000000
84565  27.097  -28.523  82.085 0.0000000000
89895  30.525  -25.997  80.928 0.0000000000
84639  22.887  -29.214  77.933 0.0000000000
125136  46.631  -1.711  57.608 0.0000000000
83101  24.176  -29.606  85.014 0.0000000000
85900  21.537  -27.438  86.813 0.0000000000
121772  46.613  -3.835  61.730 0.0000000000
87243  16.668  -26.273  88.759 0.0000000000
83044  13.229  -29.353  90.246 0.0000000000
107793  35.660  -13.672  67.808 0.0000000000
99610  35.148  -19.764  72.128 0.0000000000
219858  33.306  -23.248  72.222 0.0000000000
208151  33.195  -23.577  76.893 0.0000000000
204433  42.708  -10.188  65.038 0.0000000000
110106  39.349  -12.699  62.925 0.0000000000
112456  38.956  -10.897  64.658 0.0000000000
113553  45.849  -10.182  65.612 0.0000000000
83189  19.538  -29.794  80.132 0.0000000000
83177  18.090  -30.130  81.505 0.0000000000
87350  19.145  -27.698  82.249 0.0000000000
84581  23.441  -29.567  81.092 0.0000000000
188112  24.850  -29.266  79.703 0.0000000000
84613  22.121  -29.184  79.608 0.0000000000
81782  20.859  -30.468  78.373 0.0000000000
117193  40.112  -7.576  59.840 0.0000000000
217255  44.366  -7.807  62.544 0.0000000000
119460  42.959  -5.666  61.673 0.0000000000
220031  42.935  -4.477  60.359 0.0000000000
85864  21.232  -27.114  90.169 0.0000000000
88615  19.504  -26.185  87.727 0.0000000000
213875  19.405  -25.256  90.878 0.0000000000
87145  15.238  -26.771  95.246 0.0000000000
85838  14.707  -27.205  92.346 0.0000000000
84412  12.689  -28.334  93.146 0.0000000000
81577  11.395  -29.895  94.062 0.0000000000
82980  10.471  -29.237  95.720 0.0000000000
102155  36.589  -17.949  74.005 0.0000000000
98296  36.841  -19.941  73.146 0.0000000000
95929  35.147  -22.317  71.418 0.0000000000
93552  35.368  -22.958  73.585 0.0000000000
89924  28.026  -25.764  78.174 0.0000000000
187583  31.807  -24.178  78.872 0.0000000000
189242  28.969  -24.326  76.626 0.0000000000
93526  30.246  -23.357  75.002 0.0000000000
105654  33.559  -15.291  68.180 0.0000000000
106722  33.129  -15.109  65.259 0.0000000000
216778  31.757  -17.220  65.640 0.0000000000
122954  51.833  -3.313  50.268 0.0000000000
119558  50.555  -5.582  51.178 0.0000000000
192712  41.524  -10.771  61.684 0.0000000000
110125  39.485  -12.269  61.179 0.0000000000
113596  45.675  -10.221  62.823 0.0000000000
85944  32.472  -26.904  84.053 0.0000000000
87359  33.086  -26.034  82.875 0.0000000000
87365  28.639  -27.139  81.290 0.0000000000
87393  26.168  -27.687  79.027 0.0000000000
86057  23.659  -28.531  76.680 0.0000000000
126275  49.951  -1.143  59.806 0.0000000000
127416  49.587  -0.363  57.074 0.0000000000
125160  49.000  -1.449  54.588 0.0000000000
121826  48.324  -3.991  52.648 0.0000000000
84532  23.074  -28.600  83.617 0.0000000000
87300  21.482  -27.521  84.468 0.0000000000
214236  23.020  -28.460  85.612 0.0000000000
81735  25.306  -30.429  83.038 0.0000000000
123920  46.519  -2.187  60.152 0.0000000000
88635  19.171  -26.748  85.652 0.0000000000
87272  16.660  -26.941  86.564 0.0000000000
85894  15.252  -28.161  87.276 0.0000000000
87205  16.679  -26.035  91.556 0.0000000000
85873  14.890  -27.716  89.447 0.0000000000
81519  9.010  -30.089  99.169 0.0000000000
200235  38.611  -10.923  67.105 0.0000000000
105631  33.989  -16.099  70.341 0.0000000000
103453  34.980  -17.076  72.223 0.0000000000
100970  33.609  -18.462  70.800 0.0000000000
97174  33.941  -21.637  69.999 0.0000000000
93626  33.488  -23.147  70.123 0.0000000000
93612  29.972  -23.805  70.039 0.0000000000
89906  35.230  -24.380  80.607 0.0000000000
92275  35.048  -24.029  77.921 0.0000000000
93483  35.462  -23.428  76.036 0.0000000000
184838  33.066  -23.134  74.679 0.0000000000
197080  29.693  -22.719  72.442 0.0000000000
108931  35.312  -12.790  64.841 0.0000000000
187345  33.964  -15.193  62.204 0.0000000000
114684  42.109  -9.155  65.762 0.0000000000
112436  41.413  -10.394  64.596 0.0000000000
113560  40.468  -9.598  65.805 0.0000000000
114658  43.745  -8.978  66.552 0.0000000000
86003  20.506  -28.615  80.684 0.0000000000
85988  19.142  -28.489  81.384 0.0000000000
85969  20.234  -28.059  81.969 0.0000000000
213656  22.672  -28.936  81.380 0.0000000000
84598  22.536  -29.194  80.239 0.0000000000
86001  21.601  -28.632  80.733 0.0000000000
84615  20.724  -29.275  79.745 0.0000000000
115970  40.118  -8.154  60.404 0.0000000000
115945  42.739  -8.179  62.054 0.0000000000
118303  43.485  -6.869  62.490 0.0000000000
118311  41.319  -7.400  61.374 0.0000000000
118322  41.446  -6.758  61.051 0.0000000000
186562  13.883  -27.335  95.746 0.0000000000
213601  13.675  -27.519  93.773 0.0000000000
217410  12.874  -28.127  94.605 0.0000000000
83004  11.629  -29.441  92.937 0.0000000000
84396  11.866  -28.650  94.677 0.0000000000
82993  11.311  -29.827  94.725 0.0000000000
99581  37.343  -19.862  74.172 0.0000000000
97129  37.350  -21.173  74.224 0.0000000000
194871  36.387  -22.411  73.105 0.0000000000
94704  36.495  -22.623  73.992 0.0000000000
88669  37.601  -24.447  83.561 0.0000000000
89935  26.078  -25.965  77.065 0.0000000000
91074  28.424  -25.201  77.548 0.0000000000
91085  26.947  -25.314  76.325 0.0000000000
91101  27.074  -24.838  75.020 0.0000000000
103515  32.742  -16.876  68.127 0.0000000000
104627  32.870  -16.631  66.432 0.0000000000
124000  51.207  -2.585  52.917 0.0000000000
124013  52.345  -3.294  52.672 0.0000000000
121836  52.015  -4.188  52.107 0.0000000000
120737  51.379  -4.552  51.168 0.0000000000
120738  50.878  -4.971  51.474 0.0000000000
111303  42.616  -11.511  62.146 0.0000000000
211547  40.445  -11.674  61.440 0.0000000000
110115  41.066  -12.128  62.009 0.0000000000
110107  38.088  -12.506  62.881 0.0000000000
108969  37.954  -13.073  61.776 0.0000000000
107851  36.862  -13.531  61.631 0.0000000000
112449  44.523  -11.431  64.295 0.0000000000
111295  44.374  -11.348  62.913 0.0000000000
113604  43.381  -10.272  62.436 0.0000000000
209313  17.404  -28.908  82.254 0.0000000000
85925  16.429  -28.451  84.350 0.0000000000
84561  29.943  -27.768  82.915 0.0000000000
85964  30.970  -27.242  82.430 0.0000000000
84577  28.020  -28.108  81.863 0.0000000000
185621  23.856  -29.234  79.039 0.0000000000
86014  25.427  -28.503  79.214 0.0000000000
86035  24.000  -28.762  78.123 0.0000000000
87403  24.991  -27.923  77.907 0.0000000000
84638  23.365  -28.935  77.681 0.0000000000
189886  21.973  -29.991  77.314 0.0000000000
196808  33.155  -21.899  68.090 0.0000000000
126290  48.635  -1.028  58.981 0.0000000000
127387  50.196  -0.372  58.771 0.0000000000
126313  47.730  -1.114  57.402 0.0000000000
125162  47.599  -2.334  54.773 0.0000000000
122879  47.605  -3.204  53.667 0.0000000000
122878  48.280  -2.930  53.451 0.0000000000
84531  23.365  -28.857  83.873 0.0000000000
85922  22.832  -28.394  84.232 0.0000000000
84506  23.483  -29.005  84.801 0.0000000000
81720  24.716  -29.967  83.985 0.0000000000
83147  23.896  -29.338  82.954 0.0000000000
123903  48.234  -2.414  61.037 0.0000000000
123892  46.497  -2.991  61.176 0.0000000000
122844  43.166  -3.911  59.114 0.0000000000
87277  21.283  -27.381  85.587 0.0000000000
87302  20.127  -26.951  84.827 0.0000000000
184615  20.467  -26.930  86.303 0.0000000000
88605  18.352  -25.965  88.377 0.0000000000
88616  18.108  -26.391  87.205 0.0000000000
87254  16.882  -26.584  87.692 0.0000000000
85902  15.650  -27.836  86.798 0.0000000000
214122  15.757  -27.271  87.944 0.0000000000
87182  16.715  -26.038  93.030 0.0000000000
84441  13.312  -28.132  91.242 0.0000000000
85854  14.710  -27.252  90.840 0.0000000000
84453  13.928  -28.412  90.086 0.0000000000
83062  13.804  -29.134  89.214 0.0000000000
106659  34.611  -14.955  70.201 0.0000000000
207225  35.849  -18.667  72.796 0.0000000000
103424  35.899  -17.156  73.070 0.0000000000
100947  34.858  -18.353  71.872 0.0000000000
102204  34.249  -17.777  71.221 0.0000000000
219851  34.354  -18.940  71.360 0.0000000000
99631  33.505  -19.999  70.553 0.0000000000
98326  34.393  -20.333  71.557 0.0000000000
93587  34.713  -23.186  71.776 0.0000000000
94754  34.693  -22.900  70.598 0.0000000000
93609  32.906  -23.319  70.676 0.0000000000
93610  31.986  -23.258  70.136 0.0000000000
93591  31.399  -23.046  71.239 0.0000000000
88708  32.186  -26.074  81.720 0.0000000000
88692  34.202  -25.236  81.792 0.0000000000
91020  32.831  -24.860  80.924 0.0000000000
194879  32.185  -23.785  78.146 0.0000000000
92265  34.039  -24.146  78.875 0.0000000000
92290  34.046  -24.034  77.344 0.0000000000
92289  35.279  -23.776  77.276 0.0000000000
93485  34.107  -23.477  76.375 0.0000000000
185804  34.404  -23.489  75.149 0.0000000000
93504  32.816  -23.210  75.812 0.0000000000
92330  27.904  -23.826  73.135 0.0000000000
94710  30.413  -22.877  73.965 0.0000000000
191436  37.156  -12.312  67.357 0.0000000000
111248  37.548  -11.774  66.027 0.0000000000
191698  35.584  -13.214  66.186 0.0000000000
185690  32.826  -16.158  64.037 0.0000000000
106738  33.411  -14.949  63.311 0.0000000000
122965  50.961  -3.314  49.388 0.0000000000
111265  42.786  -11.865  64.142 0.0000000000
110088  41.074  -11.895  63.137 0.0000000000
111267  41.378  -11.392  63.780 0.0000000000
111288  39.008  -11.726  63.614 0.0000000000
110093  37.199  -12.350  63.838 0.0000000000
114656  45.331  -9.246  66.653 0.0000000000
113572  44.065  -10.618  65.106 0.0000000000
84585  18.872  -29.205  80.989 0.0000000000
85972  18.146  -28.584  82.087 0.0000000000
87331  18.274  -27.705  82.998 0.0000000000
83173  25.103  -29.855  81.416 0.0000000000
84579  26.270  -28.956  81.272 0.0000000000
84596  24.200  -29.613  80.070 0.0000000000
84612  22.916  -29.237  79.635 0.0000000000
84627  22.399  -29.319  78.944 0.0000000000
83207  21.727  -29.637  78.442 0.0000000000
83196  20.938  -29.601  79.244 0.0000000000
83197  20.335  -29.842  79.467 0.0000000000
123955  44.300  -2.805  56.587 0.0000000000
200143  24.166  -29.488  85.728 0.0000000000
193274  45.049  -6.704  62.593 0.0000000000
211104  44.899  -5.463  62.198 0.0000000000
121769  44.762  -4.742  61.908 0.0000000000
122819  44.762  -3.767  61.008 0.0000000000
211578  42.886  -5.295  61.160 0.0000000000
120666  41.504  -5.824  60.021 0.0000000000
85879  21.210  -27.165  88.657 0.0000000000
87260  20.227  -26.821  87.373 0.0000000000
205008  20.679  -26.343  89.210 0.0000000000
88589  19.431  -25.818  89.041 0.0000000000
88581  18.116  -25.636  90.025 0.0000000000
87170  15.863  -26.829  93.579 0.0000000000
85817  14.667  -27.090  93.616 0.0000000000
84423  13.547  -27.563  92.297 0.0000000000
83014  12.858  -28.829  91.676 0.0000000000
83016  11.782  -29.627  92.254 0.0000000000
100924  37.374  -19.184  72.703 0.0000000000
200606  36.272  -19.812  72.621 0.0000000000
97153  34.904  -20.743  71.567 0.0000000000
97145  35.909  -21.119  72.350 0.0000000000
94733  35.521  -22.786  72.581 0.0000000000
93569  34.690  -23.393  72.903 0.0000000000
89915  29.089  -25.778  79.587 0.0000000000
91037  31.589  -25.057  80.187 0.0000000000
91062  30.173  -24.714  79.060 0.0000000000
201564  30.820  -24.279  78.057 0.0000000000
93472  31.245  -23.319  77.047 0.0000000000
93487  31.677  -23.392  76.164 0.0000000000
93490  29.749  -23.611  75.888 0.0000000000
92326  27.629  -24.422  74.580 0.0000000000
106682  34.485  -14.593  67.329 0.0000000000
107805  34.662  -14.277  66.454 0.0000000000
106694  33.444  -14.954  66.459 0.0000000000
104646  32.235  -16.237  65.408 0.0000000000
122937  52.135  -3.793  50.639 0.0000000000
121850  51.188  -4.411  50.728 0.0000000000
215923  40.985  -9.834  61.501 0.0000000000
113622  39.976  -10.003  60.414 0.0000000000
112501  40.257  -10.595  60.837 0.0000000000
108967  39.417  -12.878  61.967 0.0000000000
108979  38.532  -13.095  61.036 0.0000000000
115903  46.817  -8.579  66.046 0.0000000000
115909  46.897  -8.611  64.610 0.0000000000
190844  46.721  -8.160  63.253 0.0000000000
115924  44.716  -8.893  62.528 0.0000000000
114728  42.753  -9.660  62.220 0.0000000000
85942  34.358  -26.310  84.780 0.0000000000
87343  34.669  -25.853  83.620 0.0000000000
87344  32.752  -26.581  83.400 0.0000000000
87361  31.786  -26.974  82.248 0.0000000000
88711  29.748  -26.441  81.180 0.0000000000
85999  26.881  -28.106  80.458 0.0000000000
87375  27.993  -27.444  80.488 0.0000000000
88719  28.526  -26.549  80.299 0.0000000000
88742  26.681  -26.874  78.605 0.0000000000
88753  25.262  -26.727  77.353 0.0000000000
207692  24.348  -27.822  75.808 0.0000000000
127427  51.256  0.184  56.626 0.0000000000
126336  47.836  -1.269  56.129 0.0000000000
126334  49.211  -0.570  55.649 0.0000000000
207454  50.981  -0.322  55.513 0.0000000000
125174  50.436  -1.470  53.920 0.0000000000
125191  49.760  -2.369  53.140 0.0000000000
122911  49.819  -4.008  52.513 0.0000000000
120730  49.869  -5.027  52.100 0.0000000000
197299  22.165  -28.319  82.635 0.0000000000
87327  21.097  -27.763  83.124 0.0000000000
85930  22.113  -27.984  83.831 0.0000000000
85916  22.205  -27.795  85.087 0.0000000000
84490  22.172  -27.677  86.339 0.0000000000
83085  23.749  -28.781  86.792 0.0000000000
84475  22.485  -27.756  87.970 0.0000000000
84462  22.254  -27.915  89.363 0.0000000000
85920  35.166  -26.000  85.255 0.0000000000
84527  33.779  -26.880  85.003 0.0000000000
83138  31.536  -27.871  84.108 0.0000000000
83142  28.518  -28.647  83.271 0.0000000000
81732  27.619  -29.507  83.294 0.0000000000
211853  26.593  -29.798  82.198 0.0000000000
83163  24.463  -30.001  82.131 0.0000000000
84550  23.228  -28.682  82.698 0.0000000000
125093  50.132  -1.852  61.003 0.0000000000
125108  48.345  -1.584  60.059 0.0000000000
125124  46.361  -1.966  58.823 0.0000000000
122837  44.830  -2.924  60.157 0.0000000000
123933  44.490  -2.533  58.737 0.0000000000
123940  44.461  -2.627  58.044 0.0000000000
87313  20.596  -27.416  83.493 0.0000000000
88663  19.307  -26.955  84.039 0.0000000000
87304  17.927  -27.189  84.389 0.0000000000
87271  19.275  -26.532  86.629 0.0000000000
88637  18.032  -26.671  86.300 0.0000000000
87292  16.955  -27.326  85.280 0.0000000000
84499  15.719  -28.263  85.712 0.0000000000
84500  15.070  -28.649  86.077 0.0000000000
88559  18.009  -25.955  91.380 0.0000000000
87218  16.744  -26.040  90.433 0.0000000000
85865  15.343  -26.745  90.541 0.0000000000
87232  15.895  -26.550  89.504 0.0000000000
85881  15.032  -27.803  88.815 0.0000000000
82959  9.844  -29.146  97.553 0.0000000000
114663  39.984  -9.418  67.320 0.0000000000
189174  36.306  -13.759  68.914 0.0000000000
106667  34.577  -14.850  69.113 0.0000000000
105640  33.747  -15.786  69.782 0.0000000000
103493  33.082  -16.685  69.781 0.0000000000
104582  34.651  -16.564  71.255 0.0000000000
103482  33.902  -17.281  70.514 0.0000000000
102229  32.910  -18.013  69.799 0.0000000000
99632  33.053  -19.685  69.837 0.0000000000
98346  33.600  -20.851  69.239 0.0000000000
95963  33.803  -22.282  68.820 0.0000000000
97162  34.724  -21.786  70.886 0.0000000000
95950  34.488  -22.423  69.716 0.0000000000
94781  33.421  -22.810  68.935 0.0000000000
93647  32.078  -23.792  69.008 0.0000000000
93649  30.588  -24.294  69.178 0.0000000000
199982  38.002  -22.371  76.328 0.0000000000
190199  35.709  -24.953  82.644 0.0000000000
89878  36.832  -24.390  81.719 0.0000000000
91031  36.905  -24.278  80.365 0.0000000000
91035  33.425  -24.534  80.253 0.0000000000
92247  35.241  -23.978  79.395 0.0000000000
91048  36.650  -24.194  79.095 0.0000000000
92272  36.927  -23.373  77.757 0.0000000000
93465  36.752  -23.045  76.855 0.0000000000
93519  36.635  -22.850  75.296 0.0000000000
93521  35.674  -23.260  74.800 0.0000000000
191770  34.512  -23.521  73.888 0.0000000000
93556  32.734  -22.900  73.374 0.0000000000
93524  31.781  -22.880  74.967 0.0000000000
94708  31.653  -22.641  74.222 0.0000000000
93573  31.878  -22.985  72.193 0.0000000000
93593  29.952  -23.071  70.870 0.0000000000
112423  38.526  -10.570  65.686 0.0000000000
111272  37.416  -11.593  64.724 0.0000000000
108946  35.342  -12.753  63.524 0.0000000000
107823  34.246  -13.480  64.896 0.0000000000
107837  34.476  -13.608  63.147 0.0000000000
107853  34.970  -13.748  61.977 0.0000000000
119559  49.970  -5.889  51.418 0.0000000000
114660  41.965  -8.941  66.434 0.0000000000
114685  41.543  -9.139  65.970 0.0000000000
114661  41.242  -8.888  66.710 0.0000000000
115892  42.541  -8.579  66.897 0.0000000000
85985  21.037  -28.476  81.084 0.0000000000
85986  20.422  -28.345  81.292 0.0000000000
85984  21.535  -28.391  81.364 0.0000000000
84583  22.099  -28.602  81.351 0.0000000000
86002  21.012  -28.673  80.511 0.0000000000
117172  40.478  -8.133  61.024 0.0000000000
115956  39.744  -8.643  60.127 0.0000000000
114744  39.774  -9.249  60.229 0.0000000000
115947  41.193  -8.166  61.420 0.0000000000
215085  42.289  -7.778  61.955 0.0000000000
117180  40.780  -7.695  61.149 0.0000000000
85801  13.378  -27.862  95.405 0.0000000000
85805  13.339  -27.952  94.772 0.0000000000
85802  12.765  -28.423  95.140 0.0000000000
84395  12.206  -28.317  94.336 0.0000000000
84393  12.049  -28.902  95.420 0.0000000000
97116  38.126  -20.954  75.067 0.0000000000
98284  38.063  -20.630  74.843 0.0000000000
97117  37.625  -21.410  74.930 0.0000000000
97118  37.456  -21.594  74.332 0.0000000000
95880  37.307  -21.999  74.738 0.0000000000
87308  36.995  -24.758  84.219 0.0000000000
210176  36.824  -24.681  83.852 0.0000000000
88764  25.160  -26.439  76.300 0.0000000000
89942  26.345  -25.595  76.169 0.0000000000
89952  25.547  -26.231  75.376 0.0000000000
89951  26.025  -25.890  75.083 0.0000000000
103502  32.387  -17.456  68.426 0.0000000000
103516  32.528  -17.336  67.514 0.0000000000
122890  50.986  -3.167  52.507 0.0000000000
124014  51.681  -3.054  52.666 0.0000000000
122909  51.705  -3.744  52.390 0.0000000000
204866  51.197  -4.308  52.074 0.0000000000
222080  50.993  -4.606  51.814 0.0000000000
120729  50.570  -4.770  52.059 0.0000000000
110100  43.034  -11.632  62.657 0.0000000000
111305  41.562  -12.135  62.010 0.0000000000
110102  42.084  -12.308  62.559 0.0000000000
108957  37.054  -13.001  62.769 0.0000000000
108970  37.292  -13.163  62.066 0.0000000000
108971  36.672  -13.453  62.379 0.0000000000
204771  36.537  -14.006  61.360 0.0000000000
107852  36.219  -13.834  61.880 0.0000000000
111263  44.024  -11.566  63.903 0.0000000000
111262  44.774  -11.595  63.729 0.0000000000
111296  43.686  -11.562  62.925 0.0000000000
111302  43.312  -11.186  62.257 0.0000000000
85951  17.440  -28.409  82.886 0.0000000000
84551  17.105  -28.889  83.080 0.0000000000
84517  16.714  -28.800  83.773 0.0000000000
85924  16.916  -28.075  84.119 0.0000000000
188136  28.106  -28.229  82.225 0.0000000000
84563  28.411  -27.797  82.033 0.0000000000
84578  27.511  -28.279  81.781 0.0000000000
84625  23.514  -29.119  78.458 0.0000000000
84624  24.327  -28.976  78.787 0.0000000000
84651  22.818  -29.243  77.273 0.0000000000
83219  22.413  -29.627  77.584 0.0000000000
95977  33.562  -22.487  68.127 0.0000000000
126292  47.306  -1.321  58.500 0.0000000000
126302  48.444  -0.853  58.336 0.0000000000
126304  47.200  -1.355  57.859 0.0000000000
122895  47.223  -3.683  53.141 0.0000000000
83102  23.788  -29.311  84.783 0.0000000000
84515  23.432  -28.945  84.355 0.0000000000
83111  24.202  -29.529  84.425 0.0000000000
83112  23.731  -29.165  84.214 0.0000000000
122816  47.623  -3.501  61.514 0.0000000000
123891  47.236  -3.019  61.214 0.0000000000
206864  46.186  -3.454  61.451 0.0000000000
194120  21.572  -27.517  86.103 0.0000000000
85901  21.037  -27.229  86.216 0.0000000000
87269  20.766  -27.004  86.787 0.0000000000
87242  17.524  -26.151  88.695 0.0000000000
87253  17.700  -26.046  87.800 0.0000000000
214033  17.000  -26.324  88.235 0.0000000000
87264  16.251  -27.038  87.547 0.0000000000
87255  16.272  -26.733  88.226 0.0000000000
88529  17.016  -26.030  93.449 0.0000000000
84454  13.505  -28.677  90.492 0.0000000000
189683  13.800  -28.085  90.631 0.0000000000
220011  13.655  -28.995  89.982 0.0000000000
83055  13.495  -29.495  89.676 0.0000000000
203223  35.272  -19.103  72.256 0.0000000000
206282  35.165  -18.254  72.442 0.0000000000
206281  34.507  -18.343  71.456 0.0000000000
99611  34.773  -19.177  71.772 0.0000000000
99620  34.272  -19.754  71.587 0.0000000000
205102  34.681  -20.070  71.901 0.0000000000
93571  33.939  -23.488  72.260 0.0000000000
93588  34.271  -23.441  71.619 0.0000000000
93589  33.569  -23.330  71.533 0.0000000000
198945  31.774  -23.166  70.653 0.0000000000
93590  32.565  -23.038  71.601 0.0000000000
192257  31.765  -26.186  81.465 0.0000000000
89893  32.940  -25.342  81.479 0.0000000000
187992  31.640  -25.572  81.030 0.0000000000
92292  32.597  -23.654  77.344 0.0000000000
92291  33.418  -23.936  77.384 0.0000000000
93468  34.361  -23.633  76.879 0.0000000000
93486  33.403  -23.421  76.365 0.0000000000
93470  32.571  -23.384  76.465 0.0000000000
218883  36.578  -12.740  68.013 0.0000000000
110050  36.682  -12.630  67.276 0.0000000000
108917  35.704  -13.515  66.932 0.0000000000
112434  43.063  -10.869  64.782 0.0000000000
111266  42.134  -11.811  63.983 0.0000000000
112453  41.855  -11.061  64.188 0.0000000000
112437  40.431  -10.356  64.798 0.0000000000
112455  39.885  -10.857  64.468 0.0000000000
111270  38.609  -11.346  64.300 0.0000000000
111289  38.289  -11.880  63.968 0.0000000000
115888  45.850  -8.898  67.076 0.0000000000
113557  43.004  -9.704  65.428 0.0000000000
114682  44.109  -9.485  65.991 0.0000000000
113573  43.381  -10.329  64.992 0.0000000000
112433  43.638  -11.090  64.774 0.0000000000
85970  19.432  -27.975  81.774 0.0000000000
85971  18.804  -28.236  81.892 0.0000000000
85949  18.468  -27.889  82.360 0.0000000000
83174  24.467  -29.948  81.348 0.0000000000
83187  24.475  -29.860  80.660 0.0000000000
83175  23.947  -29.805  80.847 0.0000000000
84628  21.593  -29.395  79.056 0.0000000000
83188  19.997  -29.360  79.896 0.0000000000
117162  44.872  -7.986  62.525 0.0000000000
213796  45.032  -7.207  62.877 0.0000000000
119457  43.108  -6.180  62.238 0.0000000000
198801  43.954  -6.216  62.230 0.0000000000
120655  44.285  -5.475  62.012 0.0000000000
120657  43.932  -4.778  61.751 0.0000000000
118324  40.504  -6.983  60.183 0.0000000000
119472  41.748  -6.166  60.718 0.0000000000
119474  40.473  -6.449  59.844 0.0000000000
85871  21.157  -26.936  89.423 0.0000000000
87240  20.715  -26.663  88.728 0.0000000000
87229  19.858  -25.875  89.580 0.0000000000
88569  19.030  -25.283  90.329 0.0000000000
88580  18.861  -25.602  89.500 0.0000000000
87157  15.109  -26.975  94.671 0.0000000000
185755  15.584  -26.927  94.103 0.0000000000
85819  13.371  -27.687  93.328 0.0000000000
198792  13.209  -27.981  92.744 0.0000000000
84424  13.078  -27.937  92.010 0.0000000000
83002  12.754  -28.663  92.441 0.0000000000
83015  12.307  -29.247  91.940 0.0000000000
83003  12.159  -28.961  92.609 0.0000000000
82995  11.675  -29.499  93.739 0.0000000000
82988  11.199  -29.708  95.295 0.0000000000
82989  10.186  -29.563  95.363 0.0000000000
82971  10.357  -29.101  96.259 0.0000000000
100918  37.316  -19.358  73.429 0.0000000000
99587  37.264  -19.507  73.007 0.0000000000
99588  36.915  -19.327  72.656 0.0000000000
98297  36.369  -20.368  72.847 0.0000000000
98304  35.853  -20.414  72.323 0.0000000000
94705  36.259  -22.670  73.286 0.0000000000
94716  36.078  -22.609  72.675 0.0000000000
94717  35.842  -22.841  73.041 0.0000000000
94734  34.937  -23.078  72.475 0.0000000000
93568  35.206  -22.991  73.035 0.0000000000
89916  28.428  -25.836  78.848 0.0000000000
91053  29.767  -25.303  79.451 0.0000000000
91055  28.857  -25.533  78.986 0.0000000000
92295  28.695  -24.695  77.075 0.0000000000
92281  29.685  -24.604  77.943 0.0000000000
92294  29.962  -24.259  77.246 0.0000000000
185051  31.067  -23.615  77.527 0.0000000000
92305  29.758  -24.008  76.588 0.0000000000
93489  30.371  -23.457  76.160 0.0000000000
92306  29.223  -24.067  76.132 0.0000000000
194650  33.952  -14.868  67.948 0.0000000000
106683  33.552  -14.927  67.307 0.0000000000
105661  33.193  -15.431  66.795 0.0000000000
103537  31.848  -16.847  66.191 0.0000000000
216192  32.139  -16.395  65.873 0.0000000000
103550  31.894  -16.705  65.525 0.0000000000
120743  50.854  -5.000  50.965 0.0000000000
120753  50.693  -4.811  50.409 0.0000000000
120744  50.379  -5.389  50.595 0.0000000000
113615  41.640  -10.139  61.719 0.0000000000
113617  40.490  -10.055  61.191 0.0000000000
112493  40.609  -10.793  61.334 0.0000000000
110124  40.304  -12.151  61.713 0.0000000000
111317  39.944  -11.741  61.238 0.0000000000
110135  38.812  -12.711  60.584 0.0000000000
110089  40.250  -12.307  63.398 0.0000000000
108953  40.224  -12.566  62.537 0.0000000000
108954  39.654  -12.753  62.508 0.0000000000
108981  37.478  -13.270  61.241 0.0000000000
196201  38.156  -13.171  61.316 0.0000000000
108980  37.989  -13.269  60.790 0.0000000000
108989  38.053  -13.498  60.236 0.0000000000
114679  46.233  -9.643  66.000 0.0000000000
115886  46.799  -8.538  66.690 0.0000000000
114694  46.441  -9.898  65.385 0.0000000000
113590  46.214  -10.195  63.280 0.0000000000
113583  46.480  -10.082  63.856 0.0000000000
114710  46.470  -9.508  63.559 0.0000000000
115915  46.817  -8.585  63.806 0.0000000000
114716  45.910  -9.632  63.207 0.0000000000
196079  45.701  -9.044  62.930 0.0000000000
114717  45.274  -9.648  62.922 0.0000000000
112490  42.557  -10.592  61.982 0.0000000000
114727  43.256  -9.844  62.557 0.0000000000
113614  42.348  -10.026  61.942 0.0000000000
114735  42.116  -9.475  61.867 0.0000000000
85943  33.049  -26.795  84.294 0.0000000000
85960  33.240  -26.598  83.886 0.0000000000
85961  32.511  -26.828  83.818 0.0000000000
87348  30.223  -27.029  82.092 0.0000000000
85980  31.635  -27.110  82.024 0.0000000000
87363  30.424  -26.847  81.693 0.0000000000
88696  30.555  -26.691  81.420 0.0000000000
88697  29.724  -26.700  81.429 0.0000000000
198314  25.441  -29.159  80.038 0.0000000000
84594  26.538  -28.488  80.761 0.0000000000
84608  25.752  -28.611  79.740 0.0000000000
86024  25.682  -28.139  78.673 0.0000000000
86012  26.399  -27.689  79.571 0.0000000000
87385  26.996  -27.577  79.669 0.0000000000
186343  28.153  -27.027  80.264 0.0000000000
88722  27.095  -27.318  79.374 0.0000000000
88733  27.169  -26.936  79.060 0.0000000000
88734  26.418  -27.367  78.737 0.0000000000
86046  24.130  -28.131  77.053 0.0000000000
87412  25.052  -27.342  77.771 0.0000000000
87413  24.607  -27.692  77.404 0.0000000000
87422  24.931  -27.226  76.854 0.0000000000
86056  24.035  -28.219  76.258 0.0000000000
83208  21.145  -29.886  78.670 0.0000000000
83221  21.329  -30.132  78.054 0.0000000000
126259  51.518  -1.185  60.415 0.0000000000
217138  50.093  -0.296  58.170 0.0000000000
127386  50.825  -0.305  58.786 0.0000000000
127415  50.384  -0.065  57.684 0.0000000000
127401  51.716  -0.251  58.012 0.0000000000
222294  50.736  0.124  57.108 0.0000000000
123965  45.919  -2.246  55.845 0.0000000000
125143  47.161  -1.722  56.343 0.0000000000
125161  48.288  -1.964  54.675 0.0000000000
126354  48.440  -1.481  55.151 0.0000000000
126353  49.086  -0.878  55.063 0.0000000000
127439  50.502  -0.297  55.891 0.0000000000
126367  49.717  -0.978  54.595 0.0000000000
126351  50.766  -0.659  54.576 0.0000000000
125175  49.637  -1.526  54.067 0.0000000000
122893  48.703  -3.429  53.012 0.0000000000
124002  49.022  -2.763  53.298 0.0000000000
122892  49.554  -3.275  52.885 0.0000000000
121825  49.101  -4.038  52.672 0.0000000000
85945  22.681  -28.396  83.041 0.0000000000
85946  22.122  -28.185  83.276 0.0000000000
85929  22.602  -28.298  83.713 0.0000000000
188095  23.102  -28.586  84.997 0.0000000000
85915  22.726  -28.259  84.699 0.0000000000
85908  22.635  -28.147  85.329 0.0000000000
85909  22.273  -27.807  85.687 0.0000000000
84498  22.673  -28.064  86.037 0.0000000000
81681  24.126  -29.372  86.382 0.0000000000
83077  23.289  -28.229  88.038 0.0000000000
84480  22.973  -27.889  87.688 0.0000000000
84474  22.929  -28.096  88.325 0.0000000000
84469  22.466  -27.814  88.643 0.0000000000
186509  34.679  -26.309  85.218 0.0000000000
83140  30.102  -28.256  83.873 0.0000000000
81718  26.421  -30.294  83.353 0.0000000000
203623  26.541  -30.145  82.823 0.0000000000
81747  26.868  -29.885  82.526 0.0000000000
81749  25.654  -30.166  82.523 0.0000000000
83162  25.269  -30.030  82.020 0.0000000000
83145  24.897  -30.240  82.650 0.0000000000
84549  23.544  -28.922  83.240 0.0000000000
84568  22.649  -28.563  82.097 0.0000000000
112510  39.347  -10.807  59.697 0.0000000000
125097  47.215  -2.116  60.282 0.0000000000
125095  48.613  -1.938  60.658 0.0000000000
125109  47.640  -1.726  59.801 0.0000000000
125111  46.276  -2.074  59.563 0.0000000000
121782  43.411  -4.213  60.453 0.0000000000
189900  44.462  -3.418  60.504 0.0000000000
122830  43.873  -3.746  60.130 0.0000000000
217288  43.038  -3.548  58.507 0.0000000000
122843  43.508  -3.263  58.745 0.0000000000
192779  43.326  -3.115  58.112 0.0000000000
123941  43.809  -2.860  57.743 0.0000000000
87312  21.491  -27.612  83.857 0.0000000000
189078  20.990  -27.376  84.152 0.0000000000
87289  19.993  -26.878  85.495 0.0000000000
212666  19.799  -26.922  84.239 0.0000000000
88655  19.352  -26.833  84.585 0.0000000000
87303  18.672  -27.091  84.213 0.0000000000
87290  18.645  -26.850  84.999 0.0000000000
222239  20.159  -26.611  87.774 0.0000000000
202667  19.575  -26.618  87.100 0.0000000000
88627  17.232  -26.718  86.854 0.0000000000
88638  17.310  -26.792  86.413 0.0000000000
87280  17.448  -26.844  85.785 0.0000000000
87281  16.718  -27.104  85.955 0.0000000000
87293  16.316  -27.807  85.486 0.0000000000
85911  15.519  -28.110  86.276 0.0000000000
85903  15.167  -28.315  86.634 0.0000000000
84491  14.812  -28.657  86.929 0.0000000000
87191  17.805  -26.126  92.287 0.0000000000
197305  17.214  -25.946  91.106 0.0000000000
87217  17.687  -26.014  90.634 0.0000000000
87184  15.115  -26.890  92.723 0.0000000000
85837  15.198  -26.712  92.137 0.0000000000
85866  14.769  -27.469  90.068 0.0000000000
85872  15.301  -27.036  89.800 0.0000000000
84470  14.532  -28.272  89.085 0.0000000000
82953  9.954  -29.068  98.354 0.0000000000
82948  9.432  -29.667  99.332 0.0000000000
81526  9.085  -29.624  98.494 0.0000000000
110031  37.904  -12.494  68.683 0.0000000000
106666  35.766  -14.097  69.358 0.0000000000
107784  35.104  -14.337  68.859 0.0000000000
198561  35.022  -14.630  69.590 0.0000000000
105630  34.371  -15.607  70.551 0.0000000000
105639  34.189  -15.452  70.055 0.0000000000
105641  33.044  -16.020  69.506 0.0000000000
104598  33.649  -16.412  70.001 0.0000000000
103440  35.539  -17.125  72.540 0.0000000000
104574  35.009  -16.522  71.883 0.0000000000
102205  33.960  -17.818  70.845 0.0000000000
217921  34.137  -17.402  70.963 0.0000000000
102216  33.652  -17.877  70.321 0.0000000000
218500  33.280  -18.486  70.294 0.0000000000
100971  32.906  -18.889  69.867 0.0000000000
197812  33.302  -19.165  70.440 0.0000000000
97163  33.949  -20.874  70.415 0.0000000000
98336  33.669  -20.454  69.803 0.0000000000
98345  33.829  -21.029  69.734 0.0000000000
97183  33.532  -21.694  69.471 0.0000000000
209492  35.410  -21.199  71.634 0.0000000000
219492  34.918  -21.328  71.306 0.0000000000
95938  34.966  -22.407  70.911 0.0000000000
94755  34.402  -23.276  70.351 0.0000000000
94765  34.523  -22.773  70.153 0.0000000000
94766  34.173  -22.743  69.835 0.0000000000
94780  34.028  -22.340  69.202 0.0000000000
94767  33.531  -22.778  69.501 0.0000000000
93627  32.711  -23.249  69.337 0.0000000000
93611  31.055  -23.613  69.979 0.0000000000
93629  31.146  -23.928  69.738 0.0000000000
93630  30.272  -24.258  69.573 0.0000000000
92381  30.104  -24.323  69.471 0.0000000000
88678  35.507  -25.267  83.357 0.0000000000
87357  34.758  -25.448  83.009 0.0000000000
89891  34.780  -24.851  81.166 0.0000000000
222386  35.144  -25.097  81.490 0.0000000000
88705  35.598  -24.633  81.104 0.0000000000
89890  36.450  -24.423  81.101 0.0000000000
89905  36.076  -24.345  80.505 0.0000000000
91050  31.895  -24.529  79.535 0.0000000000
91036  32.326  -24.623  79.931 0.0000000000
92250  32.978  -24.391  79.684 0.0000000000
92264  34.808  -24.054  78.699 0.0000000000
92248  34.622  -24.120  79.374 0.0000000000
92263  35.524  -24.016  78.601 0.0000000000
91049  35.986  -24.188  79.194 0.0000000000
92262  36.282  -23.989  78.515 0.0000000000
92261  36.866  -23.773  78.504 0.0000000000
92274  35.783  -23.807  77.882 0.0000000000
93467  35.542  -23.532  76.653 0.0000000000
93466  36.347  -23.266  76.736 0.0000000000
93482  36.496  -23.050  76.367 0.0000000000
93498  36.824  -22.955  75.997 0.0000000000
93499  36.345  -22.975  75.753 0.0000000000
93520  36.145  -22.992  75.057 0.0000000000
93500  35.519  -23.250  75.468 0.0000000000
93522  33.644  -23.264  74.960 0.0000000000
93539  34.122  -23.553  74.444 0.0000000000
93540  33.507  -23.370  74.401 0.0000000000
186537  33.813  -23.481  73.862 0.0000000000
93541  32.911  -22.927  74.091 0.0000000000
93506  31.043  -23.325  75.626 0.0000000000
93505  31.649  -23.111  75.452 0.0000000000
205471  30.771  -23.126  75.142 0.0000000000
94720  29.918  -22.799  73.221 0.0000000000
94709  31.116  -22.743  74.123 0.0000000000
94719  30.622  -22.855  73.179 0.0000000000
93557  32.099  -22.828  73.088 0.0000000000
191573  31.266  -22.921  72.661 0.0000000000
94735  31.078  -22.838  71.787 0.0000000000
93574  30.383  -23.053  71.932 0.0000000000
113529  39.510  -9.899  67.626 0.0000000000
113537  39.599  -9.900  66.734 0.0000000000
112409  38.541  -10.620  66.361 0.0000000000
198598  36.405  -12.346  65.502 0.0000000000
111256  37.436  -11.718  65.250 0.0000000000
110071  36.331  -12.217  64.888 0.0000000000
110079  36.365  -12.240  64.348 0.0000000000
108936  35.237  -12.589  64.103 0.0000000000
106709  33.551  -14.548  65.530 0.0000000000
107818  34.539  -13.769  65.693 0.0000000000
106721  33.348  -14.494  64.824 0.0000000000
106748  33.893  -14.664  62.745 0.0000000000
107838  33.923  -14.199  63.468 0.0000000000
107846  34.215  -14.047  62.718 0.0000000000
107845  34.632  -13.583  62.381 0.0000000000
106747  34.399  -14.361  62.153 0.0000000000
125225  51.521  -2.187  49.271 0.0000000000
125238  51.451  -1.648  48.771 0.0000000000
125237  52.126  -1.549  48.609 0.0000000000
120740  49.593  -5.519  51.877 0.0000000000
119560  49.304  -6.206  51.825 0.0000000000
113558  42.435  -9.511  65.385 0.0000000000
113574  42.229  -9.963  65.119 0.0000000000
114695  41.866  -9.374  65.386 0.0000000000
113576  40.862  -9.850  65.154 0.0000000000
113577  39.919  -10.002  65.383 0.0000000000
114659  43.117  -8.786  66.499 0.0000000000
84601  19.980  -28.839  80.374 0.0000000000
84584  19.536  -28.730  80.842 0.0000000000
86004  20.029  -28.524  80.881 0.0000000000
85987  19.769  -28.279  81.311 0.0000000000
215106  19.795  -27.807  82.300 0.0000000000
84582  22.885  -29.274  80.949 0.0000000000
187660  22.240  -29.069  80.825 0.0000000000
188605  21.841  -28.992  80.170 0.0000000000
84614  21.411  -29.153  79.637 0.0000000000
84599  21.189  -28.899  80.143 0.0000000000
84600  20.559  -28.928  80.162 0.0000000000
117181  40.479  -7.649  60.617 0.0000000000
209144  43.404  -8.319  62.162 0.0000000000
117163  43.862  -7.863  62.358 0.0000000000
117164  43.140  -7.563  62.166 0.0000000000
118304  42.724  -6.794  62.311 0.0000000000
119458  42.491  -6.263  61.857 0.0000000000
119461  41.835  -6.378  61.542 0.0000000000
118310  41.660  -6.901  61.608 0.0000000000
118323  41.011  -7.185  60.730 0.0000000000
87215  21.415  -27.163  90.517 0.0000000000
87228  20.873  -26.281  89.768 0.0000000000
87203  21.293  -26.239  90.844 0.0000000000
84401  13.027  -27.917  94.036 0.0000000000
84402  12.213  -28.383  93.830 0.0000000000
82991  11.790  -28.623  94.074 0.0000000000
82992  11.570  -29.406  94.453 0.0000000000
82987  11.647  -29.423  95.150 0.0000000000
82979  11.523  -29.252  95.629 0.0000000000
84391  11.252  -29.080  96.274 0.0000000000
204607  38.296  -20.072  75.137 0.0000000000
98289  37.699  -20.595  74.494 0.0000000000
98290  37.133  -20.393  74.003 0.0000000000
97140  36.247  -21.250  73.059 0.0000000000
95900  37.072  -21.797  73.872 0.0000000000
95887  36.731  -22.337  73.541 0.0000000000
94706  35.907  -22.878  73.720 0.0000000000
89934  26.755  -25.984  77.464 0.0000000000
91076  27.151  -25.499  77.067 0.0000000000
91084  27.506  -24.984  76.680 0.0000000000
92307  27.909  -24.605  76.313 0.0000000000
91093  26.655  -25.325  75.463 0.0000000000
91094  26.234  -25.547  75.002 0.0000000000
104620  32.923  -16.212  67.939 0.0000000000
104626  32.987  -16.057  67.067 0.0000000000
103528  32.912  -16.846  67.169 0.0000000000
103529  32.196  -17.106  66.827 0.0000000000
125189  51.481  -2.024  53.265 0.0000000000
123999  51.983  -2.687  52.956 0.0000000000
121844  52.155  -4.279  51.566 0.0000000000
121845  51.388  -4.430  51.652 0.0000000000
111314  41.548  -10.929  61.718 0.0000000000
112492  41.301  -10.939  61.635 0.0000000000
111315  41.353  -11.349  61.743 0.0000000000
110123  40.922  -11.991  61.808 0.0000000000
220048  38.743  -12.631  62.738 0.0000000000
108955  38.356  -12.741  62.252 0.0000000000
108956  37.692  -12.744  62.454 0.0000000000
107858  36.994  -13.804  60.960 0.0000000000
113570  45.380  -10.670  65.146 0.0000000000
113569  46.041  -10.426  64.949 0.0000000000
112463  45.339  -11.295  63.509 0.0000000000
113597  45.243  -10.607  62.723 0.0000000000
204063  44.948  -10.096  62.731 0.0000000000
112478  44.116  -10.742  62.751 0.0000000000
112480  42.998  -10.703  62.083 0.0000000000
84570  17.862  -29.620  81.936 0.0000000000
84518  16.147  -29.007  84.239 0.0000000000
83103  15.745  -29.340  84.662 0.0000000000
84547  31.410  -27.657  83.555 0.0000000000
84559  31.653  -27.164  83.305 0.0000000000
194250  30.670  -27.540  82.861 0.0000000000
85966  28.760  -27.486  82.003 0.0000000000
84576  28.373  -27.640  81.617 0.0000000000
84610  24.312  -29.257  79.380 0.0000000000
84609  24.847  -28.886  79.216 0.0000000000
84623  24.995  -28.573  78.774 0.0000000000
190965  25.108  -28.266  78.250 0.0000000000
87402  25.470  -27.806  78.214 0.0000000000
86034  24.397  -28.202  77.838 0.0000000000
86047  23.776  -28.541  77.401 0.0000000000
84650  23.292  -28.915  76.986 0.0000000000
84661  22.776  -29.292  76.612 0.0000000000
195188  22.220  -29.711  76.890 0.0000000000
97195  32.985  -21.300  68.166 0.0000000000
217474  48.976  -1.053  59.323 0.0000000000
126288  49.756  -0.660  59.235 0.0000000000
126289  49.198  -0.833  59.039 0.0000000000
195546  48.869  -0.603  58.055 0.0000000000
127403  49.131  -0.432  57.625 0.0000000000
123972  46.902  -2.546  54.902 0.0000000000
123984  46.476  -3.111  54.438 0.0000000000
125177  48.010  -2.453  54.035 0.0000000000
125176  48.808  -2.035  54.148 0.0000000000
122894  47.925  -3.511  53.037 0.0000000000
121840  48.014  -4.604  52.430 0.0000000000
216259  22.863  -28.471  83.973 0.0000000000
84516  23.126  -28.686  84.080 0.0000000000
84507  23.160  -28.675  84.421 0.0000000000
84497  23.485  -28.820  85.454 0.0000000000
81736  24.722  -30.272  83.279 0.0000000000
83146  24.330  -29.788  82.950 0.0000000000
83127  24.287  -29.539  83.790 0.0000000000
83128  23.849  -29.210  83.558 0.0000000000
123904  47.552  -2.489  60.903 0.0000000000
123906  46.180  -2.689  60.548 0.0000000000
121790  42.891  -4.248  59.825 0.0000000000
87287  21.340  -27.475  85.007 0.0000000000
87301  20.867  -27.330  84.698 0.0000000000
87288  20.740  -27.169  85.258 0.0000000000
87278  20.581  -27.022  85.798 0.0000000000
87279  19.757  -26.783  86.103 0.0000000000
88604  18.998  -25.898  88.189 0.0000000000
189614  18.605  -26.085  87.726 0.0000000000
87262  17.425  -26.522  87.190 0.0000000000
87263  16.722  -26.786  87.115 0.0000000000
85893  15.716  -27.589  87.411 0.0000000000
85888  15.176  -27.818  88.005 0.0000000000
87181  17.529  -26.061  92.958 0.0000000000
87192  16.866  -26.064  92.326 0.0000000000
85839  14.102  -27.408  91.981 0.0000000000
193640  14.680  -27.146  91.650 0.0000000000
84440  14.032  -27.599  91.201 0.0000000000
84452  14.216  -27.774  90.346 0.0000000000
84463  14.330  -28.158  89.659 0.0000000000
84464  14.134  -28.629  89.263 0.0000000000
83054  13.944  -28.848  89.634 0.0000000000
106658  35.325  -14.353  70.250 0.0000000000
106646  35.234  -14.462  70.991 0.0000000000
106647  34.670  -14.927  70.788 0.0000000000
105623  34.648  -15.758  70.983 0.0000000000
102156  36.440  -18.288  73.428 0.0000000000
208288  36.122  -17.706  73.519 0.0000000000
102170  36.023  -18.112  73.092 0.0000000000
102183  35.626  -17.779  72.686 0.0000000000
102195  34.725  -17.616  72.139 0.0000000000
103454  34.663  -17.118  71.727 0.0000000000
102196  34.468  -17.705  71.650 0.0000000000
100957  34.078  -18.369  71.155 0.0000000000
99621  33.815  -19.286  71.057 0.0000000000
98327  34.009  -20.234  71.096 0.0000000000
189168  34.863  -22.799  71.238 0.0000000000
93607  34.535  -23.224  71.024 0.0000000000
93608  33.965  -23.341  70.842 0.0000000000
197136  32.545  -23.302  69.923 0.0000000000
194312  30.819  -23.393  70.494 0.0000000000
193185  32.702  -25.953  82.362 0.0000000000
199707  33.360  -25.508  82.378 0.0000000000
88706  33.241  -25.457  81.904 0.0000000000
89892  33.922  -25.125  81.298 0.0000000000
91019  33.688  -24.924  80.842 0.0000000000
211530  32.515  -24.078  78.615 0.0000000000
92266  33.166  -24.166  78.833 0.0000000000
92278  32.939  -24.025  78.025 0.0000000000
92277  33.659  -24.143  78.028 0.0000000000
92276  34.345  -24.161  77.945 0.0000000000
198043  34.611  -23.957  77.316 0.0000000000
215055  34.886  -23.652  76.869 0.0000000000
93484  34.818  -23.542  76.325 0.0000000000
93501  34.952  -23.456  75.636 0.0000000000
93502  34.416  -23.448  75.858 0.0000000000
93503  33.704  -23.314  75.689 0.0000000000
185518  32.918  -23.392  75.162 0.0000000000
93544  28.596  -23.678  73.794 0.0000000000
93542  30.131  -23.116  74.483 0.0000000000
93543  29.273  -23.312  74.087 0.0000000000
93558  29.651  -23.031  73.665 0.0000000000
94721  29.279  -22.697  72.780 0.0000000000
94737  29.229  -22.985  71.878 0.0000000000
93594  28.745  -23.582  71.367 0.0000000000
111225  37.827  -11.474  67.235 0.0000000000
112410  38.108  -11.040  66.702 0.0000000000
111234  37.472  -11.780  66.861 0.0000000000
110064  36.622  -12.571  66.231 0.0000000000
193710  35.385  -12.886  65.560 0.0000000000
105700  33.034  -15.736  64.624 0.0000000000
106729  33.179  -15.067  64.420 0.0000000000
191999  33.151  -15.608  63.832 0.0000000000
122955  50.817  -3.845  49.890 0.0000000000
122964  51.544  -2.855  49.715 0.0000000000
111283  42.929  -12.079  63.710 0.0000000000
110087  41.944  -12.154  63.126 0.0000000000
111284  42.434  -12.155  63.725 0.0000000000
111285  41.654  -11.760  63.546 0.0000000000
111286  40.722  -11.814  63.604 0.0000000000
112454  40.960  -10.858  64.212 0.0000000000
111268  40.393  -11.436  63.950 0.0000000000
110090  39.565  -12.429  63.347 0.0000000000
110091  38.713  -12.365  63.323 0.0000000000
110108  37.419  -12.499  63.110 0.0000000000
108944  36.768  -12.707  63.400 0.0000000000
114655  46.048  -9.279  66.517 0.0000000000
114680  45.647  -9.864  66.230 0.0000000000
114657  44.530  -8.978  66.567 0.0000000000
114681  44.954  -9.768  66.195 0.0000000000
113554  45.166  -10.258  65.686 0.0000000000
112432  44.279  -11.117  64.747 0.0000000000
112450  43.803  -11.438  64.370 0.0000000000
84586  18.257  -29.470  81.434 0.0000000000
84569  18.592  -28.920  81.710 0.0000000000
222258  18.051  -29.134  81.909 0.0000000000
85950  17.890  -28.228  82.622 0.0000000000
85932  17.676  -27.903  83.187 0.0000000000
83171  26.413  -29.361  81.859 0.0000000000
84580  25.480  -29.356  80.862 0.0000000000
84595  24.913  -29.604  80.294 0.0000000000
84597  23.351  -29.439  80.334 0.0000000000
84611  23.664  -29.342  79.583 0.0000000000
193852  23.220  -29.265  79.048 0.0000000000
84626  22.846  -29.247  78.526 0.0000000000
84640  22.340  -29.454  78.221 0.0000000000
125138  45.527  -2.304  57.051 0.0000000000
125137  46.070  -2.012  57.288 0.0000000000
123954  45.414  -2.453  56.371 0.0000000000
81689  24.092  -29.496  85.321 0.0000000000
221123  24.338  -30.203  85.715 0.0000000000
118295  46.625  -6.783  62.570 0.0000000000
119455  46.298  -6.090  62.312 0.0000000000
118302  44.409  -7.074  62.800 0.0000000000
119456  45.453  -5.973  62.346 0.0000000000
120654  45.441  -5.105  62.139 0.0000000000
121768  45.587  -4.496  61.886 0.0000000000
121773  45.882  -3.971  61.591 0.0000000000
122818  45.473  -3.618  61.227 0.0000000000
121775  44.370  -4.239  61.382 0.0000000000
121776  43.648  -4.375  61.226 0.0000000000
120663  43.062  -4.766  60.792 0.0000000000
119471  42.396  -5.826  61.111 0.0000000000
120665  42.123  -5.501  60.421 0.0000000000
120675  41.921  -5.154  59.773 0.0000000000
120676  41.227  -5.468  59.356 0.0000000000
85886  21.315  -27.297  88.049 0.0000000000
85892  21.084  -27.139  87.447 0.0000000000
87251  20.617  -26.997  88.061 0.0000000000
87252  20.144  -26.303  88.208 0.0000000000
87241  20.054  -26.120  88.860 0.0000000000
88603  19.523  -25.934  88.451 0.0000000000
88590  18.909  -25.794  88.780 0.0000000000
88591  18.099  -25.911  89.233 0.0000000000
218674  17.734  -26.193  89.715 0.0000000000
88520  16.216  -26.626  94.079 0.0000000000
185756  15.356  -26.790  93.181 0.0000000000
195372  14.749  -27.294  92.708 0.0000000000
85830  14.162  -27.441  93.299 0.0000000000
184829  14.401  -27.538  92.679 0.0000000000
198150  13.502  -27.612  91.751 0.0000000000
83030  13.012  -29.067  90.905 0.0000000000
81597  11.982  -29.900  91.570 0.0000000000
222475  37.360  -19.058  74.012 0.0000000000
100919  36.958  -18.836  73.544 0.0000000000
100925  36.603  -18.778  73.003 0.0000000000
99597  35.854  -19.319  72.615 0.0000000000
99598  35.604  -19.847  72.376 0.0000000000
98315  35.405  -20.435  71.953 0.0000000000
203703  35.710  -20.888  71.931 0.0000000000
95928  35.436  -21.933  71.818 0.0000000000
95915  36.130  -21.919  72.816 0.0000000000
95916  35.741  -21.898  72.319 0.0000000000
94747  35.077  -22.585  72.017 0.0000000000
93570  34.508  -23.509  72.310 0.0000000000
89908  30.275  -25.693  80.494 0.0000000000
89907  30.970  -25.641  80.701 0.0000000000
91039  30.111  -25.356  79.963 0.0000000000
91052  30.394  -24.786  79.562 0.0000000000
92267  30.882  -24.461  78.790 0.0000000000
91064  29.196  -25.072  78.495 0.0000000000
92280  30.286  -24.553  78.348 0.0000000000
92279  31.433  -24.061  78.140 0.0000000000
92293  31.768  -23.701  77.509 0.0000000000
93471  31.994  -23.502  76.881 0.0000000000
93488  31.007  -23.483  76.323 0.0000000000
93508  29.739  -23.594  75.247 0.0000000000
211640  28.563  -24.303  75.967 0.0000000000
92316  28.400  -23.858  75.094 0.0000000000
93509  29.071  -23.542  75.063 0.0000000000
92325  28.133  -23.983  74.117 0.0000000000
107794  35.130  -14.251  67.988 0.0000000000
187763  35.119  -13.970  67.170 0.0000000000
106693  33.969  -14.634  66.579 0.0000000000
106710  33.366  -14.906  65.868 0.0000000000
104631  32.974  -15.925  66.377 0.0000000000
105674  33.062  -15.422  65.998 0.0000000000
105675  32.627  -15.678  65.383 0.0000000000
104661  32.624  -16.170  64.704 0.0000000000
121849  51.848  -4.204  50.904 0.0000000000
121860  51.505  -3.952  50.348 0.0000000000
120754  50.184  -5.186  50.020 0.0000000000
114737  40.646  -9.276  61.090 0.0000000000
114738  40.251  -9.439  60.659 0.0000000000
111325  40.275  -11.258  60.944 0.0000000000
111326  39.647  -11.545  60.702 0.0000000000
108952  40.905  -12.299  62.378 0.0000000000
108966  40.362  -12.383  62.082 0.0000000000
206576  39.760  -12.675  61.763 0.0000000000
108968  38.736  -13.100  61.704 0.0000000000
108978  39.141  -12.908  61.403 0.0000000000
191903  38.345  -13.115  60.467 0.0000000000
113568  46.512  -10.028  64.637 0.0000000000
115905  46.844  -8.583  65.364 0.0000000000
117156  46.228  -8.175  62.749 0.0000000000
115923  45.369  -8.515  62.677 0.0000000000
193499  44.317  -8.489  62.388 0.0000000000
114719  44.220  -9.960  62.792 0.0000000000
202101  43.575  -9.529  62.682 0.0000000000
115935  43.793  -8.852  62.315 0.0000000000
204713  42.435  -8.903  62.177 0.0000000000
202167  41.827  -8.763  61.805 0.0000000000
210796  35.100  -26.050  84.821 0.0000000000
87324  35.821  -25.440  84.498 0.0000000000
87325  34.932  -25.832  83.929 0.0000000000
87326  34.151  -26.313  84.024 0.0000000000
87346  31.821  -26.913  83.022 0.0000000000
196963  31.933  -26.667  82.792 0.0000000000
88693  32.016  -26.294  82.330 0.0000000000
88694  31.746  -26.512  81.895 0.0000000000
88695  31.284  -26.570  81.529 0.0000000000
88710  30.447  -26.260  81.076 0.0000000000
213647  26.722  -28.545  81.413 0.0000000000
85983  27.451  -28.166  81.295 0.0000000000
85997  27.755  -27.779  80.893 0.0000000000
86000  26.253  -28.054  80.067 0.0000000000
87376  27.391  -27.763  80.254 0.0000000000
87374  28.495  -26.946  80.772 0.0000000000
89897  29.090  -26.311  80.735 0.0000000000
89896  29.895  -26.089  80.863 0.0000000000
89909  28.952  -26.167  80.152 0.0000000000
88731  28.237  -26.210  79.352 0.0000000000
88741  27.321  -26.284  78.643 0.0000000000
88744  25.509  -27.054  78.103 0.0000000000
88751  26.319  -26.373  78.027 0.0000000000
88763  25.510  -26.230  76.928 0.0000000000
87432  24.799  -27.256  75.821 0.0000000000
83220  21.888  -29.883  77.825 0.0000000000
81793  21.529  -30.343  77.395 0.0000000000
99639  32.205  -18.707  68.779 0.0000000000
216369  51.994  -0.346  56.473 0.0000000000
126314  47.114  -1.471  57.119 0.0000000000
206128  47.566  -1.224  56.744 0.0000000000
127417  48.877  -0.403  56.971 0.0000000000
125154  47.498  -1.808  55.732 0.0000000000
127431  48.723  -0.555  56.270 0.0000000000
127430  49.402  -0.438  56.369 0.0000000000
127428  50.662  0.023  56.546 0.0000000000
189559  51.026  -0.070  56.041 0.0000000000
210418  51.525  -0.319  55.701 0.0000000000
213299  51.597  -0.619  54.993 0.0000000000
126365  50.912  -0.971  54.177 0.0000000000
123981  49.283  -2.161  53.623 0.0000000000
217331  49.949  -1.927  53.660 0.0000000000
125190  50.627  -2.059  53.380 0.0000000000
124001  50.397  -2.851  52.979 0.0000000000
122891  50.256  -3.482  52.655 0.0000000000
121837  50.073  -4.567  52.327 0.0000000000
121838  49.428  -4.674  52.384 0.0000000000
85967  21.866  -28.306  81.956 0.0000000000
85948  20.871  -27.954  82.486 0.0000000000
85947  21.549  -28.060  82.689 0.0000000000
85931  21.618  -28.036  83.441 0.0000000000
87311  22.019  -27.778  84.253 0.0000000000
188319  22.515  -28.141  84.095 0.0000000000
85923  22.401  -27.958  84.486 0.0000000000
87299  21.873  -27.661  84.743 0.0000000000
213965  21.717  -27.564  85.203 0.0000000000
83092  23.866  -29.265  85.261 0.0000000000
83093  23.820  -29.053  85.991 0.0000000000
84488  23.238  -28.538  86.298 0.0000000000
195037  23.616  -28.543  87.594 0.0000000000
83086  23.311  -28.231  87.298 0.0000000000
84489  22.817  -27.946  86.860 0.0000000000
84481  22.371  -27.644  87.226 0.0000000000
85891  21.836  -27.453  87.634 0.0000000000
85885  21.924  -27.475  88.343 0.0000000000
85878  21.847  -27.434  89.058 0.0000000000
85870  21.689  -27.380  89.874 0.0000000000
84451  22.149  -27.875  90.114 0.0000000000
85863  21.689  -27.424  90.472 0.0000000000
186486  37.097  -25.175  84.800 0.0000000000
85919  35.795  -25.519  85.113 0.0000000000
201495  34.698  -26.227  84.994 0.0000000000
85927  34.117  -26.585  84.901 0.0000000000
84544  32.689  -26.954  84.536 0.0000000000
84529  32.457  -27.262  84.724 0.0000000000
84546  31.828  -27.352  83.853 0.0000000000
84548  30.614  -27.813  83.388 0.0000000000
220882  28.660  -28.106  82.802 0.0000000000
83158  27.783  -28.600  82.535 0.0000000000
81731  28.339  -29.096  83.631 0.0000000000
83144  27.496  -29.155  82.748 0.0000000000
83160  26.906  -29.248  82.242 0.0000000000
83172  25.790  -29.615  81.562 0.0000000000
218786  24.808  -30.067  81.744 0.0000000000
83164  23.856  -29.754  81.698 0.0000000000
206449  23.990  -29.756  82.411 0.0000000000
198965  23.666  -29.225  82.435 0.0000000000
84567  23.324  -28.952  81.754 0.0000000000
113631  39.456  -9.761  59.791 0.0000000000
125091  51.204  -1.602  60.808 0.0000000000
126261  50.170  -1.493  60.454 0.0000000000
125094  49.159  -1.876  60.832 0.0000000000
125107  49.069  -1.503  60.280 0.0000000000
217579  49.633  -1.419  60.184 0.0000000000
126278  48.092  -1.278  59.414 0.0000000000
125122  47.454  -1.500  59.124 0.0000000000
125131  46.091  -1.917  58.038 0.0000000000
122828  45.796  -3.055  61.038 0.0000000000
123907  45.515  -2.802  60.368 0.0000000000
122839  43.686  -3.529  59.414 0.0000000000
123923  44.618  -2.631  59.481 0.0000000000
123922  45.291  -2.491  59.706 0.0000000000
123932  45.109  -2.199  59.027 0.0000000000
125125  45.602  -1.926  58.596 0.0000000000
123945  45.138  -2.516  57.623 0.0000000000
123946  44.427  -2.758  57.321 0.0000000000
87328  20.433  -27.720  82.706 0.0000000000
87329  19.782  -27.526  82.827 0.0000000000
185084  20.393  -27.112  84.171 0.0000000000
185961  19.708  -27.144  83.573 0.0000000000
87330  18.991  -27.446  82.834 0.0000000000
87314  18.832  -27.291  83.551 0.0000000000
87315  18.119  -27.537  83.686 0.0000000000
87316  17.472  -27.678  83.830 0.0000000000
87270  20.018  -26.817  86.699 0.0000000000
88636  18.839  -26.591  86.187 0.0000000000
87261  18.856  -26.429  87.121 0.0000000000
88647  18.281  -26.776  85.699 0.0000000000
87291  17.678  -26.908  85.094 0.0000000000
87305  17.214  -27.454  84.559 0.0000000000
85917  16.578  -27.919  84.767 0.0000000000
84508  15.956  -28.501  84.881 0.0000000000
84509  15.406  -29.017  85.337 0.0000000000
87282  16.118  -27.634  86.261 0.0000000000
202172  18.961  -25.245  91.053 0.0000000000
88570  18.244  -25.516  90.887 0.0000000000
191654  17.447  -26.201  89.966 0.0000000000
87231  16.543  -26.171  89.765 0.0000000000
190142  15.862  -26.269  91.909 0.0000000000
85853  15.231  -26.701  91.344 0.0000000000
87206  15.891  -26.351  91.162 0.0000000000
206075  16.527  -26.061  90.967 0.0000000000
215342  16.062  -26.314  90.627 0.0000000000
212583  16.405  -26.282  89.239 0.0000000000
85887  15.584  -27.229  88.532 0.0000000000
84471  14.106  -28.759  88.767 0.0000000000
84476  14.600  -28.374  88.398 0.0000000000
84482  14.739  -28.533  87.649 0.0000000000
84385  10.902  -28.789  96.960 0.0000000000
82972  10.045  -29.127  96.832 0.0000000000
81534  9.691  -29.311  97.368 0.0000000000
82954  9.360  -29.275  98.513 0.0000000000
114646  41.007  -8.755  67.451 0.0000000000
108904  37.028  -12.606  68.156 0.0000000000
108905  36.680  -12.963  68.478 0.0000000000
107782  36.275  -13.518  68.439 0.0000000000
106674  34.570  -14.701  68.292 0.0000000000
106675  34.000  -15.044  68.676 0.0000000000
212771  34.426  -14.952  69.745 0.0000000000
106668  34.053  -15.240  69.451 0.0000000000
105648  33.503  -15.510  69.096 0.0000000000
104609  32.829  -16.351  68.827 0.0000000000
103501  32.666  -16.894  69.161 0.0000000000
102241  32.488  -17.596  69.184 0.0000000000
105609  35.011  -15.628  71.590 0.0000000000
104590  34.290  -16.331  70.775 0.0000000000
103468  34.403  -17.256  71.259 0.0000000000
103469  34.176  -16.933  70.917 0.0000000000
104591  33.911  -16.679  70.511 0.0000000000
103483  33.501  -17.354  69.973 0.0000000000
194901  32.842  -17.250  69.703 0.0000000000
102230  32.293  -18.199  69.225 0.0000000000
100982  32.444  -18.636  69.457 0.0000000000
202193  32.525  -19.224  69.349 0.0000000000
198863  33.330  -20.334  69.278 0.0000000000
98358  33.008  -20.629  68.650 0.0000000000
97184  33.245  -21.507  68.836 0.0000000000
191613  33.760  -22.467  68.573 0.0000000000
197038  34.409  -21.008  71.067 0.0000000000
97173  34.231  -21.685  70.500 0.0000000000
95949  34.634  -22.379  70.339 0.0000000000
215744  34.428  -22.183  69.923 0.0000000000
95962  34.203  -22.250  69.495 0.0000000000
93646  32.775  -23.302  68.483 0.0000000000
93666  31.371  -23.948  68.626 0.0000000000
93628  31.645  -23.604  69.469 0.0000000000
92396  30.881  -24.110  68.738 0.0000000000
95872  37.751  -21.722  76.090 0.0000000000
87342  36.164  -25.037  83.649 0.0000000000
188684  36.948  -24.556  82.905 0.0000000000
88690  36.549  -24.595  82.396 0.0000000000
88691  34.958  -25.167  82.184 0.0000000000
89879  35.931  -24.804  81.768 0.0000000000
91030  37.479  -24.070  79.981 0.0000000000
91021  32.247  -25.012  80.662 0.0000000000
207439  32.742  -24.611  80.393 0.0000000000
91034  34.105  -24.522  80.352 0.0000000000
190005  33.564  -24.309  79.471 0.0000000000
92249  34.107  -24.351  79.727 0.0000000000
91033  34.803  -24.205  80.083 0.0000000000
91032  35.635  -24.062  79.983 0.0000000000
207561  36.979  -24.221  79.618 0.0000000000
91047  37.148  -23.967  79.243 0.0000000000
92260  37.413  -23.665  78.845 0.0000000000
92288  36.037  -23.573  77.218 0.0000000000
92286  36.920  -23.175  77.296 0.0000000000
93464  37.140  -22.976  77.068 0.0000000000
93497  37.422  -22.825  76.112 0.0000000000
94684  37.643  -22.514  75.843 0.0000000000
94692  37.374  -22.403  75.205 0.0000000000
94693  36.954  -22.515  74.735 0.0000000000
93536  36.036  -23.033  74.341 0.0000000000
93537  35.573  -23.231  74.123 0.0000000000
186454  35.108  -23.409  75.005 0.0000000000
187758  35.284  -23.536  74.442 0.0000000000
93538  35.100  -23.385  73.983 0.0000000000
93554  34.290  -23.530  73.325 0.0000000000
93555  33.554  -23.494  73.047 0.0000000000
191629  32.164  -23.193  75.800 0.0000000000
184950  32.223  -23.177  75.304 0.0000000000
93523  32.436  -22.948  74.806 0.0000000000
94696  30.871  -22.933  74.669 0.0000000000
94695  31.451  -22.729  74.637 0.0000000000
94694  32.064  -22.637  74.473 0.0000000000
94707  32.172  -22.785  73.838 0.0000000000
93572  32.739  -22.971  72.606 0.0000000000
93592  30.623  -23.027  71.176 0.0000000000
199610  30.134  -23.582  70.328 0.0000000000
94748  29.274  -23.276  70.841 0.0000000000
93613  29.838  -23.541  70.230 0.0000000000
93631  29.857  -24.054  70.100 0.0000000000
113536  40.184  -9.411  66.482 0.0000000000
113561  39.703  -9.908  65.983 0.0000000000
112439  38.653  -10.640  65.160 0.0000000000
112424  38.102  -10.905  65.953 0.0000000000
112440  38.171  -10.887  65.321 0.0000000000
111254  38.293  -11.003  64.855 0.0000000000
110078  36.912  -12.033  64.340 0.0000000000
110094  36.469  -12.400  63.902 0.0000000000
108959  35.613  -13.085  62.936 0.0000000000
107817  35.224  -13.822  66.319 0.0000000000
211399  35.101  -13.361  65.797 0.0000000000
108932  34.855  -13.194  65.228 0.0000000000
107831  33.867  -14.052  64.426 0.0000000000
107830  34.384  -13.613  64.023 0.0000000000
108937  34.788  -13.085  64.466 0.0000000000
215436  35.425  -13.496  61.987 0.0000000000
120739  50.285  -5.361  51.694 0.0000000000
187738  49.623  -6.357  51.133 0.0000000000
81680  24.251  -29.948  86.154 0.0000000000
81733  26.969  -30.089  83.046 0.0000000000
81734  26.014  -30.279  82.911 0.0000000000
81746  27.193  -29.763  82.821 0.0000000000
81748  26.322  -30.050  82.470 0.0000000000
82981  10.099  -29.337  96.040 0.0000000000
82994  11.908  -28.778  93.372 0.0000000000
83139  30.870  -28.079  83.974 0.0000000000
83141  29.461  -28.392  83.604 0.0000000000
83143  28.000  -28.948  83.070 0.0000000000
83155  29.848  -28.070  83.381 0.0000000000
83156  29.183  -28.041  82.958 0.0000000000
83157  28.330  -28.360  82.701 0.0000000000
83159  27.281  -28.791  82.448 0.0000000000
83161  25.969  -29.860  82.004 0.0000000000
83186  24.889  -29.869  80.864 0.0000000000
84380  10.483  -28.924  98.081 0.0000000000
84526  34.244  -26.664  85.207 0.0000000000
84528  32.963  -27.070  84.956 0.0000000000
84530  32.004  -27.566  84.380 0.0000000000
84543  33.270  -26.891  84.754 0.0000000000
84545  32.225  -27.119  84.203 0.0000000000
84560  31.278  -27.439  83.007 0.0000000000
84562  29.107  -27.644  82.446 0.0000000000
84564  27.673  -28.404  82.190 0.0000000000
84566  26.758  -28.693  81.868 0.0000000000
84602  19.502  -29.282  80.421 0.0000000000
85829  14.835  -27.125  93.151 0.0000000000
85880  15.421  -27.209  89.207 0.0000000000
85910  21.866  -27.604  85.650 0.0000000000
85913  35.547  -25.704  85.494 0.0000000000
85928  33.787  -26.729  84.723 0.0000000000
85941  35.374  -25.904  84.842 0.0000000000
85962  32.023  -26.976  83.705 0.0000000000
85963  31.714  -27.268  82.551 0.0000000000
85965  30.069  -27.354  82.503 0.0000000000
85981  28.894  -27.183  81.698 0.0000000000
85982  27.926  -27.920  81.436 0.0000000000
85998  27.330  -28.051  80.780 0.0000000000
86013  25.963  -28.068  79.372 0.0000000000
86025  24.567  -28.564  78.375 0.0000000000
87147  13.910  -27.488  95.018 0.0000000000
87171  15.132  -26.887  93.606 0.0000000000
87204  17.555  -26.044  91.761 0.0000000000
87216  21.159  -26.242  90.291 0.0000000000
87219  15.945  -26.445  90.102 0.0000000000
87230  17.235  -26.183  89.384 0.0000000000
87244  15.968  -26.570  88.889 0.0000000000
87273  16.210  -27.347  86.964 0.0000000000
87309  36.545  -25.277  84.877 0.0000000000
87345  32.122  -26.742  83.338 0.0000000000
87347  31.019  -27.159  82.114 0.0000000000
87349  29.368  -27.151  82.129 0.0000000000
87358  33.940  -25.474  82.651 0.0000000000
87360  32.282  -26.419  82.903 0.0000000000
87362  31.225  -26.907  81.674 0.0000000000
87364  29.575  -26.880  81.761 0.0000000000
87366  28.231  -27.517  81.060 0.0000000000
87384  27.632  -27.337  79.889 0.0000000000
87392  26.613  -27.462  79.206 0.0000000000
87401  25.954  -27.546  78.519 0.0000000000
87423  24.435  -27.697  76.576 0.0000000000
88625  18.525  -26.484  86.661 0.0000000000
88626  17.845  -26.615  86.822 0.0000000000
88646  19.458  -26.811  85.116 0.0000000000
88662  37.601  -24.779  84.416 0.0000000000
88677  36.275  -24.724  83.001 0.0000000000
88689  36.965  -24.442  82.139 0.0000000000
88698  29.105  -26.875  81.457 0.0000000000
88707  32.540  -25.849  81.910 0.0000000000
88709  31.124  -26.095  81.175 0.0000000000
88712  29.057  -26.678  81.171 0.0000000000
88720  28.045  -26.696  79.805 0.0000000000
88721  27.527  -27.015  79.473 0.0000000000
88732  27.741  -26.586  79.185 0.0000000000
88743  26.166  -27.038  78.343 0.0000000000
88752  25.791  -26.529  77.739 0.0000000000
89894  32.273  -25.445  81.278 0.0000000000
89910  28.552  -26.192  79.806 0.0000000000
89917  27.967  -26.139  78.847 0.0000000000
89925  26.812  -26.238  78.205 0.0000000000
89933  27.335  -25.916  77.783 0.0000000000
89943  25.715  -25.900  76.053 0.0000000000
89950  26.219  -25.685  75.486 0.0000000000
91018  34.442  -24.548  80.788 0.0000000000
91038  30.724  -25.173  80.083 0.0000000000
91046  37.694  -23.752  79.533 0.0000000000
91051  31.191  -24.645  79.519 0.0000000000
91054  29.321  -25.324  79.068 0.0000000000
91063  29.720  -24.914  78.760 0.0000000000
91065  28.715  -25.452  78.259 0.0000000000
91073  29.014  -24.884  77.749 0.0000000000
91075  27.761  -25.355  77.345 0.0000000000
91092  27.340  -24.958  75.877 0.0000000000
91103  26.058  -25.503  74.485 0.0000000000
92251  32.463  -24.260  79.250 0.0000000000
92273  36.456  -23.606  77.802 0.0000000000
92287  36.659  -23.308  77.189 0.0000000000
92296  28.057  -24.769  76.952 0.0000000000
92304  30.559  -23.828  76.911 0.0000000000
92315  29.071  -23.744  75.574 0.0000000000
92317  27.793  -24.481  75.497 0.0000000000
92331  27.556  -24.503  73.616 0.0000000000
93469  33.812  -23.658  76.888 0.0000000000
93480  37.495  -22.855  76.785 0.0000000000
93481  36.993  -22.942  76.564 0.0000000000
93507  30.344  -23.416  75.472 0.0000000000
93525  31.246  -22.915  75.106 0.0000000000
93527  29.602  -23.384  74.763 0.0000000000
93528  28.820  -23.540  74.526 0.0000000000
93535  36.435  -22.793  74.666 0.0000000000
93553  34.881  -23.195  73.467 0.0000000000
93595  28.191  -23.789  71.020 0.0000000000
94677  37.830  -22.658  76.481 0.0000000000
94685  37.166  -22.715  75.517 0.0000000000
94718  31.521  -22.802  73.565 0.0000000000
94736  29.643  -22.861  71.540 0.0000000000
95886  37.019  -22.137  74.136 0.0000000000
95901  36.569  -21.892  73.355 0.0000000000
95937  35.201  -21.848  71.295 0.0000000000
97139  36.683  -20.952  73.627 0.0000000000
99580  37.832  -19.983  74.782 0.0000000000
100910  37.166  -18.608  74.509 0.0000000000
102184  35.159  -17.519  72.384 0.0000000000
103492  33.696  -16.920  70.118 0.0000000000
103551  31.637  -17.716  65.358 0.0000000000
104632  32.478  -15.926  65.872 0.0000000000
105649  33.083  -15.779  68.577 0.0000000000
105655  33.173  -15.575  67.629 0.0000000000
106728  33.480  -14.595  64.033 0.0000000000
107775  36.578  -13.703  69.402 0.0000000000
107783  35.707  -13.941  68.541 0.0000000000
107819  34.021  -14.322  65.921 0.0000000000
107824  33.879  -14.053  65.235 0.0000000000
108916  36.135  -12.967  66.707 0.0000000000
108925  35.914  -12.675  65.926 0.0000000000
108945  36.045  -12.773  63.488 0.0000000000
108947  34.870  -13.085  63.678 0.0000000000
108960  34.967  -13.189  62.941 0.0000000000
108972  35.834  -13.328  62.324 0.0000000000
108973  35.121  -13.292  62.233 0.0000000000
110041  37.549  -12.150  67.915 0.0000000000
110049  37.185  -12.318  66.510 0.0000000000
110063  37.037  -12.119  65.739 0.0000000000
110070  36.789  -11.927  65.146 0.0000000000
110072  35.806  -12.512  65.225 0.0000000000
110077  37.678  -12.024  64.318 0.0000000000
110080  35.793  -12.439  64.518 0.0000000000
110086  42.549  -12.304  63.209 0.0000000000
110092  37.907  -12.309  63.650 0.0000000000
110095  35.811  -12.475  63.961 0.0000000000
110101  42.570  -12.176  62.636 0.0000000000
110103  41.411  -12.247  62.628 0.0000000000
110104  40.567  -12.331  62.891 0.0000000000
110105  39.917  -12.640  63.027 0.0000000000
110114  42.070  -12.138  62.151 0.0000000000
111218  38.210  -12.226  68.837 0.0000000000
111233  37.692  -11.196  66.367 0.0000000000
111247  37.881  -11.339  65.630 0.0000000000
111255  37.893  -11.276  65.013 0.0000000000
111264  43.344  -11.783  64.057 0.0000000000
111269  39.403  -11.329  64.094 0.0000000000
111271  38.014  -11.456  64.585 0.0000000000
111273  36.854  -11.821  64.738 0.0000000000
111280  44.881  -11.431  63.140 0.0000000000
111281  44.303  -11.629  63.311 0.0000000000
111282  43.531  -11.806  63.556 0.0000000000
111287  39.922  -12.035  63.776 0.0000000000
111301  43.825  -11.090  62.684 0.0000000000
111304  41.892  -11.439  61.891 0.0000000000
111316  40.752  -11.325  61.526 0.0000000000
112402  38.121  -11.118  67.734 0.0000000000
112431  44.951  -11.100  64.713 0.0000000000
112435  42.319  -10.670  64.668 0.0000000000
112438  39.395  -10.401  65.021 0.0000000000
112446  46.228  -10.563  63.603 0.0000000000
112447  45.821  -11.004  63.894 0.0000000000
112451  43.227  -11.536  64.451 0.0000000000
112452  42.447  -11.511  64.357 0.0000000000
112470  45.809  -10.741  63.117 0.0000000000
112471  45.267  -11.055  63.003 0.0000000000
112472  44.828  -11.036  62.733 0.0000000000
112479  43.561  -10.651  62.506 0.0000000000
112481  42.305  -10.971  61.927 0.0000000000
112491  41.996  -10.697  61.851 0.0000000000
113538  38.997  -10.294  67.120 0.0000000000
113555  44.449  -10.119  65.557 0.0000000000
113556  43.722  -9.887  65.408 0.0000000000
113559  41.227  -9.354  65.510 0.0000000000
113562  39.033  -10.200  66.149 0.0000000000
113571  44.711  -10.699  65.169 0.0000000000
113575  41.679  -9.858  65.007 0.0000000000
113578  39.124  -10.223  65.517 0.0000000000
113598  44.496  -10.420  62.704 0.0000000000
113603  43.861  -10.282  62.743 0.0000000000
113605  42.936  -10.248  62.136 0.0000000000
113616  41.029  -10.471  61.571 0.0000000000
114654  46.499  -9.065  66.325 0.0000000000
114662  40.565  -9.018  66.974 0.0000000000
114678  46.678  -9.278  65.744 0.0000000000
114683  43.368  -9.303  65.954 0.0000000000
114686  40.837  -9.148  66.219 0.0000000000
114693  46.691  -9.335  65.045 0.0000000000
114703  46.659  -9.343  64.226 0.0000000000
114718  44.643  -9.587  62.787 0.0000000000
114726  43.692  -9.913  62.728 0.0000000000
114736  41.328  -9.159  61.467 0.0000000000
115922  46.357  -8.853  63.225 0.0000000000
115934  44.075  -9.409  62.711 0.0000000000
115936  43.181  -9.126  62.330 0.0000000000
115946  42.020  -8.135  61.776 0.0000000000
115955  40.249  -8.776  60.628 0.0000000000
117170  42.386  -7.422  62.266 0.0000000000
117171  41.895  -7.428  61.786 0.0000000000
118301  45.822  -6.864  62.453 0.0000000000
118309  42.109  -6.823  61.963 0.0000000000
119473  40.958  -6.412  60.367 0.0000000000
120656  43.575  -5.531  61.872 0.0000000000
120658  43.350  -5.035  61.434 0.0000000000
120664  42.630  -5.248  60.710 0.0000000000
121774  45.158  -4.165  61.437 0.0000000000
121781  44.017  -3.859  60.882 0.0000000000
121783  42.457  -4.697  60.274 0.0000000000
121789  43.446  -4.059  59.700 0.0000000000
122817  46.940  -3.462  61.485 0.0000000000
122829  45.114  -3.221  60.782 0.0000000000
122838  44.194  -3.110  59.865 0.0000000000
122842  44.057  -2.985  59.102 0.0000000000
122845  42.359  -3.878  59.339 0.0000000000
122848  43.183  -3.061  57.454 0.0000000000
123905  46.870  -2.606  60.724 0.0000000000
123921  45.902  -2.350  59.952 0.0000000000
123934  43.874  -2.784  58.428 0.0000000000
123939  45.055  -2.213  58.366 0.0000000000
123982  48.661  -2.481  53.723 0.0000000000
125092  50.664  -1.726  60.890 0.0000000000
125096  47.937  -2.061  60.443 0.0000000000
125110  46.908  -1.897  59.511 0.0000000000
125112  45.737  -2.069  59.277 0.0000000000
125123  46.927  -1.669  58.838 0.0000000000
125130  46.715  -1.589  58.294 0.0000000000
125132  45.681  -2.162  57.631 0.0000000000
125144  46.583  -1.873  56.847 0.0000000000
125153  47.859  -1.934  55.246 0.0000000000
125163  47.229  -2.155  55.334 0.0000000000
125172  51.783  -1.490  53.570 0.0000000000
126260  50.851  -1.363  60.450 0.0000000000
126262  49.629  -1.677  60.683 0.0000000000
126276  49.318  -1.126  59.643 0.0000000000
126277  48.729  -1.211  59.640 0.0000000000
126291  47.934  -1.123  58.757 0.0000000000
126301  49.023  -0.718  58.499 0.0000000000
126303  47.825  -1.065  58.092 0.0000000000
126312  48.413  -0.648  57.627 0.0000000000
126335  48.478  -0.943  55.705 0.0000000000
126350  51.308  -0.693  54.535 0.0000000000
126352  50.251  -0.677  54.670 0.0000000000
126366  50.306  -0.983  54.288 0.0000000000
127373  50.492  -0.612  59.447 0.0000000000
127385  51.573  -0.326  58.702 0.0000000000
127388  49.603  -0.485  58.534 0.0000000000
127402  50.578  -0.190  58.173 0.0000000000
127412  52.497  -0.217  57.097 0.0000000000
127413  51.818  -0.182  57.263 0.0000000000
127414  51.063  0.041  57.570 0.0000000000
127429  50.022  -0.278  56.463 0.0000000000
127440  49.913  -0.436  55.744 0.0000000000
127448  51.146  -0.499  55.019 0.0000000000
127449  50.496  -0.415  55.116 0.0000000000
127450  49.787  -0.554  55.044 0.0000000000
184771  26.980  -28.305  81.056 0.0000000000
184911  44.945  -2.625  56.856 0.0000000000
185941  26.741  -27.786  79.978 0.0000000000
187024  33.754  -26.082  83.405 0.0000000000
187410  30.414  -24.258  77.651 0.0000000000
187545  29.605  -25.896  80.149 0.0000000000
187624  34.791  -23.625  74.469 0.0000000000
187748  41.621  -12.280  62.190 0.0000000000
187894  31.672  -26.844  81.859 0.0000000000
189297  25.135  -30.377  83.535 0.0000000000
190309  37.591  -12.653  68.601 0.0000000000
191697  36.229  -13.092  67.734 0.0000000000
192804  44.668  -6.164  62.312 0.0000000000
193260  33.612  -14.637  66.089 0.0000000000
193549  37.092  -19.512  72.738 0.0000000000
193565  26.657  -25.640  76.770 0.0000000000
193670  35.974  -23.093  75.930 0.0000000000
193793  48.179  -0.827  56.753 0.0000000000
194589  28.529  -27.988  82.495 0.0000000000
195285  51.377  -3.506  49.875 0.0000000000
196419  26.019  -28.833  80.396 0.0000000000
197124  27.136  -29.426  82.534 0.0000000000
197657  35.537  -22.438  72.309 0.0000000000
197842  46.474  -1.959  56.061 0.0000000000
198253  33.870  -26.457  84.223 0.0000000000
200581  45.104  -9.188  62.771 0.0000000000
200942  29.322  -24.429  77.222 0.0000000000
200960  36.406  -24.257  79.775 0.0000000000
201481  37.758  -21.048  74.580 0.0000000000
204432  42.653  -9.080  65.991 0.0000000000
205557  39.118  -12.864  62.332 0.0000000000
208260  45.520  -2.072  58.074 0.0000000000
209713  50.490  -1.198  59.968 0.0000000000
209784  45.989  -4.712  62.182 0.0000000000
210035  51.108  -0.220  58.214 0.0000000000
210702  50.188  -0.116  57.124 0.0000000000
211387  25.270  -28.879  79.551 0.0000000000
212625  18.315  -26.476  86.919 0.0000000000
213138  30.369  -24.027  70.020 0.0000000000
213171  35.988  -23.247  76.335 0.0000000000
214327  24.259  -29.789  85.750 0.0000000000
214527  35.960  -23.072  75.421 0.0000000000
214781  42.520  -3.736  58.695 0.0000000000
215559  46.286  -2.661  54.947 0.0000000000
215648  39.873  -12.701  62.152 0.0000000000
215881  48.004  -1.526  55.599 0.0000000000
216373  27.029  -28.393  81.681 0.0000000000
216460  28.837  -28.296  83.214 0.0000000000
216655  46.352  -8.691  67.689 0.0000000000
217175  48.272  -0.828  56.192 0.0000000000
217449  13.761  -27.621  92.880 0.0000000000
217602  35.505  -18.862  72.527 0.0000000000
218023  49.299  -0.511  58.105 0.0000000000
218054  41.595  -7.760  61.571 0.0000000000
218114  49.779  -0.380  57.770 0.0000000000
218877  35.675  -21.354  71.911 0.0000000000
218909  33.267  -14.986  63.855 0.0000000000
219163  32.768  -16.419  69.440 0.0000000000
219914  37.608  -20.873  74.374 0.0000000000
220744  28.612  -25.876  79.375 0.0000000000
220993  26.759  -27.265  78.966 0.0000000000
221073  34.221  -23.661  72.756 0.0000000000
221150  30.583  -23.124  74.868 0.0000000000
221615  14.887  -28.684  86.511 0.0000000000
221673  42.799  -11.412  64.471 0.0000000000
222010  30.164  -23.750  70.181 0.0000000000
222077  42.850  -11.145  62.064 0.0000000000
222343  28.423  -24.548  76.585 0.0000000000
