#!ascii label  , from subject sub-05_ses-011.long.sub-05 vox2ras=TkReg
2088
10139  29.747  -56.546  -35.227 0.5000000000
12727  20.885  -55.221  -32.515 0.6000000238
13677  20.478  -54.274  -33.375 0.6000000238
218695  19.615  -53.448  -33.063 0.6000000238
13689  19.582  -53.915  -34.253 0.6999999881
14616  18.522  -53.362  -33.804 0.6000000238
13698  19.355  -53.661  -34.936 0.6999999881
14640  18.567  -53.212  -35.067 0.6000000238
11732  24.724  -55.756  -27.613 0.5000000000
13610  26.628  -53.672  -29.614 0.6000000238
13611  26.170  -53.974  -29.277 0.6000000238
11749  25.228  -55.399  -28.662 0.5000000000
14584  28.385  -53.524  -30.742 0.5000000000
206984  27.232  -53.665  -30.406 0.4000000060
12686  26.149  -54.663  -30.100 0.5000000000
12672  25.629  -54.963  -29.059 0.6000000238
12615  20.419  -55.069  -25.841 0.5000000000
189377  29.913  -54.263  -33.301 0.4000000060
11715  20.565  -55.277  -26.783 0.5000000000
12632  19.394  -54.351  -26.402 0.5000000000
11734  20.636  -55.453  -27.496 0.6000000238
11766  20.790  -55.149  -29.663 0.6000000238
12712  21.798  -55.265  -31.792 0.6000000238
12738  21.906  -54.904  -33.284 0.6999999881
11817  20.805  -55.681  -31.345 0.6000000238
12751  20.982  -54.481  -33.783 0.6999999881
213869  22.477  -54.525  -35.115 0.6000000238
12759  21.435  -54.262  -34.468 0.6999999881
15631  21.715  -53.205  -35.103 0.6000000238
14651  20.745  -53.261  -35.514 0.6000000238
195924  20.103  -53.191  -35.560 0.6999999881
211793  20.707  -52.324  -34.872 0.6999999881
196110  17.075  -52.791  -35.192 0.6000000238
11698  24.253  -55.600  -26.214 0.5000000000
11731  24.941  -55.185  -28.042 0.6000000238
184092  24.747  -54.996  -27.272 0.5000000000
189963  27.617  -53.356  -29.515 0.6000000238
14562  26.982  -53.346  -29.141 0.6999999881
13612  25.772  -54.344  -28.870 0.6000000238
13639  28.847  -53.441  -31.232 0.4000000060
183278  21.086  -53.749  -26.259 0.5000000000
13539  21.003  -54.622  -25.894 0.5000000000
11026  30.057  -55.221  -34.515 0.5000000000
187025  21.141  -55.077  -27.041 0.5000000000
15543  21.429  -52.739  -29.564 0.6999999881
13577  21.217  -54.145  -27.880 0.6000000238
195009  21.782  -53.092  -30.304 0.6999999881
13629  21.374  -54.535  -29.987 0.6000000238
13613  21.234  -54.249  -29.304 0.6000000238
13642  21.829  -54.679  -31.042 0.6999999881
12701  21.410  -55.404  -30.796 0.6000000238
183783  22.037  -54.806  -32.483 0.6999999881
13687  23.271  -54.654  -34.619 0.6000000238
196916  23.190  -54.680  -33.857 0.6000000238
14638  22.995  -53.584  -35.679 0.6000000238
12749  22.238  -54.855  -34.116 0.6000000238
15620  22.020  -52.711  -34.686 0.6000000238
16687  20.778  -51.941  -34.115 0.6999999881
17860  17.437  -50.790  -35.432 0.6999999881
16711  16.449  -51.699  -35.430 0.5000000000
16697  19.829  -51.660  -35.337 0.6999999881
15645  19.259  -52.338  -35.533 0.6999999881
15647  17.614  -52.352  -35.597 0.6000000238
14506  24.875  -52.680  -27.313 0.5000000000
12630  24.587  -54.525  -26.740 0.5000000000
12613  24.352  -54.810  -26.167 0.5000000000
14528  26.669  -52.814  -27.927 0.6999999881
13576  24.681  -53.843  -27.585 0.6000000238
14561  28.812  -53.229  -29.054 0.5000000000
14548  27.823  -52.992  -28.492 0.6999999881
14549  27.110  -53.027  -28.486 0.6999999881
14550  26.442  -53.291  -28.449 0.6000000238
14551  25.641  -53.432  -28.179 0.6000000238
13637  29.912  -53.871  -30.653 0.4000000060
14583  28.990  -53.449  -30.625 0.4000000060
14573  28.554  -53.374  -30.162 0.5000000000
15459  21.196  -52.071  -25.278 0.5000000000
188090  21.199  -52.003  -27.162 0.5000000000
15481  21.109  -52.251  -26.059 0.5000000000
14508  21.177  -53.197  -26.907 0.5000000000
200569  21.664  -52.014  -29.597 0.6000000238
14552  21.374  -53.461  -28.314 0.5000000000
184119  22.040  -52.494  -30.822 0.6999999881
16654  23.190  -51.958  -32.440 0.6000000238
14595  22.662  -53.091  -32.350 0.6999999881
210945  22.185  -53.418  -31.702 0.6999999881
15600  24.579  -52.552  -34.119 0.6000000238
15582  23.196  -52.641  -32.909 0.6000000238
14606  22.662  -53.747  -32.811 0.6999999881
16706  25.052  -52.220  -35.788 0.6999999881
15618  24.443  -53.122  -34.423 0.6000000238
214978  23.489  -54.246  -33.751 0.6000000238
16672  22.650  -51.380  -33.877 0.6000000238
16696  23.676  -52.303  -35.426 0.6999999881
15629  23.406  -52.983  -35.543 0.6999999881
17781  20.596  -50.542  -32.146 0.6000000238
16673  21.831  -51.478  -33.476 0.6000000238
16685  22.305  -52.079  -34.220 0.6999999881
19038  16.165  -49.312  -34.407 0.6000000238
16674  21.093  -51.570  -33.486 0.6999999881
187032  18.541  -50.211  -35.601 0.6999999881
199577  16.732  -50.967  -35.409 0.6000000238
203252  19.727  -50.057  -31.714 0.6999999881
17801  20.296  -51.009  -32.560 0.6000000238
17820  19.736  -50.999  -33.464 0.8000000119
17831  19.636  -50.956  -34.452 0.6999999881
17844  19.569  -51.031  -35.162 0.6999999881
17857  19.407  -51.104  -35.407 0.6999999881
201173  24.211  -53.415  -26.446 0.6000000238
14505  27.672  -52.433  -27.361 0.6999999881
15504  26.615  -52.080  -26.988 0.6999999881
15524  25.519  -52.486  -27.468 0.6000000238
14525  29.003  -52.860  -28.064 0.5000000000
14526  28.220  -52.738  -27.853 0.6999999881
13624  29.687  -53.669  -29.995 0.4000000060
13609  29.359  -53.409  -29.353 0.5000000000
15446  21.411  -52.114  -24.640 0.5000000000
15444  22.420  -52.691  -24.389 0.5000000000
16535  21.059  -51.264  -25.332 0.5000000000
16578  21.344  -51.083  -27.967 0.6000000238
17744  22.210  -50.917  -29.755 0.6000000238
16604  21.835  -51.401  -29.232 0.6999999881
210984  21.446  -52.235  -28.431 0.6999999881
17761  22.895  -50.663  -30.886 0.6999999881
16617  22.041  -51.581  -29.957 0.6999999881
16653  23.942  -51.570  -32.735 0.6000000238
16636  23.374  -51.245  -32.195 0.6000000238
15561  22.394  -51.983  -31.307 0.6999999881
19060  25.300  -50.980  -35.842 0.6999999881
215145  26.034  -51.965  -35.388 0.6999999881
16670  24.941  -51.983  -34.224 0.6999999881
184626  16.106  -47.357  -31.338 0.6000000238
193886  24.288  -50.075  -34.942 0.6000000238
17842  24.940  -50.972  -35.738 0.6999999881
15617  25.034  -52.490  -34.882 0.6999999881
20122  20.423  -49.429  -30.566 0.6000000238
18994  20.974  -50.126  -31.689 0.6000000238
209012  22.449  -49.749  -32.349 0.6000000238
17817  22.911  -50.616  -33.696 0.6000000238
16683  23.924  -51.557  -35.159 0.6999999881
204350  16.467  -48.264  -33.657 0.6000000238
18981  19.959  -49.882  -31.015 0.6000000238
17799  21.768  -50.914  -32.747 0.6000000238
22610  18.679  -47.928  -34.879 0.6999999881
220063  17.199  -47.580  -34.120 0.6000000238
20192  17.353  -48.764  -34.676 0.6999999881
19056  16.603  -49.366  -34.690 0.6000000238
213915  19.213  -48.773  -30.432 0.5000000000
21337  18.858  -48.441  -31.204 0.6000000238
20152  19.057  -49.202  -32.270 0.8000000119
194124  19.373  -48.747  -33.274 0.8000000119
21373  19.697  -48.161  -34.207 0.8000000119
20182  19.563  -49.331  -34.852 0.8000000119
20190  19.437  -49.003  -35.288 0.6999999881
20191  18.833  -49.029  -35.416 0.6999999881
19008  19.245  -49.728  -32.965 0.8000000119
19022  19.354  -49.956  -33.903 0.8000000119
15505  25.912  -52.099  -27.005 0.6999999881
15479  24.902  -51.842  -26.508 0.6999999881
15480  24.340  -52.105  -26.301 0.6999999881
13538  23.966  -53.675  -25.858 0.6000000238
15502  28.537  -52.194  -26.894 0.6999999881
15458  23.613  -52.291  -25.363 0.6000000238
203797  29.429  -52.752  -27.534 0.6000000238
210491  22.868  -52.466  -24.574 0.5000000000
16511  22.207  -51.482  -24.379 0.5000000000
34058  8.886  -39.039  -26.904 0.6000000238
17652  21.957  -50.961  -24.570 0.5000000000
32754  10.154  -39.402  -27.327 0.5000000000
18874  21.336  -50.226  -25.968 0.5000000000
30352  13.161  -41.280  -27.519 0.6000000238
18903  22.471  -49.308  -27.802 0.6999999881
18887  21.596  -49.825  -26.644 0.6000000238
18959  22.935  -49.941  -29.913 0.6999999881
18918  22.021  -50.157  -28.429 0.6999999881
28227  15.552  -43.340  -28.216 0.6000000238
17797  24.282  -50.841  -32.654 0.6999999881
18977  23.473  -50.240  -31.373 0.6000000238
19049  25.908  -49.972  -35.057 0.6999999881
19019  25.261  -50.228  -33.500 0.6999999881
17815  24.931  -50.744  -33.431 0.6999999881
187819  16.273  -45.648  -30.617 0.6000000238
26129  16.143  -45.019  -29.296 0.6000000238
20180  24.620  -49.694  -35.230 0.6000000238
202843  25.872  -51.228  -34.819 0.6999999881
24987  16.166  -46.084  -32.247 0.6000000238
23782  15.802  -46.760  -30.327 0.6000000238
21355  23.348  -48.644  -32.485 0.6000000238
194013  22.932  -49.750  -33.037 0.6000000238
25009  16.290  -46.042  -32.856 0.6999999881
22594  16.835  -47.162  -33.498 0.6000000238
23855  16.533  -47.247  -32.968 0.6000000238
20121  21.142  -49.340  -30.726 0.6000000238
25025  19.217  -45.919  -33.659 0.6000000238
25026  18.430  -46.159  -33.593 0.6000000238
23853  17.800  -46.618  -33.793 0.6999999881
23854  17.088  -46.598  -33.576 0.6000000238
22607  16.877  -47.716  -33.818 0.6000000238
25024  19.535  -45.858  -33.348 0.6000000238
23852  19.094  -46.450  -33.890 0.8000000119
22579  19.405  -47.715  -32.704 0.6000000238
22578  19.587  -47.228  -33.366 0.6999999881
21387  19.349  -47.700  -34.708 0.8000000119
206247  26.953  -51.802  -26.509 0.6999999881
16555  25.992  -51.481  -25.957 0.6999999881
16556  25.256  -51.434  -25.996 0.6999999881
15474  28.869  -51.978  -26.379 0.6999999881
15503  27.910  -52.111  -26.894 0.6999999881
16533  24.191  -51.222  -25.294 0.6000000238
16534  23.513  -51.247  -24.868 0.6000000238
36561  9.443  -37.912  -25.915 0.6000000238
35315  8.958  -38.091  -25.406 0.6000000238
35336  9.452  -38.108  -26.518 0.6000000238
196529  8.854  -38.198  -26.167 0.6000000238
17650  23.247  -50.723  -24.601 0.6000000238
34057  10.403  -39.031  -27.661 0.5000000000
21235  23.193  -48.539  -26.388 0.6999999881
20022  22.209  -49.269  -26.202 0.6999999881
199441  11.979  -40.174  -27.969 0.4000000060
32752  11.683  -39.909  -27.867 0.5000000000
20088  23.081  -49.464  -28.945 0.6999999881
203101  23.071  -48.989  -27.860 0.8000000119
30359  13.537  -41.376  -28.266 0.5000000000
18958  23.486  -49.669  -30.216 0.6000000238
18938  22.533  -49.878  -28.835 0.6999999881
29268  14.792  -42.163  -28.587 0.6000000238
19005  24.747  -50.027  -32.820 0.6999999881
18992  24.149  -50.194  -32.049 0.6999999881
28243  15.735  -43.145  -29.969 0.6999999881
28236  15.674  -43.276  -29.100 0.6000000238
185593  25.749  -48.974  -34.978 0.6999999881
19017  25.986  -49.453  -34.264 0.6999999881
28268  15.689  -43.396  -31.201 0.5000000000
27241  16.132  -44.505  -29.716 0.6000000238
21371  24.587  -47.395  -34.187 0.6000000238
203648  24.616  -48.939  -34.821 0.6000000238
20189  24.971  -49.270  -35.196 0.6999999881
187827  15.891  -44.842  -31.695 0.6999999881
21372  24.185  -48.060  -33.840 0.6000000238
19036  24.287  -49.556  -34.416 0.6000000238
26220  17.045  -45.068  -32.813 0.5000000000
184354  16.087  -45.089  -32.177 0.6000000238
20138  22.091  -49.411  -31.634 0.6000000238
27282  18.275  -44.411  -32.863 0.6000000238
27286  17.670  -44.995  -33.067 0.5000000000
25028  16.719  -45.947  -33.395 0.6999999881
207366  19.611  -44.811  -32.806 0.6000000238
16529  27.223  -51.216  -25.652 0.6999999881
16531  25.685  -51.039  -25.471 0.6999999881
16532  24.932  -51.010  -25.472 0.6000000238
17669  23.901  -50.625  -24.900 0.6000000238
212191  10.717  -37.645  -24.753 0.4000000060
35300  10.872  -38.251  -24.466 0.5000000000
20008  23.779  -49.528  -24.985 0.6000000238
36559  10.760  -37.590  -26.155 0.5000000000
33995  9.198  -39.081  -24.762 0.6000000238
20007  24.492  -49.402  -25.087 0.6999999881
21233  24.270  -48.587  -25.890 0.6999999881
198986  22.433  -50.003  -24.876 0.6000000238
34056  10.947  -39.042  -28.225 0.5000000000
219475  24.295  -48.592  -27.885 0.6999999881
31602  12.498  -40.484  -28.903 0.4000000060
20115  26.203  -48.939  -31.681 0.6999999881
20100  25.378  -48.889  -30.577 0.6999999881
20085  25.142  -48.643  -29.826 0.6999999881
209880  13.446  -41.353  -29.295 0.6000000238
21354  26.282  -48.376  -33.500 0.6999999881
20134  26.406  -48.926  -32.288 0.6999999881
17777  24.656  -49.727  -32.058 0.6999999881
20118  24.056  -49.406  -30.573 0.6999999881
30380  14.074  -41.576  -29.903 0.5000000000
29277  14.556  -42.195  -29.545 0.5000000000
22608  25.232  -47.708  -34.788 0.6000000238
186834  26.065  -48.846  -34.534 0.6999999881
20150  26.003  -49.203  -32.887 0.6999999881
19004  25.468  -49.698  -33.241 0.6999999881
29289  14.659  -42.091  -30.163 0.5000000000
193520  23.832  -47.463  -32.570 0.5000000000
22603  24.877  -47.052  -34.364 0.6000000238
21394  25.096  -48.446  -34.976 0.6000000238
17665  26.865  -50.685  -25.364 0.6999999881
17666  26.135  -50.591  -25.243 0.6999999881
36524  11.397  -37.674  -24.478 0.4000000060
211086  26.966  -49.753  -25.115 0.6999999881
220161  24.813  -50.202  -24.994 0.6999999881
35292  11.653  -38.465  -24.148 0.4000000060
20005  25.772  -49.348  -25.176 0.6999999881
182843  10.739  -39.734  -24.380 0.6000000238
219665  25.103  -48.450  -26.520 0.8000000119
21216  25.405  -48.943  -25.452 0.6999999881
21264  25.468  -48.372  -27.692 0.6000000238
21265  24.756  -48.486  -27.456 0.6000000238
30306  12.429  -41.784  -24.131 0.6000000238
21304  26.054  -48.721  -30.216 0.6999999881
21278  25.844  -48.489  -28.545 0.6999999881
21279  24.891  -48.516  -28.203 0.6000000238
21320  27.154  -48.932  -31.249 0.6000000238
22575  26.046  -47.072  -33.610 0.6000000238
28175  12.673  -43.622  -22.880 0.5000000000
23863  24.961  -46.045  -34.617 0.6000000238
22589  25.759  -47.130  -34.308 0.6999999881
23850  24.730  -45.635  -34.407 0.5000000000
191647  26.420  -49.102  -25.238 0.6999999881
33980  12.665  -39.184  -23.809 0.4000000060
206436  26.303  -48.543  -25.710 0.8000000119
33992  11.567  -39.773  -24.338 0.5000000000
185181  26.652  -48.308  -27.229 0.8000000119
31494  13.334  -40.846  -23.942 0.4000000060
200483  12.968  -39.989  -23.751 0.4000000060
21249  26.256  -48.359  -26.413 0.6999999881
211015  13.744  -41.439  -23.796 0.4000000060
32707  11.850  -40.478  -24.285 0.5000000000
196225  27.471  -48.555  -30.883 0.6000000238
21303  27.066  -48.896  -30.580 0.6000000238
200724  26.624  -48.549  -29.248 0.6999999881
30293  14.331  -41.645  -23.577 0.4000000060
22559  26.949  -47.921  -31.502 0.6000000238
21335  26.787  -48.416  -32.191 0.6000000238
212901  14.224  -43.310  -22.962 0.4000000060
30295  12.724  -42.415  -23.765 0.6000000238
23849  26.013  -45.943  -34.022 0.6000000238
25023  24.985  -45.194  -34.052 0.5000000000
205193  24.605  -45.128  -33.400 0.5000000000
33979  13.411  -39.150  -23.458 0.4000000060
21213  27.539  -48.783  -25.416 0.8000000119
32699  13.737  -40.086  -23.553 0.4000000060
21229  27.275  -48.468  -25.936 0.6999999881
31493  14.104  -40.856  -23.644 0.4000000060
203176  27.825  -48.431  -28.265 0.6000000238
21262  27.094  -48.456  -28.015 0.6999999881
208019  27.627  -48.674  -30.361 0.6000000238
21276  27.290  -48.772  -29.138 0.6000000238
31476  15.249  -41.349  -22.636 0.4000000060
29195  14.786  -42.755  -22.926 0.4000000060
23835  26.078  -45.838  -33.582 0.6000000238
28153  15.247  -43.780  -21.988 0.4000000060
25021  25.578  -45.041  -33.865 0.4000000060
33968  13.912  -38.774  -22.780 0.4000000060
21246  28.365  -48.118  -26.685 0.6999999881
32694  13.953  -39.485  -23.125 0.4000000060
183181  28.665  -47.997  -27.533 0.6999999881
184724  28.034  -48.190  -27.493 0.6000000238
209214  14.902  -40.836  -22.949 0.4000000060
209638  27.714  -48.708  -30.250 0.6000000238
21275  28.093  -48.652  -29.335 0.6000000238
29185  15.539  -42.436  -22.036 0.4000000060
23817  26.454  -46.717  -31.664 0.6000000238
202913  15.643  -43.035  -21.727 0.3000000119
23818  26.117  -45.631  -32.601 0.4000000060
212705  26.140  -44.050  -32.735 0.4000000060
24956  26.443  -44.746  -31.620 0.4000000060
31463  15.079  -40.656  -22.290 0.4000000060
31462  15.310  -41.256  -21.971 0.4000000060
23757  28.111  -47.417  -29.373 0.6000000238
23778  27.003  -46.749  -30.370 0.6000000238
24909  28.105  -46.454  -29.616 0.6000000238
26148  27.208  -44.443  -30.872 0.4000000060
26147  27.739  -44.633  -30.826 0.5000000000
26176  26.839  -43.616  -31.481 0.4000000060
31406  13.337  -41.289  -20.015 0.3000000119
26175  27.510  -43.966  -31.028 0.4000000060
186940  15.624  -38.934  -20.471 0.4000000060
32619  14.297  -40.249  -19.194 0.3000000119
33915  11.366  -40.162  -19.752 0.4000000060
35243  17.346  -38.907  -20.811 0.4000000060
35225  16.239  -38.825  -19.934 0.4000000060
33894  14.513  -39.625  -18.820 0.3000000119
35216  14.949  -39.225  -19.086 0.3000000119
32621  12.812  -40.264  -19.333 0.3000000119
32620  13.616  -40.341  -19.168 0.3000000119
32622  12.096  -40.146  -19.571 0.3000000119
35212  17.437  -38.448  -19.954 0.4000000060
36436  16.392  -38.160  -19.223 0.4000000060
35215  15.424  -38.791  -19.259 0.4000000060
33895  13.931  -39.826  -18.639 0.3000000119
33896  13.207  -39.851  -18.644 0.3000000119
38783  8.655  -36.691  -19.610 0.4000000060
38794  8.495  -36.004  -20.490 0.3000000119
39885  8.376  -35.032  -22.145 0.3000000119
33897  12.449  -39.751  -18.861 0.3000000119
33898  11.726  -39.669  -19.095 0.3000000119
37615  16.695  -37.648  -19.020 0.4000000060
35200  15.779  -38.369  -18.974 0.4000000060
35181  15.164  -38.544  -18.313 0.3000000119
35182  14.649  -38.644  -18.229 0.3000000119
204027  13.712  -38.847  -18.075 0.3000000119
217993  9.945  -37.806  -18.969 0.3000000119
192909  12.820  -38.228  -17.957 0.3000000119
39862  9.133  -35.582  -20.207 0.3000000119
36415  12.203  -38.095  -18.171 0.3000000119
40946  10.152  -35.180  -20.231 0.4000000060
39871  9.469  -35.209  -20.621 0.3000000119
42095  10.546  -33.982  -20.941 0.3000000119
40981  9.475  -34.330  -21.604 0.3000000119
36424  16.043  -37.905  -18.615 0.4000000060
36410  15.854  -37.496  -18.182 0.4000000060
36412  14.764  -37.695  -17.957 0.3000000119
37617  9.649  -37.409  -19.030 0.4000000060
36413  13.926  -37.699  -18.027 0.3000000119
37616  10.225  -37.435  -18.830 0.3000000119
38782  9.243  -36.038  -19.442 0.4000000060
39851  10.720  -35.632  -19.000 0.4000000060
184715  10.713  -33.515  -21.584 0.3000000119
200051  16.353  -37.239  -18.464 0.4000000060
37602  15.839  -36.847  -18.088 0.4000000060
38750  14.619  -36.525  -18.060 0.4000000060
38751  13.727  -36.580  -18.082 0.4000000060
37606  12.873  -37.149  -18.146 0.3000000119
38754  11.784  -36.568  -18.219 0.3000000119
38767  11.271  -36.020  -18.506 0.3000000119
40924  11.368  -35.320  -18.882 0.3000000119
42071  11.748  -34.065  -19.881 0.5000000000
210873  10.753  -35.037  -19.637 0.4000000060
40961  10.939  -34.193  -20.020 0.4000000060
43336  11.061  -32.907  -22.487 0.3000000119
39833  15.691  -35.678  -18.672 0.4000000060
39834  14.461  -35.930  -18.249 0.4000000060
39848  13.944  -35.479  -18.583 0.3000000119
40943  12.951  -34.439  -19.166 0.3000000119
42069  13.226  -33.880  -19.711 0.3000000119
42091  13.486  -33.419  -20.296 0.3000000119
38752  13.139  -36.634  -18.209 0.3000000119
39849  13.307  -35.617  -18.551 0.3000000119
40944  12.212  -34.446  -19.253 0.3000000119
42092  12.773  -33.441  -20.264 0.3000000119
43296  12.944  -33.142  -21.112 0.3000000119
40923  12.035  -35.020  -18.820 0.3000000119
42093  12.105  -33.637  -20.431 0.3000000119
42094  11.306  -33.704  -20.813 0.3000000119
44480  11.025  -32.501  -22.683 0.3000000119
39858  18.035  -35.883  -20.186 0.3000000119
202653  17.169  -35.618  -19.789 0.3000000119
39859  16.641  -35.448  -19.533 0.3000000119
213374  15.734  -34.725  -19.522 0.3000000119
42089  15.626  -33.741  -20.483 0.3000000119
43294  14.570  -32.995  -20.881 0.3000000119
39860  16.045  -35.200  -19.205 0.3000000119
40940  15.130  -34.423  -19.531 0.3000000119
42067  14.660  -33.892  -19.894 0.3000000119
186810  14.968  -33.496  -20.400 0.3000000119
184989  14.059  -32.590  -21.584 0.3000000119
198390  13.370  -32.788  -21.584 0.3000000119
43318  12.090  -33.055  -21.625 0.3000000119
192208  12.579  -32.586  -22.092 0.3000000119
42116  11.269  -33.152  -21.803 0.3000000119
44479  12.121  -32.240  -22.785 0.3000000119
40937  18.757  -35.821  -20.113 0.3000000119
40957  17.817  -35.141  -20.149 0.3000000119
40938  17.001  -35.043  -19.989 0.3000000119
188803  16.248  -34.105  -20.470 0.3000000119
43293  15.331  -33.181  -20.904 0.3000000119
44459  14.515  -32.261  -22.048 0.3000000119
205283  14.108  -31.846  -22.676 0.3000000119
43334  12.750  -32.255  -22.971 0.3000000119
45672  11.928  -31.693  -23.244 0.3000000119
44456  16.377  -32.367  -21.621 0.3000000119
44458  15.210  -32.403  -21.957 0.3000000119
44499  14.342  -31.423  -23.133 0.3000000119
45669  14.054  -31.109  -23.754 0.3000000119
44502  12.280  -32.013  -23.372 0.3000000119
46806  12.995  -30.965  -23.621 0.3000000119
45627  16.569  -31.775  -21.923 0.3000000119
44475  15.973  -31.918  -22.090 0.3000000119
45649  14.975  -31.416  -22.857 0.3000000119
44455  17.027  -32.153  -21.347 0.3000000119
45646  16.727  -31.116  -22.196 0.3000000119
45647  16.134  -31.322  -22.384 0.3000000119
45667  15.255  -31.098  -23.312 0.3000000119
46805  15.019  -30.730  -23.906 0.3000000119
45685  14.003  -30.789  -23.846 0.3000000119
46824  13.678  -30.215  -23.764 0.3000000119
11032  30.065  -55.669  -34.929 0.5000000000
183116  29.679  -54.614  -35.051 0.5000000000
12735  29.949  -54.438  -33.855 0.4000000060
13688  20.319  -54.060  -34.046 0.6999999881
15646  18.417  -52.337  -35.557 0.6999999881
13651  29.256  -53.448  -31.744 0.4000000060
11841  29.950  -54.899  -34.271 0.5000000000
14648  24.161  -53.578  -35.503 0.6000000238
17699  21.141  -50.945  -26.728 0.5000000000
14647  24.503  -52.729  -35.571 0.6000000238
21266  24.083  -48.624  -27.267 0.8000000119
20020  23.247  -49.068  -25.273 0.6999999881
20086  24.290  -48.655  -29.479 0.6000000238
23837  24.207  -46.514  -33.175 0.5000000000
20135  25.775  -49.114  -32.076 0.6999999881
29204  14.083  -42.751  -23.414 0.4000000060
23819  24.317  -45.867  -32.824 0.5000000000
22528  27.534  -47.849  -30.258 0.6000000238
26216  25.368  -44.122  -33.684 0.4000000060
21274  28.226  -48.454  -28.871 0.6000000238
22510  28.225  -48.360  -29.300 0.6000000238
30276  15.513  -41.917  -21.627 0.3000000119
24932  26.989  -45.531  -30.720 0.4000000060
24931  27.606  -45.600  -30.356 0.4000000060
35224  17.085  -38.776  -20.153 0.4000000060
38781  16.989  -36.181  -19.262 0.3000000119
207486  18.343  -35.363  -20.110 0.3000000119
22444  31.173  -47.654  -27.221 0.5000000000
21225  30.630  -48.230  -26.093 0.5000000000
198602  29.493  -48.337  -25.797 0.6999999881
20000  30.312  -49.054  -25.113 0.6999999881
18851  28.032  -49.784  -24.955 0.6000000238
21244  29.814  -47.851  -27.109 0.5000000000
21245  29.185  -47.999  -26.681 0.6000000238
21211  29.146  -48.691  -25.314 0.6000000238
16551  29.230  -51.651  -25.806 0.6000000238
16553  27.780  -51.557  -25.960 0.6000000238
218750  31.304  -49.586  -25.160 0.6999999881
17661  30.211  -50.790  -24.966 0.6000000238
208350  28.778  -51.033  -25.310 0.6000000238
204394  30.026  -49.890  -24.854 0.6999999881
203964  29.161  -49.705  -24.866 0.6000000238
16528  27.989  -51.136  -25.535 0.6000000238
22461  30.624  -47.641  -27.901 0.5000000000
17682  32.364  -50.817  -25.828 0.6999999881
17683  31.683  -51.156  -25.391 0.6999999881
16549  30.709  -52.022  -25.707 0.6000000238
16550  30.000  -51.880  -25.721 0.6000000238
18871  32.440  -49.961  -25.798 0.6000000238
18849  31.335  -50.305  -25.098 0.6999999881
16526  30.457  -51.492  -25.239 0.6000000238
18870  32.954  -49.774  -26.374 0.6000000238
191724  31.009  -47.431  -28.303 0.5000000000
21260  29.325  -47.872  -27.642 0.5000000000
18886  32.915  -50.490  -26.261 0.6999999881
16547  32.174  -51.547  -25.979 0.6000000238
15501  29.211  -52.395  -26.925 0.6000000238
208894  31.298  -47.275  -29.231 0.5000000000
187109  30.068  -47.646  -28.186 0.5000000000
23775  30.586  -46.655  -30.341 0.5000000000
23734  30.100  -47.323  -28.688 0.5000000000
24928  30.165  -46.055  -30.963 0.4000000060
14615  19.142  -53.096  -33.118 0.4000000060
207926  20.373  -54.605  -32.055 0.4000000060
13657  20.113  -54.059  -31.785 0.4000000060
188303  20.104  -54.465  -31.175 0.5000000000
217259  20.333  -55.311  -30.634 0.5000000000
13643  19.862  -54.430  -30.496 0.5000000000
23754  29.830  -46.918  -29.144 0.5000000000
12674  19.906  -54.915  -29.395 0.5000000000
189412  18.918  -51.827  -26.845 0.6000000238
23776  30.051  -46.479  -29.961 0.4000000060
12658  20.814  -54.881  -28.845 0.5000000000
12659  19.734  -54.773  -28.740 0.5000000000
14533  19.002  -53.310  -27.526 0.5000000000
14597  19.293  -52.716  -31.964 0.5000000000
14586  19.762  -53.829  -31.175 0.5000000000
15562  18.986  -52.452  -30.976 0.5000000000
14576  19.332  -53.230  -29.984 0.5000000000
16618  18.622  -51.780  -29.998 0.5000000000
13615  19.315  -53.908  -28.998 0.5000000000
203712  19.039  -53.191  -28.832 0.5000000000
15536  18.936  -52.603  -27.841 0.5000000000
24907  29.442  -46.297  -29.643 0.5000000000
13597  19.188  -53.759  -28.202 0.5000000000
24953  30.233  -45.488  -32.121 0.4000000060
24929  29.622  -45.769  -30.579 0.4000000060
203843  29.811  -45.388  -31.507 0.4000000060
17846  15.643  -50.298  -35.246 0.5000000000
16627  18.001  -51.567  -30.970 0.5000000000
23755  29.165  -46.997  -29.040 0.5000000000
24930  28.172  -45.589  -30.219 0.4000000060
21358  15.836  -48.608  -32.786 0.5000000000
20140  15.290  -49.063  -31.954 0.5000000000
20141  14.654  -49.313  -32.140 0.5000000000
19023  15.333  -49.818  -33.983 0.5000000000
26146  28.464  -44.735  -30.981 0.4000000060
22544  15.421  -47.769  -31.107 0.5000000000
22533  15.149  -47.397  -30.476 0.5000000000
24914  15.277  -46.181  -29.171 0.5000000000
24915  14.809  -46.201  -29.106 0.5000000000
22534  14.464  -47.349  -30.492 0.5000000000
21326  13.680  -48.396  -31.392 0.4000000060
26110  14.760  -45.433  -28.205 0.5000000000
24916  14.230  -46.134  -29.123 0.6000000238
23802  13.751  -47.248  -30.578 0.6000000238
24891  15.504  -45.775  -28.842 0.5000000000
27169  14.329  -43.894  -27.036 0.5000000000
26111  14.140  -45.363  -28.298 0.5000000000
26112  13.402  -44.941  -28.515 0.6000000238
24917  13.532  -45.768  -29.280 0.6000000238
23803  13.044  -47.010  -30.827 0.6000000238
21342  12.262  -48.729  -32.192 0.5000000000
214893  11.802  -47.556  -32.342 0.5000000000
22581  11.047  -47.810  -32.878 0.5000000000
205241  14.801  -43.863  -27.305 0.5000000000
29251  14.265  -42.644  -26.913 0.5000000000
29235  12.962  -42.174  -26.238 0.5000000000
27170  13.683  -43.870  -26.918 0.5000000000
29236  12.355  -42.347  -26.063 0.6000000238
26113  12.593  -44.632  -28.807 0.6000000238
26154  12.748  -45.366  -29.705 0.6000000238
23804  12.423  -46.637  -31.216 0.6000000238
24988  11.881  -46.060  -31.606 0.5000000000
26086  10.531  -44.511  -27.850 0.5000000000
26221  10.658  -45.217  -32.462 0.5000000000
29260  14.819  -42.460  -27.562 0.5000000000
31542  12.770  -41.251  -26.646 0.5000000000
31544  11.200  -41.093  -26.014 0.6000000238
31545  10.196  -40.978  -25.658 0.6000000238
30336  9.564  -41.639  -25.540 0.6000000238
27189  12.267  -43.931  -27.637 0.6000000238
28221  10.638  -42.922  -26.852 0.6000000238
26131  12.312  -44.732  -29.462 0.6000000238
27190  11.447  -43.559  -28.221 0.6000000238
26155  12.060  -44.780  -30.129 0.6000000238
26156  11.347  -44.203  -30.523 0.5000000000
24989  11.249  -45.369  -32.006 0.5000000000
188101  11.054  -44.654  -31.617 0.5000000000
27245  10.309  -43.562  -30.377 0.5000000000
27264  10.249  -43.742  -31.114 0.5000000000
27246  10.193  -43.752  -30.558 0.5000000000
32737  9.500  -40.128  -26.156 0.6000000238
31546  8.535  -40.643  -26.027 0.6000000238
195821  8.098  -41.063  -25.819 0.6000000238
217553  7.942  -41.909  -25.276 0.6000000238
29239  9.020  -42.332  -26.002 0.6000000238
29261  9.491  -42.840  -27.525 0.6000000238
28207  8.818  -42.525  -25.792 0.6000000238
187194  10.476  -43.099  -28.528 0.5000000000
28222  8.936  -43.066  -27.360 0.5000000000
27244  10.757  -43.665  -30.243 0.5000000000
27192  9.218  -43.432  -27.849 0.5000000000
27155  9.518  -43.758  -26.230 0.6000000238
27226  9.721  -43.399  -29.364 0.5000000000
27191  9.580  -43.932  -28.271 0.5000000000
27154  9.947  -44.125  -26.740 0.5000000000
26043  11.877  -45.569  -26.339 0.5000000000
32712  7.697  -40.637  -24.851 0.6000000238
30310  8.109  -41.883  -24.662 0.6000000238
28198  8.722  -42.794  -25.150 0.6000000238
188234  8.939  -43.246  -26.657 0.6000000238
219491  10.002  -43.963  -25.635 0.6000000238
27139  11.205  -44.511  -25.354 0.5000000000
186867  8.703  -41.022  -24.255 0.6000000238
28197  9.010  -43.398  -24.818 0.6000000238
27125  11.115  -44.338  -24.393 0.6000000238
26025  11.955  -44.719  -24.812 0.5000000000
31509  11.185  -41.104  -24.279 0.6000000238
31510  10.353  -41.369  -24.331 0.6000000238
30308  10.740  -41.936  -24.252 0.6000000238
29209  9.723  -42.873  -23.795 0.6000000238
27127  9.650  -43.625  -24.441 0.6000000238
194076  11.387  -44.233  -23.739 0.5000000000
206590  11.988  -42.303  -23.870 0.6000000238
29207  11.234  -43.353  -23.486 0.6000000238
28176  11.987  -43.667  -23.235 0.6000000238
28178  10.750  -43.610  -23.620 0.6000000238
28167  12.409  -44.110  -22.557 0.6000000238
25955  12.929  -45.028  -22.295 0.5000000000
27105  13.463  -44.515  -22.129 0.4000000060
17648  27.831  -50.240  -25.069 0.6000000238
206102  28.945  -49.143  -25.048 0.6999999881
22486  29.023  -47.708  -28.372 0.5000000000
22508  29.425  -47.376  -28.616 0.5000000000
23751  31.764  -47.026  -29.970 0.5000000000
23753  30.431  -46.972  -29.443 0.5000000000
16591  18.710  -51.857  -28.636 0.6000000238
27171  12.838  -43.826  -26.928 0.6000000238
29237  11.407  -42.626  -26.159 0.6000000238
27243  11.541  -44.161  -29.876 0.6000000238
28238  9.879  -43.090  -29.085 0.5000000000
202796  9.456  -42.371  -23.838 0.6000000238
29216  8.951  -42.551  -24.272 0.6000000238
28177  11.466  -43.760  -23.426 0.6000000238
25956  12.377  -44.539  -22.729 0.6000000238
10129  29.230  -56.400  -34.411 0.4000000060
213011  28.937  -57.153  -32.657 0.5000000000
195340  29.618  -57.101  -32.615 0.5000000000
10119  28.558  -57.048  -33.133 0.4000000060
10118  29.115  -56.437  -33.826 0.4000000060
11017  29.698  -55.714  -33.891 0.4000000060
211257  29.433  -55.790  -34.358 0.4000000060
216895  30.091  -57.551  -32.608 0.5000000000
10117  30.941  -56.236  -33.541 0.5000000000
11016  30.311  -55.760  -33.520 0.5000000000
10103  30.677  -57.047  -33.210 0.5000000000
11015  31.487  -55.969  -33.617 0.5000000000
11025  30.232  -55.184  -33.927 0.4000000060
195510  30.784  -55.419  -33.444 0.4000000060
9213  31.807  -57.676  -33.695 0.5000000000
10116  31.723  -56.641  -33.871 0.5000000000
11013  32.632  -56.551  -33.687 0.5000000000
196732  32.223  -56.351  -33.875 0.5000000000
11836  31.570  -55.599  -33.329 0.5000000000
11838  30.245  -54.990  -33.629 0.4000000060
14502  29.954  -53.118  -27.552 0.5000000000
14545  29.730  -53.559  -28.692 0.4000000060
13592  30.221  -53.862  -28.628 0.4000000060
13607  30.410  -54.121  -29.070 0.4000000060
13623  30.353  -54.287  -29.633 0.4000000060
13650  29.825  -53.774  -31.456 0.4000000060
11008  32.304  -56.105  -33.128 0.5000000000
12697  30.378  -54.224  -31.220 0.4000000060
12709  30.568  -54.535  -31.976 0.4000000060
12722  30.119  -54.299  -32.565 0.4000000060
10996  32.431  -56.531  -32.646 0.4000000060
11825  31.965  -55.653  -33.172 0.5000000000
12721  30.767  -54.928  -32.684 0.4000000060
11837  30.910  -55.241  -33.168 0.4000000060
13573  30.514  -53.732  -28.038 0.4000000060
12669  31.262  -54.989  -29.105 0.4000000060
12685  30.849  -54.795  -29.858 0.4000000060
10095  32.685  -57.195  -32.357 0.4000000060
11797  30.791  -54.808  -31.443 0.4000000060
11812  31.099  -55.272  -32.170 0.4000000060
10983  32.101  -56.736  -31.740 0.4000000060
10997  32.041  -56.016  -32.306 0.4000000060
193916  31.494  -55.728  -31.999 0.4000000060
11826  31.498  -55.379  -32.909 0.4000000060
14501  30.498  -53.107  -27.074 0.5000000000
14524  30.792  -53.569  -27.456 0.4000000060
13556  31.451  -53.862  -27.357 0.4000000060
13591  31.359  -54.467  -27.955 0.4000000060
12684  31.420  -55.520  -29.679 0.4000000060
11778  31.084  -55.280  -30.373 0.4000000060
10968  31.923  -56.704  -30.630 0.4000000060
210303  31.732  -56.212  -29.907 0.4000000060
10969  31.421  -55.895  -30.488 0.4000000060
214877  30.498  -52.722  -26.599 0.5000000000
15499  31.016  -52.809  -26.620 0.5000000000
208121  31.424  -52.439  -26.311 0.6000000238
13555  31.881  -53.475  -26.842 0.5000000000
12644  31.950  -54.829  -27.887 0.4000000060
11763  32.176  -55.724  -28.634 0.4000000060
10932  33.244  -56.188  -28.568 0.4000000060
10950  33.518  -56.607  -28.981 0.4000000060
13554  32.642  -53.649  -26.873 0.4000000060
16566  32.592  -51.801  -26.517 0.5000000000
13571  33.238  -54.207  -27.194 0.4000000060
11726  33.046  -55.388  -27.873 0.4000000060
211655  33.890  -53.209  -27.487 0.5000000000
188541  34.383  -53.419  -27.877 0.4000000060
197631  33.886  -54.400  -27.504 0.4000000060
12655  34.682  -54.627  -28.498 0.4000000060
15496  33.122  -52.130  -26.977 0.6000000238
17697  32.684  -51.142  -26.396 0.6000000238
14522  34.159  -52.664  -27.924 0.5000000000
14560  34.896  -53.249  -29.203 0.4000000060
21209  30.853  -48.660  -25.491 0.5000000000
34037  8.199  -39.412  -26.886 0.5000000000
185086  8.931  -39.802  -24.502 0.5000000000
32708  11.170  -40.331  -24.333 0.5000000000
34015  8.007  -38.697  -25.403 0.5000000000
184217  9.802  -39.764  -24.484 0.5000000000
32740  7.543  -39.601  -26.018 0.5000000000
10104  30.119  -56.423  -33.199 0.5000000000
10105  29.394  -56.421  -33.220 0.5000000000
12656  30.764  -54.157  -28.482 0.4000000060
209518  31.154  -54.633  -28.602 0.4000000060
10984  31.681  -56.026  -31.402 0.4000000060
216196  32.081  -53.934  -27.098 0.4000000060
12643  32.625  -54.761  -27.589 0.4000000060
10951  32.704  -56.359  -28.948 0.4000000060
14499  32.319  -53.064  -26.731 0.5000000000
11745  33.487  -55.825  -28.157 0.4000000060
14498  32.945  -52.933  -26.829 0.5000000000
15520  33.700  -52.073  -27.659 0.6000000238
13589  34.717  -53.731  -28.502 0.5000000000
16576  33.886  -51.497  -28.045 0.5000000000
21383  31.806  -47.971  -34.625 0.3000000119
21369  31.586  -48.361  -34.466 0.3000000119
21334  31.866  -48.244  -33.012 0.3000000119
22588  31.477  -47.622  -34.207 0.3000000119
193807  32.538  -47.211  -33.821 0.3000000119
23845  34.409  -47.155  -32.876 0.3000000119
23831  33.780  -46.989  -32.861 0.3000000119
20148  31.984  -49.749  -33.813 0.3000000119
20132  32.769  -49.339  -32.557 0.4000000060
21332  33.375  -48.749  -31.522 0.4000000060
21382  31.887  -48.591  -34.733 0.3000000119
21318  33.510  -48.043  -30.721 0.4000000060
21333  32.598  -48.514  -32.293 0.4000000060
22483  31.584  -47.373  -28.510 0.4000000060
22460  31.366  -47.505  -27.828 0.4000000060
22585  33.313  -47.988  -33.984 0.3000000119
22557  31.562  -47.640  -32.740 0.3000000119
22526  32.405  -47.194  -30.493 0.4000000060
25019  31.499  -46.580  -33.560 0.3000000119
23814  31.231  -47.000  -32.469 0.3000000119
18975  33.803  -49.974  -31.571 0.4000000060
200020  33.991  -50.557  -30.002 0.4000000060
18901  33.862  -50.301  -28.088 0.4000000060
20052  33.563  -49.130  -27.412 0.4000000060
18990  32.791  -50.116  -33.057 0.4000000060
20131  33.516  -49.434  -31.783 0.4000000060
20098  33.968  -49.361  -30.284 0.4000000060
20067  34.033  -49.047  -28.569 0.4000000060
21259  33.260  -48.445  -27.525 0.4000000060
20163  31.856  -49.543  -34.397 0.3000000119
21317  33.794  -48.771  -30.720 0.4000000060
21272  33.764  -48.290  -28.604 0.4000000060
21241  31.794  -48.134  -26.615 0.4000000060
21367  33.053  -48.599  -34.393 0.3000000119
191865  32.804  -47.413  -29.065 0.4000000060
21240  32.525  -48.144  -27.190 0.4000000060
21366  33.965  -48.502  -33.626 0.3000000119
22505  32.529  -47.288  -29.727 0.4000000060
23774  31.135  -46.801  -30.653 0.4000000060
16615  34.294  -51.693  -30.494 0.4000000060
16589  34.174  -51.361  -29.118 0.4000000060
189485  33.627  -51.249  -31.731 0.4000000060
17760  34.063  -51.024  -30.520 0.4000000060
17742  34.095  -51.198  -29.831 0.4000000060
17708  33.679  -50.947  -27.815 0.4000000060
19032  32.773  -50.418  -34.565 0.3000000119
17776  32.937  -50.673  -33.053 0.4000000060
183815  34.635  -49.055  -33.430 0.3000000119
20162  33.586  -49.142  -34.123 0.3000000119
20034  33.073  -48.780  -26.942 0.4000000060
21365  35.046  -48.431  -33.015 0.3000000119
15533  34.182  -52.000  -28.283 0.4000000060
16603  34.301  -51.668  -29.644 0.4000000060
23796  30.622  -46.338  -31.554 0.3000000119
23816  30.549  -45.958  -32.573 0.3000000119
23815  30.796  -46.488  -32.495 0.3000000119
20018  32.507  -49.203  -26.089 0.4000000060
211535  33.517  -50.482  -27.539 0.4000000060
190268  33.264  -50.913  -27.268 0.4000000060
15542  34.707  -52.562  -29.172 0.4000000060
21351  31.924  -48.962  -33.372 0.3000000119
23848  31.485  -46.910  -33.908 0.3000000119
218804  32.672  -46.595  -33.089 0.3000000119
18989  33.316  -49.869  -32.231 0.4000000060
22539  32.836  -47.615  -31.037 0.4000000060
22504  33.553  -47.849  -29.804 0.4000000060
22525  33.051  -47.525  -30.223 0.4000000060
22459  32.889  -47.849  -27.858 0.4000000060
23794  31.592  -47.060  -31.584 0.4000000060
17775  33.445  -50.561  -32.232 0.4000000060
17730  34.048  -50.793  -29.235 0.4000000060
18936  34.014  -50.171  -29.313 0.4000000060
201635  32.378  -50.674  -34.323 0.3000000119
21288  34.048  -48.659  -29.126 0.4000000060
19033  32.266  -49.885  -34.532 0.3000000119
17795  33.094  -51.293  -32.643 0.4000000060
17813  32.687  -51.231  -34.332 0.3000000119
20176  33.148  -49.828  -34.495 0.3000000119
204990  27.340  -60.711  -31.292 0.3000000119
6089  28.868  -61.567  -31.656 0.3000000119
6733  26.789  -59.861  -30.930 0.3000000119
6079  28.229  -61.487  -31.123 0.3000000119
6742  27.587  -60.444  -31.750 0.3000000119
207421  28.045  -60.636  -32.009 0.3000000119
8281  26.843  -59.067  -30.923 0.3000000119
7431  26.759  -59.487  -30.309 0.3000000119
6732  27.302  -60.758  -30.707 0.3000000119
8296  27.212  -58.650  -31.239 0.3000000119
7451  26.930  -59.578  -31.363 0.3000000119
6756  27.832  -60.197  -32.256 0.3000000119
9214  28.136  -57.546  -33.406 0.3000000119
8251  26.946  -58.596  -29.476 0.3000000119
7418  26.850  -59.148  -29.718 0.3000000119
186117  27.587  -58.087  -30.291 0.3000000119
8265  26.872  -58.814  -30.177 0.3000000119
6720  27.454  -60.610  -30.003 0.3000000119
9201  27.725  -58.245  -32.318 0.3000000119
10106  28.340  -57.538  -32.385 0.3000000119
9200  27.911  -57.543  -32.698 0.3000000119
10068  28.106  -57.883  -30.255 0.3000000119
209585  27.501  -58.694  -31.736 0.3000000119
217265  28.044  -58.548  -31.249 0.3000000119
9190  28.655  -58.563  -31.329 0.3000000119
9191  28.300  -58.313  -31.705 0.3000000119
206179  27.972  -57.919  -32.197 0.3000000119
9199  28.868  -57.763  -31.979 0.3000000119
8325  32.255  -58.658  -33.683 0.4000000060
8313  30.566  -58.074  -32.764 0.4000000060
4288  29.279  -63.269  -27.839 0.3000000119
4314  27.480  -63.914  -28.981 0.3000000119
6065  27.870  -61.238  -30.436 0.3000000119
6063  28.889  -61.991  -30.292 0.3000000119
7404  28.849  -59.817  -27.667 0.3000000119
6692  29.089  -60.486  -28.022 0.3000000119
5439  29.708  -62.182  -27.723 0.3000000119
4871  29.681  -62.605  -28.135 0.3000000119
4300  28.852  -63.781  -28.130 0.3000000119
8234  27.648  -58.711  -28.196 0.3000000119
6693  28.213  -60.119  -28.467 0.3000000119
6041  29.533  -61.520  -28.331 0.3000000119
212350  29.518  -62.803  -28.490 0.3000000119
4299  29.058  -63.467  -28.343 0.3000000119
208671  27.567  -59.780  -28.905 0.3000000119
6719  28.074  -61.044  -29.568 0.3000000119
6053  29.441  -61.946  -28.974 0.3000000119
5463  29.654  -62.318  -28.965 0.3000000119
211642  29.015  -61.836  -29.595 0.3000000119
5471  29.406  -62.266  -29.709 0.3000000119
8314  27.528  -58.988  -32.134 0.3000000119
8327  27.688  -58.830  -32.798 0.3000000119
8250  27.175  -59.107  -28.993 0.3000000119
9192  27.772  -58.477  -31.648 0.3000000119
4860  28.856  -62.793  -27.129 0.3000000119
5477  29.586  -62.432  -30.368 0.3000000119
7405  27.902  -59.431  -28.268 0.3000000119
189620  29.765  -61.141  -26.948 0.3000000119
6042  29.196  -61.022  -28.384 0.3000000119
5454  29.713  -62.143  -28.336 0.3000000119
4891  29.485  -62.807  -29.832 0.3000000119
9198  29.606  -58.146  -32.053 0.3000000119
10994  35.989  -56.788  -31.714 0.3000000119
10081  35.758  -56.939  -31.036 0.3000000119
10082  34.645  -57.265  -30.185 0.3000000119
9175  33.924  -58.098  -30.299 0.4000000060
9176  33.202  -58.415  -31.141 0.4000000060
10101  33.173  -57.641  -33.014 0.3000000119
10102  32.935  -56.766  -33.325 0.3000000119
10981  35.383  -56.669  -31.300 0.3000000119
10061  34.513  -57.004  -30.575 0.4000000060
10062  33.860  -57.485  -30.000 0.4000000060
10084  32.428  -57.397  -31.242 0.3000000119
10949  34.198  -56.497  -29.193 0.4000000060
10046  33.835  -57.033  -29.420 0.4000000060
190477  32.305  -56.665  -29.701 0.3000000119
10931  33.896  -56.095  -28.645 0.3000000119
10965  36.636  -55.698  -29.760 0.3000000119
10979  36.951  -55.832  -30.803 0.3000000119
9174  34.523  -57.537  -30.113 0.4000000060
191239  33.119  -58.658  -31.525 0.3000000119
9196  33.343  -58.309  -32.964 0.3000000119
9211  33.302  -58.444  -33.359 0.3000000119
11809  37.130  -55.173  -31.056 0.3000000119
11005  36.939  -55.765  -31.778 0.3000000119
11006  36.186  -56.090  -31.900 0.3000000119
11007  35.412  -55.980  -31.891 0.3000000119
189128  35.121  -56.093  -31.231 0.3000000119
10966  34.814  -56.474  -30.477 0.4000000060
214460  35.290  -55.820  -32.560 0.3000000119
190035  34.728  -55.353  -33.011 0.3000000119
11810  35.183  -55.617  -31.413 0.3000000119
11795  35.181  -55.838  -30.938 0.4000000060
10967  34.443  -56.985  -29.814 0.4000000060
13649  34.521  -54.455  -32.030 0.3000000119
12696  35.417  -55.154  -30.882 0.4000000060
11761  34.922  -55.520  -29.452 0.4000000060
196081  34.972  -53.278  -30.661 0.3000000119
187377  35.324  -53.802  -30.497 0.4000000060
12683  35.272  -54.975  -30.052 0.4000000060
11743  34.718  -55.259  -28.860 0.4000000060
15559  34.648  -52.731  -30.858 0.3000000119
14571  35.116  -53.533  -29.904 0.4000000060
15541  34.830  -52.812  -30.004 0.3000000119
10017  34.571  -57.617  -27.659 0.3000000119
9109  34.681  -57.987  -28.065 0.3000000119
7401  34.083  -59.016  -28.129 0.3000000119
6705  33.382  -59.578  -29.044 0.3000000119
10946  36.585  -55.811  -29.212 0.3000000119
10947  36.262  -56.418  -28.993 0.3000000119
9138  35.075  -57.459  -29.125 0.3000000119
7427  33.464  -58.990  -29.787 0.3000000119
12695  37.199  -54.030  -30.632 0.3000000119
10964  37.089  -55.132  -29.949 0.3000000119
9153  35.477  -57.020  -29.499 0.3000000119
9154  35.023  -57.324  -29.609 0.3000000119
206842  34.322  -58.333  -29.661 0.3000000119
8277  33.147  -58.892  -30.918 0.3000000119
7458  33.200  -59.265  -32.143 0.3000000119
8309  33.340  -59.088  -33.066 0.3000000119
8310  32.480  -59.361  -33.146 0.3000000119
8311  31.622  -59.211  -32.956 0.3000000119
11794  37.205  -54.473  -30.822 0.3000000119
13635  35.426  -54.396  -30.682 0.3000000119
14594  33.753  -53.520  -32.770 0.3000000119
14582  35.009  -53.847  -31.295 0.3000000119
15570  33.880  -52.327  -31.997 0.3000000119
15560  34.453  -52.192  -31.172 0.3000000119
15551  34.569  -52.320  -30.460 0.3000000119
10003  34.384  -56.956  -26.917 0.3000000119
212857  35.662  -56.863  -28.123 0.3000000119
210166  34.961  -57.593  -28.425 0.3000000119
8231  34.605  -58.128  -28.432 0.3000000119
10929  36.587  -55.854  -28.775 0.3000000119
9123  35.019  -57.579  -28.767 0.3000000119
8312  30.729  -58.996  -32.491 0.3000000119
200548  34.064  -57.292  -26.198 0.3000000119
10002  35.136  -57.029  -27.725 0.3000000119
11724  36.156  -55.571  -27.901 0.3000000119
10913  36.047  -56.394  -28.249 0.3000000119
10930  36.182  -56.415  -28.611 0.3000000119
196477  37.234  -54.740  -29.244 0.3000000119
10899  34.897  -56.376  -27.226 0.3000000119
11708  35.863  -54.825  -27.408 0.3000000119
11723  36.800  -55.020  -28.308 0.3000000119
206696  36.964  -55.204  -28.627 0.3000000119
9197  31.399  -58.586  -33.353 0.3000000119
9212  32.927  -57.918  -33.848 0.3000000119
10114  33.089  -57.201  -33.694 0.3000000119
10094  32.927  -57.916  -31.863 0.3000000119
10064  32.619  -57.274  -30.314 0.4000000060
13606  34.954  -54.015  -29.208 0.4000000060
16635  33.569  -51.733  -32.092 0.3000000119
10093  36.495  -56.914  -31.285 0.3000000119
196039  35.147  -56.965  -30.817 0.3000000119
10080  36.169  -56.738  -30.666 0.3000000119
9155  33.998  -57.995  -30.247 0.4000000060
9156  33.580  -57.911  -30.176 0.4000000060
10063  33.241  -57.583  -30.184 0.4000000060
11777  35.075  -55.775  -30.292 0.4000000060
10978  37.086  -55.086  -30.475 0.3000000119
10060  35.941  -56.686  -29.927 0.3000000119
8276  33.934  -58.278  -30.166 0.3000000119
8262  34.629  -57.780  -29.799 0.3000000119
8292  33.041  -58.886  -31.648 0.4000000060
8323  33.459  -58.756  -32.895 0.3000000119
11808  37.457  -54.617  -31.598 0.3000000119
11822  37.362  -55.188  -32.090 0.3000000119
11834  36.479  -55.479  -32.955 0.3000000119
12708  34.975  -55.123  -31.650 0.4000000060
15569  34.117  -52.992  -32.133 0.3000000119
8230  34.798  -57.928  -28.844 0.3000000119
8247  34.671  -57.998  -29.264 0.3000000119
7440  33.074  -59.069  -30.476 0.3000000119
213055  33.562  -52.865  -32.927 0.3000000119
12631  19.676  -54.809  -27.407 0.4000000060
3707  28.606  -63.845  -28.662 0.3000000119
3708  28.346  -64.116  -28.721 0.3000000119
4287  29.439  -63.041  -28.137 0.3000000119
4289  28.879  -63.356  -27.599 0.3000000119
4290  28.246  -63.141  -27.522 0.3000000119
4859  29.539  -62.744  -27.614 0.3000000119
4882  29.450  -62.810  -29.032 0.3000000119
5462  29.686  -62.520  -28.691 0.3000000119
5470  29.541  -62.502  -29.378 0.3000000119
6024  29.702  -61.656  -27.642 0.3000000119
6054  28.916  -61.363  -29.106 0.3000000119
6064  28.496  -61.532  -29.950 0.3000000119
6080  27.691  -61.091  -31.050 0.3000000119
6090  27.998  -61.032  -31.594 0.3000000119
6687  33.772  -59.461  -28.642 0.3000000119
6691  29.622  -61.013  -27.693 0.3000000119
6708  28.500  -60.751  -28.802 0.3000000119
6709  27.755  -60.385  -29.209 0.3000000119
6721  26.927  -60.216  -30.427 0.3000000119
6743  27.048  -60.180  -31.410 0.3000000119
6757  27.376  -59.717  -31.880 0.3000000119
7414  33.937  -59.014  -29.128 0.3000000119
7430  27.140  -59.831  -29.640 0.3000000119
7439  33.777  -58.713  -29.852 0.3000000119
7459  33.228  -59.615  -32.493 0.3000000119
7469  32.992  -59.410  -33.023 0.3000000119
7471  27.721  -59.584  -32.550 0.3000000119
8248  34.379  -58.424  -28.775 0.3000000119
8263  34.209  -58.651  -29.217 0.3000000119
8280  27.099  -58.501  -30.605 0.3000000119
8297  27.133  -59.051  -31.542 0.3000000119
8308  33.479  -59.132  -32.589 0.3000000119
8324  32.975  -58.868  -33.557 0.3000000119
9122  35.447  -57.135  -28.993 0.3000000119
9142  27.183  -58.027  -29.228 0.3000000119
9172  35.493  -56.966  -30.196 0.3000000119
9173  35.172  -57.409  -29.906 0.3000000119
9180  27.612  -58.465  -30.962 0.3000000119
9187  33.305  -58.853  -32.398 0.3000000119
9188  33.178  -58.360  -32.249 0.3000000119
10015  35.711  -56.856  -28.454 0.3000000119
10016  35.211  -57.343  -28.208 0.3000000119
10031  35.814  -56.831  -28.821 0.3000000119
10032  35.380  -57.220  -28.619 0.3000000119
10044  36.303  -56.354  -29.556 0.3000000119
10045  35.838  -56.769  -29.294 0.3000000119
10047  33.172  -57.057  -29.586 0.4000000060
10079  36.391  -56.150  -30.318 0.3000000119
10083  32.961  -57.875  -30.815 0.4000000060
10113  33.298  -57.843  -33.511 0.3000000119
10115  32.563  -56.971  -33.941 0.5000000000
10914  35.648  -56.415  -27.794 0.3000000119
10920  24.631  -56.512  -27.910 0.5000000000
10933  32.785  -55.859  -28.323 0.4000000060
10948  34.797  -56.279  -29.590 0.4000000060
10952  31.957  -56.051  -29.245 0.4000000060
10980  36.894  -56.555  -31.039 0.3000000119
10982  34.966  -56.579  -30.940 0.3000000119
10992  37.111  -55.945  -31.311 0.3000000119
10993  36.727  -56.350  -31.569 0.3000000119
10995  35.425  -56.133  -31.629 0.3000000119
11004  37.182  -55.334  -31.557 0.3000000119
11014  32.099  -56.005  -33.538 0.5000000000
11700  20.074  -55.010  -26.473 0.5000000000
11709  35.245  -55.518  -27.152 0.3000000119
11714  24.529  -55.657  -26.939 0.5000000000
11725  33.710  -55.379  -27.822 0.4000000060
11733  20.961  -55.340  -27.082 0.5000000000
11735  20.037  -55.132  -27.759 0.6000000238
11742  36.471  -55.769  -28.444 0.3000000119
11744  34.224  -55.474  -28.311 0.4000000060
11746  32.341  -55.320  -28.084 0.4000000060
11747  31.674  -55.093  -28.428 0.4000000060
11750  24.926  -55.891  -28.265 0.5000000000
11751  20.800  -55.199  -28.109 0.5000000000
11752  20.346  -55.148  -28.210 0.6000000238
11753  20.095  -54.991  -28.846 0.5000000000
11760  37.013  -55.265  -29.004 0.3000000119
11762  34.525  -55.875  -28.951 0.3000000119
11764  31.666  -55.513  -28.970 0.4000000060
11765  25.412  -55.585  -29.276 0.6000000238
11767  20.338  -55.120  -29.527 0.5000000000
11775  37.265  -54.589  -29.685 0.3000000119
11776  37.038  -55.237  -29.444 0.3000000119
11779  30.748  -54.791  -30.742 0.4000000060
11782  21.017  -55.499  -30.407 0.5000000000
11783  20.577  -55.390  -30.115 0.5000000000
11784  20.170  -55.170  -30.192 0.5000000000
11796  31.189  -55.371  -31.213 0.4000000060
11800  21.482  -55.493  -31.377 0.6000000238
11801  21.084  -55.601  -31.064 0.6000000238
11802  20.588  -55.524  -30.763 0.5000000000
11811  31.887  -55.537  -32.736 0.5000000000
11815  21.523  -55.449  -31.930 0.6000000238
11816  21.123  -55.579  -31.605 0.6000000238
11823  36.750  -55.680  -32.332 0.3000000119
11824  35.957  -56.127  -32.548 0.3000000119
11829  21.626  -55.290  -32.511 0.6999999881
11830  21.185  -55.438  -32.150 0.6000000238
11831  20.789  -55.544  -31.842 0.6000000238
11835  35.595  -55.637  -33.139 0.3000000119
11840  21.345  -55.214  -32.705 0.6000000238
12616  19.819  -54.942  -25.795 0.5000000000
12641  34.155  -54.874  -27.816 0.4000000060
12642  33.460  -54.886  -27.542 0.4000000060
12645  25.002  -54.391  -27.835 0.6000000238
12646  24.713  -54.317  -27.273 0.5000000000
12647  21.024  -55.265  -27.522 0.6000000238
12648  19.684  -54.761  -28.092 0.5000000000
12657  25.343  -54.724  -28.467 0.6000000238
12667  37.386  -54.114  -29.331 0.3000000119
12668  34.962  -54.766  -29.301 0.4000000060
12670  30.778  -54.484  -29.139 0.4000000060
12671  25.943  -54.482  -29.506 0.5000000000
12673  21.018  -54.838  -29.492 0.6000000238
12688  21.610  -54.961  -30.607 0.6000000238
12689  21.261  -55.236  -30.135 0.6000000238
12700  21.768  -55.216  -31.171 0.6000000238
12702  20.265  -55.116  -30.904 0.5000000000
12707  37.256  -53.868  -31.229 0.3000000119
12713  20.555  -55.417  -31.428 0.6000000238
12714  20.339  -54.901  -31.560 0.5000000000
12720  34.893  -55.550  -32.092 0.3000000119
12725  22.438  -54.781  -33.277 0.6000000238
12726  21.934  -54.996  -32.764 0.6999999881
12734  30.271  -54.741  -33.192 0.4000000060
12739  21.261  -54.925  -33.190 0.6999999881
12740  20.862  -54.768  -33.089 0.6000000238
12744  29.628  -54.292  -34.483 0.4000000060
12748  22.690  -54.829  -33.972 0.6000000238
12750  21.675  -54.756  -33.918 0.6999999881
12757  22.672  -54.752  -34.668 0.6000000238
12758  22.070  -54.664  -34.614 0.6000000238
12760  20.827  -53.997  -34.421 0.6999999881
13537  24.350  -54.102  -26.279 0.5000000000
13557  24.430  -53.778  -27.031 0.5000000000
13558  21.189  -54.176  -27.106 0.5000000000
13559  19.373  -54.328  -27.064 0.5000000000
13560  19.180  -53.896  -26.530 0.5000000000
13570  33.907  -53.810  -27.445 0.4000000060
13572  31.973  -54.345  -27.526 0.4000000060
13574  30.043  -53.523  -28.099 0.4000000060
13575  24.987  -53.616  -27.961 0.6000000238
13578  19.424  -54.342  -27.805 0.4000000060
13579  19.219  -53.920  -27.537 0.5000000000
13590  34.403  -54.152  -27.848 0.4000000060
13593  26.043  -53.835  -28.647 0.6000000238
13594  25.464  -54.063  -28.343 0.6000000238
13595  21.242  -54.175  -28.583 0.6000000238
13596  19.422  -54.392  -28.517 0.5000000000
13608  29.978  -53.823  -29.355 0.4000000060
13614  19.533  -54.500  -29.210 0.5000000000
13622  35.214  -54.231  -29.914 0.4000000060
13626  26.798  -53.825  -30.185 0.6000000238
13627  26.316  -54.065  -29.902 0.5000000000
13628  21.757  -54.082  -30.572 0.6999999881
13630  19.758  -54.652  -29.801 0.5000000000
13631  19.457  -54.011  -29.770 0.5000000000
13636  30.365  -54.325  -30.358 0.4000000060
13638  29.411  -53.596  -31.032 0.4000000060
13644  19.546  -53.584  -30.534 0.5000000000
13655  21.935  -54.755  -31.654 0.6999999881
13656  20.550  -55.201  -32.015 0.4000000060
13668  22.242  -54.039  -32.246 0.6999999881
13669  20.259  -54.035  -32.390 0.4000000060
13678  20.072  -53.829  -33.028 0.6000000238
13679  19.312  -53.711  -33.606 0.6999999881
13686  23.808  -54.236  -34.478 0.6000000238
13690  18.853  -53.595  -34.366 0.6000000238
13693  23.801  -54.308  -35.246 0.6000000238
13694  23.086  -54.519  -35.278 0.6000000238
13695  21.809  -54.126  -35.074 0.6000000238
13696  20.957  -54.006  -35.072 0.6999999881
13697  20.165  -53.915  -34.888 0.6999999881
13699  23.446  -53.953  -35.550 0.6000000238
13700  21.183  -53.752  -35.379 0.6000000238
13701  20.480  -53.675  -35.400 0.6999999881
13702  19.875  -53.595  -35.344 0.6999999881
14460  21.875  -53.112  -24.349 0.5000000000
14470  23.666  -53.090  -25.419 0.6000000238
14471  21.322  -52.949  -24.878 0.5000000000
14481  23.906  -52.514  -25.960 0.6999999881
14482  21.148  -52.948  -25.668 0.5000000000
14500  31.187  -53.288  -26.950 0.4000000060
14503  28.805  -52.491  -27.460 0.6999999881
14504  28.232  -52.380  -27.280 0.6999999881
14507  24.358  -53.017  -27.019 0.5000000000
14523  33.413  -53.454  -27.033 0.5000000000
14527  27.407  -52.808  -27.881 0.6999999881
14529  25.905  -52.870  -27.911 0.6999999881
14530  25.187  -53.008  -27.789 0.6000000238
14531  24.642  -53.290  -27.531 0.5000000000
14532  21.279  -53.380  -27.609 0.5000000000
14544  34.628  -52.981  -28.515 0.4000000060
14546  29.179  -53.275  -28.632 0.5000000000
14547  28.546  -53.052  -28.552 0.5000000000
14553  19.004  -53.112  -28.178 0.5000000000
14563  26.504  -53.657  -28.984 0.6000000238
14564  21.405  -53.524  -29.048 0.6999999881
14565  19.226  -53.483  -29.417 0.5000000000
14572  29.164  -53.420  -30.050 0.4000000060
14574  27.810  -53.508  -30.199 0.4000000060
14575  21.478  -53.692  -29.801 0.6999999881
14585  21.959  -53.291  -31.046 0.6999999881
14587  19.433  -53.003  -31.257 0.5000000000
14593  34.470  -53.600  -32.072 0.3000000119
14596  19.639  -53.300  -31.862 0.4000000060
14607  19.797  -53.419  -32.538 0.4000000060
14608  19.311  -52.815  -32.481 0.4000000060
14614  23.256  -53.567  -33.257 0.6000000238
14628  24.656  -53.103  -35.101 0.6000000238
14629  18.092  -53.306  -34.532 0.6000000238
14630  17.369  -52.996  -34.729 0.6000000238
14636  24.652  -53.258  -35.276 0.6000000238
14637  24.316  -53.787  -35.154 0.6000000238
14639  22.172  -53.598  -35.525 0.6000000238
14641  17.683  -53.047  -35.154 0.6000000238
14642  16.642  -52.494  -35.300 0.5000000000
14649  22.577  -54.049  -35.463 0.6000000238
14650  21.418  -53.460  -35.338 0.6000000238
14652  18.694  -52.867  -35.500 0.6999999881
14653  17.993  -52.867  -35.473 0.6000000238
14654  17.250  -52.683  -35.392 0.6000000238
15443  23.295  -52.704  -24.856 0.5000000000
15445  21.858  -52.194  -24.332 0.5000000000
15457  24.052  -51.875  -25.723 0.6000000238
15470  32.003  -52.194  -26.263 0.6000000238
15471  30.900  -52.434  -26.205 0.5000000000
15472  30.261  -52.400  -26.212 0.5000000000
15473  29.572  -52.252  -26.281 0.6000000238
15475  28.187  -51.877  -26.401 0.6999999881
15476  27.559  -51.830  -26.471 0.6999999881
15477  26.293  -51.796  -26.503 0.6999999881
15478  25.579  -51.795  -26.520 0.6999999881
15497  32.466  -52.468  -26.637 0.5000000000
15498  31.736  -52.804  -26.614 0.5000000000
15500  29.915  -52.691  -26.896 0.6000000238
15506  25.223  -52.176  -26.972 0.6999999881
15507  24.590  -52.384  -26.828 0.6999999881
15508  21.156  -52.426  -26.737 0.5000000000
15509  18.830  -52.421  -26.407 0.6000000238
15521  33.533  -52.744  -27.281 0.5000000000
15522  26.981  -52.464  -27.411 0.6999999881
15523  26.254  -52.455  -27.452 0.6999999881
15525  21.260  -52.609  -27.390 0.5000000000
15526  18.872  -52.574  -27.149 0.6000000238
15534  21.576  -52.127  -29.006 0.6999999881
15535  21.313  -51.947  -27.841 0.5000000000
15544  21.421  -52.784  -28.744 0.6999999881
15545  18.865  -52.424  -29.060 0.5000000000
15552  21.861  -52.269  -30.141 0.6000000238
15553  19.045  -52.482  -30.190 0.5000000000
15571  22.261  -52.719  -31.536 0.6999999881
15572  18.913  -52.442  -31.662 0.5000000000
15581  23.741  -52.227  -32.997 0.6000000238
15601  24.043  -52.931  -33.514 0.6000000238
15616  25.657  -52.308  -35.571 0.6999999881
15619  22.828  -52.582  -35.001 0.6999999881
15621  21.314  -52.534  -34.692 0.6999999881
15626  25.366  -52.346  -35.827 0.6999999881
15627  25.164  -52.610  -35.589 0.6999999881
15628  24.324  -52.569  -35.613 0.6000000238
15630  22.534  -53.235  -35.346 0.6000000238
15632  20.300  -52.236  -35.332 0.6999999881
15633  19.899  -52.180  -35.525 0.6999999881
15634  16.840  -52.343  -35.498 0.5000000000
15635  16.227  -52.235  -35.264 0.5000000000
15642  24.930  -52.473  -35.649 0.6000000238
15643  23.864  -53.255  -35.625 0.6999999881
15644  20.952  -52.813  -35.382 0.6999999881
16510  22.857  -51.374  -24.564 0.5000000000
16512  21.571  -51.541  -24.501 0.5000000000
16513  21.281  -51.567  -24.864 0.5000000000
16525  31.077  -51.572  -25.372 0.6999999881
16527  29.692  -51.270  -25.259 0.6000000238
16530  26.436  -51.145  -25.539 0.6999999881
16548  31.459  -51.951  -25.845 0.6000000238
16552  28.477  -51.549  -25.875 0.6000000238
16554  26.696  -51.533  -25.986 0.6999999881
16557  24.604  -51.539  -25.937 0.6999999881
16558  21.022  -51.582  -25.815 0.5000000000
16565  33.020  -51.380  -26.897 0.6000000238
16567  21.059  -51.634  -26.545 0.5000000000
16577  33.387  -51.487  -27.467 0.6000000238
16579  21.268  -51.365  -27.250 0.5000000000
16590  21.534  -51.612  -28.518 0.6999999881
16592  18.439  -51.064  -28.826 0.6000000238
16605  18.665  -51.733  -29.311 0.6000000238
16616  22.524  -51.166  -30.374 0.6999999881
16619  18.177  -51.326  -30.362 0.5000000000
16624  34.027  -51.730  -31.438 0.4000000060
16625  22.235  -51.786  -30.607 0.6999999881
16626  18.570  -51.891  -30.675 0.5000000000
16637  22.847  -51.569  -31.776 0.6999999881
16650  33.411  -52.050  -33.006 0.3000000119
16652  24.605  -51.426  -33.432 0.6000000238
16655  21.250  -51.294  -32.982 0.6000000238
16656  20.673  -51.332  -32.953 0.6000000238
16671  24.316  -52.118  -33.466 0.6000000238
16675  20.131  -51.480  -33.847 0.8000000119
16682  25.766  -51.855  -34.958 0.6999999881
16684  23.083  -51.808  -34.726 0.6000000238
16686  21.552  -52.061  -34.079 0.6999999881
16688  20.116  -51.735  -34.812 0.6999999881
16693  25.699  -51.981  -35.782 0.6999999881
16694  24.952  -51.872  -35.911 0.6999999881
16695  24.585  -51.869  -35.792 0.6999999881
16705  25.342  -52.126  -35.910 0.6999999881
16707  19.533  -51.721  -35.527 0.6999999881
16708  18.892  -51.521  -35.574 0.6999999881
16709  18.084  -51.760  -35.560 0.6999999881
16710  17.309  -51.597  -35.585 0.6000000238
17649  27.219  -50.223  -25.180 0.6999999881
17651  22.608  -50.894  -24.527 0.6000000238
17653  21.368  -51.052  -24.881 0.5000000000
17660  30.930  -51.000  -25.069 0.6999999881
17662  29.413  -50.488  -25.010 0.6000000238
17663  28.137  -50.675  -25.215 0.6000000238
17664  27.547  -50.711  -25.325 0.6999999881
17667  25.313  -50.473  -25.052 0.6000000238
17668  24.572  -50.586  -25.085 0.6000000238
17670  22.365  -50.496  -24.631 0.5000000000
17671  21.811  -50.425  -24.990 0.5000000000
17672  21.250  -50.624  -25.419 0.5000000000
17684  21.052  -50.921  -26.029 0.5000000000
17696  33.045  -50.845  -26.754 0.6999999881
17698  21.331  -50.508  -27.279 0.6000000238
17709  21.506  -50.440  -28.048 0.6999999881
17719  34.008  -50.987  -28.504 0.4000000060
17720  21.811  -50.850  -28.612 0.6999999881
17731  22.432  -50.277  -29.470 0.6000000238
17732  22.088  -50.763  -29.189 0.6000000238
17743  22.652  -50.478  -30.188 0.6999999881
17778  23.666  -50.717  -32.049 0.6999999881
17779  23.098  -50.905  -31.588 0.6000000238
17780  21.314  -50.487  -32.212 0.6000000238
17782  19.982  -50.549  -32.157 0.6999999881
17796  32.855  -50.904  -33.665 0.3000000119
17798  22.554  -50.385  -32.916 0.6000000238
17800  20.963  -51.003  -32.541 0.6000000238
17802  19.793  -50.866  -32.737 0.6000000238
17814  25.448  -50.678  -34.119 0.6999999881
17816  23.667  -50.180  -34.213 0.6000000238
17818  22.367  -50.999  -33.260 0.6000000238
17819  20.137  -51.277  -33.102 0.8000000119
17826  32.362  -50.629  -34.388 0.3000000119
17827  25.951  -50.750  -35.277 0.6999999881
17828  25.350  -51.354  -34.175 0.6999999881
17829  24.112  -50.741  -34.964 0.6999999881
17830  23.455  -51.073  -34.338 0.6000000238
17841  26.093  -51.709  -35.172 0.6999999881
17843  24.619  -51.309  -35.531 0.6999999881
17845  17.064  -50.250  -35.222 0.6999999881
17854  25.729  -50.619  -35.588 0.6999999881
17855  25.758  -51.316  -35.728 0.6999999881
17856  25.409  -51.615  -35.958 0.6999999881
17858  18.913  -50.608  -35.488 0.6999999881
17859  18.182  -50.945  -35.539 0.6999999881
17861  16.185  -50.505  -35.292 0.6000000238
17862  15.508  -50.733  -35.404 0.5000000000
18842  22.918  -50.313  -24.611 0.6000000238
18850  30.680  -50.365  -24.858 0.6000000238
18852  27.492  -49.738  -25.059 0.6999999881
18853  26.590  -50.122  -25.172 0.6999999881
18854  25.895  -49.968  -25.050 0.6999999881
18855  25.095  -49.792  -24.984 0.6999999881
18856  24.315  -50.006  -24.930 0.6999999881
18857  23.547  -50.135  -24.735 0.6000000238
18858  21.992  -49.918  -25.290 0.6000000238
18859  21.540  -50.116  -25.468 0.5000000000
18872  31.963  -50.420  -25.439 0.6999999881
18873  21.813  -49.758  -25.811 0.5000000000
18888  21.227  -50.445  -26.524 0.5000000000
18902  33.616  -49.881  -27.466 0.4000000060
18904  21.837  -49.817  -27.679 0.6999999881
18916  34.061  -49.809  -28.651 0.4000000060
18917  22.282  -49.638  -28.290 0.6999999881
18937  23.233  -49.461  -29.589 0.6999999881
18939  22.181  -50.382  -28.905 0.6000000238
18957  33.984  -50.091  -30.663 0.4000000060
18976  24.199  -49.640  -31.378 0.6999999881
18978  23.132  -50.087  -30.599 0.6000000238
18979  21.408  -49.688  -31.289 0.6000000238
18980  20.651  -49.834  -31.098 0.6000000238
18982  19.409  -49.607  -31.258 0.6000000238
18991  25.255  -49.454  -32.454 0.6999999881
18993  21.702  -49.981  -31.891 0.6000000238
18995  20.292  -50.142  -31.635 0.6000000238
18996  19.270  -49.771  -31.969 0.6999999881
19003  32.485  -50.345  -33.792 0.3000000119
19006  21.980  -50.336  -32.365 0.6000000238
19007  19.447  -50.496  -33.156 0.8000000119
19016  32.130  -50.160  -34.289 0.3000000119
19018  25.653  -50.000  -34.023 0.6999999881
19020  23.124  -50.053  -33.478 0.6000000238
19021  19.445  -50.587  -33.872 0.8000000119
19034  25.839  -50.044  -34.742 0.6999999881
19035  25.733  -50.560  -34.657 0.6999999881
19037  19.381  -50.179  -34.599 0.8000000119
19039  15.865  -49.365  -34.076 0.6000000238
19050  25.415  -50.028  -35.520 0.6999999881
19051  24.928  -50.192  -35.635 0.6000000238
19052  24.574  -50.404  -35.515 0.6999999881
19053  19.507  -49.714  -35.251 0.6999999881
19054  19.333  -49.589  -35.456 0.6999999881
19055  17.736  -49.762  -35.243 0.6999999881
19057  15.223  -50.237  -35.035 0.5000000000
19059  25.847  -50.274  -35.392 0.6999999881
19061  19.208  -50.266  -35.310 0.6999999881
19062  18.981  -49.895  -35.565 0.6999999881
19063  18.500  -49.622  -35.636 0.6999999881
19064  17.938  -50.247  -35.463 0.6999999881
19998  32.086  -49.280  -25.673 0.4000000060
19999  30.955  -49.202  -25.226 0.6999999881
20001  29.552  -49.142  -25.008 0.6999999881
20002  28.473  -49.464  -24.925 0.6000000238
20003  27.842  -49.285  -25.125 0.6000000238
20004  27.063  -49.243  -25.216 0.6999999881
20006  25.081  -49.285  -25.183 0.6999999881
20009  23.074  -49.698  -24.872 0.6000000238
20010  22.467  -49.414  -25.361 0.6000000238
20019  32.016  -48.661  -25.925 0.4000000060
20021  22.862  -48.890  -25.905 0.6999999881
20035  32.499  -48.612  -26.485 0.4000000060
20036  22.717  -48.893  -26.658 0.6999999881
20037  22.205  -49.293  -27.057 0.6999999881
20051  33.886  -49.475  -27.987 0.4000000060
20053  23.322  -48.727  -27.139 0.6999999881
20068  24.120  -48.637  -28.603 0.6999999881
20069  23.405  -49.038  -28.477 0.6999999881
20070  22.820  -49.381  -28.393 0.6999999881
20084  34.067  -49.375  -29.384 0.4000000060
20087  23.607  -49.023  -29.163 0.6999999881
20099  26.325  -48.899  -30.955 0.6999999881
20101  24.554  -48.988  -30.204 0.6999999881
20102  23.820  -49.128  -29.887 0.6000000238
20113  33.951  -49.346  -31.167 0.4000000060
20114  26.803  -48.736  -31.876 0.6000000238
20116  25.566  -49.020  -31.329 0.6999999881
20117  24.722  -49.109  -30.984 0.6999999881
20123  19.656  -49.257  -30.570 0.6000000238
20124  19.059  -48.988  -31.021 0.6000000238
20133  26.474  -48.709  -32.753 0.6999999881
20136  25.001  -49.283  -31.707 0.6999999881
20137  22.738  -49.048  -32.060 0.6000000238
20139  19.115  -49.303  -31.582 0.6000000238
20142  13.797  -49.630  -32.373 0.4000000060
20149  31.651  -49.080  -34.200 0.3000000119
20151  23.108  -49.227  -32.795 0.6000000238
20153  15.340  -49.338  -32.609 0.5000000000
20164  25.828  -49.434  -33.580 0.6999999881
20165  23.617  -49.467  -33.582 0.6000000238
20166  19.616  -48.497  -34.802 0.8000000119
20167  19.517  -49.016  -34.115 0.8000000119
20168  16.353  -48.828  -33.952 0.6000000238
20169  15.895  -49.095  -33.444 0.5000000000
20177  32.678  -49.217  -34.652 0.3000000119
20178  32.019  -49.159  -34.672 0.3000000119
20179  25.916  -49.523  -34.857 0.6999999881
20181  24.183  -48.816  -34.086 0.6000000238
20183  16.676  -48.678  -34.347 0.6000000238
20188  25.743  -49.755  -35.270 0.6999999881
20193  25.746  -50.190  -35.476 0.6999999881
20194  19.098  -49.403  -35.549 0.6999999881
21208  31.506  -49.033  -25.480 0.6999999881
21210  30.175  -48.462  -25.623 0.6999999881
21212  28.388  -48.850  -25.299 0.8000000119
21214  26.758  -48.699  -25.451 0.8000000119
21215  26.079  -48.850  -25.414 0.6999999881
21217  24.706  -48.930  -25.410 0.6999999881
21218  23.994  -48.987  -25.355 0.6999999881
21224  31.353  -48.369  -25.929 0.5000000000
21226  29.937  -48.069  -26.330 0.5000000000
21227  28.752  -48.419  -25.911 0.6999999881
21228  28.001  -48.493  -25.948 0.6999999881
21230  26.708  -48.449  -25.965 0.8000000119
21231  25.759  -48.590  -25.865 0.8000000119
21232  25.052  -48.583  -25.986 0.8000000119
21234  23.519  -48.621  -25.837 0.6999999881
21242  30.995  -47.952  -26.603 0.5000000000
21243  30.329  -47.886  -26.810 0.5000000000
21247  27.667  -48.243  -26.651 0.8000000119
21248  26.987  -48.311  -26.585 0.8000000119
21250  25.540  -48.393  -26.472 0.8000000119
21251  24.610  -48.486  -26.663 0.8000000119
21252  23.818  -48.512  -26.520 0.6999999881
21258  33.751  -48.744  -27.963 0.4000000060
21261  28.384  -48.239  -28.229 0.6000000238
21263  25.895  -48.294  -27.106 0.6999999881
21273  33.432  -48.178  -28.033 0.4000000060
21277  26.824  -48.534  -28.599 0.6999999881
21280  23.704  -48.728  -27.884 0.6999999881
21289  27.868  -48.752  -29.911 0.6000000238
21290  27.039  -48.845  -29.919 0.6000000238
21291  25.841  -48.502  -29.457 0.6999999881
21292  24.987  -48.581  -29.008 0.6000000238
21302  27.481  -48.764  -30.807 0.6000000238
21309  19.097  -48.373  -30.007 0.5000000000
21319  27.237  -48.768  -31.371 0.6000000238
21323  18.980  -48.406  -30.631 0.5000000000
21324  14.945  -48.251  -31.237 0.5000000000
21325  14.380  -48.452  -31.120 0.5000000000
21338  15.412  -48.445  -31.667 0.5000000000
21339  14.804  -48.755  -31.608 0.5000000000
21340  14.075  -48.981  -31.710 0.4000000060
21352  31.602  -48.403  -33.886 0.3000000119
21353  26.519  -48.087  -33.114 0.6000000238
21356  19.153  -48.422  -32.499 0.8000000119
21357  15.845  -48.247  -32.208 0.5000000000
21368  31.768  -48.979  -34.521 0.3000000119
21370  26.132  -48.173  -34.188 0.6999999881
21381  32.364  -48.747  -34.726 0.3000000119
21384  25.755  -48.013  -34.758 0.6000000238
21385  24.603  -48.031  -34.499 0.6000000238
21386  19.650  -47.866  -34.618 0.8000000119
21388  17.748  -48.078  -34.739 0.6000000238
21389  17.088  -47.998  -34.344 0.6000000238
21390  16.683  -48.229  -34.005 0.6000000238
21393  25.465  -48.436  -35.011 0.6999999881
21395  24.843  -48.464  -34.890 0.6000000238
21396  18.280  -48.543  -35.035 0.6999999881
22443  31.823  -47.779  -27.312 0.4000000060
22445  30.529  -47.699  -27.268 0.5000000000
22462  30.015  -47.767  -27.704 0.5000000000
22463  29.130  -47.832  -28.136 0.5000000000
22464  28.892  -47.984  -28.022 0.6000000238
22480  33.407  -47.772  -29.119 0.4000000060
22481  33.164  -47.762  -28.484 0.4000000060
22482  32.433  -47.479  -28.477 0.4000000060
22484  30.536  -47.460  -28.492 0.5000000000
22485  29.582  -47.634  -28.286 0.5000000000
22487  28.543  -48.104  -28.545 0.5000000000
22488  28.239  -48.370  -28.989 0.6000000238
22503  33.806  -48.182  -29.295 0.4000000060
22506  32.050  -47.278  -29.167 0.4000000060
22507  30.716  -47.207  -29.038 0.5000000000
22509  28.721  -47.689  -28.744 0.6000000238
22511  28.019  -48.729  -29.801 0.6000000238
22527  28.205  -48.165  -29.909 0.6000000238
22531  18.827  -47.920  -30.188 0.5000000000
22532  15.709  -47.210  -30.651 0.5000000000
22540  32.127  -47.310  -31.281 0.4000000060
22541  26.976  -47.404  -30.863 0.6000000238
22545  14.757  -47.909  -30.809 0.5000000000
22546  14.082  -47.946  -30.806 0.5000000000
22547  13.359  -47.686  -31.114 0.6000000238
22548  12.623  -47.381  -31.459 0.5000000000
22556  32.282  -47.857  -31.955 0.3000000119
22560  26.333  -47.251  -32.594 0.6000000238
22562  15.835  -47.841  -31.791 0.5000000000
22564  12.138  -47.832  -31.991 0.5000000000
22573  31.413  -47.694  -34.077 0.3000000119
22576  24.541  -46.207  -34.145 0.5000000000
22577  23.827  -48.090  -32.973 0.6000000238
22580  16.215  -47.886  -32.767 0.6000000238
22586  32.462  -48.224  -34.603 0.3000000119
22587  31.927  -47.382  -34.149 0.3000000119
22590  24.676  -46.702  -34.294 0.6000000238
22591  24.371  -47.241  -33.576 0.5000000000
22592  19.629  -47.532  -34.101 0.8000000119
22593  19.589  -47.905  -33.445 0.8000000119
22595  16.587  -47.744  -33.362 0.6000000238
22601  25.260  -46.898  -34.572 0.6000000238
22602  24.827  -47.023  -34.677 0.6000000238
22604  19.449  -47.293  -34.475 0.8000000119
22605  18.800  -47.306  -34.593 0.8000000119
22606  17.787  -47.530  -34.432 0.6999999881
22609  24.950  -47.738  -34.685 0.6000000238
23752  30.985  -47.080  -29.771 0.5000000000
23756  28.535  -47.170  -29.116 0.5000000000
23761  15.648  -46.468  -29.726 0.6000000238
23762  15.125  -46.692  -29.496 0.5000000000
23763  14.529  -46.599  -29.523 0.5000000000
23773  31.730  -46.938  -30.868 0.4000000060
23777  27.563  -46.800  -29.885 0.6000000238
23783  15.370  -46.930  -30.088 0.5000000000
23784  14.830  -46.952  -30.036 0.5000000000
23785  14.133  -46.860  -30.105 0.5000000000
23786  13.424  -46.668  -30.253 0.6000000238
23795  31.140  -46.758  -31.590 0.3000000119
23797  26.607  -46.141  -31.065 0.4000000060
23798  26.210  -45.478  -31.834 0.4000000060
23801  16.174  -46.792  -30.908 0.6000000238
23822  16.283  -46.770  -31.738 0.6000000238
23823  11.932  -46.955  -32.043 0.5000000000
23832  32.832  -46.877  -33.334 0.3000000119
23836  24.437  -45.681  -33.793 0.5000000000
23838  19.559  -46.462  -33.143 0.6000000238
23839  19.366  -47.133  -32.285 0.6000000238
23840  16.257  -46.625  -32.637 0.6000000238
23841  11.318  -46.687  -32.591 0.5000000000
23847  32.057  -46.861  -33.807 0.3000000119
23851  19.467  -46.845  -33.933 0.6999999881
23856  11.064  -47.018  -32.831 0.5000000000
23862  25.326  -46.062  -34.476 0.6000000238
23864  24.828  -46.120  -34.555 0.5000000000
23865  19.021  -46.836  -34.333 0.8000000119
23866  18.191  -46.976  -34.231 0.6999999881
23867  17.317  -47.141  -33.971 0.6000000238
24892  15.053  -45.869  -28.641 0.5000000000
24893  14.526  -45.868  -28.620 0.5000000000
24894  14.044  -45.779  -28.756 0.6000000238
24895  13.647  -45.428  -28.767 0.6000000238
24908  28.696  -46.352  -29.553 0.5000000000
24913  15.953  -45.569  -29.284 0.6000000238
24936  16.058  -45.880  -29.856 0.6000000238
24937  13.829  -46.385  -29.663 0.6000000238
24938  13.115  -46.042  -29.953 0.6000000238
24939  12.409  -45.498  -30.470 0.6000000238
24955  29.237  -45.086  -31.118 0.4000000060
24961  12.790  -46.326  -30.587 0.6000000238
24962  12.305  -45.941  -31.026 0.6000000238
25006  25.928  -44.671  -33.345 0.4000000060
25007  24.888  -45.067  -33.891 0.5000000000
25008  19.705  -45.789  -32.803 0.6000000238
25010  11.518  -46.195  -32.183 0.5000000000
25011  11.048  -45.943  -32.527 0.5000000000
25012  10.458  -45.758  -32.766 0.5000000000
25018  32.151  -46.525  -33.354 0.3000000119
25022  25.254  -44.788  -33.800 0.5000000000
25027  17.425  -46.026  -33.576 0.6999999881
25034  25.366  -45.422  -34.169 0.5000000000
25035  25.059  -45.528  -34.368 0.5000000000
25036  24.850  -45.686  -34.576 0.5000000000
25037  18.537  -46.602  -33.986 0.6999999881
25974  12.291  -44.808  -23.421 0.6000000238
25975  11.807  -44.351  -23.269 0.6000000238
25999  11.844  -44.557  -23.954 0.5000000000
26082  15.010  -45.028  -27.756 0.5000000000
26083  14.426  -45.034  -27.637 0.5000000000
26084  13.793  -44.695  -27.886 0.6000000238
26108  15.833  -45.243  -28.745 0.5000000000
26109  15.319  -45.457  -28.295 0.5000000000
26114  10.528  -44.745  -28.640 0.5000000000
26130  13.061  -45.152  -29.094 0.6000000238
26133  9.972  -43.915  -30.049 0.5000000000
26153  16.144  -45.163  -30.009 0.6000000238
26181  16.012  -44.946  -30.924 0.6999999881
26182  11.732  -45.236  -31.220 0.5000000000
26183  11.217  -44.392  -31.101 0.5000000000
26201  25.644  -43.873  -33.449 0.4000000060
26202  25.466  -43.808  -33.302 0.4000000060
26204  16.045  -45.503  -31.929 0.6999999881
26205  10.484  -44.543  -32.130 0.5000000000
26215  25.512  -44.258  -33.725 0.4000000060
26217  24.926  -44.266  -33.539 0.5000000000
26218  19.607  -45.339  -33.068 0.6000000238
26219  19.296  -44.960  -33.179 0.6000000238
26225  25.001  -44.465  -33.789 0.4000000060
26226  19.382  -45.502  -33.417 0.6000000238
26227  18.857  -45.515  -33.432 0.6000000238
26228  17.964  -45.513  -33.424 0.6000000238
26229  17.116  -45.435  -33.358 0.6000000238
27106  12.789  -44.528  -22.220 0.5000000000
27107  11.874  -44.085  -22.985 0.6000000238
27115  11.364  -43.981  -23.481 0.6000000238
27116  10.763  -44.042  -23.784 0.6000000238
27126  10.248  -43.988  -24.394 0.6000000238
27140  10.443  -44.137  -25.141 0.6000000238
27141  9.586  -43.730  -25.301 0.6000000238
27172  9.613  -43.991  -27.529 0.5000000000
27173  9.123  -43.566  -27.151 0.6000000238
27185  15.330  -44.165  -27.707 0.5000000000
27186  14.636  -44.511  -27.355 0.5000000000
27187  14.054  -44.428  -27.283 0.5000000000
27188  13.273  -44.263  -27.381 0.5000000000
27203  15.705  -44.803  -28.193 0.5000000000
27204  15.991  -43.983  -28.472 0.6000000238
27205  12.929  -44.447  -28.124 0.6000000238
27206  11.973  -44.185  -28.415 0.6000000238
27207  11.117  -43.625  -28.847 0.6000000238
27208  9.542  -43.302  -28.682 0.5000000000
27221  16.187  -44.571  -28.896 0.6000000238
27222  16.046  -43.877  -29.412 0.6000000238
27223  11.743  -44.185  -29.149 0.6000000238
27224  10.971  -43.738  -29.414 0.5000000000
27242  15.822  -43.809  -30.451 0.6999999881
27262  15.753  -44.186  -31.293 0.5000000000
27263  10.671  -43.796  -30.876 0.5000000000
27277  15.851  -44.249  -32.046 0.6000000238
27278  10.570  -44.075  -31.479 0.5000000000
27279  10.019  -44.153  -31.795 0.5000000000
27281  19.093  -44.347  -32.905 0.6000000238
27283  17.298  -44.472  -32.527 0.5000000000
27284  16.543  -44.766  -32.368 0.5000000000
27285  18.549  -44.966  -33.171 0.6000000238
28152  15.650  -43.569  -21.285 0.3000000119
28164  14.730  -43.570  -22.600 0.4000000060
28165  13.908  -43.950  -22.603 0.4000000060
28166  12.918  -44.060  -22.307 0.4000000060
28179  10.057  -43.328  -23.716 0.6000000238
28186  10.098  -43.679  -23.862 0.6000000238
28187  9.405  -43.269  -24.062 0.6000000238
28188  8.872  -42.932  -24.617 0.6000000238
28205  12.858  -42.760  -26.459 0.6000000238
28206  12.193  -42.855  -26.391 0.6000000238
28216  14.654  -43.261  -27.002 0.5000000000
28217  14.040  -43.301  -26.722 0.5000000000
28218  13.315  -43.309  -26.667 0.5000000000
28219  12.505  -43.253  -26.713 0.6000000238
28220  11.676  -43.104  -26.667 0.6000000238
28228  15.180  -43.303  -27.520 0.6000000238
28229  11.977  -43.521  -27.072 0.6000000238
28230  11.290  -43.286  -27.718 0.6000000238
28231  9.708  -43.045  -28.371 0.5000000000
28232  9.280  -43.148  -28.019 0.5000000000
28237  10.340  -43.018  -29.336 0.5000000000
28244  10.269  -43.136  -29.867 0.5000000000
28245  9.975  -43.035  -29.526 0.5000000000
28246  9.989  -43.235  -29.805 0.5000000000
29186  15.297  -42.992  -22.363 0.4000000060
29194  15.327  -42.338  -22.630 0.4000000060
29196  13.518  -43.475  -23.002 0.5000000000
29203  14.633  -42.192  -23.390 0.4000000060
29205  13.229  -42.953  -23.467 0.5000000000
29206  11.922  -42.961  -23.638 0.6000000238
29208  10.451  -43.119  -23.619 0.6000000238
29217  8.467  -42.399  -24.817 0.6000000238
29218  8.006  -42.029  -24.994 0.6000000238
29227  8.334  -42.193  -25.313 0.6000000238
29234  13.243  -41.905  -26.643 0.5000000000
29238  9.752  -42.217  -26.010 0.6000000238
29240  8.586  -42.018  -25.715 0.6000000238
29252  13.553  -42.651  -26.569 0.5000000000
29253  10.125  -42.597  -26.459 0.6000000238
29254  9.158  -42.756  -26.809 0.6000000238
29259  15.218  -42.737  -28.086 0.6000000238
29267  15.286  -42.653  -28.849 0.6000000238
29276  15.256  -42.605  -29.715 0.5000000000
29288  15.236  -42.578  -30.502 0.5000000000
30241  12.964  -41.823  -19.863 0.3000000119
30265  15.353  -41.791  -21.098 0.3000000119
30283  15.426  -41.863  -22.304 0.4000000060
30284  15.253  -41.852  -22.799 0.4000000060
30292  14.982  -41.576  -23.227 0.4000000060
30294  13.662  -42.153  -23.678 0.4000000060
30296  11.157  -42.644  -23.969 0.6000000238
30297  10.167  -42.536  -23.863 0.6000000238
30305  13.152  -41.648  -23.986 0.4000000060
30307  11.609  -41.854  -24.246 0.6000000238
30309  8.951  -41.772  -24.409 0.6000000238
30321  7.775  -41.564  -25.127 0.6000000238
30333  12.633  -41.740  -25.949 0.5000000000
30334  11.685  -41.908  -25.859 0.6000000238
30335  10.580  -41.720  -25.628 0.6000000238
30337  8.585  -41.520  -25.821 0.6000000238
30338  8.018  -41.679  -25.627 0.6000000238
30350  14.246  -41.998  -27.524 0.5000000000
30351  13.757  -41.961  -27.131 0.5000000000
30367  14.013  -41.670  -29.378 0.6000000238
30368  13.357  -41.141  -29.823 0.5000000000
31492  14.623  -41.013  -23.369 0.4000000060
31507  12.759  -41.225  -24.141 0.6000000238
31508  12.097  -41.186  -24.233 0.6000000238
31511  9.560  -41.180  -24.248 0.6000000238
31512  8.061  -41.191  -24.512 0.6000000238
31513  7.762  -41.217  -24.784 0.6000000238
31526  7.678  -40.786  -25.178 0.6000000238
31543  12.150  -41.112  -26.194 0.6000000238
31547  7.641  -40.202  -25.792 0.5000000000
31564  12.179  -40.489  -27.182 0.5000000000
31565  11.536  -40.384  -26.842 0.5000000000
31582  12.941  -41.018  -28.709 0.5000000000
31583  12.556  -40.783  -27.961 0.4000000060
31584  12.218  -40.179  -28.545 0.4000000060
31601  12.806  -40.926  -29.448 0.6000000238
31603  12.275  -40.078  -28.588 0.4000000060
32643  13.105  -40.760  -19.731 0.3000000119
32644  12.405  -40.658  -19.756 0.3000000119
32645  11.702  -40.636  -19.927 0.4000000060
32687  14.909  -39.800  -21.921 0.4000000060
32693  14.509  -40.176  -23.263 0.4000000060
32700  12.296  -39.866  -24.148 0.5000000000
32706  12.572  -40.615  -24.125 0.5000000000
32709  10.320  -40.568  -24.332 0.5000000000
32710  9.240  -40.461  -24.298 0.5000000000
32711  8.283  -40.386  -24.568 0.5000000000
32723  7.601  -40.082  -25.366 0.5000000000
32736  10.700  -40.140  -26.399 0.5000000000
32738  8.276  -39.885  -26.657 0.6000000238
32739  7.684  -39.601  -26.582 0.5000000000
32753  11.028  -39.690  -27.769 0.5000000000
32755  9.036  -39.369  -26.753 0.6000000238
32771  11.863  -39.835  -28.260 0.4000000060
32772  11.376  -39.516  -28.298 0.5000000000
32773  10.907  -39.350  -28.217 0.5000000000
33880  13.495  -39.382  -18.163 0.3000000119
33881  12.776  -39.345  -18.231 0.3000000119
33882  12.052  -39.262  -18.485 0.3000000119
33981  11.924  -39.150  -24.020 0.4000000060
33993  11.159  -39.044  -24.280 0.4000000060
33994  10.220  -38.889  -24.608 0.5000000000
33996  8.276  -39.379  -24.982 0.5000000000
33997  7.768  -39.988  -25.070 0.5000000000
34016  7.631  -39.325  -25.573 0.5000000000
34038  7.976  -39.048  -26.769 0.5000000000
34039  7.467  -39.016  -26.341 0.5000000000
34059  8.797  -38.628  -26.601 0.6000000238
34075  11.347  -39.443  -28.298 0.5000000000
35183  14.254  -38.376  -18.076 0.3000000119
35184  13.107  -38.833  -18.013 0.3000000119
35185  12.423  -38.751  -18.136 0.3000000119
35201  15.270  -38.696  -18.770 0.3000000119
35202  14.758  -38.966  -18.614 0.3000000119
35203  11.436  -39.227  -18.797 0.3000000119
35213  16.792  -38.583  -19.608 0.4000000060
35214  15.972  -38.545  -19.463 0.4000000060
35291  12.299  -38.557  -23.774 0.4000000060
35301  10.218  -38.058  -24.842 0.5000000000
35302  9.499  -38.435  -25.046 0.6000000238
35303  8.564  -38.487  -25.166 0.5000000000
35316  8.245  -38.292  -25.559 0.5000000000
35317  7.813  -38.718  -25.813 0.5000000000
35335  10.183  -38.127  -26.767 0.5000000000
35337  8.144  -38.545  -26.130 0.6000000238
35348  9.692  -38.656  -27.080 0.6000000238
36411  15.444  -38.007  -18.133 0.4000000060
36414  13.216  -37.695  -18.079 0.3000000119
36425  15.597  -38.351  -18.448 0.3000000119
36428  9.449  -38.177  -19.008 0.3000000119
36525  9.741  -38.029  -25.268 0.6000000238
36539  10.118  -37.507  -25.664 0.6000000238
36540  9.530  -37.861  -25.574 0.6000000238
36541  8.754  -38.071  -25.743 0.6000000238
36560  10.111  -37.776  -26.068 0.5000000000
37603  15.021  -36.986  -18.048 0.4000000060
37604  14.249  -36.998  -17.909 0.4000000060
37605  13.527  -37.128  -18.059 0.4000000060
37609  10.729  -37.036  -18.492 0.3000000119
37618  8.846  -37.453  -19.058 0.4000000060
37732  10.585  -37.271  -25.788 0.5000000000
38748  15.986  -36.215  -18.337 0.4000000060
38749  15.232  -36.258  -18.267 0.4000000060
38753  12.506  -36.591  -18.260 0.3000000119
38766  16.457  -36.543  -18.541 0.3000000119
38768  10.619  -36.275  -18.644 0.4000000060
38769  9.906  -36.622  -18.808 0.4000000060
38770  9.233  -36.813  -19.136 0.4000000060
39835  13.840  -36.061  -18.273 0.3000000119
39836  13.379  -36.220  -18.313 0.3000000119
39837  12.841  -36.085  -18.478 0.3000000119
39838  12.052  -35.820  -18.374 0.3000000119
39846  16.363  -35.832  -18.822 0.4000000060
39850  12.633  -35.406  -18.605 0.3000000119
39852  10.006  -35.813  -19.052 0.4000000060
39861  9.648  -35.459  -19.685 0.4000000060
39870  17.502  -35.426  -20.083 0.3000000119
39872  8.806  -35.378  -21.231 0.3000000119
40922  12.561  -34.834  -18.895 0.3000000119
40939  16.336  -34.728  -19.871 0.3000000119
40942  13.687  -34.335  -19.251 0.3000000119
40945  11.503  -34.644  -19.368 0.5000000000
40958  17.323  -34.780  -20.243 0.3000000119
40960  15.747  -34.242  -19.947 0.3000000119
40962  10.320  -34.631  -20.433 0.3000000119
40963  9.768  -34.774  -20.888 0.3000000119
40964  9.133  -34.868  -21.490 0.3000000119
42068  13.948  -33.865  -19.776 0.3000000119
42070  12.505  -33.937  -19.733 0.3000000119
42088  16.689  -33.918  -20.731 0.3000000119
42090  14.253  -33.409  -20.343 0.3000000119
42115  11.820  -33.330  -21.085 0.3000000119
42117  10.532  -33.139  -22.269 0.3000000119
43295  13.801  -33.046  -20.940 0.3000000119
43297  12.357  -33.283  -20.855 0.3000000119
43315  16.180  -32.871  -21.281 0.3000000119
43316  15.618  -32.868  -21.420 0.3000000119
43317  14.911  -32.726  -21.471 0.3000000119
43335  11.607  -32.598  -22.432 0.3000000119
44457  15.822  -32.450  -21.815 0.3000000119
44476  15.410  -31.960  -22.320 0.3000000119
44477  14.773  -31.858  -22.469 0.3000000119
44478  13.442  -32.056  -22.941 0.3000000119
44500  13.659  -31.528  -23.353 0.3000000119
44501  12.953  -31.817  -23.474 0.3000000119
44503  11.670  -32.132  -22.905 0.3000000119
45648  15.546  -31.401  -22.566 0.3000000119
45666  15.787  -31.080  -22.929 0.3000000119
45668  14.643  -31.096  -23.629 0.3000000119
45670  13.385  -31.205  -23.705 0.3000000119
45671  12.626  -31.540  -23.552 0.3000000119
45684  14.455  -30.716  -23.908 0.3000000119
45686  13.547  -30.720  -23.826 0.3000000119
46791  16.358  -30.860  -22.933 0.3000000119
46804  15.753  -30.733  -23.604 0.3000000119
46823  13.962  -30.445  -23.904 0.3000000119
48056  14.185  -29.998  -23.926 0.3000000119
182393  22.736  -54.337  -33.181 0.6999999881
182464  34.444  -51.933  -29.002 0.4000000060
182783  19.365  -53.100  -35.395 0.6999999881
182963  20.870  -55.048  -26.461 0.5000000000
182987  26.215  -47.838  -33.809 0.6999999881
183108  34.202  -58.813  -28.307 0.3000000119
183454  27.610  -48.609  -28.766 0.6000000238
183716  18.910  -48.759  -31.706 0.8000000119
184371  35.119  -57.119  -30.504 0.3000000119
184478  11.962  -45.100  -25.634 0.5000000000
184589  26.092  -48.884  -33.644 0.6999999881
184595  20.333  -52.691  -35.532 0.6999999881
184853  33.291  -58.593  -30.889 0.4000000060
184885  30.943  -53.960  -27.835 0.4000000060
185182  27.381  -48.345  -27.380 0.6000000238
185295  32.540  -47.673  -34.207 0.3000000119
185762  34.471  -55.137  -32.328 0.3000000119
185840  20.528  -54.996  -28.855 0.5000000000
185938  21.184  -54.821  -27.527 0.6000000238
186101  9.849  -41.884  -24.167 0.6000000238
186324  21.978  -54.053  -31.366 0.6999999881
186395  29.555  -53.231  -28.101 0.5000000000
186672  25.400  -49.152  -35.180 0.6999999881
186677  19.366  -52.923  -30.577 0.5000000000
186775  17.167  -49.551  -34.973 0.6000000238
187107  23.790  -48.763  -33.225 0.6000000238
187127  19.139  -52.842  -29.506 0.5000000000
187164  33.264  -49.508  -26.920 0.6000000238
187959  19.692  -54.762  -26.614 0.5000000000
188129  31.721  -47.409  -31.960 0.4000000060
188289  34.638  -53.153  -31.416 0.3000000119
188590  34.094  -59.043  -28.702 0.3000000119
188752  16.279  -47.396  -32.208 0.6000000238
188777  33.054  -48.080  -31.522 0.4000000060
188874  15.621  -48.877  -32.152 0.5000000000
189127  31.816  -49.748  -25.360 0.6999999881
189358  17.978  -49.180  -35.228 0.6999999881
190234  12.986  -34.998  -18.773 0.3000000119
190279  21.033  -54.826  -28.150 0.6000000238
190516  8.996  -42.857  -26.576 0.6000000238
190556  32.130  -47.604  -27.822 0.4000000060
191137  16.561  -38.939  -20.555 0.4000000060
191151  23.172  -51.959  -24.864 0.6000000238
191288  13.504  -38.293  -17.999 0.3000000119
191410  34.555  -52.154  -29.793 0.3000000119
191448  7.782  -41.009  -25.606 0.6000000238
191491  22.747  -49.016  -27.321 0.6999999881
191715  22.902  -52.951  -24.525 0.5000000000
191771  24.039  -54.381  -25.678 0.5000000000
192160  21.809  -55.234  -32.278 0.6000000238
192195  27.512  -53.140  -28.980 0.6999999881
192431  28.175  -53.187  -29.141 0.6000000238
192480  21.085  -54.583  -26.563 0.5000000000
192564  19.903  -54.007  -33.653 0.6999999881
192739  18.927  -51.916  -27.538 0.6000000238
192760  11.650  -48.112  -32.534 0.5000000000
192838  15.838  -42.915  -21.014 0.3000000119
192921  11.802  -44.791  -30.705 0.5000000000
193086  11.193  -43.152  -27.159 0.6000000238
193168  30.347  -53.410  -27.634 0.4000000060
193324  32.918  -59.058  -30.767 0.3000000119
193447  20.596  -54.571  -32.631 0.4000000060
193799  33.924  -48.552  -29.906 0.4000000060
193835  29.465  -53.617  -30.479 0.4000000060
193944  19.572  -50.289  -32.412 0.8000000119
194239  35.135  -54.608  -31.424 0.3000000119
194396  10.294  -37.534  -25.264 0.4000000060
194433  12.575  -37.648  -18.083 0.3000000119
194763  13.341  -32.417  -22.244 0.3000000119
194977  18.875  -52.569  -28.455 0.5000000000
195109  15.912  -44.516  -30.518 0.6000000238
195311  18.977  -52.209  -29.617 0.5000000000
195318  16.404  -50.012  -35.016 0.6000000238
195331  14.181  -36.429  -18.081 0.4000000060
195370  25.217  -48.399  -27.000 0.6000000238
195560  34.003  -50.423  -28.742 0.4000000060
195854  26.449  -49.542  -25.088 0.6999999881
195965  33.985  -49.944  -29.915 0.4000000060
196112  15.934  -49.871  -34.842 0.6000000238
196346  11.416  -47.370  -32.616 0.5000000000
196586  10.324  -42.995  -27.756 0.6000000238
196880  16.562  -46.599  -33.215 0.6000000238
196917  7.918  -40.395  -26.093 0.6000000238
197050  28.575  -60.911  -32.010 0.3000000119
197379  21.152  -52.904  -26.325 0.5000000000
197477  34.495  -52.397  -28.558 0.5000000000
198244  19.944  -55.000  -28.322 0.5000000000
198268  16.175  -46.309  -30.402 0.6000000238
198362  28.413  -61.681  -30.611 0.3000000119
198369  19.276  -50.406  -35.009 0.6999999881
198569  37.189  -54.486  -30.227 0.3000000119
198749  19.145  -53.761  -27.070 0.5000000000
198759  24.008  -53.764  -33.976 0.6000000238
198866  12.513  -43.174  -23.487 0.6000000238
199215  9.670  -39.076  -27.125 0.6000000238
199734  14.352  -30.323  -23.967 0.3000000119
199763  22.672  -51.341  -31.059 0.6999999881
200099  21.386  -52.735  -28.054 0.5000000000
200496  22.639  -52.241  -31.998 0.6999999881
200627  22.549  -52.009  -24.348 0.5000000000
200726  20.086  -55.170  -27.104 0.5000000000
201273  28.551  -50.213  -24.951 0.6000000238
201620  23.704  -51.710  -25.229 0.6000000238
201748  33.246  -50.284  -26.930 0.4000000060
201761  16.570  -45.452  -32.765 0.6999999881
202272  34.589  -46.815  -32.609 0.3000000119
202634  15.029  -42.140  -23.025 0.4000000060
202940  26.814  -44.246  -31.428 0.4000000060
203256  14.204  -41.785  -28.398 0.6000000238
203294  14.839  -40.126  -22.621 0.4000000060
203452  33.925  -50.697  -31.201 0.4000000060
204019  27.282  -52.085  -26.950 0.6999999881
204418  15.644  -42.287  -21.066 0.3000000119
204713  22.841  -49.810  -29.336 0.6999999881
204826  19.637  -45.257  -32.501 0.6000000238
204931  8.919  -43.173  -25.809 0.6000000238
204940  33.058  -59.202  -30.174 0.3000000119
205051  24.089  -52.713  -26.533 0.6000000238
205161  21.051  -54.642  -28.865 0.6000000238
205401  23.685  -49.826  -30.812 0.6000000238
205467  36.808  -55.571  -30.220 0.3000000119
205602  28.736  -53.249  -29.595 0.5000000000
205953  16.340  -46.100  -31.266 0.6000000238
205999  24.545  -55.118  -26.642 0.5000000000
206059  28.884  -45.572  -30.345 0.4000000060
206103  30.788  -49.723  -24.957 0.6999999881
207017  12.969  -41.772  -26.206 0.5000000000
207234  13.920  -32.245  -22.297 0.3000000119
207242  9.779  -43.128  -29.330 0.5000000000
207253  27.136  -53.536  -29.876 0.6000000238
208760  15.756  -43.042  -30.615 0.5000000000
209098  21.831  -53.780  -35.387 0.6000000238
209720  16.220  -45.426  -31.288 0.6000000238
209801  16.081  -51.079  -35.363 0.5000000000
209808  19.444  -48.251  -34.942 0.8000000119
209928  16.190  -45.648  -32.391 0.6999999881
210061  10.293  -35.443  -19.498 0.4000000060
210073  34.165  -51.559  -28.581 0.4000000060
210178  33.098  -47.514  -29.569 0.4000000060
210237  13.246  -30.437  -23.578 0.3000000119
210350  15.661  -42.519  -21.494 0.3000000119
210609  26.550  -48.623  -29.869 0.6000000238
210706  15.589  -49.860  -34.466 0.5000000000
210840  33.992  -51.292  -31.058 0.4000000060
210896  14.995  -35.517  -18.620 0.4000000060
210908  27.245  -51.598  -26.094 0.6999999881
211095  14.891  -38.271  -18.071 0.3000000119
211382  26.293  -48.472  -27.839 0.6000000238
211859  27.514  -58.165  -28.183 0.3000000119
212019  22.899  -52.448  -32.422 0.6999999881
212234  15.411  -37.433  -18.058 0.4000000060
212287  10.370  -44.224  -25.894 0.6000000238
212722  20.542  -51.505  -33.471 0.8000000119
212796  28.178  -53.355  -29.722 0.5000000000
213218  15.691  -46.010  -29.326 0.6000000238
213234  24.300  -53.713  -34.675 0.6000000238
213470  23.916  -53.071  -26.080 0.6000000238
213610  16.033  -47.830  -32.262 0.6000000238
213618  19.829  -52.673  -35.560 0.6999999881
213669  18.871  -52.044  -28.107 0.5000000000
213902  16.254  -48.280  -33.272 0.6000000238
214111  19.378  -46.290  -33.638 0.6000000238
214171  11.167  -44.628  -26.296 0.5000000000
214331  10.009  -34.268  -21.112 0.3000000119
214400  32.875  -49.160  -26.544 0.4000000060
214510  30.976  -47.313  -28.735 0.5000000000
214521  14.180  -39.124  -18.316 0.3000000119
214564  18.688  -52.755  -32.827 0.4000000060
214712  30.047  -53.980  -30.008 0.4000000060
215583  34.102  -54.057  -32.580 0.3000000119
215618  30.150  -47.764  -27.300 0.5000000000
216706  34.422  -52.643  -31.552 0.3000000119
216959  27.006  -60.387  -30.970 0.3000000119
217053  27.917  -48.629  -28.932 0.6000000238
217697  29.728  -48.661  -25.296 0.6999999881
217788  33.987  -50.600  -30.580 0.4000000060
217804  19.413  -44.560  -32.903 0.6000000238
218015  9.146  -43.458  -26.046 0.6000000238
218139  9.256  -40.991  -25.832 0.6000000238
218259  14.214  -42.208  -23.576 0.4000000060
218490  15.240  -33.938  -20.040 0.3000000119
218965  19.116  -48.517  -35.233 0.6999999881
219369  29.718  -47.787  -27.966 0.5000000000
219736  23.839  -51.100  -32.381 0.6999999881
219796  32.513  -54.185  -27.239 0.4000000060
219817  10.784  -42.204  -25.945 0.6000000238
