#!ascii label  , from subject sub-05_ses-013 vox2ras=TkReg
1199
76488  28.214  -28.750  67.119 0.0000000000
111025  44.145  -7.205  48.948 0.0000000000
119004  50.883  -0.980  50.097 0.0000000000
94288  45.921  -16.897  56.973 0.0000000000
82196  31.934  -25.361  61.148 0.0000000000
75097  30.188  -28.591  64.068 0.0000000000
115573  47.170  -4.248  49.870 0.0000000000
112007  46.859  -6.465  55.813 0.0000000000
92937  42.396  -19.056  58.621 0.0000000000
83585  35.827  -24.124  61.663 0.0000000000
122753  55.351  -0.011  39.926 0.0000000000
119103  52.726  -1.519  44.579 0.0000000000
98224  43.088  -15.805  54.313 0.0000000000
104516  45.119  -10.748  54.985 0.0000000000
77959  29.809  -27.321  63.818 0.0000000000
75080  29.019  -28.714  65.777 0.0000000000
113242  45.651  -5.797  49.433 0.0000000000
114344  46.787  -5.037  52.508 0.0000000000
112057  45.640  -6.914  52.510 0.0000000000
86447  42.142  -21.884  58.386 0.0000000000
80750  33.691  -25.917  64.327 0.0000000000
83589  33.682  -24.675  61.533 0.0000000000
77969  35.243  -25.646  62.235 0.0000000000
122756  54.112  0.444  40.020 0.0000000000
121461  55.574  0.092  41.432 0.0000000000
121464  54.364  0.208  42.324 0.0000000000
117941  49.748  -2.687  47.227 0.0000000000
117963  51.236  -2.931  44.888 0.0000000000
224585  51.844  -1.223  47.272 0.0000000000
119034  52.712  -2.829  46.894 0.0000000000
116763  51.501  -2.389  49.030 0.0000000000
94255  44.218  -17.713  58.360 0.0000000000
95543  43.062  -17.068  56.734 0.0000000000
98173  44.376  -15.200  56.837 0.0000000000
100599  44.927  -13.401  54.341 0.0000000000
100565  46.134  -13.131  57.192 0.0000000000
101786  47.104  -12.595  56.423 0.0000000000
96873  47.148  -15.200  55.826 0.0000000000
79358  31.542  -26.248  63.585 0.0000000000
114439  48.334  -4.697  46.968 0.0000000000
117878  49.038  -2.524  50.151 0.0000000000
117822  48.351  -3.920  53.044 0.0000000000
112018  48.291  -6.057  55.060 0.0000000000
89071  38.882  -21.305  60.416 0.0000000000
90334  41.543  -20.386  61.053 0.0000000000
87777  44.011  -20.480  58.971 0.0000000000
91673  44.607  -19.065  56.981 0.0000000000
94317  45.234  -17.237  54.929 0.0000000000
86442  36.892  -22.522  59.492 0.0000000000
198592  38.407  -23.407  61.180 0.0000000000
119171  55.536  -1.074  39.020 0.0000000000
121458  52.624  -0.792  41.997 0.0000000000
120240  53.563  -1.388  44.648 0.0000000000
115634  53.780  -3.249  45.230 0.0000000000
107237  44.469  -8.796  52.592 0.0000000000
108410  45.937  -8.596  55.318 0.0000000000
104499  47.594  -10.407  55.563 0.0000000000
72228  28.105  -29.426  67.353 0.0000000000
75081  28.783  -28.796  66.891 0.0000000000
72242  28.697  -29.393  66.215 0.0000000000
112124  44.915  -6.472  49.248 0.0000000000
112093  45.518  -6.298  50.792 0.0000000000
110999  44.751  -7.081  50.826 0.0000000000
79356  34.398  -25.980  63.638 0.0000000000
122767  53.413  0.116  39.561 0.0000000000
122747  54.385  0.689  41.064 0.0000000000
122749  53.204  -0.491  41.008 0.0000000000
119038  50.353  -1.617  48.604 0.0000000000
199186  50.813  -1.571  47.560 0.0000000000
120189  51.587  -0.988  48.218 0.0000000000
120152  52.866  -1.354  48.645 0.0000000000
94267  45.347  -17.029  57.823 0.0000000000
96803  44.355  -16.498  57.699 0.0000000000
96815  45.200  -15.828  57.638 0.0000000000
194985  45.492  -14.498  56.996 0.0000000000
96827  46.319  -14.974  57.151 0.0000000000
98181  47.261  -14.465  56.762 0.0000000000
95540  46.565  -15.631  56.450 0.0000000000
79350  29.965  -26.966  63.588 0.0000000000
77942  31.074  -27.272  64.240 0.0000000000
206107  32.512  -26.762  63.990 0.0000000000
196455  46.807  -5.068  48.224 0.0000000000
114457  47.699  -5.206  46.958 0.0000000000
223695  47.923  -4.122  48.538 0.0000000000
116778  48.722  -3.229  48.342 0.0000000000
116746  48.179  -3.294  50.264 0.0000000000
117851  48.954  -2.835  51.243 0.0000000000
226117  47.881  -3.795  51.572 0.0000000000
113145  46.814  -5.853  54.580 0.0000000000
114292  47.558  -5.303  54.505 0.0000000000
112005  47.699  -6.110  55.584 0.0000000000
109729  48.164  -7.443  54.870 0.0000000000
109714  48.083  -7.893  55.145 0.0000000000
86403  40.204  -21.969  61.015 0.0000000000
89068  40.496  -20.763  60.843 0.0000000000
86417  41.344  -21.525  60.325 0.0000000000
87779  43.063  -21.229  58.480 0.0000000000
90411  44.483  -19.758  57.933 0.0000000000
220845  34.895  -23.956  61.496 0.0000000000
200896  35.192  -23.923  59.914 0.0000000000
201814  36.425  -23.291  60.204 0.0000000000
86419  37.598  -22.268  60.799 0.0000000000
84988  37.216  -23.653  61.092 0.0000000000
123964  55.042  1.094  38.047 0.0000000000
121482  55.611  0.044  39.002 0.0000000000
120278  54.021  -0.810  42.549 0.0000000000
117969  52.099  -2.311  44.173 0.0000000000
117980  51.896  -2.835  43.193 0.0000000000
119115  52.439  -2.120  43.376 0.0000000000
119144  52.045  -1.634  41.849 0.0000000000
223341  53.017  -1.334  43.011 0.0000000000
121441  53.132  -0.237  42.952 0.0000000000
214590  52.740  -0.975  44.842 0.0000000000
116793  52.485  -3.004  47.388 0.0000000000
116791  53.198  -2.866  45.962 0.0000000000
91641  40.853  -19.515  59.016 0.0000000000
92972  41.062  -18.835  57.413 0.0000000000
96861  43.400  -16.415  55.760 0.0000000000
199076  42.308  -17.254  55.153 0.0000000000
101807  45.077  -12.404  55.409 0.0000000000
223234  44.426  -12.457  53.530 0.0000000000
212704  44.739  -11.381  53.838 0.0000000000
105893  44.401  -10.155  52.476 0.0000000000
105868  44.995  -10.161  53.975 0.0000000000
199614  45.066  -8.869  54.115 0.0000000000
107193  45.484  -9.639  55.187 0.0000000000
100592  47.514  -13.100  55.520 0.0000000000
101797  47.635  -11.802  55.710 0.0000000000
101816  47.725  -12.237  54.635 0.0000000000
208045  47.583  -11.164  54.276 0.0000000000
77932  29.134  -27.951  64.884 0.0000000000
75087  29.264  -28.658  65.015 0.0000000000
73656  29.677  -28.991  64.124 0.0000000000
72268  28.915  -29.621  65.342 0.0000000000
114394  46.312  -4.886  49.675 0.0000000000
115558  46.891  -4.558  51.121 0.0000000000
114355  46.111  -5.416  51.168 0.0000000000
113172  46.390  -5.974  52.808 0.0000000000
112034  46.239  -6.696  54.390 0.0000000000
82173  32.466  -25.274  62.358 0.0000000000
82195  32.469  -25.151  61.352 0.0000000000
214813  33.710  -24.950  62.897 0.0000000000
82171  34.492  -24.564  62.521 0.0000000000
82157  35.473  -24.790  62.167 0.0000000000
82155  36.843  -24.694  61.538 0.0000000000
77979  36.058  -25.749  61.934 0.0000000000
220841  54.701  0.419  40.078 0.0000000000
121477  55.672  0.066  40.578 0.0000000000
122746  54.488  0.590  41.091 0.0000000000
121463  54.912  0.185  42.397 0.0000000000
226788  54.589  -0.145  43.334 0.0000000000
115652  50.092  -3.742  45.861 0.0000000000
116823  50.875  -2.988  45.648 0.0000000000
117956  50.983  -2.457  46.081 0.0000000000
119090  51.990  -2.145  45.536 0.0000000000
120219  52.639  -1.958  45.481 0.0000000000
120187  52.286  -1.491  47.216 0.0000000000
117908  52.428  -2.004  48.206 0.0000000000
94246  43.180  -18.144  58.839 0.0000000000
94269  42.836  -18.141  57.811 0.0000000000
95518  43.754  -17.179  57.822 0.0000000000
96829  43.851  -16.264  56.970 0.0000000000
98194  43.996  -15.518  55.877 0.0000000000
99475  44.061  -14.813  54.357 0.0000000000
210139  44.565  -14.820  56.218 0.0000000000
217475  45.379  -13.262  56.123 0.0000000000
223875  45.534  -12.178  56.598 0.0000000000
104462  45.877  -11.214  56.585 0.0000000000
218550  46.585  -12.797  57.274 0.0000000000
225376  47.251  -14.107  56.437 0.0000000000
98221  47.429  -14.704  54.974 0.0000000000
79372  29.742  -26.818  62.789 0.0000000000
80788  30.828  -26.305  62.934 0.0000000000
80786  31.786  -25.836  62.839 0.0000000000
80760  32.491  -25.714  63.827 0.0000000000
77958  33.250  -26.753  64.266 0.0000000000
116812  48.991  -3.480  47.273 0.0000000000
117909  49.361  -2.320  48.287 0.0000000000
202098  49.951  -1.518  49.943 0.0000000000
118977  49.533  -1.826  51.470 0.0000000000
117811  49.165  -3.599  52.398 0.0000000000
115479  49.257  -4.883  53.182 0.0000000000
115513  47.479  -4.459  52.971 0.0000000000
114291  48.508  -4.971  54.325 0.0000000000
89105  38.058  -21.147  58.941 0.0000000000
90390  39.235  -20.503  59.227 0.0000000000
90370  40.528  -19.863  60.100 0.0000000000
91610  42.214  -19.103  60.430 0.0000000000
86428  42.178  -21.308  59.334 0.0000000000
89065  43.060  -20.265  59.707 0.0000000000
91608  43.218  -19.001  59.932 0.0000000000
91639  44.409  -19.006  59.161 0.0000000000
91649  45.035  -18.332  57.649 0.0000000000
92970  45.565  -17.829  56.925 0.0000000000
94298  45.926  -17.164  56.333 0.0000000000
92988  45.145  -17.818  55.641 0.0000000000
87750  37.763  -21.904  59.975 0.0000000000
86404  38.727  -21.948  61.516 0.0000000000
83598  39.431  -23.225  60.320 0.0000000000
80783  37.879  -24.663  60.786 0.0000000000
80804  39.059  -24.220  60.161 0.0000000000
120323  55.453  -0.257  37.998 0.0000000000
121473  52.389  -0.775  40.798 0.0000000000
121465  53.129  -0.111  42.099 0.0000000000
121440  53.948  -0.099  43.446 0.0000000000
194242  55.045  -0.662  44.436 0.0000000000
120218  53.828  -1.047  46.083 0.0000000000
119088  54.510  -1.111  46.083 0.0000000000
214325  54.863  -2.612  45.037 0.0000000000
92980  41.682  -18.283  56.573 0.0000000000
107266  43.813  -9.108  50.561 0.0000000000
109800  44.297  -8.071  50.991 0.0000000000
109769  44.935  -7.869  52.497 0.0000000000
109745  45.661  -7.678  54.047 0.0000000000
110904  46.386  -7.341  55.405 0.0000000000
105805  46.660  -10.157  56.684 0.0000000000
107157  47.194  -9.243  56.444 0.0000000000
108408  47.521  -8.615  55.833 0.0000000000
107204  47.813  -9.077  54.898 0.0000000000
95562  46.078  -16.528  55.280 0.0000000000
96906  46.617  -15.472  54.163 0.0000000000
73596  28.234  -29.045  67.351 0.0000000000
73597  27.917  -29.298  67.976 0.0000000000
73579  28.034  -28.835  67.936 0.0000000000
75073  28.277  -28.914  67.285 0.0000000000
73595  28.692  -28.856  66.929 0.0000000000
112125  44.513  -6.749  48.877 0.0000000000
112111  44.979  -6.481  49.781 0.0000000000
111012  44.331  -7.248  49.487 0.0000000000
122758  53.391  -0.363  40.305 0.0000000000
121483  52.842  -0.496  39.846 0.0000000000
120153  51.008  -1.181  49.477 0.0000000000
119037  50.978  -1.308  48.762 0.0000000000
120138  51.635  -1.196  49.773 0.0000000000
119021  52.307  -1.382  49.248 0.0000000000
119003  51.836  -1.378  50.452 0.0000000000
94279  45.810  -17.095  57.308 0.0000000000
95516  45.133  -16.223  57.850 0.0000000000
95515  46.071  -16.002  57.538 0.0000000000
98162  45.875  -15.055  57.293 0.0000000000
200244  46.095  -15.570  57.234 0.0000000000
95527  46.309  -15.636  56.855 0.0000000000
95541  46.101  -16.252  56.764 0.0000000000
76510  30.327  -27.903  64.254 0.0000000000
77930  30.173  -27.260  63.888 0.0000000000
75096  30.405  -28.205  64.236 0.0000000000
75110  30.900  -28.051  63.919 0.0000000000
222537  47.081  -4.400  48.900 0.0000000000
217327  47.209  -4.794  48.045 0.0000000000
115605  47.435  -4.228  48.861 0.0000000000
197059  47.995  -3.828  49.013 0.0000000000
116747  47.690  -3.735  50.058 0.0000000000
116734  47.842  -3.691  50.738 0.0000000000
217130  47.460  -4.117  50.434 0.0000000000
113135  46.889  -5.909  55.217 0.0000000000
113134  47.256  -5.678  55.452 0.0000000000
112006  47.197  -6.222  56.038 0.0000000000
109715  48.147  -6.908  55.232 0.0000000000
189104  47.507  -7.168  55.728 0.0000000000
84996  40.173  -22.006  60.645 0.0000000000
86402  40.797  -21.636  60.905 0.0000000000
83596  40.755  -22.164  59.984 0.0000000000
83586  35.201  -23.950  61.581 0.0000000000
83612  34.951  -23.966  60.437 0.0000000000
83599  35.336  -23.845  60.962 0.0000000000
85010  35.855  -23.717  60.527 0.0000000000
85001  35.975  -23.881  61.103 0.0000000000
84999  37.198  -23.190  60.917 0.0000000000
84989  36.661  -23.980  61.361 0.0000000000
123954  54.873  0.601  38.843 0.0000000000
122763  55.225  0.218  39.141 0.0000000000
122762  55.457  0.201  38.905 0.0000000000
206340  55.665  -0.181  39.610 0.0000000000
119098  52.176  -2.124  44.844 0.0000000000
119104  52.582  -1.975  44.163 0.0000000000
120243  53.027  -1.708  43.705 0.0000000000
120242  52.973  -0.965  44.281 0.0000000000
196601  51.913  -3.506  47.694 0.0000000000
115636  52.282  -3.710  46.878 0.0000000000
92939  41.415  -19.144  58.765 0.0000000000
92952  41.052  -19.115  58.394 0.0000000000
92951  41.635  -18.743  58.299 0.0000000000
98207  43.488  -15.752  54.928 0.0000000000
96908  42.529  -15.916  53.853 0.0000000000
210709  44.956  -11.824  55.100 0.0000000000
103124  44.825  -11.781  54.364 0.0000000000
104527  45.029  -10.936  54.283 0.0000000000
104535  44.784  -10.789  53.562 0.0000000000
105857  45.109  -10.295  54.601 0.0000000000
191276  45.112  -9.603  54.537 0.0000000000
105840  45.209  -10.150  55.142 0.0000000000
100604  47.334  -13.312  54.519 0.0000000000
101812  47.689  -12.405  55.151 0.0000000000
101817  47.552  -12.599  54.117 0.0000000000
207620  47.696  -12.080  54.151 0.0000000000
76498  28.928  -28.680  66.130 0.0000000000
76497  28.964  -28.265  65.141 0.0000000000
224250  29.122  -28.517  65.156 0.0000000000
73609  29.093  -28.835  65.682 0.0000000000
73626  29.195  -29.015  65.078 0.0000000000
73627  29.047  -29.077  65.767 0.0000000000
113277  45.262  -6.173  48.004 0.0000000000
216568  45.525  -6.160  47.565 0.0000000000
198326  45.674  -5.847  48.494 0.0000000000
114408  46.261  -5.346  48.449 0.0000000000
114395  46.033  -5.267  49.411 0.0000000000
226992  46.406  -4.961  50.191 0.0000000000
114382  46.016  -5.388  49.967 0.0000000000
112069  45.292  -6.792  51.813 0.0000000000
112068  45.760  -6.328  52.016 0.0000000000
188771  46.047  -6.339  52.519 0.0000000000
112056  46.082  -6.516  53.051 0.0000000000
110954  45.778  -7.123  53.239 0.0000000000
80773  32.866  -25.481  63.460 0.0000000000
193160  32.936  -25.279  62.774 0.0000000000
80759  33.530  -25.317  63.669 0.0000000000
221881  34.545  -25.710  62.978 0.0000000000
82143  34.045  -24.830  63.015 0.0000000000
80757  34.343  -25.528  62.828 0.0000000000
82158  34.851  -24.968  62.367 0.0000000000
79369  35.118  -25.362  62.338 0.0000000000
79367  35.984  -25.268  62.145 0.0000000000
122766  53.717  0.446  39.105 0.0000000000
122765  54.205  0.371  39.357 0.0000000000
122776  54.783  0.503  38.860 0.0000000000
193314  54.552  0.481  39.770 0.0000000000
122755  54.428  0.660  40.494 0.0000000000
122739  54.212  0.250  41.595 0.0000000000
122738  54.536  0.377  41.632 0.0000000000
121453  55.165  0.041  42.876 0.0000000000
121454  54.571  0.079  43.044 0.0000000000
116810  50.021  -2.916  46.651 0.0000000000
116824  50.364  -3.226  46.112 0.0000000000
117940  50.286  -2.417  46.943 0.0000000000
119073  51.100  -1.678  47.024 0.0000000000
117939  50.808  -2.106  46.622 0.0000000000
119091  51.460  -1.950  46.298 0.0000000000
120221  51.911  -1.834  46.272 0.0000000000
120202  51.996  -2.014  45.936 0.0000000000
120203  51.952  -1.413  46.865 0.0000000000
119020  52.815  -1.589  49.123 0.0000000000
119019  52.957  -1.617  48.688 0.0000000000
116762  52.395  -1.949  48.800 0.0000000000
116776  52.260  -2.387  47.993 0.0000000000
116777  51.809  -2.531  48.368 0.0000000000
94245  43.881  -18.103  58.918 0.0000000000
95505  43.515  -17.717  58.124 0.0000000000
94256  43.961  -17.683  58.385 0.0000000000
96828  44.127  -15.974  56.941 0.0000000000
96818  43.852  -16.624  57.308 0.0000000000
96843  44.111  -15.637  56.646 0.0000000000
98182  44.019  -15.665  56.343 0.0000000000
98193  44.189  -15.226  56.177 0.0000000000
99456  44.434  -15.041  56.612 0.0000000000
99445  45.930  -14.117  57.044 0.0000000000
100567  45.477  -14.145  56.718 0.0000000000
100566  45.610  -13.296  56.725 0.0000000000
101788  45.453  -12.595  56.748 0.0000000000
101776  45.792  -12.646  57.247 0.0000000000
103072  45.921  -12.076  57.494 0.0000000000
100564  46.448  -13.023  57.286 0.0000000000
98192  47.261  -14.698  56.197 0.0000000000
98180  47.312  -14.331  56.575 0.0000000000
98204  47.382  -14.769  55.650 0.0000000000
98220  47.524  -14.323  55.427 0.0000000000
77960  29.057  -27.608  63.826 0.0000000000
79361  29.947  -27.086  63.572 0.0000000000
79359  30.885  -26.595  63.532 0.0000000000
79370  30.870  -26.471  63.269 0.0000000000
80775  31.354  -26.045  62.918 0.0000000000
80787  31.347  -25.880  62.490 0.0000000000
80774  31.886  -25.934  63.309 0.0000000000
191820  32.296  -25.776  63.529 0.0000000000
80761  32.014  -25.977  63.664 0.0000000000
114440  47.837  -4.779  47.224 0.0000000000
115654  49.052  -4.367  46.661 0.0000000000
115638  48.713  -4.056  47.102 0.0000000000
117896  48.987  -2.621  49.378 0.0000000000
117910  49.015  -2.737  48.674 0.0000000000
117877  49.420  -2.069  49.644 0.0000000000
119023  49.862  -1.775  49.129 0.0000000000
119006  49.477  -1.864  50.421 0.0000000000
206718  49.956  -1.443  51.318 0.0000000000
118990  49.403  -1.587  51.212 0.0000000000
198296  48.368  -3.678  52.411 0.0000000000
117837  48.895  -3.216  52.014 0.0000000000
117812  48.894  -3.620  52.792 0.0000000000
190835  49.396  -4.521  52.883 0.0000000000
116668  48.626  -3.600  54.104 0.0000000000
115532  46.904  -4.764  52.105 0.0000000000
115531  47.171  -4.488  52.012 0.0000000000
115514  47.049  -4.648  52.568 0.0000000000
193908  48.055  -5.312  55.077 0.0000000000
114273  48.192  -5.009  54.422 0.0000000000
223402  48.160  -5.221  54.972 0.0000000000
114272  48.640  -5.361  54.648 0.0000000000
192317  48.585  -5.832  54.774 0.0000000000
89087  38.762  -21.146  59.759 0.0000000000
89104  38.577  -20.836  59.192 0.0000000000
89086  39.246  -20.978  59.925 0.0000000000
90335  40.893  -20.556  60.968 0.0000000000
90350  40.768  -20.142  60.606 0.0000000000
90349  41.286  -19.840  60.886 0.0000000000
91612  41.018  -19.485  60.368 0.0000000000
90348  41.874  -19.727  60.840 0.0000000000
85014  41.865  -21.774  59.269 0.0000000000
85028  41.930  -21.889  58.794 0.0000000000
87778  43.488  -20.825  58.747 0.0000000000
87763  43.446  -20.733  58.957 0.0000000000
87746  43.938  -20.440  59.302 0.0000000000
90369  43.340  -19.824  59.775 0.0000000000
90368  43.965  -19.909  59.536 0.0000000000
195103  43.944  -19.491  59.391 0.0000000000
89101  44.938  -20.063  58.992 0.0000000000
90423  44.365  -19.557  57.311 0.0000000000
90410  44.523  -19.531  57.925 0.0000000000
91672  44.939  -18.736  57.160 0.0000000000
91661  45.216  -18.258  57.275 0.0000000000
91671  45.287  -18.219  56.803 0.0000000000
92979  45.203  -18.050  56.221 0.0000000000
91685  44.639  -18.369  55.982 0.0000000000
82194  33.038  -24.946  61.452 0.0000000000
207291  32.851  -24.992  60.907 0.0000000000
83602  33.412  -24.807  60.871 0.0000000000
85023  36.336  -23.098  59.358 0.0000000000
85031  36.240  -22.912  58.723 0.0000000000
87766  37.039  -22.037  58.964 0.0000000000
87765  37.613  -21.627  59.296 0.0000000000
86441  37.291  -22.078  59.569 0.0000000000
86390  38.301  -22.543  61.355 0.0000000000
86405  37.976  -22.207  61.022 0.0000000000
84985  38.976  -22.831  61.041 0.0000000000
84984  39.197  -22.542  61.097 0.0000000000
83568  38.817  -23.253  60.902 0.0000000000
80784  37.418  -24.860  61.045 0.0000000000
80803  39.175  -24.011  59.894 0.0000000000
120311  55.732  -0.243  38.627 0.0000000000
120312  55.554  -0.763  38.717 0.0000000000
118047  55.161  -1.284  38.518 0.0000000000
194569  55.781  0.054  41.651 0.0000000000
115662  50.894  -3.431  45.035 0.0000000000
115683  51.185  -3.802  43.814 0.0000000000
120279  52.387  -1.234  42.242 0.0000000000
120289  51.870  -1.419  41.295 0.0000000000
120288  52.164  -1.313  41.568 0.0000000000
120294  52.071  -1.098  40.935 0.0000000000
121467  52.570  -0.900  41.302 0.0000000000
121466  52.864  -0.673  41.830 0.0000000000
121457  52.820  -0.237  42.432 0.0000000000
120259  53.083  -0.671  43.900 0.0000000000
193700  53.524  -0.069  43.386 0.0000000000
121427  53.446  -0.721  43.917 0.0000000000
121426  53.757  -0.923  44.022 0.0000000000
120239  53.937  -1.060  44.033 0.0000000000
225286  52.385  -2.128  45.826 0.0000000000
193017  52.976  -1.990  45.760 0.0000000000
120186  52.848  -2.252  45.827 0.0000000000
116809  53.314  -3.241  45.931 0.0000000000
117938  53.844  -2.594  45.338 0.0000000000
116807  54.087  -2.652  45.140 0.0000000000
119087  54.002  -1.438  44.652 0.0000000000
116822  54.411  -2.713  44.830 0.0000000000
94290  42.681  -17.696  57.005 0.0000000000
94282  42.144  -18.153  57.354 0.0000000000
94299  42.640  -17.576  56.455 0.0000000000
99474  44.516  -14.188  54.555 0.0000000000
103144  44.268  -11.533  52.667 0.0000000000
211523  44.305  -9.519  52.147 0.0000000000
207191  44.249  -9.566  51.422 0.0000000000
107238  44.329  -8.904  51.822 0.0000000000
108500  43.916  -8.590  50.796 0.0000000000
108478  44.288  -8.459  51.454 0.0000000000
109784  44.528  -7.967  51.725 0.0000000000
108465  44.524  -8.323  52.131 0.0000000000
108435  45.342  -8.446  54.339 0.0000000000
109732  45.398  -8.108  54.000 0.0000000000
109731  45.661  -8.013  54.484 0.0000000000
195063  45.877  -7.552  54.605 0.0000000000
109699  46.345  -7.976  55.642 0.0000000000
103070  46.620  -11.706  57.402 0.0000000000
105806  46.035  -10.523  56.680 0.0000000000
104441  46.921  -11.047  56.915 0.0000000000
103118  47.669  -11.225  55.365 0.0000000000
104481  47.709  -10.929  56.005 0.0000000000
105821  47.802  -10.008  56.050 0.0000000000
107156  47.424  -9.162  56.138 0.0000000000
107173  47.796  -9.387  55.999 0.0000000000
107191  47.751  -9.057  55.512 0.0000000000
105838  47.583  -10.190  55.059 0.0000000000
104533  47.587  -10.677  54.015 0.0000000000
94308  45.451  -17.346  55.430 0.0000000000
94307  45.968  -16.964  55.693 0.0000000000
94316  45.600  -16.815  55.196 0.0000000000
221213  28.871  -28.938  66.536 0.0000000000
73610  28.922  -28.995  66.280 0.0000000000
73611  28.531  -29.126  66.870 0.0000000000
72243  28.276  -29.566  66.721 0.0000000000
203848  45.011  -6.387  48.263 0.0000000000
113243  45.187  -6.197  49.153 0.0000000000
113228  45.629  -5.909  49.928 0.0000000000
112094  45.102  -6.636  50.441 0.0000000000
110982  44.883  -7.215  51.559 0.0000000000
196993  34.101  -26.554  64.181 0.0000000000
79357  34.155  -26.309  64.307 0.0000000000
77956  34.428  -26.255  63.822 0.0000000000
77971  34.509  -26.030  63.058 0.0000000000
221428  53.900  0.352  39.626 0.0000000000
195730  54.226  0.550  40.572 0.0000000000
122757  53.953  0.225  40.081 0.0000000000
122748  53.998  -0.104  40.832 0.0000000000
122740  53.648  -0.246  41.517 0.0000000000
119058  50.277  -1.801  47.921 0.0000000000
119074  50.523  -1.918  47.252 0.0000000000
190611  50.892  -1.390  48.101 0.0000000000
120188  52.012  -0.993  47.674 0.0000000000
120169  52.217  -0.952  48.371 0.0000000000
94253  44.870  -17.294  58.048 0.0000000000
95503  44.380  -16.794  57.953 0.0000000000
95501  45.064  -16.968  57.988 0.0000000000
96816  44.737  -15.961  57.718 0.0000000000
98164  44.966  -15.588  57.421 0.0000000000
216951  44.978  -15.138  57.238 0.0000000000
98163  45.176  -15.479  57.437 0.0000000000
99431  45.824  -14.748  57.195 0.0000000000
99430  46.189  -14.525  57.165 0.0000000000
99443  46.579  -13.812  57.048 0.0000000000
98171  46.905  -14.512  56.953 0.0000000000
96842  46.882  -14.965  56.705 0.0000000000
95550  46.776  -15.761  55.760 0.0000000000
77943  30.074  -27.072  64.103 0.0000000000
79349  31.085  -26.899  63.851 0.0000000000
79348  31.768  -26.710  63.942 0.0000000000
212482  31.842  -27.133  63.986 0.0000000000
113292  46.775  -5.781  47.442 0.0000000000
193278  47.492  -5.034  47.292 0.0000000000
114422  47.663  -4.706  47.662 0.0000000000
115639  48.206  -4.367  47.413 0.0000000000
115620  48.550  -3.809  47.606 0.0000000000
116779  48.319  -3.710  48.477 0.0000000000
116764  48.598  -3.308  49.068 0.0000000000
117879  48.592  -2.920  50.374 0.0000000000
117865  48.950  -2.747  50.976 0.0000000000
117866  48.432  -3.136  50.815 0.0000000000
199250  47.930  -3.747  51.434 0.0000000000
117839  47.953  -3.812  52.142 0.0000000000
113157  46.690  -5.699  53.833 0.0000000000
189324  47.358  -5.133  53.882 0.0000000000
114293  47.068  -5.464  54.232 0.0000000000
112019  47.709  -5.588  55.499 0.0000000000
192989  48.073  -6.139  55.323 0.0000000000
226816  48.285  -6.459  54.968 0.0000000000
110919  48.106  -6.492  55.183 0.0000000000
212909  47.900  -8.159  54.936 0.0000000000
87720  39.678  -21.596  62.049 0.0000000000
89069  39.935  -21.021  60.604 0.0000000000
87719  40.154  -21.585  61.425 0.0000000000
87718  40.982  -21.237  61.003 0.0000000000
219869  41.241  -21.165  60.843 0.0000000000
195779  42.704  -21.580  58.310 0.0000000000
87793  43.923  -20.509  58.565 0.0000000000
89132  44.318  -20.190  58.285 0.0000000000
89143  44.215  -20.116  57.595 0.0000000000
90424  43.968  -19.880  56.964 0.0000000000
83588  34.329  -24.151  61.692 0.0000000000
83601  34.026  -24.423  60.985 0.0000000000
83600  34.634  -24.069  61.035 0.0000000000
83624  34.993  -23.909  59.438 0.0000000000
83623  35.660  -23.663  59.535 0.0000000000
85017  36.022  -23.458  59.854 0.0000000000
86431  36.683  -22.883  59.996 0.0000000000
86430  37.141  -22.353  60.034 0.0000000000
85016  37.094  -22.820  60.543 0.0000000000
84998  37.756  -22.956  61.162 0.0000000000
197498  38.013  -23.438  61.199 0.0000000000
122774  55.565  0.676  38.230 0.0000000000
121491  55.902  0.178  37.922 0.0000000000
120303  55.845  -0.722  39.138 0.0000000000
120287  55.181  -0.201  42.274 0.0000000000
117962  51.725  -2.532  44.841 0.0000000000
116846  51.606  -3.359  43.557 0.0000000000
212713  51.768  -2.855  44.101 0.0000000000
117979  52.055  -2.507  43.562 0.0000000000
117991  51.910  -2.345  42.875 0.0000000000
119132  52.242  -1.861  42.512 0.0000000000
120260  52.725  -0.708  42.677 0.0000000000
218393  53.157  -1.154  43.256 0.0000000000
120241  52.920  -0.908  44.620 0.0000000000
117907  52.447  -2.371  47.329 0.0000000000
119054  53.216  -2.395  45.580 0.0000000000
116792  52.739  -3.132  47.205 0.0000000000
115618  52.873  -3.340  46.733 0.0000000000
91651  40.409  -19.482  58.396 0.0000000000
95552  43.044  -17.009  56.093 0.0000000000
94309  42.535  -17.465  55.766 0.0000000000
198280  42.810  -16.810  55.414 0.0000000000
95573  42.589  -16.745  54.685 0.0000000000
100593  45.012  -13.104  55.121 0.0000000000
101818  44.649  -12.529  54.073 0.0000000000
103130  44.534  -11.932  53.718 0.0000000000
104543  44.143  -10.905  52.226 0.0000000000
104542  44.525  -10.807  52.879 0.0000000000
105881  44.735  -9.961  53.192 0.0000000000
107227  44.616  -9.056  53.176 0.0000000000
209531  44.701  -8.509  53.100 0.0000000000
199504  44.908  -9.327  53.751 0.0000000000
107206  45.392  -9.010  54.752 0.0000000000
207535  45.824  -9.093  55.319 0.0000000000
191359  47.283  -12.815  56.074 0.0000000000
101798  47.471  -12.290  56.041 0.0000000000
101806  47.559  -12.508  55.673 0.0000000000
101811  47.803  -11.948  55.259 0.0000000000
103122  47.710  -11.490  54.977 0.0000000000
219367  47.621  -11.074  54.690 0.0000000000
103123  47.729  -11.716  54.530 0.0000000000
77945  28.791  -27.883  64.557 0.0000000000
77944  29.596  -27.508  64.136 0.0000000000
77931  29.538  -27.803  64.399 0.0000000000
76511  29.347  -28.042  64.669 0.0000000000
73625  29.585  -28.867  64.352 0.0000000000
73640  30.070  -29.052  64.120 0.0000000000
73641  29.367  -29.017  64.711 0.0000000000
72275  29.225  -29.237  64.836 0.0000000000
72258  28.925  -29.488  65.697 0.0000000000
113275  46.548  -5.608  47.921 0.0000000000
114407  46.612  -4.865  48.629 0.0000000000
115591  46.688  -4.545  49.457 0.0000000000
115574  47.038  -4.497  50.527 0.0000000000
114366  46.664  -4.793  50.637 0.0000000000
114354  46.527  -4.900  51.190 0.0000000000
114345  46.596  -5.261  51.843 0.0000000000
207539  45.797  -5.905  51.106 0.0000000000
113196  46.066  -5.878  51.608 0.0000000000
113183  46.623  -5.526  52.490 0.0000000000
113158  46.374  -6.054  53.446 0.0000000000
112045  46.497  -6.224  54.147 0.0000000000
112021  46.661  -6.317  55.375 0.0000000000
83620  40.926  -22.302  59.198 0.0000000000
82184  32.081  -25.345  61.856 0.0000000000
82183  32.676  -25.105  61.948 0.0000000000
82182  33.260  -24.848  62.038 0.0000000000
83575  33.872  -24.580  62.144 0.0000000000
82144  33.873  -25.340  63.554 0.0000000000
203505  34.007  -24.709  62.616 0.0000000000
83574  34.419  -24.272  62.239 0.0000000000
83573  34.867  -24.198  62.263 0.0000000000
83572  35.378  -24.051  61.976 0.0000000000
83553  35.945  -24.210  61.897 0.0000000000
83552  36.655  -24.099  61.650 0.0000000000
217034  36.288  -24.907  61.948 0.0000000000
79382  36.512  -25.306  61.750 0.0000000000
79393  36.683  -25.922  60.930 0.0000000000
122754  55.164  -0.079  40.065 0.0000000000
121471  55.630  0.092  41.204 0.0000000000
122737  55.026  0.169  41.544 0.0000000000
121462  55.406  0.016  42.140 0.0000000000
121438  53.980  -0.790  43.098 0.0000000000
115663  50.381  -3.953  45.156 0.0000000000
217004  50.535  -3.464  45.572 0.0000000000
214860  51.191  -2.735  45.449 0.0000000000
117955  51.656  -2.333  45.516 0.0000000000
119089  52.368  -1.968  44.995 0.0000000000
120233  52.675  -1.363  44.968 0.0000000000
120220  52.291  -2.076  45.298 0.0000000000
119055  52.353  -1.954  46.976 0.0000000000
202260  52.374  -1.088  47.928 0.0000000000
119036  52.663  -1.438  48.103 0.0000000000
119035  52.377  -1.962  47.866 0.0000000000
115602  52.097  -3.079  47.927 0.0000000000
92936  42.847  -18.614  58.777 0.0000000000
92950  42.273  -18.786  58.166 0.0000000000
94258  42.763  -18.518  58.076 0.0000000000
214143  43.318  -17.658  57.732 0.0000000000
95530  43.009  -17.405  57.030 0.0000000000
95517  44.046  -16.785  57.743 0.0000000000
200287  43.608  -16.942  57.352 0.0000000000
95529  43.451  -16.622  56.902 0.0000000000
95542  43.464  -16.485  56.449 0.0000000000
96874  43.636  -15.866  55.501 0.0000000000
98206  43.857  -15.447  55.265 0.0000000000
98223  43.681  -15.390  54.636 0.0000000000
99470  44.076  -15.077  55.025 0.0000000000
99469  44.386  -14.599  55.121 0.0000000000
100587  44.746  -14.259  55.416 0.0000000000
99455  45.001  -14.560  56.452 0.0000000000
99463  45.037  -14.253  55.923 0.0000000000
100586  45.079  -13.621  55.510 0.0000000000
201942  45.146  -12.924  55.651 0.0000000000
101799  45.349  -12.387  56.079 0.0000000000
103107  45.536  -11.678  56.355 0.0000000000
104482  45.614  -10.871  56.408 0.0000000000
192709  45.914  -11.478  56.758 0.0000000000
103071  46.202  -11.750  57.599 0.0000000000
226802  46.780  -13.044  56.875 0.0000000000
100563  46.629  -13.413  57.029 0.0000000000
99454  46.851  -13.773  56.711 0.0000000000
100578  47.085  -13.467  56.288 0.0000000000
99462  47.377  -13.824  55.984 0.0000000000
99473  47.429  -14.021  54.871 0.0000000000
82185  31.538  -25.542  61.520 0.0000000000
79371  30.132  -26.692  63.005 0.0000000000
80796  30.664  -26.063  62.303 0.0000000000
80795  31.098  -25.756  61.873 0.0000000000
217988  31.651  -25.618  61.998 0.0000000000
82161  32.316  -25.573  62.778 0.0000000000
80751  33.059  -25.987  64.311 0.0000000000
77940  33.236  -26.666  64.314 0.0000000000
77957  33.706  -26.674  64.514 0.0000000000
116825  49.770  -3.446  46.409 0.0000000000
116811  49.491  -3.192  46.964 0.0000000000
116795  48.812  -3.270  47.793 0.0000000000
116794  49.256  -2.968  47.519 0.0000000000
117925  49.469  -2.446  47.744 0.0000000000
119039  49.805  -1.963  48.467 0.0000000000
119022  50.431  -1.437  49.287 0.0000000000
119005  50.538  -1.259  49.900 0.0000000000
118988  51.218  -1.400  51.123 0.0000000000
219913  50.593  -1.410  51.401 0.0000000000
217183  50.446  -1.790  51.665 0.0000000000
117819  49.845  -3.366  51.550 0.0000000000
118965  49.136  -2.747  51.319 0.0000000000
117836  49.315  -3.018  51.555 0.0000000000
115546  47.237  -4.349  51.496 0.0000000000
203159  47.573  -4.107  51.816 0.0000000000
116692  48.026  -4.016  52.906 0.0000000000
115498  47.914  -4.554  53.509 0.0000000000
115497  48.064  -3.552  54.033 0.0000000000
116669  48.123  -3.548  54.133 0.0000000000
115480  48.900  -4.787  53.558 0.0000000000
89134  38.281  -20.719  58.082 0.0000000000
90402  39.317  -20.270  58.768 0.0000000000
89085  39.739  -20.746  60.093 0.0000000000
90371  40.036  -20.284  59.816 0.0000000000
189313  40.069  -19.886  58.912 0.0000000000
199961  40.923  -19.428  59.788 0.0000000000
91640  41.470  -19.259  59.339 0.0000000000
92924  42.070  -19.177  59.378 0.0000000000
85015  41.337  -21.991  59.490 0.0000000000
86429  41.666  -21.674  59.739 0.0000000000
86416  41.849  -20.930  59.868 0.0000000000
86440  42.309  -21.422  59.106 0.0000000000
87748  42.584  -20.846  59.409 0.0000000000
87732  42.286  -20.496  59.779 0.0000000000
90347  42.478  -19.665  60.496 0.0000000000
91609  42.807  -19.066  60.189 0.0000000000
92923  42.728  -19.124  59.296 0.0000000000
227557  43.039  -18.819  59.081 0.0000000000
203580  43.831  -18.506  59.081 0.0000000000
92934  44.277  -18.447  58.641 0.0000000000
90401  44.733  -19.906  58.704 0.0000000000
207390  44.592  -19.259  58.065 0.0000000000
92933  44.565  -18.061  58.234 0.0000000000
92949  44.987  -17.861  57.885 0.0000000000
94280  45.545  -17.616  57.412 0.0000000000
94289  45.836  -17.270  56.841 0.0000000000
94297  46.055  -16.718  56.655 0.0000000000
92978  45.622  -17.713  56.532 0.0000000000
92987  45.573  -17.528  55.932 0.0000000000
204752  45.090  -17.601  55.185 0.0000000000
92996  44.650  -17.969  55.284 0.0000000000
82207  32.415  -25.138  60.657 0.0000000000
83614  33.667  -24.485  60.224 0.0000000000
87780  37.387  -21.385  58.677 0.0000000000
87764  38.238  -21.397  59.536 0.0000000000
87749  38.373  -21.565  60.215 0.0000000000
195073  37.489  -22.236  60.512 0.0000000000
87735  38.479  -21.636  60.887 0.0000000000
87734  38.945  -21.403  61.027 0.0000000000
219647  39.674  -21.792  61.770 0.0000000000
84997  39.873  -22.111  60.818 0.0000000000
82192  39.937  -22.884  59.996 0.0000000000
83551  37.451  -24.095  61.237 0.0000000000
82154  37.378  -24.408  61.233 0.0000000000
82169  38.419  -23.869  61.076 0.0000000000
80794  38.240  -24.728  60.518 0.0000000000
224251  38.669  -23.974  60.624 0.0000000000
82193  38.990  -23.873  60.308 0.0000000000
75074  27.855  -28.655  67.752 0.0000000000
119187  54.967  -0.789  37.825 0.0000000000
121478  52.593  -0.652  40.592 0.0000000000
122741  53.222  -0.444  41.640 0.0000000000
122734  53.744  0.113  42.239 0.0000000000
121456  53.304  0.047  42.735 0.0000000000
121455  53.989  0.101  42.902 0.0000000000
121439  53.921  -0.815  43.222 0.0000000000
121425  54.141  -1.072  43.842 0.0000000000
120230  55.330  -0.900  44.566 0.0000000000
120232  52.889  -0.973  44.968 0.0000000000
209061  53.082  -1.770  45.433 0.0000000000
120201  53.760  -1.216  45.809 0.0000000000
222298  54.327  -1.020  46.525 0.0000000000
120231  53.940  -1.434  44.943 0.0000000000
119097  54.934  -0.804  45.067 0.0000000000
119096  55.322  -1.361  44.648 0.0000000000
115649  54.294  -2.795  44.768 0.0000000000
111013  43.711  -7.606  48.773 0.0000000000
94270  42.121  -18.372  57.746 0.0000000000
92971  41.643  -18.447  57.098 0.0000000000
105914  43.854  -10.220  51.063 0.0000000000
108522  43.528  -8.430  49.408 0.0000000000
211946  43.863  -8.194  50.232 0.0000000000
217675  44.025  -7.429  49.117 0.0000000000
109814  44.343  -7.552  50.350 0.0000000000
109783  44.779  -7.687  51.955 0.0000000000
110968  45.084  -7.377  52.205 0.0000000000
108445  44.945  -8.298  53.241 0.0000000000
109756  45.074  -7.994  53.015 0.0000000000
110955  45.306  -7.568  52.809 0.0000000000
110942  45.856  -7.148  53.908 0.0000000000
110921  46.150  -7.168  54.969 0.0000000000
110903  46.795  -6.999  55.768 0.0000000000
105822  45.626  -10.190  56.144 0.0000000000
107176  45.961  -9.812  56.045 0.0000000000
206264  46.178  -9.160  55.804 0.0000000000
196318  47.392  -11.072  56.516 0.0000000000
219597  46.947  -9.807  56.518 0.0000000000
212249  46.690  -8.941  56.062 0.0000000000
108394  47.094  -8.536  56.110 0.0000000000
109680  47.174  -7.814  55.899 0.0000000000
109696  47.055  -7.232  56.001 0.0000000000
216306  47.818  -8.557  55.199 0.0000000000
108421  48.011  -8.766  55.106 0.0000000000
107205  47.825  -9.059  54.782 0.0000000000
104515  47.654  -10.366  54.589 0.0000000000
105856  47.762  -9.603  54.716 0.0000000000
94306  46.287  -16.635  56.102 0.0000000000
203026  46.504  -16.114  55.891 0.0000000000
95560  46.808  -15.772  55.507 0.0000000000
95572  45.935  -16.367  54.735 0.0000000000
96891  46.444  -15.952  54.569 0.0000000000
96890  46.845  -15.644  54.824 0.0000000000
98222  47.168  -15.109  54.531 0.0000000000
72257  29.153  -29.131  65.287 0.0000000000
72259  28.628  -29.789  65.759 0.0000000000
75086  29.901  -28.230  64.417 0.0000000000
76539  34.127  -26.467  63.646 0.0000000000
76541  32.862  -27.148  63.787 0.0000000000
77939  33.499  -26.467  64.800 0.0000000000
77941  32.032  -26.866  64.123 0.0000000000
77955  34.437  -26.044  63.320 0.0000000000
77970  34.472  -25.998  62.588 0.0000000000
77991  36.144  -26.013  61.540 0.0000000000
79346  32.842  -26.463  64.282 0.0000000000
79347  32.284  -26.570  64.026 0.0000000000
79360  30.236  -26.860  63.486 0.0000000000
79380  37.676  -24.933  60.759 0.0000000000
80752  32.313  -25.715  63.961 0.0000000000
80758  34.193  -25.678  63.807 0.0000000000
80762  31.478  -26.132  63.253 0.0000000000
80768  37.069  -24.812  61.414 0.0000000000
80769  36.536  -25.132  61.785 0.0000000000
80770  35.891  -25.047  62.143 0.0000000000
80771  35.301  -25.084  62.214 0.0000000000
80772  34.807  -25.078  62.416 0.0000000000
80782  38.245  -24.182  60.877 0.0000000000
80785  36.810  -25.190  61.472 0.0000000000
80793  38.605  -24.411  60.425 0.0000000000
80805  38.514  -24.924  60.018 0.0000000000
82153  38.018  -23.963  61.103 0.0000000000
82156  36.045  -24.688  62.027 0.0000000000
82159  33.927  -25.172  63.006 0.0000000000
82160  33.458  -25.231  63.122 0.0000000000
82170  37.888  -24.351  60.993 0.0000000000
82172  33.457  -24.896  62.614 0.0000000000
82174  31.978  -25.585  62.371 0.0000000000
83554  35.415  -24.341  62.062 0.0000000000
83555  34.947  -24.219  62.210 0.0000000000
83569  37.296  -23.860  61.193 0.0000000000
83570  36.775  -23.969  61.356 0.0000000000
83571  35.859  -24.183  61.711 0.0000000000
83583  39.703  -22.587  60.545 0.0000000000
83584  39.209  -22.965  60.687 0.0000000000
83587  34.933  -24.019  61.859 0.0000000000
83597  40.195  -22.453  60.223 0.0000000000
83603  33.038  -24.857  60.227 0.0000000000
83609  40.835  -22.227  59.659 0.0000000000
83611  35.575  -23.783  60.244 0.0000000000
83613  34.337  -24.275  60.437 0.0000000000
84986  38.410  -23.104  61.269 0.0000000000
84987  37.995  -23.211  61.268 0.0000000000
85000  36.745  -23.599  60.841 0.0000000000
85006  41.203  -21.905  60.042 0.0000000000
85007  40.824  -21.972  60.367 0.0000000000
85008  37.151  -23.060  60.769 0.0000000000
85009  36.660  -23.475  60.765 0.0000000000
85021  41.417  -22.057  59.005 0.0000000000
86387  39.916  -22.190  61.523 0.0000000000
86388  39.227  -22.097  61.610 0.0000000000
86389  38.881  -22.254  61.587 0.0000000000
86418  38.074  -22.001  60.935 0.0000000000
86427  42.845  -20.995  59.106 0.0000000000
86439  43.001  -21.132  58.738 0.0000000000
86446  42.592  -21.539  58.654 0.0000000000
87704  39.939  -21.746  61.693 0.0000000000
87705  38.861  -21.742  61.934 0.0000000000
87721  38.860  -21.273  61.539 0.0000000000
87722  38.570  -21.749  61.389 0.0000000000
87733  41.778  -20.849  60.027 0.0000000000
87736  37.959  -21.934  60.663 0.0000000000
87747  43.351  -20.574  59.356 0.0000000000
89049  41.584  -20.788  61.041 0.0000000000
89050  41.145  -20.934  61.001 0.0000000000
89051  40.695  -20.987  61.022 0.0000000000
89052  40.044  -21.008  61.063 0.0000000000
89053  39.397  -21.195  60.862 0.0000000000
89066  42.491  -20.128  60.115 0.0000000000
89067  42.005  -20.356  60.512 0.0000000000
89070  39.350  -21.106  60.512 0.0000000000
89083  44.201  -20.217  59.414 0.0000000000
89084  43.701  -20.283  59.494 0.0000000000
89102  44.656  -20.266  59.265 0.0000000000
89103  38.997  -20.720  59.430 0.0000000000
89117  44.525  -20.282  58.826 0.0000000000
89118  38.464  -20.706  58.702 0.0000000000
89131  44.664  -20.220  58.339 0.0000000000
89133  43.823  -20.532  57.927 0.0000000000
90345  43.431  -19.527  59.818 0.0000000000
90346  42.922  -19.848  60.149 0.0000000000
90351  40.280  -20.475  60.323 0.0000000000
90367  44.545  -19.661  59.350 0.0000000000
90372  39.495  -20.581  59.630 0.0000000000
90387  44.965  -19.812  59.207 0.0000000000
90388  44.637  -20.012  59.469 0.0000000000
90389  39.754  -20.274  59.320 0.0000000000
90422  44.585  -19.230  57.584 0.0000000000
91611  41.570  -19.171  60.551 0.0000000000
91624  44.199  -19.056  59.036 0.0000000000
91625  43.612  -19.168  59.228 0.0000000000
91626  41.996  -18.914  60.022 0.0000000000
91627  41.417  -18.990  60.002 0.0000000000
91628  40.375  -19.877  59.538 0.0000000000
91638  44.635  -18.725  58.291 0.0000000000
91650  44.640  -19.511  58.727 0.0000000000
91662  44.768  -18.871  57.677 0.0000000000
91686  44.521  -18.901  56.458 0.0000000000
92913  42.825  -18.949  59.881 0.0000000000
92914  42.622  -18.915  59.816 0.0000000000
92921  44.094  -18.472  58.747 0.0000000000
92922  42.763  -18.754  59.048 0.0000000000
92935  44.072  -17.941  58.749 0.0000000000
92938  41.942  -19.032  58.803 0.0000000000
92960  45.763  -17.395  57.234 0.0000000000
92961  45.493  -17.786  57.299 0.0000000000
92962  41.647  -18.596  57.687 0.0000000000
92963  41.236  -18.873  57.964 0.0000000000
94244  44.076  -17.909  59.050 0.0000000000
94254  44.589  -17.284  58.678 0.0000000000
94257  43.018  -18.101  58.385 0.0000000000
94266  45.969  -16.788  57.476 0.0000000000
94268  43.151  -17.938  58.077 0.0000000000
94281  42.768  -17.923  57.562 0.0000000000
94291  42.109  -17.998  56.817 0.0000000000
95502  44.626  -16.818  58.081 0.0000000000
95504  44.181  -17.017  58.040 0.0000000000
95528  46.046  -16.366  57.038 0.0000000000
95551  46.334  -16.163  56.289 0.0000000000
95561  46.365  -16.359  55.615 0.0000000000
95571  46.477  -16.142  55.070 0.0000000000
95574  42.148  -17.058  54.295 0.0000000000
96802  44.776  -16.173  57.959 0.0000000000
96813  46.009  -15.502  57.277 0.0000000000
96814  46.085  -15.811  57.568 0.0000000000
96817  44.466  -16.223  57.422 0.0000000000
96826  46.623  -15.140  57.190 0.0000000000
96844  43.809  -16.074  56.598 0.0000000000
96859  47.047  -15.088  56.235 0.0000000000
96860  43.818  -15.995  56.131 0.0000000000
96889  47.199  -15.229  55.223 0.0000000000
98161  46.016  -15.075  57.233 0.0000000000
98165  44.720  -15.755  57.348 0.0000000000
98172  46.549  -14.433  57.121 0.0000000000
98203  47.355  -14.244  56.055 0.0000000000
98205  44.170  -15.110  55.560 0.0000000000
99432  45.459  -14.979  57.266 0.0000000000
99442  46.823  -14.018  56.923 0.0000000000
99444  46.262  -13.855  57.100 0.0000000000
99446  44.944  -14.796  56.865 0.0000000000
99453  47.164  -14.048  56.504 0.0000000000
99464  44.468  -14.758  55.732 0.0000000000
99468  47.473  -13.799  55.560 0.0000000000
100585  47.448  -13.159  55.770 0.0000000000
100594  44.803  -13.887  55.018 0.0000000000
100598  47.470  -13.412  55.092 0.0000000000
100603  47.560  -12.820  54.855 0.0000000000
101773  46.756  -12.252  57.298 0.0000000000
101774  46.507  -12.298  57.624 0.0000000000
101775  45.999  -12.219  57.500 0.0000000000
101787  46.942  -12.245  56.837 0.0000000000
101813  44.887  -12.509  54.750 0.0000000000
101827  44.337  -12.062  53.132 0.0000000000
103069  47.039  -11.592  56.803 0.0000000000
103089  47.224  -11.799  56.594 0.0000000000
103090  45.897  -11.838  57.268 0.0000000000
103091  45.721  -12.043  57.053 0.0000000000
103105  47.685  -11.033  55.848 0.0000000000
103106  47.500  -11.628  56.211 0.0000000000
103108  45.196  -11.739  55.723 0.0000000000
103137  44.528  -11.424  53.296 0.0000000000
104442  46.457  -11.346  57.192 0.0000000000
104459  47.272  -10.832  56.961 0.0000000000
104460  46.932  -10.351  56.869 0.0000000000
104461  46.304  -11.268  57.030 0.0000000000
104480  47.665  -10.293  55.836 0.0000000000
104483  45.157  -11.056  55.983 0.0000000000
104500  45.278  -10.530  56.002 0.0000000000
104501  45.180  -10.618  55.601 0.0000000000
104514  47.580  -10.541  55.037 0.0000000000
105791  46.535  -10.795  56.921 0.0000000000
105803  47.508  -9.996  56.335 0.0000000000
105804  47.021  -9.994  56.883 0.0000000000
105807  45.801  -10.434  56.373 0.0000000000
105820  47.867  -10.027  55.931 0.0000000000
105839  45.384  -10.145  55.675 0.0000000000
105855  47.686  -9.817  54.782 0.0000000000
105892  44.469  -9.462  52.730 0.0000000000
105904  44.113  -10.242  51.803 0.0000000000
107158  46.879  -8.970  56.161 0.0000000000
107159  46.665  -9.528  56.273 0.0000000000
107160  45.945  -10.066  56.293 0.0000000000
107174  47.880  -9.101  55.950 0.0000000000
107175  46.351  -9.143  55.963 0.0000000000
107192  45.830  -9.688  55.729 0.0000000000
107215  44.784  -8.643  53.546 0.0000000000
107251  44.016  -8.955  51.163 0.0000000000
108392  47.358  -8.898  56.112 0.0000000000
108393  47.137  -8.758  56.157 0.0000000000
108395  46.691  -8.544  55.927 0.0000000000
108407  47.764  -9.080  55.842 0.0000000000
108409  46.289  -8.774  55.774 0.0000000000
108422  45.706  -8.484  54.913 0.0000000000
108433  47.836  -8.780  54.897 0.0000000000
108436  45.106  -8.396  53.749 0.0000000000
108454  44.787  -8.227  52.719 0.0000000000
108521  43.675  -8.723  50.112 0.0000000000
109679  47.208  -8.047  55.887 0.0000000000
109681  46.943  -8.105  55.902 0.0000000000
109695  47.676  -7.862  55.437 0.0000000000
109697  46.971  -7.520  55.894 0.0000000000
109698  46.761  -8.058  55.833 0.0000000000
109716  45.952  -7.838  55.090 0.0000000000
109746  45.264  -8.031  53.536 0.0000000000
109770  44.726  -7.971  52.246 0.0000000000
109815  43.773  -7.764  49.478 0.0000000000
110900  47.968  -6.664  55.403 0.0000000000
110901  47.413  -6.648  55.948 0.0000000000
110902  47.045  -6.814  56.026 0.0000000000
110920  46.524  -6.759  55.403 0.0000000000
110933  45.991  -7.128  54.496 0.0000000000
110943  45.451  -7.642  53.424 0.0000000000
110983  44.583  -7.571  51.297 0.0000000000
111039  44.189  -6.974  48.601 0.0000000000
112020  46.951  -6.056  55.592 0.0000000000
112022  46.332  -6.689  54.950 0.0000000000
112033  46.574  -6.286  54.824 0.0000000000
112046  46.100  -6.607  53.724 0.0000000000
112078  45.608  -6.327  51.405 0.0000000000
112079  45.181  -6.734  51.142 0.0000000000
112095  44.672  -6.893  50.043 0.0000000000
112112  44.603  -6.771  49.354 0.0000000000
112140  44.861  -6.527  48.816 0.0000000000
112158  44.723  -6.634  47.839 0.0000000000
113125  47.351  -5.902  55.689 0.0000000000
113133  48.260  -5.636  55.212 0.0000000000
113143  48.996  -5.428  54.295 0.0000000000
113144  47.144  -5.539  54.936 0.0000000000
113171  46.667  -5.476  53.066 0.0000000000
113184  46.195  -6.038  52.094 0.0000000000
113209  45.840  -5.790  50.540 0.0000000000
113210  45.384  -6.229  50.159 0.0000000000
113229  45.227  -6.156  49.607 0.0000000000
113259  45.924  -5.519  48.964 0.0000000000
113260  45.205  -6.193  48.659 0.0000000000
114274  47.957  -5.145  54.577 0.0000000000
114275  47.595  -5.382  55.146 0.0000000000
114290  48.921  -5.081  53.970 0.0000000000
114308  46.918  -5.260  53.501 0.0000000000
114327  47.047  -4.943  53.181 0.0000000000
114328  46.956  -4.907  53.016 0.0000000000
114367  46.263  -5.188  50.631 0.0000000000
114441  47.223  -5.564  47.167 0.0000000000
114456  48.897  -5.053  46.555 0.0000000000
115481  48.387  -4.818  54.133 0.0000000000
115482  48.102  -4.780  54.014 0.0000000000
115483  47.941  -4.791  53.971 0.0000000000
115496  49.089  -4.182  53.135 0.0000000000
115547  46.866  -4.661  51.641 0.0000000000
115557  47.360  -4.240  50.949 0.0000000000
115590  47.091  -4.286  49.215 0.0000000000
115606  47.064  -4.634  48.575 0.0000000000
115607  46.796  -4.580  48.960 0.0000000000
115619  52.338  -3.282  47.438 0.0000000000
115621  48.092  -4.083  47.969 0.0000000000
115622  47.598  -4.480  48.293 0.0000000000
115635  53.336  -3.677  45.796 0.0000000000
116677  49.438  -3.862  52.522 0.0000000000
116678  48.640  -3.899  53.202 0.0000000000
116679  48.055  -3.466  53.994 0.0000000000
116680  47.777  -3.353  54.155 0.0000000000
116681  47.773  -3.813  53.620 0.0000000000
116691  48.160  -3.728  53.831 0.0000000000
116707  47.817  -3.898  52.073 0.0000000000
116708  47.579  -4.261  52.556 0.0000000000
116723  47.695  -3.959  51.300 0.0000000000
116765  48.041  -3.446  49.616 0.0000000000
116766  47.530  -3.909  49.423 0.0000000000
116775  52.418  -2.688  47.482 0.0000000000
116808  53.916  -3.031  45.164 0.0000000000
116829  54.826  -2.609  44.905 0.0000000000
116836  51.248  -3.333  44.333 0.0000000000
117820  49.246  -3.396  51.892 0.0000000000
117821  49.078  -3.424  52.090 0.0000000000
117823  48.074  -3.924  52.793 0.0000000000
117835  50.082  -2.785  51.261 0.0000000000
117838  48.602  -3.292  51.593 0.0000000000
117852  48.491  -3.163  51.055 0.0000000000
117895  49.370  -2.213  48.920 0.0000000000
117897  48.624  -3.078  49.836 0.0000000000
117922  53.186  -2.646  45.898 0.0000000000
117923  52.831  -2.967  46.811 0.0000000000
117924  50.016  -2.240  47.527 0.0000000000
117926  49.064  -2.773  48.041 0.0000000000
117953  54.544  -2.492  45.133 0.0000000000
117954  54.265  -1.845  45.117 0.0000000000
117957  50.546  -2.625  46.307 0.0000000000
118963  49.753  -2.014  51.483 0.0000000000
118964  49.145  -2.741  51.361 0.0000000000
118974  51.332  -1.579  51.336 0.0000000000
118976  50.206  -1.577  51.701 0.0000000000
118989  50.448  -1.229  50.696 0.0000000000
118991  49.435  -2.380  51.041 0.0000000000
119007  49.284  -2.346  50.727 0.0000000000
119053  54.238  -1.083  45.730 0.0000000000
119056  51.640  -1.484  46.899 0.0000000000
119057  51.431  -1.309  47.551 0.0000000000
119059  49.749  -2.120  47.978 0.0000000000
120170  51.626  -1.123  48.966 0.0000000000
120217  54.353  -0.683  46.036 0.0000000000
120257  54.234  -1.646  42.722 0.0000000000
120261  52.804  -1.544  42.855 0.0000000000
120299  52.270  -0.928  40.489 0.0000000000
120322  55.751  -0.138  38.250 0.0000000000
121424  55.327  -0.907  44.167 0.0000000000
121472  52.673  -0.791  41.200 0.0000000000
121490  55.852  0.023  38.090 0.0000000000
121499  55.647  0.246  37.902 0.0000000000
122745  54.932  0.253  40.706 0.0000000000
122764  54.885  0.326  39.428 0.0000000000
190679  52.969  -2.068  45.855 0.0000000000
190822  46.320  -4.918  49.054 0.0000000000
190857  40.386  -21.554  61.311 0.0000000000
191128  52.161  -2.015  46.018 0.0000000000
191539  48.865  -2.739  50.640 0.0000000000
192197  36.643  -22.625  58.975 0.0000000000
192948  47.766  -9.290  55.649 0.0000000000
195559  46.704  -4.643  50.052 0.0000000000
196928  43.545  -7.661  48.308 0.0000000000
197922  47.879  -3.740  50.949 0.0000000000
197958  43.040  -19.376  60.231 0.0000000000
198174  44.946  -18.625  56.584 0.0000000000
198880  36.658  -25.604  61.438 0.0000000000
199010  48.019  -9.821  55.942 0.0000000000
199011  47.571  -10.426  56.363 0.0000000000
199898  47.211  -14.622  56.516 0.0000000000
200122  47.153  -14.228  56.749 0.0000000000
202769  49.090  -3.850  52.927 0.0000000000
203409  30.945  -27.143  63.849 0.0000000000
203420  42.003  -20.207  60.874 0.0000000000
203586  45.311  -16.518  57.886 0.0000000000
205014  47.821  -11.967  54.924 0.0000000000
205644  44.074  -9.519  50.847 0.0000000000
207769  45.115  -11.206  55.404 0.0000000000
208632  46.700  -7.549  55.725 0.0000000000
210256  44.250  -18.096  58.636 0.0000000000
210349  42.389  -20.014  60.629 0.0000000000
210782  42.954  -18.050  59.255 0.0000000000
211145  43.940  -7.257  48.547 0.0000000000
211238  33.089  -25.594  64.070 0.0000000000
212047  45.924  -13.579  56.852 0.0000000000
215212  37.589  -22.788  61.102 0.0000000000
215344  48.241  -6.967  55.055 0.0000000000
215381  49.817  -1.472  50.713 0.0000000000
216160  32.936  -25.044  62.363 0.0000000000
216362  48.702  -3.546  52.489 0.0000000000
218083  47.164  -5.214  47.686 0.0000000000
218933  45.432  -13.935  56.368 0.0000000000
222149  45.068  -11.310  54.806 0.0000000000
222508  46.888  -13.305  56.563 0.0000000000
223118  42.923  -20.577  59.489 0.0000000000
223407  45.545  -16.095  57.852 0.0000000000
223600  38.810  -23.697  60.629 0.0000000000
223877  42.250  -17.183  54.744 0.0000000000
224706  52.023  -1.350  49.900 0.0000000000
224949  48.474  -3.592  48.023 0.0000000000
225087  33.335  -24.520  59.824 0.0000000000
225736  40.662  -21.375  61.082 0.0000000000
226016  45.531  -6.359  47.221 0.0000000000
226113  43.619  -18.133  58.739 0.0000000000
226232  44.990  -16.009  57.849 0.0000000000
227178  45.511  -5.929  48.963 0.0000000000
227907  33.738  -25.443  64.023 0.0000000000
