#!ascii label  , from subject sub-01_ses-011 vox2ras=TkReg
489
53002  20.356  -43.073  63.167 0.0000000000
72823  37.499  -30.211  59.275 0.0000000000
76641  43.059  -27.945  61.673 0.0000000000
64728  31.627  -34.792  63.588 0.0000000000
58977  20.820  -40.111  57.796 0.0000000000
229446  21.334  -41.898  59.089 0.0000000000
74067  39.815  -29.324  61.020 0.0000000000
71499  37.340  -31.069  62.638 0.0000000000
64771  29.146  -34.301  61.864 0.0000000000
61358  24.628  -38.179  60.047 0.0000000000
207221  48.495  -16.415  57.708 0.0000000000
83461  43.407  -22.894  59.449 0.0000000000
211991  30.473  -31.216  60.293 0.0000000000
70252  34.008  -31.632  61.857 0.0000000000
55407  20.398  -41.879  60.006 0.0000000000
228747  20.846  -42.864  61.325 0.0000000000
72814  38.915  -29.876  60.424 0.0000000000
71505  38.795  -30.501  62.371 0.0000000000
71514  36.961  -30.893  61.203 0.0000000000
61306  29.154  -37.846  62.849 0.0000000000
59012  22.279  -39.942  57.220 0.0000000000
60258  23.512  -38.643  58.416 0.0000000000
59011  24.584  -39.116  59.463 0.0000000000
93991  47.631  -16.998  57.189 0.0000000000
91371  47.558  -18.510  58.370 0.0000000000
201337  46.310  -19.645  58.335 0.0000000000
77981  43.157  -27.368  59.979 0.0000000000
80594  44.441  -24.733  58.254 0.0000000000
205938  44.571  -26.077  59.982 0.0000000000
81878  44.822  -24.115  60.672 0.0000000000
76653  44.109  -27.301  61.612 0.0000000000
66120  30.049  -34.543  62.873 0.0000000000
67538  29.909  -33.092  61.268 0.0000000000
67521  31.528  -33.045  61.756 0.0000000000
202937  32.735  -31.595  61.060 0.0000000000
67519  32.935  -32.845  62.138 0.0000000000
68816  34.420  -32.535  63.275 0.0000000000
66091  33.343  -34.880  64.480 0.0000000000
226878  21.104  -40.808  58.426 0.0000000000
76691  41.360  -27.851  59.350 0.0000000000
75337  41.130  -28.591  61.158 0.0000000000
72791  39.799  -30.049  62.776 0.0000000000
71489  38.343  -30.946  63.567 0.0000000000
62415  26.486  -36.912  60.674 0.0000000000
62383  28.184  -36.576  62.860 0.0000000000
63496  29.591  -36.314  63.873 0.0000000000
63493  30.997  -35.959  64.406 0.0000000000
63476  32.977  -36.030  65.142 0.0000000000
62447  25.233  -37.040  59.266 0.0000000000
60206  25.827  -38.519  60.769 0.0000000000
199516  50.203  -14.859  58.186 0.0000000000
89032  44.611  -20.509  57.996 0.0000000000
87769  43.510  -21.411  59.976 0.0000000000
201470  44.284  -22.612  61.820 0.0000000000
71525  35.516  -31.318  60.496 0.0000000000
70237  35.358  -31.538  62.609 0.0000000000
68801  35.578  -32.022  64.125 0.0000000000
51581  21.045  -43.518  63.092 0.0000000000
53018  20.823  -42.910  62.526 0.0000000000
53015  22.677  -42.986  61.968 0.0000000000
72822  38.042  -29.993  59.527 0.0000000000
71522  37.704  -30.561  60.639 0.0000000000
71523  37.079  -30.721  60.378 0.0000000000
59028  23.925  -39.220  58.642 0.0000000000
93992  47.210  -17.306  56.900 0.0000000000
91383  46.739  -18.596  57.467 0.0000000000
91384  46.055  -18.990  57.241 0.0000000000
76655  42.876  -27.782  61.062 0.0000000000
77992  44.086  -26.459  59.816 0.0000000000
77970  43.926  -27.073  60.934 0.0000000000
77979  44.458  -26.534  60.503 0.0000000000
223099  31.213  -34.432  63.029 0.0000000000
66130  30.426  -34.031  62.288 0.0000000000
67510  31.821  -33.444  62.350 0.0000000000
67520  32.275  -32.947  61.957 0.0000000000
67509  32.476  -33.616  62.633 0.0000000000
67508  33.240  -33.294  62.887 0.0000000000
66106  32.882  -34.329  63.549 0.0000000000
232014  20.034  -41.873  58.867 0.0000000000
236221  21.265  -41.534  58.949 0.0000000000
213014  20.993  -40.162  57.962 0.0000000000
74080  40.101  -29.014  59.861 0.0000000000
75380  40.850  -28.164  59.024 0.0000000000
75354  40.567  -28.610  60.162 0.0000000000
75353  41.073  -28.366  60.415 0.0000000000
74066  40.411  -29.033  61.260 0.0000000000
74065  40.878  -28.984  61.795 0.0000000000
74059  39.946  -29.376  61.537 0.0000000000
71506  37.984  -30.799  62.096 0.0000000000
222102  38.865  -30.661  63.097 0.0000000000
71490  37.431  -31.132  63.440 0.0000000000
71482  37.815  -31.126  64.103 0.0000000000
70210  37.139  -31.347  64.103 0.0000000000
61321  27.136  -37.625  62.134 0.0000000000
62399  27.323  -36.874  61.772 0.0000000000
61292  27.643  -37.798  62.670 0.0000000000
61271  29.312  -37.297  63.690 0.0000000000
63495  30.170  -36.442  64.167 0.0000000000
61371  24.248  -38.079  59.479 0.0000000000
229094  24.540  -37.722  59.491 0.0000000000
61370  24.851  -37.628  59.711 0.0000000000
231410  25.396  -37.815  60.420 0.0000000000
61341  25.312  -38.191  60.535 0.0000000000
96771  48.840  -15.358  56.906 0.0000000000
96750  49.323  -15.533  57.999 0.0000000000
207410  46.661  -19.526  59.291 0.0000000000
212409  43.666  -23.413  58.728 0.0000000000
84952  42.656  -22.674  58.046 0.0000000000
87784  42.902  -22.011  58.630 0.0000000000
89033  44.008  -20.770  57.760 0.0000000000
87782  44.136  -21.025  58.477 0.0000000000
87767  44.562  -20.953  59.065 0.0000000000
86417  43.080  -21.897  60.185 0.0000000000
80547  45.166  -24.887  61.598 0.0000000000
83419  44.171  -22.782  61.296 0.0000000000
64772  28.717  -34.628  61.430 0.0000000000
66148  29.086  -33.916  61.175 0.0000000000
68866  29.960  -32.033  60.607 0.0000000000
68867  29.538  -32.295  60.533 0.0000000000
70268  33.152  -31.655  61.495 0.0000000000
221355  32.905  -31.451  60.696 0.0000000000
231545  33.849  -31.433  60.916 0.0000000000
71526  34.824  -31.442  60.238 0.0000000000
70266  34.671  -31.478  61.409 0.0000000000
70250  35.578  -31.391  62.005 0.0000000000
200031  34.924  -31.554  62.224 0.0000000000
67496  34.808  -33.085  63.869 0.0000000000
68814  35.196  -31.946  63.524 0.0000000000
68802  35.248  -32.509  63.977 0.0000000000
68800  35.969  -32.230  64.660 0.0000000000
54246  20.466  -42.999  60.934 0.0000000000
55391  20.789  -42.892  60.030 0.0000000000
54275  21.218  -42.087  59.846 0.0000000000
53055  21.148  -43.528  61.104 0.0000000000
72813  39.384  -29.660  60.866 0.0000000000
72806  39.548  -29.714  61.398 0.0000000000
72807  39.037  -30.059  61.136 0.0000000000
71513  37.836  -30.744  61.350 0.0000000000
71507  37.203  -30.967  61.936 0.0000000000
58997  21.643  -39.931  57.670 0.0000000000
60240  22.107  -39.580  57.082 0.0000000000
59029  23.002  -39.678  57.723 0.0000000000
60239  24.046  -38.578  59.256 0.0000000000
60238  24.467  -38.642  59.874 0.0000000000
58975  25.166  -38.969  60.286 0.0000000000
57792  25.098  -39.271  59.984 0.0000000000
93990  48.010  -16.698  57.411 0.0000000000
93978  48.278  -16.984  57.874 0.0000000000
93979  48.010  -17.335  57.647 0.0000000000
91372  46.988  -18.800  58.135 0.0000000000
90190  46.320  -19.822  58.953 0.0000000000
78007  42.742  -27.108  58.811 0.0000000000
79279  43.838  -26.282  59.223 0.0000000000
234058  44.468  -25.419  59.308 0.0000000000
81895  44.440  -23.984  59.664 0.0000000000
84909  43.398  -22.649  60.309 0.0000000000
79266  44.919  -25.788  60.471 0.0000000000
79252  44.959  -26.146  61.091 0.0000000000
64749  29.608  -34.563  62.846 0.0000000000
66147  29.462  -33.615  61.455 0.0000000000
66146  29.763  -33.710  61.736 0.0000000000
67537  30.463  -32.918  61.363 0.0000000000
70270  31.164  -31.883  61.001 0.0000000000
239620  31.552  -31.696  60.859 0.0000000000
229363  31.797  -31.982  61.171 0.0000000000
68840  32.590  -32.378  61.773 0.0000000000
68838  33.787  -31.864  62.181 0.0000000000
70239  34.418  -31.713  62.324 0.0000000000
68827  33.517  -32.455  62.464 0.0000000000
67497  34.238  -33.215  63.599 0.0000000000
66104  34.440  -33.915  64.153 0.0000000000
237386  20.220  -41.927  59.615 0.0000000000
56602  20.518  -41.291  59.009 0.0000000000
238006  20.971  -39.996  58.243 0.0000000000
57808  21.690  -39.961  57.613 0.0000000000
57821  21.317  -40.042  57.392 0.0000000000
76690  41.898  -27.668  59.602 0.0000000000
76656  42.260  -27.990  60.852 0.0000000000
75336  41.858  -28.352  61.319 0.0000000000
74057  41.201  -29.009  62.359 0.0000000000
74045  40.867  -29.443  62.748 0.0000000000
72783  39.901  -30.126  63.468 0.0000000000
72792  39.386  -30.140  62.361 0.0000000000
71496  39.443  -30.423  63.265 0.0000000000
62429  26.315  -36.476  59.880 0.0000000000
62414  27.083  -36.480  61.029 0.0000000000
203368  27.736  -36.043  61.427 0.0000000000
63535  28.509  -35.766  62.527 0.0000000000
61291  28.321  -37.697  63.288 0.0000000000
63515  28.702  -36.201  63.210 0.0000000000
63534  29.023  -35.435  62.887 0.0000000000
64730  29.889  -35.004  63.276 0.0000000000
64716  30.650  -35.524  64.042 0.0000000000
64715  31.277  -35.519  64.255 0.0000000000
214314  31.814  -35.402  64.298 0.0000000000
63478  31.474  -36.092  64.498 0.0000000000
61356  25.824  -37.280  60.370 0.0000000000
61339  26.233  -37.741  61.068 0.0000000000
60189  26.941  -38.422  61.774 0.0000000000
58974  25.654  -38.819  60.445 0.0000000000
58957  26.707  -38.602  61.209 0.0000000000
99301  51.100  -14.253  57.927 0.0000000000
90210  45.485  -19.567  57.393 0.0000000000
236937  45.520  -19.936  57.906 0.0000000000
89018  45.177  -20.542  58.979 0.0000000000
89008  45.100  -20.599  59.834 0.0000000000
84900  43.146  -22.251  60.554 0.0000000000
84890  43.469  -22.091  60.996 0.0000000000
87756  43.915  -21.241  60.974 0.0000000000
67549  29.263  -32.879  60.605 0.0000000000
71541  35.470  -31.185  59.889 0.0000000000
240178  36.634  -30.854  59.986 0.0000000000
71515  36.142  -31.189  61.440 0.0000000000
71508  36.435  -31.203  61.928 0.0000000000
70249  36.041  -31.431  62.533 0.0000000000
70238  34.932  -31.676  62.594 0.0000000000
200818  35.781  -31.510  63.100 0.0000000000
70225  36.162  -31.498  63.623 0.0000000000
198972  36.519  -31.534  64.149 0.0000000000
64699  33.069  -35.603  65.007 0.0000000000
211173  33.653  -35.452  65.291 0.0000000000
51596  20.897  -42.978  62.656 0.0000000000
224204  20.511  -43.401  63.070 0.0000000000
51595  21.150  -43.264  62.281 0.0000000000
71538  37.593  -30.308  59.948 0.0000000000
71539  37.057  -30.524  59.669 0.0000000000
92672  47.016  -17.979  57.122 0.0000000000
92673  46.475  -18.328  56.807 0.0000000000
76670  43.315  -27.421  60.655 0.0000000000
76654  43.488  -27.545  61.308 0.0000000000
66118  31.760  -34.097  62.826 0.0000000000
66117  32.244  -34.420  63.185 0.0000000000
55405  21.009  -41.906  60.342 0.0000000000
55406  21.028  -41.809  59.656 0.0000000000
74072  40.197  -29.025  60.584 0.0000000000
75338  40.651  -28.682  60.743 0.0000000000
71498  38.151  -30.869  62.875 0.0000000000
60173  27.167  -38.102  62.156 0.0000000000
61357  24.989  -37.962  60.211 0.0000000000
60221  24.939  -38.384  60.435 0.0000000000
96761  48.659  -15.837  57.239 0.0000000000
201368  49.234  -15.029  56.886 0.0000000000
96760  49.078  -15.496  57.450 0.0000000000
98038  49.309  -15.141  57.270 0.0000000000
95436  48.945  -15.941  57.872 0.0000000000
84927  43.021  -22.495  59.191 0.0000000000
86437  43.013  -22.217  59.268 0.0000000000
87783  43.366  -21.546  58.741 0.0000000000
211806  43.221  -21.771  59.506 0.0000000000
238407  43.016  -22.083  59.768 0.0000000000
80534  45.208  -25.110  62.144 0.0000000000
81850  45.027  -24.234  62.060 0.0000000000
70271  30.521  -31.835  60.671 0.0000000000
70297  29.882  -31.027  59.959 0.0000000000
70267  33.674  -31.522  61.450 0.0000000000
203231  34.145  -31.523  61.436 0.0000000000
70251  34.480  -31.560  61.878 0.0000000000
67487  35.279  -33.299  64.476 0.0000000000
54232  20.836  -43.056  61.557 0.0000000000
54233  20.875  -43.053  61.120 0.0000000000
229867  20.896  -42.932  60.417 0.0000000000
53042  21.573  -42.914  61.492 0.0000000000
72821  38.618  -29.790  59.759 0.0000000000
74082  38.965  -29.407  59.341 0.0000000000
74074  39.134  -29.593  59.891 0.0000000000
58996  24.792  -39.080  60.091 0.0000000000
94004  47.421  -16.729  56.685 0.0000000000
95446  47.753  -16.528  56.972 0.0000000000
95445  48.147  -16.159  56.984 0.0000000000
92671  47.563  -17.659  57.389 0.0000000000
90199  46.484  -19.178  57.923 0.0000000000
90189  46.739  -19.320  58.644 0.0000000000
77994  42.949  -27.220  59.348 0.0000000000
78006  43.329  -26.726  58.832 0.0000000000
77993  43.512  -26.849  59.568 0.0000000000
79278  44.354  -25.930  59.490 0.0000000000
80577  44.599  -24.748  59.450 0.0000000000
80561  44.775  -25.371  59.848 0.0000000000
80576  44.798  -24.423  60.072 0.0000000000
77969  44.535  -26.755  61.293 0.0000000000
77968  45.005  -26.378  61.752 0.0000000000
77953  44.600  -26.923  61.992 0.0000000000
66131  29.879  -34.116  62.269 0.0000000000
67522  30.794  -33.382  61.780 0.0000000000
67536  31.008  -32.828  61.405 0.0000000000
68854  30.777  -32.343  61.133 0.0000000000
68853  31.409  -32.414  61.278 0.0000000000
68839  33.120  -32.075  61.958 0.0000000000
66105  33.739  -33.893  63.724 0.0000000000
200536  33.834  -32.837  63.119 0.0000000000
55408  19.833  -42.813  60.297 0.0000000000
56601  20.851  -41.474  58.551 0.0000000000
57777  20.968  -40.864  58.354 0.0000000000
57794  20.840  -40.172  57.913 0.0000000000
75368  40.953  -28.230  59.715 0.0000000000
76707  41.768  -27.596  58.948 0.0000000000
75352  41.641  -28.174  60.656 0.0000000000
75315  41.477  -28.645  61.870 0.0000000000
72798  40.342  -29.673  62.439 0.0000000000
224248  40.739  -29.320  62.225 0.0000000000
72790  40.371  -29.800  63.109 0.0000000000
72800  39.213  -30.125  61.802 0.0000000000
71497  39.269  -30.347  62.778 0.0000000000
71488  39.032  -30.675  63.717 0.0000000000
63569  26.922  -36.142  60.190 0.0000000000
205138  27.625  -37.022  62.473 0.0000000000
234470  27.655  -36.540  61.970 0.0000000000
228051  28.013  -36.225  62.171 0.0000000000
63552  28.352  -35.447  61.756 0.0000000000
238760  28.412  -37.895  63.148 0.0000000000
61290  28.845  -37.823  63.437 0.0000000000
62343  29.295  -36.931  63.809 0.0000000000
62363  28.991  -36.669  63.707 0.0000000000
63514  29.164  -35.957  63.466 0.0000000000
63513  29.530  -35.346  63.284 0.0000000000
63494  30.614  -36.170  64.279 0.0000000000
64717  30.076  -35.692  63.877 0.0000000000
64729  30.914  -34.890  63.605 0.0000000000
60259  22.768  -38.760  57.493 0.0000000000
62448  24.792  -37.170  59.010 0.0000000000
62430  25.726  -36.775  59.559 0.0000000000
61340  25.794  -37.969  60.744 0.0000000000
61323  26.190  -38.269  61.103 0.0000000000
61322  26.716  -38.088  61.571 0.0000000000
98023  50.388  -14.612  57.674 0.0000000000
98014  50.778  -14.577  58.451 0.0000000000
92645  48.300  -17.558  58.335 0.0000000000
80600  44.293  -24.531  57.686 0.0000000000
83503  43.547  -23.791  57.391 0.0000000000
81923  44.059  -24.084  57.640 0.0000000000
89049  44.388  -20.205  57.422 0.0000000000
89048  45.059  -20.093  57.602 0.0000000000
91385  45.371  -19.059  56.853 0.0000000000
89031  45.173  -20.308  58.238 0.0000000000
234983  44.827  -20.819  59.400 0.0000000000
87768  44.346  -21.056  59.746 0.0000000000
81879  44.482  -23.675  60.374 0.0000000000
220602  44.101  -23.047  60.674 0.0000000000
84889  43.892  -22.293  61.380 0.0000000000
86405  43.541  -21.702  61.056 0.0000000000
86395  43.775  -21.898  61.436 0.0000000000
66160  29.271  -33.339  61.003 0.0000000000
67539  29.565  -32.964  60.945 0.0000000000
70269  32.104  -31.734  60.949 0.0000000000
71528  33.386  -31.450  60.454 0.0000000000
71517  34.929  -31.489  60.885 0.0000000000
71540  36.086  -31.030  59.936 0.0000000000
71524  36.297  -31.095  60.674 0.0000000000
68826  34.130  -32.179  62.683 0.0000000000
68825  34.769  -31.983  62.922 0.0000000000
70226  35.624  -31.678  63.596 0.0000000000
70212  35.981  -31.723  64.191 0.0000000000
64700  32.355  -35.694  64.692 0.0000000000
53017  20.964  -43.160  62.241 0.0000000000
54231  20.893  -42.907  62.088 0.0000000000
53031  21.945  -42.999  62.039 0.0000000000
53016  21.964  -42.890  62.088 0.0000000000
51594  21.944  -43.297  62.018 0.0000000000
72815  38.211  -30.141  60.177 0.0000000000
203268  22.686  -39.871  57.403 0.0000000000
57807  24.448  -39.478  58.826 0.0000000000
90200  45.971  -19.571  57.878 0.0000000000
76671  42.696  -27.662  60.427 0.0000000000
77980  43.723  -26.942  60.250 0.0000000000
66119  30.639  -34.490  62.906 0.0000000000
66129  31.172  -33.859  62.397 0.0000000000
56612  21.139  -40.895  58.381 0.0000000000
75370  40.015  -28.880  59.137 0.0000000000
75369  40.476  -28.538  59.432 0.0000000000
76673  41.474  -27.951  60.014 0.0000000000
74058  40.339  -29.344  61.883 0.0000000000
72799  39.799  -29.761  62.030 0.0000000000
62400  26.772  -37.348  61.447 0.0000000000
62342  29.876  -36.880  63.980 0.0000000000
62341  30.661  -36.637  64.158 0.0000000000
61372  23.757  -37.962  58.848 0.0000000000
61383  24.253  -37.372  58.821 0.0000000000
201485  25.262  -37.379  59.981 0.0000000000
98037  49.738  -14.875  57.167 0.0000000000
98024  49.806  -14.975  57.668 0.0000000000
96749  49.743  -15.226  58.311 0.0000000000
229481  47.142  -18.880  58.700 0.0000000000
81922  44.237  -24.051  58.264 0.0000000000
203559  43.651  -23.605  58.033 0.0000000000
84951  43.139  -22.886  58.553 0.0000000000
84928  42.663  -22.378  58.552 0.0000000000
87801  42.881  -21.469  58.050 0.0000000000
87800  43.523  -21.172  58.100 0.0000000000
89019  44.734  -20.638  58.557 0.0000000000
206525  43.876  -21.341  59.250 0.0000000000
81866  45.006  -24.314  61.243 0.0000000000
81867  44.560  -23.487  61.145 0.0000000000
83401  44.800  -23.687  61.743 0.0000000000
63567  28.211  -35.130  60.824 0.0000000000
68856  29.835  -32.551  60.857 0.0000000000
70288  29.634  -31.598  60.277 0.0000000000
70283  33.291  -31.458  61.040 0.0000000000
71527  34.091  -31.506  60.382 0.0000000000
70282  34.370  -31.507  60.910 0.0000000000
71516  35.441  -31.362  61.273 0.0000000000
70265  34.978  -31.449  61.801 0.0000000000
68815  34.876  -32.346  63.493 0.0000000000
221963  35.608  -32.659  64.568 0.0000000000
54260  19.597  -42.835  60.701 0.0000000000
54247  19.965  -43.174  61.195 0.0000000000
54259  20.454  -42.736  60.255 0.0000000000
54258  20.943  -42.933  60.161 0.0000000000
53030  22.989  -43.100  61.844 0.0000000000
74081  39.549  -29.249  59.578 0.0000000000
74073  39.576  -29.402  60.328 0.0000000000
71512  38.591  -30.569  61.550 0.0000000000
72808  38.416  -30.406  60.839 0.0000000000
60153  28.011  -38.027  62.803 0.0000000000
60222  21.431  -39.988  57.058 0.0000000000
58976  24.830  -38.690  60.305 0.0000000000
57776  25.466  -39.110  60.142 0.0000000000
92657  47.892  -17.981  57.981 0.0000000000
92658  47.316  -18.254  57.729 0.0000000000
89017  45.835  -20.265  59.333 0.0000000000
78025  43.428  -26.410  58.198 0.0000000000
79287  43.801  -26.086  58.586 0.0000000000
79293  44.217  -25.437  58.381 0.0000000000
79286  44.231  -25.758  58.952 0.0000000000
80587  44.424  -25.105  58.859 0.0000000000
81910  44.398  -24.376  58.914 0.0000000000
83460  44.025  -23.662  59.180 0.0000000000
83437  44.004  -23.263  59.965 0.0000000000
80560  45.013  -24.861  60.538 0.0000000000
79265  45.116  -25.329  61.077 0.0000000000
79251  45.198  -25.681  61.632 0.0000000000
64750  29.267  -34.713  62.603 0.0000000000
66132  29.499  -34.170  62.152 0.0000000000
67523  30.179  -33.545  61.743 0.0000000000
68855  30.209  -32.419  61.003 0.0000000000
70286  31.095  -31.401  60.546 0.0000000000
68841  32.065  -32.464  61.473 0.0000000000
68852  32.501  -31.914  61.455 0.0000000000
70253  33.558  -31.688  61.818 0.0000000000
57778  19.976  -41.325  58.136 0.0000000000
76706  42.354  -27.432  59.173 0.0000000000
76689  42.527  -27.560  59.786 0.0000000000
76672  42.052  -27.803  60.233 0.0000000000
75335  42.489  -28.166  61.463 0.0000000000
75314  42.122  -28.405  61.978 0.0000000000
75294  41.777  -28.659  62.527 0.0000000000
63586  26.725  -35.784  59.465 0.0000000000
63568  27.518  -35.735  60.528 0.0000000000
64751  28.850  -34.997  62.181 0.0000000000
62365  27.997  -37.267  63.032 0.0000000000
61272  28.808  -37.355  63.778 0.0000000000
62364  28.468  -37.005  63.435 0.0000000000
205785  30.300  -34.997  63.459 0.0000000000
64701  31.779  -35.873  64.567 0.0000000000
63477  32.255  -36.083  64.637 0.0000000000
62318  31.594  -36.220  64.412 0.0000000000
60241  21.311  -39.654  56.891 0.0000000000
61384  23.268  -37.876  57.978 0.0000000000
63587  26.217  -36.135  59.134 0.0000000000
60207  25.288  -38.656  60.493 0.0000000000
58958  26.110  -38.648  60.798 0.0000000000
60190  26.432  -38.470  61.193 0.0000000000
99300  51.685  -13.988  58.092 0.0000000000
89030  45.825  -20.073  58.493 0.0000000000
84899  43.536  -22.496  60.901 0.0000000000
86406  43.284  -21.886  60.669 0.0000000000
87757  43.422  -21.547  60.592 0.0000000000
207424  43.908  -21.240  60.353 0.0000000000
88999  44.484  -20.890  60.449 0.0000000000
214663  44.500  -20.750  61.028 0.0000000000
71554  36.905  -30.345  59.061 0.0000000000
66161  28.974  -33.484  60.578 0.0000000000
71542  34.453  -31.486  59.758 0.0000000000
205140  35.871  -30.925  59.335 0.0000000000
224051  36.492  -30.703  59.451 0.0000000000
71500  36.722  -31.270  62.420 0.0000000000
70236  36.594  -31.346  63.070 0.0000000000
70227  35.246  -31.653  63.049 0.0000000000
70224  36.760  -31.379  63.664 0.0000000000
212483  36.918  -31.631  64.654 0.0000000000
70211  36.407  -31.874  64.691 0.0000000000
64714  32.239  -34.921  64.003 0.0000000000
64713  32.727  -35.105  64.449 0.0000000000
66090  34.020  -34.703  64.691 0.0000000000
50074  22.341  -43.624  63.183 0.0000000000
79294  43.723  -25.717  57.902 0.0000000000
80595  44.232  -25.067  57.873 0.0000000000
84910  43.028  -22.365  59.910 0.0000000000
98025  49.440  -15.262  57.685 0.0000000000
237631  43.125  -21.945  59.055 0.0000000000
