#!ascii label  , from subject sub-03_ses-005 vox2ras=TkReg
2159
28024  41.813  -73.079  14.316 0.3000000119
46695  42.535  -61.030  13.092 0.6000000238
52218  43.263  -57.441  13.428 0.6999999881
217851  43.113  -57.898  14.758 0.6999999881
28011  41.029  -73.041  15.351 0.4000000060
36721  37.878  -67.195  12.793 0.4000000060
29126  43.295  -72.073  15.092 0.5000000000
29133  43.248  -72.227  14.153 0.5000000000
46704  43.065  -61.531  12.842 0.6999999881
216609  42.261  -59.686  13.296 0.6999999881
48129  43.931  -60.347  12.702 0.5000000000
50880  45.474  -58.354  11.914 0.6000000238
52236  44.015  -57.779  13.091 0.6000000238
52235  44.894  -57.741  12.828 0.6999999881
52194  43.730  -58.039  15.074 0.6999999881
30286  41.524  -71.084  16.649 0.5000000000
35395  38.169  -67.555  12.757 0.4000000060
30302  42.726  -71.406  16.058 0.6000000238
41007  39.626  -64.710  12.188 0.4000000060
42428  40.478  -63.877  12.465 0.5000000000
31613  41.844  -69.886  15.492 0.6000000238
43859  40.629  -63.201  12.814 0.6000000238
45257  42.243  -62.622  12.711 0.6000000238
208612  42.827  -70.299  15.580 0.6000000238
219101  43.609  -62.000  12.819 0.6000000238
49552  44.946  -59.490  12.200 0.6000000238
49551  45.786  -59.016  11.970 0.6000000238
52246  47.673  -58.532  13.120 0.6999999881
50864  45.806  -58.054  12.317 0.6999999881
52232  46.927  -58.264  13.151 0.6999999881
52215  46.143  -58.110  13.472 0.6999999881
53662  44.615  -57.747  15.863 0.6999999881
52213  47.599  -58.084  13.790 0.6999999881
52200  46.675  -58.062  14.331 0.6999999881
53660  45.977  -57.263  15.673 0.6999999881
53682  48.114  -57.505  14.272 0.6999999881
30287  40.381  -70.740  16.812 0.5000000000
31598  38.808  -69.447  15.646 0.5000000000
32846  37.619  -68.804  14.548 0.5000000000
39634  39.441  -65.903  12.078 0.4000000060
31595  41.337  -70.085  15.863 0.5000000000
42439  41.432  -64.219  12.441 0.5000000000
225701  42.717  -62.899  12.739 0.6000000238
32842  42.312  -69.559  15.012 0.6000000238
31623  41.238  -69.041  15.161 0.5000000000
34111  39.876  -68.523  15.336 0.5000000000
224456  44.959  -61.393  12.822 0.6999999881
245818  45.644  -60.237  12.519 0.6000000238
237154  44.290  -60.891  12.705 0.6999999881
225598  47.903  -59.786  12.757 0.6000000238
48126  46.637  -59.894  12.700 0.6000000238
49546  49.317  -59.366  12.849 0.6000000238
50878  46.706  -58.665  12.526 0.6000000238
50861  50.021  -58.417  12.854 0.6000000238
52230  48.592  -58.129  13.641 0.6999999881
211460  44.897  -57.113  16.265 0.6999999881
52229  49.885  -57.826  12.852 0.6000000238
55080  47.406  -56.962  15.209 0.6999999881
55071  46.127  -56.502  15.879 0.6999999881
53690  49.014  -57.635  13.735 0.6999999881
38141  39.334  -66.312  12.162 0.4000000060
31597  39.772  -69.605  15.758 0.5000000000
34134  38.093  -68.085  13.991 0.4000000060
39629  40.913  -65.274  12.477 0.5000000000
42438  42.595  -63.813  12.700 0.6000000238
210643  38.973  -68.739  15.204 0.4000000060
45256  44.163  -62.456  12.959 0.6000000238
34127  39.758  -68.825  15.263 0.4000000060
222504  38.875  -66.781  14.116 0.4000000060
35376  38.662  -67.686  14.941 0.4000000060
39611  38.933  -65.918  14.802 0.4000000060
45253  46.019  -62.110  13.039 0.6999999881
224491  46.479  -61.315  12.985 0.6000000238
46701  47.714  -60.797  12.978 0.6000000238
222478  49.818  -59.977  13.174 0.6000000238
231383  48.861  -60.580  12.934 0.6000000238
49545  50.161  -59.206  13.111 0.6000000238
56405  45.606  -56.027  16.120 0.6999999881
56424  47.295  -56.179  15.399 0.6999999881
53680  49.272  -56.865  13.628 0.6000000238
55078  48.363  -56.400  14.588 0.6000000238
38137  39.179  -67.010  13.006 0.4000000060
236432  40.679  -65.597  12.567 0.4000000060
43868  45.036  -62.915  13.130 0.6999999881
39622  39.841  -65.825  13.363 0.4000000060
212167  46.412  -62.872  13.280 0.8000000119
35353  38.751  -66.717  15.516 0.5000000000
45252  46.880  -62.063  13.024 0.6999999881
224492  48.145  -61.466  12.879 0.6000000238
48122  50.411  -60.673  13.049 0.5000000000
230371  49.013  -61.315  13.047 0.6000000238
214031  44.663  -55.156  16.701 0.6999999881
53692  53.104  -57.329  12.464 0.6000000238
52243  51.365  -58.235  13.036 0.6000000238
56415  46.182  -55.714  15.827 0.8000000119
57729  45.161  -54.792  16.274 0.8000000119
53687  52.111  -57.041  12.862 0.6000000238
53689  50.133  -56.941  13.025 0.6000000238
41005  42.167  -64.325  12.919 0.5000000000
41017  42.452  -64.122  12.750 0.6000000238
40992  41.415  -64.648  13.493 0.5000000000
40964  41.527  -64.080  14.950 0.6999999881
40994  40.075  -65.094  13.945 0.4000000060
43863  48.388  -62.900  12.954 0.6999999881
45250  48.699  -62.174  12.949 0.6999999881
48116  51.212  -60.976  12.969 0.6000000238
45249  50.644  -61.931  12.790 0.6000000238
49537  52.247  -59.940  13.082 0.6000000238
57730  44.611  -54.470  16.579 0.6000000238
50872  52.515  -58.710  12.685 0.6000000238
218737  47.401  -55.305  15.135 0.6999999881
57736  46.233  -54.977  15.531 0.6999999881
55085  51.961  -56.519  13.048 0.6999999881
220606  50.585  -55.784  13.064 0.6999999881
56422  48.320  -55.674  14.569 0.6999999881
39628  44.774  -64.107  13.638 0.5000000000
41002  44.814  -63.883  13.462 0.6000000238
238238  45.594  -63.713  13.478 0.6000000238
234484  44.865  -64.303  15.088 0.6999999881
209905  43.067  -63.927  14.078 0.6000000238
42434  46.735  -63.065  13.408 0.6999999881
40963  42.498  -63.768  15.359 0.6999999881
240600  40.170  -64.178  15.623 0.6999999881
42432  48.081  -63.417  13.248 0.6999999881
43857  49.674  -63.565  12.787 0.6999999881
45242  51.709  -61.982  13.535 0.5000000000
45244  50.542  -62.657  12.846 0.6000000238
60369  42.762  -53.151  17.604 0.5000000000
48109  53.173  -60.045  13.670 0.6000000238
48114  52.528  -60.556  13.545 0.6000000238
60381  44.250  -53.223  16.316 0.6000000238
61731  43.304  -52.636  16.684 0.5000000000
52225  53.823  -57.928  12.753 0.6000000238
49535  53.243  -59.395  13.318 0.6000000238
59033  47.519  -54.596  14.729 0.6000000238
60393  45.123  -52.955  15.432 0.5000000000
61747  44.789  -52.329  15.097 0.5000000000
55081  54.371  -56.383  12.790 0.6999999881
55084  53.624  -56.439  12.677 0.6999999881
211029  51.759  -54.901  13.009 0.6999999881
57747  49.157  -54.892  13.877 0.6999999881
59040  47.757  -53.924  14.260 0.5000000000
56428  53.076  -55.642  13.193 0.6999999881
57753  50.406  -54.368  13.180 0.6000000238
210886  47.497  -63.889  13.747 0.6000000238
241527  45.563  -64.246  14.391 0.6999999881
39615  46.360  -64.065  14.055 0.6000000238
42402  45.771  -63.879  15.673 0.6999999881
40998  48.799  -64.340  13.265 0.6999999881
43850  51.323  -63.355  13.887 0.6999999881
42421  50.368  -64.331  13.606 0.6999999881
45237  51.885  -62.184  14.094 0.6000000238
61733  42.270  -52.170  17.329 0.4000000060
46680  52.387  -61.342  14.491 0.5000000000
63271  43.517  -51.718  15.448 0.4000000060
53670  53.573  -57.124  14.249 0.6000000238
50851  53.573  -58.657  13.894 0.6000000238
60398  46.772  -53.313  14.486 0.5000000000
60399  46.125  -53.152  14.745 0.5000000000
59038  49.248  -54.126  13.683 0.5000000000
60411  47.570  -52.731  13.637 0.4000000060
221895  53.639  -55.464  13.614 0.6000000238
59041  52.762  -54.223  13.202 0.6999999881
57752  51.151  -54.361  13.083 0.6000000238
224029  50.857  -53.201  13.186 0.5000000000
40958  46.687  -64.634  15.197 0.6000000238
229792  47.865  -64.848  14.737 0.6999999881
208410  48.078  -64.535  13.592 0.6999999881
42388  45.524  -63.314  15.771 0.6999999881
231658  46.774  -63.734  16.143 0.6999999881
40972  49.923  -64.440  14.207 0.6000000238
42412  50.671  -63.892  14.253 0.6000000238
48095  52.554  -60.537  15.568 0.6000000238
46674  52.286  -61.701  15.100 0.5000000000
48102  52.893  -60.341  14.869 0.6000000238
53671  53.057  -57.597  14.954 0.6000000238
50848  52.908  -59.155  15.223 0.6000000238
60405  46.543  -52.809  14.239 0.4000000060
215453  45.073  -51.968  14.537 0.5000000000
63277  44.402  -51.782  14.717 0.4000000060
55076  53.190  -55.898  14.458 0.6000000238
63284  45.933  -51.876  13.676 0.4000000060
57741  52.983  -54.473  14.193 0.6000000238
60401  52.113  -53.375  13.621 0.5000000000
42400  47.904  -64.242  15.903 0.6999999881
40955  48.949  -64.342  15.089 0.6000000238
43816  46.711  -62.937  16.257 0.6999999881
42384  48.958  -63.457  16.153 0.6000000238
42397  50.042  -63.825  15.455 0.6000000238
45212  45.592  -62.080  16.133 0.6999999881
43811  50.868  -62.828  16.230 0.5000000000
50840  51.461  -59.185  16.219 0.6000000238
48085  51.592  -60.514  16.452 0.6000000238
218951  52.226  -59.155  15.778 0.6000000238
52188  52.520  -58.296  15.531 0.5000000000
55067  52.429  -56.853  15.364 0.6000000238
222204  52.414  -54.886  14.806 0.6000000238
59031  52.180  -53.619  14.225 0.5000000000
45209  47.773  -62.028  16.658 0.6999999881
45208  48.809  -62.449  17.185 0.6999999881
45206  50.490  -62.261  16.819 0.6000000238
46650  50.463  -60.625  16.977 0.5000000000
50842  50.275  -58.586  16.570 0.6000000238
48087  50.542  -59.886  16.854 0.6000000238
53657  50.700  -57.434  15.945 0.6000000238
55069  51.153  -56.170  15.671 0.6000000238
57743  51.736  -54.262  14.850 0.5000000000
230315  43.357  -67.449  15.017 0.5000000000
35338  40.300  -67.287  16.918 0.5000000000
214443  43.096  -67.308  16.268 0.5000000000
212301  41.449  -67.501  16.376 0.5000000000
39581  39.443  -65.436  17.214 0.6999999881
38108  40.430  -65.990  18.330 0.6999999881
36690  40.153  -66.868  17.408 0.5000000000
35326  41.614  -67.372  17.701 0.5000000000
40949  41.105  -63.994  16.182 0.6999999881
39580  39.994  -64.991  17.557 0.6999999881
42390  44.162  -63.450  15.725 0.6999999881
28031  42.355  -72.802  13.452 0.3000000119
52203  44.316  -58.104  14.521 0.6999999881
49539  43.640  -58.660  12.717 0.6000000238
52191  45.620  -57.874  15.176 0.6999999881
55065  44.167  -56.464  17.053 0.6999999881
39595  39.208  -65.132  15.064 0.6000000238
48121  51.492  -59.932  12.896 0.6000000238
56433  49.611  -55.492  13.657 0.6999999881
59017  45.043  -54.083  16.121 0.6000000238
57748  48.165  -54.523  14.287 0.6999999881
59028  45.958  -53.747  15.256 0.6000000238
56432  50.261  -55.139  13.275 0.6999999881
220240  43.856  -52.627  16.280 0.5000000000
61740  42.891  -52.187  16.609 0.5000000000
221785  49.872  -52.916  13.276 0.5000000000
43838  51.725  -62.850  15.201 0.5000000000
231195  48.010  -63.078  16.421 0.6999999881
45205  51.753  -62.066  16.155 0.5000000000
206925  51.267  -56.908  15.762 0.6000000238
56412  51.914  -55.681  15.334 0.6000000238
43812  50.053  -62.846  16.448 0.6000000238
52190  51.044  -58.037  16.020 0.6000000238
45197  49.133  -61.935  17.270 0.5000000000
242423  41.510  -66.211  18.803 0.6000000238
40912  45.204  -64.354  19.756 0.6000000238
40902  44.870  -64.129  20.309 0.4000000060
38083  43.587  -66.201  19.165 0.5000000000
39555  40.736  -65.393  18.599 0.6000000238
43852  39.227  -62.632  13.901 0.5000000000
42336  45.126  -63.966  20.910 0.4000000060
45246  41.613  -62.105  12.915 0.5000000000
46689  39.783  -61.102  14.038 0.5000000000
38082  44.382  -65.979  19.033 0.5000000000
212181  44.037  -63.629  21.934 0.4000000060
45239  40.145  -61.805  13.619 0.5000000000
48111  40.494  -60.080  13.925 0.5000000000
230795  44.152  -64.901  19.578 0.6000000238
48120  41.145  -60.381  13.508 0.5000000000
228831  41.931  -65.449  19.265 0.5000000000
40939  40.919  -64.185  17.662 0.6000000238
42294  42.376  -63.473  23.243 0.4000000060
210936  43.286  -63.746  23.675 0.4000000060
42339  42.927  -63.593  20.441 0.4000000060
49531  36.643  -58.813  14.517 0.5000000000
39540  42.951  -65.025  19.439 0.5000000000
241269  40.299  -59.090  13.981 0.5000000000
50853  39.037  -58.431  14.721 0.5000000000
39554  41.222  -64.818  18.785 0.6000000238
42373  41.825  -63.412  17.176 0.6000000238
42392  42.607  -63.559  16.249 0.6000000238
229231  43.216  -58.076  12.901 0.5000000000
52208  40.065  -57.726  14.556 0.5000000000
52197  39.273  -57.973  15.023 0.4000000060
42366  41.547  -63.368  18.266 0.5000000000
39541  42.319  -64.941  19.381 0.5000000000
43798  41.786  -63.030  17.684 0.6000000238
45200  42.846  -62.136  16.707 0.6000000238
43821  42.968  -62.969  16.471 0.6000000238
45213  44.552  -61.756  16.313 0.6000000238
43819  44.511  -62.794  15.898 0.6000000238
207748  42.229  -63.560  21.589 0.4000000060
42295  41.658  -63.528  22.846 0.4000000060
53676  41.340  -57.134  14.677 0.5000000000
53665  40.397  -57.294  15.058 0.5000000000
50835  38.914  -58.514  17.094 0.4000000060
210773  42.042  -57.075  13.646 0.6000000238
50844  38.715  -58.548  15.659 0.4000000060
43785  41.805  -62.879  19.501 0.6000000238
232334  42.091  -61.689  17.629 0.6000000238
46656  42.735  -61.422  16.954 0.6000000238
46667  43.852  -61.072  16.574 0.6000000238
42263  41.047  -63.059  24.655 0.4000000060
247635  41.058  -57.400  15.927 0.5000000000
53638  39.300  -57.639  17.357 0.4000000060
52157  38.465  -57.783  18.828 0.4000000060
43759  41.782  -63.070  20.593 0.6000000238
42324  42.292  -63.427  20.837 0.4000000060
45173  41.120  -61.694  19.349 0.6000000238
42349  42.648  -63.724  19.806 0.6000000238
43792  41.709  -62.831  18.756 0.5000000000
48068  42.539  -60.011  17.686 0.6000000238
46635  41.747  -61.125  18.287 0.5000000000
46665  45.360  -60.996  16.364 0.6000000238
42240  40.864  -63.234  25.325 0.4000000060
42296  40.965  -63.407  22.403 0.4000000060
53648  41.635  -57.461  16.475 0.6000000238
55057  39.837  -56.662  17.714 0.5000000000
53617  38.406  -57.158  19.150 0.5000000000
53605  37.927  -57.221  19.773 0.5000000000
43761  40.605  -62.684  21.087 0.4000000060
43748  41.050  -63.257  21.577 0.4000000060
45161  40.345  -61.627  20.377 0.5000000000
48059  41.137  -60.376  19.041 0.5000000000
49490  41.574  -59.853  18.790 0.5000000000
49515  43.585  -59.803  17.293 0.6000000238
48079  44.615  -60.034  16.885 0.6000000238
225889  46.744  -61.341  16.429 0.6000000238
43706  39.247  -62.638  24.463 0.4000000060
43704  40.561  -62.915  24.232 0.4000000060
213976  39.745  -62.742  24.971 0.4000000060
42241  40.336  -63.020  25.590 0.4000000060
53632  43.952  -57.044  16.902 0.6000000238
210826  38.957  -62.333  23.938 0.4000000060
43724  39.921  -62.844  23.616 0.4000000060
55044  40.142  -56.290  18.010 0.6000000238
55019  38.662  -56.078  19.361 0.5000000000
53591  37.744  -56.772  20.137 0.4000000060
45141  39.518  -62.021  21.953 0.4000000060
46624  40.416  -61.107  20.019 0.5000000000
49504  42.649  -59.436  18.202 0.5000000000
49501  44.593  -59.381  17.937 0.6000000238
244205  46.313  -60.466  16.675 0.6000000238
46653  47.836  -60.907  16.808 0.6000000238
45063  38.599  -62.075  26.466 0.4000000060
55040  43.073  -56.149  17.729 0.6000000238
55042  41.704  -56.401  18.118 0.6000000238
56375  39.700  -55.536  18.985 0.5000000000
214637  36.255  -55.220  21.174 0.5000000000
46565  38.481  -61.297  23.493 0.4000000060
46592  39.389  -61.430  21.816 0.4000000060
46611  39.831  -60.914  21.119 0.5000000000
49456  41.136  -59.429  20.200 0.5000000000
49500  45.353  -59.430  18.124 0.5000000000
43650  38.854  -62.508  27.114 0.4000000060
56372  41.919  -55.743  18.360 0.6000000238
57698  40.407  -54.739  19.240 0.5000000000
211829  38.371  -54.552  20.294 0.5000000000
49457  40.587  -59.881  20.466 0.5000000000
50807  42.263  -58.994  19.346 0.4000000060
50822  44.570  -58.937  19.202 0.4000000060
48067  46.423  -59.787  17.711 0.4000000060
48065  47.625  -60.100  17.664 0.6000000238
221568  49.785  -60.983  17.194 0.4000000060
45007  38.803  -61.769  28.207 0.4000000060
45064  38.158  -61.566  26.042 0.4000000060
56386  43.349  -55.479  17.730 0.6000000238
46550  38.008  -61.139  24.918 0.4000000060
225032  43.758  -54.365  17.241 0.5000000000
57697  41.009  -54.882  18.976 0.5000000000
58977  39.046  -54.353  19.930 0.5000000000
60294  37.275  -53.428  21.054 0.4000000060
58975  40.217  -53.850  19.545 0.4000000060
50778  40.715  -59.272  21.393 0.5000000000
50776  41.967  -58.668  21.211 0.5000000000
50787  42.905  -58.596  20.481 0.6000000238
49485  45.702  -59.327  18.871 0.4000000060
49498  46.728  -59.698  18.386 0.4000000060
236352  48.706  -60.040  17.389 0.4000000060
50785  44.927  -58.403  20.378 0.5000000000
214513  42.638  -53.773  17.971 0.5000000000
60344  41.269  -53.565  19.019 0.6000000238
60358  41.374  -52.967  18.696 0.4000000060
50828  47.658  -58.612  18.379 0.5000000000
48075  49.867  -60.162  17.104 0.5000000000
52115  44.039  -57.877  21.114 0.5000000000
50786  43.751  -58.333  20.822 0.5000000000
220871  45.764  -58.714  19.741 0.5000000000
50819  46.879  -58.805  19.177 0.5000000000
47930  37.911  -60.463  26.623 0.4000000060
55061  49.900  -56.391  16.105 0.5000000000
50843  49.591  -58.502  16.712 0.4000000060
50834  48.521  -58.630  17.382 0.5000000000
52143  45.636  -57.836  20.032 0.5000000000
53590  44.949  -57.480  20.787 0.5000000000
61726  41.296  -52.343  18.358 0.4000000060
206864  49.471  -56.829  16.453 0.4000000060
55052  48.264  -56.292  17.019 0.4000000060
216289  49.656  -57.469  16.428 0.5000000000
53642  49.005  -57.409  16.757 0.5000000000
52162  47.528  -57.807  18.213 0.5000000000
53622  47.903  -57.480  17.559 0.5000000000
52155  46.795  -57.990  19.246 0.5000000000
55016  45.802  -56.786  19.468 0.5000000000
55026  46.576  -56.777  18.577 0.4000000060
52238  42.176  -57.289  13.371 0.5000000000
52182  42.293  -57.772  15.888 0.6000000238
49541  42.092  -58.906  13.235 0.6000000238
231565  42.957  -57.728  16.376 0.6000000238
43860  39.972  -63.185  13.183 0.5000000000
59008  43.633  -53.763  17.132 0.5000000000
45198  48.647  -61.641  17.197 0.6000000238
48076  48.713  -60.655  17.259 0.4000000060
50857  39.897  -58.362  14.245 0.5000000000
50870  41.240  -58.276  13.503 0.5000000000
52221  40.937  -57.370  13.928 0.5000000000
52172  39.501  -57.796  16.572 0.4000000060
50829  38.731  -58.573  17.763 0.4000000060
43786  41.386  -62.372  19.723 0.6000000238
53636  40.482  -57.098  16.853 0.6000000238
53616  38.915  -57.027  18.185 0.4000000060
43736  39.605  -62.579  22.926 0.4000000060
53633  42.720  -56.906  17.529 0.6000000238
55055  40.862  -56.791  17.413 0.6000000238
55029  39.289  -56.100  18.530 0.5000000000
55004  37.238  -56.645  20.549 0.5000000000
52130  36.808  -58.488  20.389 0.5000000000
54987  37.102  -56.039  20.855 0.5000000000
56373  41.155  -55.521  18.689 0.5000000000
56348  37.982  -55.566  20.283 0.5000000000
57687  39.285  -54.885  19.636 0.5000000000
243145  43.475  -58.826  19.503 0.5000000000
57652  37.350  -54.919  20.897 0.5000000000
49439  39.744  -59.871  21.831 0.5000000000
218223  42.707  -54.448  18.028 0.6000000238
208889  47.839  -59.682  17.922 0.3000000119
55037  47.400  -56.534  17.754 0.4000000060
7941  36.737  -87.687  16.392 0.3000000119
9730  36.862  -86.168  15.147 0.3000000119
8826  37.348  -86.614  16.033 0.3000000119
13504  37.584  -83.493  13.407 0.3000000119
10663  37.309  -85.088  14.462 0.3000000119
12491  37.925  -83.953  13.972 0.3000000119
15625  36.560  -82.297  12.973 0.3000000119
15624  37.305  -82.116  13.290 0.3000000119
14507  39.781  -82.376  14.826 0.3000000119
14516  38.852  -82.572  14.002 0.3000000119
236011  37.321  -81.718  13.803 0.3000000119
15614  36.632  -81.939  13.619 0.3000000119
15606  38.968  -81.678  14.627 0.3000000119
241257  36.893  -81.565  17.000 0.3000000119
16710  37.944  -81.213  15.778 0.3000000119
240427  36.679  -81.427  16.080 0.4000000060
209827  35.940  -81.642  15.485 0.4000000060
17679  34.091  -80.869  16.576 0.4000000060
17680  33.618  -80.650  15.999 0.3000000119
17647  35.117  -80.603  18.706 0.3000000119
16656  35.222  -81.083  18.077 0.4000000060
16657  34.717  -80.742  17.607 0.4000000060
16675  34.676  -81.200  17.049 0.4000000060
16614  35.544  -80.907  19.227 0.3000000119
19647  34.535  -78.995  16.503 0.4000000060
19599  36.895  -78.737  19.414 0.4000000060
18565  35.148  -79.418  19.177 0.4000000060
19646  35.379  -78.865  16.296 0.4000000060
241744  37.595  -79.422  15.405 0.3000000119
19612  36.167  -78.741  18.456 0.4000000060
19613  35.521  -78.831  18.218 0.3000000119
19625  35.585  -78.780  17.551 0.4000000060
210013  36.942  -78.814  18.644 0.4000000060
18629  38.450  -79.616  16.553 0.5000000000
226092  35.721  -78.850  16.938 0.4000000060
30309  43.892  -70.868  15.240 0.5000000000
19597  38.157  -79.118  19.084 0.4000000060
18652  37.290  -79.400  16.116 0.4000000060
26962  42.535  -73.082  13.211 0.3000000119
28028  44.847  -72.197  13.177 0.4000000060
213642  40.913  -76.906  15.104 0.3000000119
42424  38.183  -63.829  13.907 0.4000000060
42414  37.700  -63.362  14.417 0.4000000060
35351  39.726  -67.489  16.238 0.4000000060
214439  41.429  -67.627  15.736 0.4000000060
34125  41.392  -68.642  14.945 0.4000000060
18581  38.107  -79.268  17.851 0.4000000060
19611  36.793  -78.847  17.908 0.3000000119
18606  37.796  -79.439  17.178 0.5000000000
34123  42.518  -68.084  14.508 0.4000000060
32841  42.897  -69.347  14.925 0.4000000060
18580  39.383  -79.262  18.251 0.4000000060
29137  44.099  -71.984  13.199 0.4000000060
18650  38.758  -79.354  15.606 0.4000000060
30321  45.434  -71.165  13.252 0.5000000000
18649  39.490  -79.170  15.209 0.5000000000
26959  45.188  -72.836  13.377 0.4000000060
25928  43.609  -73.543  13.259 0.4000000060
20727  40.854  -77.713  15.088 0.3000000119
25919  44.077  -74.102  13.569 0.4000000060
43841  37.753  -62.551  14.621 0.4000000060
36692  39.136  -66.572  16.627 0.4000000060
18604  39.550  -79.516  17.622 0.4000000060
18605  38.448  -79.439  17.344 0.4000000060
34122  43.604  -68.401  14.863 0.4000000060
31609  44.528  -69.930  14.991 0.5000000000
18602  40.998  -79.318  16.762 0.4000000060
218311  39.784  -79.479  16.878 0.4000000060
31622  45.547  -70.527  14.251 0.5000000000
232119  42.157  -79.010  17.165 0.4000000060
18623  42.473  -78.675  16.770 0.4000000060
226779  41.521  -79.153  16.071 0.4000000060
18646  41.456  -78.597  15.548 0.5000000000
20713  41.687  -77.898  16.015 0.5000000000
32838  44.899  -69.267  15.008 0.4000000060
31621  46.189  -70.381  13.941 0.5000000000
19622  43.364  -77.788  17.465 0.4000000060
21763  42.301  -77.093  15.703 0.5000000000
29134  45.717  -71.486  13.268 0.4000000060
21769  42.787  -77.091  15.003 0.4000000060
24875  44.589  -75.041  14.408 0.4000000060
24879  44.423  -74.554  13.990 0.4000000060
26952  45.475  -73.471  13.758 0.4000000060
35382  44.880  -67.829  15.011 0.4000000060
35346  44.455  -67.308  15.896 0.3000000119
19642  42.115  -78.298  16.368 0.4000000060
21761  43.516  -76.718  16.156 0.4000000060
242639  46.235  -69.608  14.981 0.4000000060
50808  37.811  -58.965  19.246 0.4000000060
21744  45.312  -76.566  17.787 0.4000000060
243643  44.130  -76.777  17.506 0.4000000060
22809  44.381  -76.457  15.566 0.5000000000
230329  44.035  -76.514  15.179 0.5000000000
32850  47.296  -69.810  14.440 0.5000000000
30315  46.844  -70.901  13.475 0.4000000060
21752  45.879  -76.228  17.411 0.4000000060
23810  45.045  -75.517  14.854 0.4000000060
29129  46.714  -71.626  13.586 0.4000000060
25916  45.963  -74.021  14.073 0.4000000060
26950  46.608  -73.130  14.016 0.4000000060
35334  43.460  -67.396  16.948 0.4000000060
35381  45.610  -68.013  15.125 0.3000000119
22804  45.175  -76.287  16.521 0.4000000060
22803  45.616  -75.978  16.075 0.4000000060
34110  46.880  -68.296  15.445 0.3000000119
212625  46.716  -75.523  16.784 0.4000000060
23800  47.162  -74.881  16.340 0.4000000060
23805  45.945  -75.630  15.576 0.4000000060
23809  46.152  -75.307  15.096 0.5000000000
24848  47.967  -74.358  17.557 0.4000000060
24862  47.807  -74.251  16.817 0.4000000060
25910  47.445  -73.736  14.894 0.4000000060
26944  47.144  -73.576  14.272 0.4000000060
29127  48.028  -71.140  14.116 0.4000000060
36679  42.100  -67.180  18.211 0.4000000060
24867  47.234  -74.363  15.306 0.4000000060
17728  32.290  -80.057  13.578 0.3000000119
16708  39.420  -81.475  15.927 0.3000000119
16655  36.443  -81.661  18.505 0.3000000119
17616  35.543  -80.459  19.770 0.4000000060
18561  41.033  -79.547  18.770 0.4000000060
18577  41.839  -79.355  17.806 0.4000000060
18560  42.348  -79.321  18.293 0.4000000060
21745  44.919  -76.907  18.450 0.4000000060
35344  45.787  -67.533  15.801 0.3000000119
23783  47.328  -75.459  18.158 0.4000000060
35332  44.857  -67.649  16.732 0.4000000060
223422  47.258  -67.845  15.738 0.4000000060
34117  47.816  -68.810  15.088 0.4000000060
25879  48.650  -73.584  17.653 0.4000000060
26927  48.227  -73.113  16.473 0.4000000060
26935  48.099  -72.860  15.753 0.4000000060
28008  48.152  -72.384  15.260 0.4000000060
30305  48.961  -70.292  14.715 0.3000000119
31618  48.377  -69.855  14.227 0.4000000060
27991  48.958  -72.407  17.180 0.4000000060
30318  44.772  -71.178  14.027 0.4000000060
36677  43.567  -67.185  18.299 0.4000000060
9738  36.294  -85.759  14.761 0.3000000119
238740  37.436  -85.662  15.019 0.3000000119
13505  36.961  -83.614  13.266 0.3000000119
208054  31.961  -81.684  12.647 0.3000000119
17721  32.706  -80.039  14.047 0.3000000119
14517  38.356  -82.286  13.568 0.3000000119
16709  38.713  -81.281  15.857 0.3000000119
15607  38.322  -81.496  14.398 0.4000000060
16713  35.403  -81.765  15.703 0.4000000060
16689  36.507  -81.546  16.607 0.3000000119
220962  35.961  -81.615  17.924 0.3000000119
239933  35.914  -81.689  16.811 0.4000000060
240915  34.645  -79.287  17.537 0.4000000060
16635  36.094  -81.419  19.082 0.3000000119
19580  37.575  -78.856  19.652 0.4000000060
18627  40.163  -79.203  16.083 0.4000000060
19687  40.889  -78.473  14.929 0.5000000000
22816  42.321  -76.827  14.505 0.3000000119
18648  40.680  -79.220  15.176 0.5000000000
19608  43.473  -78.650  17.672 0.4000000060
25911  46.390  -74.461  14.453 0.4000000060
29124  48.387  -71.583  14.465 0.4000000060
39569  47.527  -65.380  18.391 0.4000000060
38081  46.081  -65.865  18.489 0.4000000060
40909  47.755  -64.160  19.360 0.4000000060
40911  45.901  -64.227  19.681 0.3000000119
39551  45.613  -65.344  18.737 0.5000000000
36660  44.723  -66.558  18.571 0.4000000060
36662  43.205  -66.785  18.814 0.4000000060
28999  47.424  -71.155  22.510 0.3000000119
28983  48.004  -70.829  22.740 0.3000000119
36596  46.504  -66.546  23.129 0.3000000119
39495  46.498  -65.145  22.656 0.3000000119
40862  45.323  -64.252  22.799 0.3000000119
42309  44.586  -63.690  22.237 0.3000000119
31427  47.711  -69.978  23.111 0.3000000119
32724  47.069  -68.655  22.975 0.3000000119
35216  46.110  -67.777  23.240 0.3000000119
29027  47.664  -71.220  21.198 0.3000000119
29000  46.909  -71.201  22.419 0.3000000119
39497  45.483  -64.859  23.047 0.3000000119
42259  43.334  -64.015  23.954 0.3000000119
32704  46.883  -69.585  23.121 0.3000000119
35217  45.100  -67.330  23.521 0.3000000119
39481  44.990  -65.313  23.359 0.3000000119
31429  44.866  -70.223  23.192 0.3000000119
32705  45.709  -69.197  23.376 0.3000000119
36581  43.431  -67.086  23.934 0.3000000119
209498  44.478  -69.022  23.504 0.3000000119
35219  43.698  -67.861  23.700 0.3000000119
30178  45.367  -70.879  22.593 0.3000000119
39464  43.228  -65.283  24.084 0.3000000119
39466  42.291  -64.576  24.543 0.3000000119
42218  40.495  -63.630  26.007 0.3000000119
32707  43.915  -69.783  23.358 0.3000000119
36580  43.892  -66.356  23.803 0.3000000119
40806  41.058  -64.699  25.608 0.3000000119
233992  43.186  -68.488  23.822 0.3000000119
213539  41.396  -66.415  24.966 0.3000000119
36538  41.924  -66.099  24.608 0.3000000119
37961  40.812  -65.983  25.895 0.3000000119
223827  39.489  -63.174  27.265 0.3000000119
40784  40.340  -64.227  26.652 0.3000000119
42181  39.736  -63.463  27.558 0.3000000119
43599  39.627  -62.268  28.784 0.3000000119
45023  38.223  -61.403  27.376 0.3000000119
46426  40.288  -61.335  29.126 0.3000000119
47893  39.276  -60.594  28.668 0.3000000119
49328  38.370  -60.047  28.133 0.3000000119
40899  47.035  -63.971  20.383 0.3000000119
40923  47.125  -64.641  18.937 0.4000000060
42291  44.548  -63.775  22.739 0.3000000119
42238  41.820  -63.723  24.588 0.3000000119
39568  48.422  -65.120  18.376 0.5000000000
30157  47.186  -70.793  23.055 0.3000000119
36578  45.278  -66.722  23.393 0.3000000119
218919  46.983  -66.132  22.996 0.3000000119
40861  46.587  -64.685  22.296 0.3000000119
217046  46.275  -64.281  21.978 0.3000000119
33997  45.920  -68.423  23.324 0.3000000119
30158  46.093  -70.812  22.750 0.3000000119
40833  43.285  -64.652  24.057 0.3000000119
208327  44.845  -68.090  23.565 0.3000000119
36539  41.865  -67.107  24.578 0.3000000119
36523  40.694  -66.724  26.065 0.3000000119
223165  42.092  -65.337  24.607 0.3000000119
207086  42.917  -69.287  23.674 0.3000000119
39441  40.793  -65.207  26.069 0.3000000119
34107  48.734  -68.772  15.664 0.3000000119
32825  49.363  -69.157  16.199 0.4000000060
32807  50.065  -69.216  18.141 0.4000000060
32811  49.789  -69.190  17.448 0.4000000060
35364  48.514  -67.969  15.895 0.3000000119
35321  50.524  -67.883  18.261 0.4000000060
32804  50.273  -68.915  18.853 0.3000000119
34096  49.018  -68.297  16.222 0.4000000060
237803  50.368  -67.565  17.748 0.4000000060
36649  50.329  -66.970  19.501 0.3000000119
36695  48.681  -66.861  16.696 0.3000000119
208286  49.540  -67.108  17.436 0.4000000060
36659  50.010  -66.538  19.008 0.4000000060
38114  47.879  -66.343  17.467 0.3000000119
38113  48.483  -66.134  17.526 0.4000000060
39547  49.174  -65.095  19.172 0.4000000060
36685  47.533  -66.940  16.897 0.3000000119
36673  46.424  -66.858  17.785 0.3000000119
36675  45.028  -66.984  18.034 0.3000000119
36698  46.273  -67.374  16.464 0.3000000119
38101  49.213  -65.748  18.171 0.4000000060
34091  49.783  -68.502  17.143 0.4000000060
17615  35.819  -80.641  20.281 0.3000000119
206827  48.862  -71.741  16.161 0.3000000119
16608  40.076  -81.517  19.329 0.3000000119
219785  39.388  -81.768  19.235 0.3000000119
16612  37.408  -81.751  19.873 0.3000000119
19560  35.864  -79.149  20.455 0.3000000119
31574  49.384  -69.641  16.556 0.3000000119
28001  49.038  -71.832  16.843 0.3000000119
16563  39.595  -81.200  21.077 0.3000000119
16566  37.440  -80.969  21.287 0.3000000119
16565  38.146  -81.115  21.325 0.3000000119
19540  36.240  -79.072  20.988 0.3000000119
18550  39.350  -79.192  19.500 0.3000000119
30284  49.380  -70.709  16.841 0.3000000119
17552  40.405  -80.299  22.177 0.3000000119
17574  38.574  -80.794  21.808 0.3000000119
226383  39.733  -80.424  22.172 0.3000000119
19539  36.808  -79.065  21.467 0.3000000119
17576  37.104  -80.304  21.660 0.3000000119
19579  38.264  -78.947  19.876 0.3000000119
18509  38.745  -79.688  22.590 0.3000000119
18510  38.040  -79.348  22.430 0.3000000119
248119  38.363  -78.758  20.485 0.3000000119
216984  38.063  -78.570  21.099 0.3000000119
19595  42.197  -79.274  19.028 0.3000000119
20686  44.943  -78.383  18.379 0.3000000119
214927  46.404  -76.097  18.413 0.3000000119
18488  39.901  -79.560  22.930 0.3000000119
18548  40.750  -79.295  19.422 0.3000000119
19577  40.459  -78.993  20.074 0.3000000119
19572  44.344  -78.589  18.785 0.3000000119
225972  49.584  -70.822  17.964 0.3000000119
20629  38.423  -78.361  22.053 0.3000000119
19497  39.117  -78.757  23.021 0.3000000119
19537  38.446  -78.232  21.565 0.3000000119
19557  39.427  -78.588  20.684 0.3000000119
20679  43.714  -78.433  19.663 0.3000000119
22767  46.605  -76.313  19.038 0.3000000119
25864  48.706  -73.912  18.242 0.3000000119
29087  49.439  -71.242  18.463 0.3000000119
30259  49.849  -70.126  18.800 0.3000000119
30301  49.147  -70.381  15.521 0.3000000119
20660  41.094  -78.096  20.668 0.3000000119
19553  42.430  -78.440  20.057 0.3000000119
20676  45.151  -77.173  19.137 0.3000000119
23782  47.999  -75.175  18.555 0.3000000119
17597  36.011  -80.298  20.808 0.3000000119
16586  39.089  -81.511  20.514 0.3000000119
16587  37.911  -81.658  20.371 0.3000000119
7935  36.614  -88.257  16.915 0.3000000119
8842  36.585  -86.663  15.505 0.3000000119
9718  37.004  -86.541  15.614 0.3000000119
9729  37.446  -86.147  15.541 0.3000000119
9731  36.115  -86.381  15.228 0.3000000119
10654  37.934  -85.118  14.934 0.3000000119
10655  36.909  -85.638  14.675 0.3000000119
11564  37.927  -84.574  14.458 0.3000000119
11574  37.457  -84.507  14.097 0.3000000119
12501  37.261  -84.122  13.672 0.3000000119
12502  36.658  -84.210  13.553 0.3000000119
13489  38.637  -83.375  14.103 0.3000000119
13503  38.104  -83.306  13.668 0.3000000119
13517  37.182  -82.901  13.033 0.3000000119
13518  36.637  -83.137  12.976 0.3000000119
14508  39.278  -82.204  14.399 0.3000000119
14528  38.397  -82.842  13.685 0.3000000119
14529  37.896  -82.772  13.311 0.3000000119
14530  37.505  -82.432  13.042 0.3000000119
14531  37.059  -82.384  12.894 0.3000000119
14547  36.529  -82.606  12.793 0.3000000119
15598  39.215  -81.500  15.243 0.3000000119
15605  39.441  -81.927  14.863 0.3000000119
15612  38.674  -81.955  14.085 0.3000000119
15613  37.972  -81.848  13.764 0.3000000119
15623  37.846  -82.252  13.313 0.3000000119
16564  38.859  -81.204  21.219 0.3000000119
16588  37.185  -81.371  20.607 0.3000000119
16589  36.375  -81.025  20.474 0.3000000119
16609  39.595  -81.578  19.914 0.3000000119
16610  38.891  -81.745  19.786 0.3000000119
16613  36.059  -81.210  19.772 0.3000000119
16672  37.480  -81.565  17.110 0.3000000119
16673  36.282  -81.644  17.222 0.3000000119
16674  35.437  -81.499  17.360 0.4000000060
16686  38.916  -81.356  16.571 0.3000000119
16688  37.261  -81.390  16.410 0.3000000119
16690  34.611  -81.504  16.553 0.4000000060
16691  34.177  -81.433  16.118 0.4000000060
16711  37.206  -81.295  15.639 0.4000000060
16712  36.523  -81.468  15.549 0.4000000060
16730  38.527  -81.378  15.128 0.3000000119
16731  37.795  -81.318  15.013 0.4000000060
16732  37.060  -81.378  14.947 0.3000000119
16733  36.332  -81.563  14.934 0.4000000060
16744  37.605  -81.475  14.309 0.3000000119
16745  36.865  -81.519  14.269 0.3000000119
16746  36.069  -81.794  14.308 0.3000000119
16757  32.141  -80.789  13.178 0.3000000119
16765  32.157  -81.302  12.927 0.3000000119
17535  39.426  -79.943  22.651 0.3000000119
17551  41.031  -80.044  22.287 0.3000000119
17553  39.021  -80.362  22.230 0.3000000119
17554  38.282  -80.124  22.187 0.3000000119
17555  37.545  -79.836  22.084 0.3000000119
17556  36.999  -79.600  21.806 0.3000000119
17573  39.336  -80.863  21.715 0.3000000119
17575  37.821  -80.577  21.786 0.3000000119
17596  36.689  -80.721  21.126 0.3000000119
17598  35.628  -79.836  20.261 0.3000000119
17631  35.172  -80.143  19.251 0.3000000119
17632  34.937  -79.781  18.677 0.3000000119
17648  34.793  -80.232  18.153 0.4000000060
17663  34.188  -80.316  17.095 0.4000000060
17664  33.854  -80.035  16.439 0.3000000119
17735  31.965  -80.037  13.192 0.3000000119
18489  39.218  -79.328  23.020 0.3000000119
18490  38.608  -78.993  22.751 0.3000000119
18526  36.437  -79.808  21.336 0.3000000119
18539  35.884  -79.542  20.834 0.3000000119
18549  40.040  -79.278  19.507 0.3000000119
18551  35.373  -79.769  19.658 0.4000000060
18562  40.338  -79.442  18.823 0.4000000060
18563  39.653  -79.302  18.840 0.4000000060
18564  38.346  -79.245  18.410 0.4000000060
18575  42.923  -78.879  17.481 0.4000000060
18576  42.807  -79.094  17.982 0.4000000060
18578  41.101  -79.469  17.581 0.4000000060
18579  40.673  -79.640  18.170 0.4000000060
18582  35.056  -79.183  18.531 0.3000000119
18583  34.792  -79.477  18.068 0.3000000119
18599  42.699  -78.815  17.085 0.4000000060
18600  42.445  -78.920  17.143 0.4000000060
18601  41.505  -79.200  17.143 0.4000000060
18603  40.412  -79.388  16.655 0.4000000060
18607  37.100  -79.143  17.267 0.5000000000
18608  34.254  -79.451  16.953 0.4000000060
18624  42.004  -78.768  16.789 0.4000000060
18625  41.822  -78.996  16.184 0.5000000000
18626  40.874  -79.046  15.971 0.4000000060
18628  39.375  -79.408  16.146 0.4000000060
18630  37.758  -79.543  16.522 0.5000000000
18631  37.332  -79.404  16.773 0.5000000000
18632  34.045  -79.386  16.182 0.3000000119
18647  41.208  -78.802  15.226 0.5000000000
18651  38.001  -79.486  15.878 0.4000000060
18696  32.574  -79.347  13.851 0.3000000119
19516  38.787  -78.389  22.597 0.3000000119
19517  38.170  -78.746  22.281 0.3000000119
19518  37.444  -79.027  22.002 0.3000000119
19535  39.724  -78.127  20.977 0.3000000119
19536  39.100  -78.170  21.249 0.3000000119
19538  37.922  -78.538  21.776 0.3000000119
19556  40.135  -78.601  20.585 0.3000000119
19558  38.742  -78.562  20.873 0.3000000119
19559  36.822  -78.670  20.863 0.3000000119
19573  43.422  -78.720  19.065 0.3000000119
19574  42.671  -78.893  19.411 0.3000000119
19575  41.945  -78.949  19.745 0.3000000119
19576  41.188  -78.942  19.944 0.3000000119
19578  39.748  -79.003  20.144 0.3000000119
19581  36.909  -78.653  20.137 0.4000000060
19582  36.247  -78.794  19.918 0.4000000060
19583  35.608  -79.184  19.704 0.4000000060
19592  44.375  -78.591  18.259 0.3000000119
19593  43.736  -78.747  18.274 0.4000000060
19594  42.939  -79.050  18.589 0.4000000060
19596  41.485  -79.360  19.298 0.3000000119
19598  37.688  -79.123  18.429 0.4000000060
19600  36.155  -78.730  19.203 0.4000000060
19601  35.493  -78.960  18.930 0.4000000060
19607  43.632  -78.338  17.764 0.4000000060
19609  43.191  -78.873  17.977 0.4000000060
19610  37.466  -79.156  17.807 0.3000000119
19614  35.017  -79.002  17.871 0.4000000060
19623  43.089  -78.467  17.057 0.4000000060
19624  36.351  -78.879  17.240 0.4000000060
19640  42.718  -77.673  16.919 0.4000000060
19641  42.486  -77.997  16.696 0.4000000060
19643  41.734  -78.831  16.211 0.4000000060
19644  36.829  -79.154  16.682 0.4000000060
19645  36.203  -79.003  16.519 0.4000000060
19664  41.884  -77.536  16.489 0.4000000060
19665  41.686  -77.978  16.025 0.5000000000
19666  41.573  -78.652  15.743 0.5000000000
19667  41.417  -78.865  15.315 0.5000000000
19668  40.893  -78.920  15.058 0.5000000000
19669  40.195  -79.031  14.902 0.5000000000
19670  36.689  -79.219  16.107 0.4000000060
19671  36.178  -79.129  15.754 0.4000000060
20613  39.446  -78.290  22.973 0.3000000119
20628  39.248  -77.917  22.512 0.3000000119
20644  38.970  -78.019  21.976 0.3000000119
20659  41.561  -77.798  20.779 0.3000000119
20661  40.436  -78.097  20.727 0.3000000119
20677  44.846  -78.003  18.921 0.3000000119
20678  44.744  -78.284  19.075 0.3000000119
20680  43.048  -78.498  19.733 0.3000000119
20685  44.857  -77.498  18.782 0.3000000119
20692  44.483  -77.481  18.372 0.4000000060
20693  44.037  -78.032  18.070 0.4000000060
20700  43.791  -77.163  17.769 0.4000000060
20706  42.731  -77.068  16.644 0.4000000060
20711  42.452  -76.890  16.131 0.4000000060
20712  42.028  -77.295  16.197 0.5000000000
20714  41.655  -78.023  15.709 0.5000000000
20715  41.096  -77.979  15.236 0.5000000000
21721  46.158  -76.573  19.340 0.3000000119
21722  45.554  -76.765  19.551 0.3000000119
21736  45.928  -76.476  18.727 0.3000000119
21737  45.205  -76.797  18.815 0.3000000119
21743  45.924  -76.360  18.066 0.4000000060
21753  44.667  -76.549  17.172 0.4000000060
21756  44.415  -76.491  16.340 0.4000000060
21757  43.627  -76.741  17.023 0.4000000060
21762  42.954  -77.177  15.427 0.5000000000
21764  41.708  -77.557  15.955 0.5000000000
21768  43.456  -76.816  15.025 0.4000000060
21770  42.122  -77.136  15.216 0.4000000060
21771  41.200  -77.232  15.361 0.3000000119
22766  46.965  -75.900  18.684 0.3000000119
22789  46.761  -75.771  18.101 0.4000000060
22797  46.318  -75.850  17.074 0.4000000060
22802  46.214  -75.618  16.322 0.4000000060
22808  45.080  -76.088  15.240 0.5000000000
22810  43.564  -76.815  15.503 0.5000000000
22814  44.521  -76.072  15.046 0.5000000000
22815  42.896  -76.595  14.633 0.3000000119
23795  47.251  -75.232  16.849 0.4000000060
23796  46.869  -75.569  17.459 0.4000000060
23801  46.808  -75.232  16.267 0.4000000060
23804  46.470  -75.260  15.644 0.4000000060
23806  45.618  -75.665  15.129 0.5000000000
23811  43.144  -75.897  14.493 0.3000000119
23818  43.731  -75.225  14.352 0.4000000060
24817  48.417  -74.748  18.967 0.3000000119
24828  48.665  -74.258  18.733 0.3000000119
24829  48.303  -74.516  18.230 0.3000000119
24830  47.766  -74.925  17.873 0.4000000060
24849  47.574  -74.764  17.228 0.4000000060
24863  47.341  -74.349  16.149 0.4000000060
24868  46.929  -74.810  15.784 0.4000000060
24871  46.996  -74.208  14.616 0.4000000060
24872  46.676  -74.816  15.049 0.5000000000
24873  45.739  -74.662  14.303 0.4000000060
24874  45.240  -75.002  14.496 0.4000000060
24878  45.038  -74.589  14.124 0.4000000060
24880  43.844  -74.627  13.891 0.4000000060
25865  48.341  -74.025  17.801 0.3000000119
25880  48.237  -73.872  17.257 0.4000000060
25895  48.525  -73.381  17.033 0.4000000060
25896  48.125  -73.693  16.641 0.4000000060
25897  47.702  -73.899  16.284 0.4000000060
25903  47.941  -73.481  16.028 0.4000000060
25904  47.546  -73.856  15.689 0.4000000060
25909  47.794  -73.376  15.346 0.4000000060
25915  46.574  -73.835  14.184 0.4000000060
25917  45.361  -74.092  13.985 0.4000000060
25918  44.744  -73.970  13.799 0.4000000060
25920  43.432  -74.205  13.474 0.4000000060
25927  44.308  -73.445  13.354 0.4000000060
25929  42.866  -73.663  13.239 0.4000000060
26890  49.054  -73.246  18.205 0.3000000119
26914  48.863  -73.013  17.451 0.4000000060
26942  47.887  -72.850  14.920 0.4000000060
26943  47.568  -73.175  14.499 0.4000000060
26949  47.180  -72.866  14.139 0.4000000060
26951  46.060  -73.347  13.913 0.4000000060
26953  44.911  -73.373  13.529 0.4000000060
26954  41.928  -73.189  13.855 0.3000000119
26958  45.678  -72.914  13.574 0.4000000060
26960  44.549  -72.795  13.249 0.4000000060
26961  43.783  -72.819  13.147 0.4000000060
26963  42.029  -73.284  13.511 0.3000000119
27980  49.394  -71.940  18.287 0.3000000119
28002  48.766  -72.288  16.541 0.3000000119
28007  48.423  -72.184  15.857 0.4000000060
28009  42.358  -72.443  15.830 0.6000000238
28010  41.581  -72.939  15.894 0.4000000060
28012  48.399  -71.882  15.114 0.4000000060
28013  48.103  -72.194  14.608 0.4000000060
28014  47.720  -72.528  14.317 0.4000000060
28015  42.477  -72.560  14.814 0.3000000119
28016  41.613  -72.996  14.991 0.4000000060
28018  47.826  -71.833  14.215 0.4000000060
28019  47.177  -72.083  14.015 0.4000000060
28020  46.094  -72.657  13.691 0.4000000060
28021  43.572  -72.373  13.173 0.4000000060
28022  42.761  -72.525  13.684 0.3000000119
28023  42.330  -72.726  13.997 0.3000000119
28025  41.095  -73.265  14.442 0.3000000119
28026  46.158  -71.931  13.440 0.4000000060
28027  45.538  -72.221  13.335 0.4000000060
28029  44.191  -72.225  13.131 0.4000000060
28030  42.934  -72.657  13.185 0.3000000119
28984  47.542  -70.919  22.847 0.3000000119
28997  48.461  -70.983  22.426 0.3000000119
28998  48.036  -71.098  22.456 0.3000000119
29015  47.968  -71.269  21.975 0.3000000119
29016  47.522  -71.169  21.987 0.3000000119
29017  46.840  -71.057  21.864 0.3000000119
29041  47.454  -71.263  20.420 0.3000000119
29096  49.450  -71.380  17.787 0.3000000119
29097  41.212  -71.655  17.042 0.5000000000
29108  49.281  -71.336  17.153 0.3000000119
29109  49.054  -71.241  16.495 0.3000000119
29110  42.170  -71.648  16.483 0.6000000238
29111  41.711  -71.896  16.853 0.5000000000
29120  48.941  -71.135  15.687 0.3000000119
29121  43.129  -71.298  15.711 0.6000000238
29122  42.979  -72.084  15.589 0.5000000000
29123  48.764  -71.356  14.943 0.3000000119
29125  43.737  -71.737  14.789 0.5000000000
29128  47.356  -71.362  13.844 0.4000000060
29130  44.943  -71.419  13.331 0.5000000000
29131  44.448  -71.663  13.499 0.4000000060
29132  43.858  -71.942  13.837 0.4000000060
29135  45.124  -71.610  13.206 0.5000000000
29136  44.569  -71.769  13.168 0.4000000060
30156  47.771  -70.651  23.040 0.3000000119
30159  45.415  -70.544  22.878 0.3000000119
30160  44.810  -70.583  22.817 0.3000000119
30175  48.371  -70.697  22.690 0.3000000119
30176  46.827  -70.976  22.780 0.3000000119
30177  46.240  -71.043  22.517 0.3000000119
30192  45.806  -70.972  22.147 0.3000000119
30193  45.159  -70.926  22.298 0.3000000119
30206  47.206  -70.780  20.873 0.3000000119
30248  49.644  -70.687  18.600 0.3000000119
30260  49.704  -70.267  18.143 0.3000000119
30271  49.572  -70.335  17.456 0.3000000119
30272  40.625  -71.395  17.185 0.5000000000
30273  39.986  -71.079  17.254 0.5000000000
30285  49.118  -70.729  16.184 0.3000000119
30300  49.336  -70.200  16.301 0.3000000119
30303  42.006  -70.638  16.170 0.6000000238
30304  40.903  -70.486  16.360 0.5000000000
30306  48.725  -70.862  14.378 0.3000000119
30307  44.975  -70.610  14.528 0.5000000000
30308  44.424  -70.703  14.903 0.5000000000
30310  43.488  -71.136  15.500 0.5000000000
30311  42.530  -70.415  15.775 0.6000000238
30312  48.721  -70.223  14.294 0.3000000119
30313  48.199  -70.441  14.095 0.4000000060
30314  47.514  -70.614  13.765 0.4000000060
30316  45.797  -70.826  13.511 0.5000000000
30317  45.269  -70.988  13.737 0.5000000000
30319  44.265  -71.464  14.502 0.4000000060
30320  46.275  -71.250  13.328 0.4000000060
31428  45.522  -69.993  23.228 0.3000000119
31430  44.262  -70.150  23.043 0.3000000119
31539  50.073  -69.546  18.846 0.3000000119
31548  49.892  -69.796  18.324 0.4000000060
31549  49.720  -69.757  17.785 0.4000000060
31560  49.504  -69.690  17.186 0.4000000060
31575  40.117  -70.165  16.278 0.5000000000
31593  49.345  -69.710  15.851 0.4000000060
31594  49.074  -69.793  15.171 0.3000000119
31596  40.593  -69.819  15.754 0.5000000000
31605  48.867  -69.760  14.511 0.3000000119
31606  46.565  -69.947  14.531 0.4000000060
31607  45.836  -69.993  14.761 0.5000000000
31608  45.184  -70.046  14.853 0.5000000000
31610  43.738  -69.833  15.094 0.4000000060
31611  43.194  -70.128  15.350 0.6000000238
31612  42.202  -69.820  15.289 0.6000000238
31614  40.373  -69.216  15.393 0.4000000060
31615  38.609  -69.056  15.185 0.5000000000
31616  37.938  -69.149  15.085 0.5000000000
31619  47.735  -70.038  14.000 0.4000000060
31620  46.953  -70.200  13.698 0.4000000060
32706  45.045  -69.532  23.431 0.3000000119
32708  43.252  -69.841  23.352 0.3000000119
32810  50.206  -68.706  17.644 0.4000000060
32815  49.462  -69.130  16.870 0.3000000119
32826  49.180  -69.261  15.634 0.4000000060
32833  48.804  -69.326  15.081 0.3000000119
32834  48.454  -69.421  14.586 0.4000000060
32835  47.546  -69.301  14.858 0.5000000000
32836  46.807  -69.390  14.965 0.4000000060
32837  45.678  -69.279  15.058 0.4000000060
32839  44.076  -69.105  14.991 0.4000000060
32840  43.382  -69.002  14.902 0.4000000060
32843  40.630  -69.000  15.315 0.4000000060
32844  39.676  -68.903  15.295 0.4000000060
32845  38.828  -68.793  15.118 0.4000000060
32849  47.961  -69.541  14.349 0.4000000060
32851  42.843  -68.611  14.643 0.4000000060
32852  41.853  -69.138  14.713 0.6000000238
32853  41.548  -69.081  14.837 0.5000000000
32854  41.319  -68.973  15.023 0.5000000000
33978  42.622  -68.674  23.984 0.3000000119
33996  46.568  -68.164  23.110 0.3000000119
33998  45.256  -68.671  23.454 0.3000000119
34070  50.780  -68.058  19.556 0.3000000119
34084  50.523  -68.262  18.900 0.3000000119
34088  50.427  -68.516  18.175 0.4000000060
34090  50.403  -68.142  17.614 0.4000000060
34095  49.298  -68.638  16.549 0.4000000060
34108  48.150  -68.458  15.497 0.4000000060
34109  47.525  -68.357  15.499 0.4000000060
34112  38.785  -68.424  15.087 0.4000000060
34116  48.338  -68.998  15.084 0.4000000060
34118  46.551  -68.709  15.172 0.3000000119
34119  45.929  -68.611  15.117 0.3000000119
34120  45.228  -68.536  15.034 0.4000000060
34121  44.434  -68.406  14.959 0.4000000060
34124  41.893  -68.290  14.676 0.4000000060
34126  40.722  -68.890  15.267 0.5000000000
34128  38.270  -68.522  14.697 0.4000000060
34132  42.146  -68.687  14.516 0.4000000060
34133  41.627  -68.839  14.634 0.4000000060
34135  37.727  -68.126  13.618 0.4000000060
35197  42.286  -67.951  24.235 0.3000000119
35218  44.427  -67.523  23.635 0.3000000119
35220  42.982  -67.815  23.955 0.3000000119
35239  46.749  -67.320  23.132 0.3000000119
35240  45.849  -67.131  23.278 0.3000000119
35305  50.636  -67.489  19.537 0.3000000119
35316  50.589  -67.642  18.942 0.4000000060
35322  50.043  -67.084  17.882 0.4000000060
35323  43.872  -67.394  17.622 0.4000000060
35324  43.153  -67.390  17.683 0.4000000060
35325  42.400  -67.417  17.681 0.4000000060
35327  40.835  -67.159  17.551 0.5000000000
35329  49.860  -67.709  17.286 0.4000000060
35330  49.164  -67.088  16.918 0.4000000060
35331  45.562  -67.535  16.626 0.4000000060
35333  44.160  -67.578  16.858 0.4000000060
35335  42.775  -67.402  16.984 0.5000000000
35336  41.984  -67.457  16.898 0.5000000000
35337  41.137  -67.376  16.971 0.5000000000
35341  49.400  -67.984  16.736 0.4000000060
35342  48.885  -67.576  16.530 0.4000000060
35343  48.284  -67.298  16.120 0.3000000119
35345  45.138  -67.361  15.788 0.3000000119
35347  43.751  -67.365  16.165 0.5000000000
35348  42.516  -67.383  16.336 0.5000000000
35349  42.006  -67.456  16.017 0.5000000000
35350  40.707  -67.612  16.216 0.4000000060
35352  39.093  -67.093  15.996 0.5000000000
35365  47.914  -67.801  15.772 0.3000000119
35366  46.625  -67.882  15.593 0.3000000119
35367  46.018  -67.761  15.333 0.3000000119
35368  45.338  -67.599  15.289 0.3000000119
35369  44.667  -67.447  15.261 0.3000000119
35370  43.384  -67.257  15.630 0.5000000000
35371  42.667  -67.317  15.448 0.5000000000
35372  41.959  -67.515  15.357 0.4000000060
35373  40.958  -67.940  15.625 0.4000000060
35374  40.164  -67.959  15.720 0.4000000060
35375  39.198  -67.897  15.561 0.5000000000
35380  46.282  -68.099  15.160 0.3000000119
35383  43.990  -67.794  15.036 0.4000000060
35384  42.816  -67.624  14.768 0.5000000000
35385  42.232  -67.712  14.873 0.4000000060
35386  41.546  -67.952  15.128 0.4000000060
35387  40.825  -68.428  15.372 0.4000000060
35388  38.262  -68.191  14.435 0.4000000060
35391  38.028  -67.794  13.248 0.4000000060
35392  37.833  -67.794  13.242 0.4000000060
35396  37.802  -67.587  13.035 0.4000000060
36505  40.693  -66.800  26.702 0.3000000119
36522  40.946  -66.600  25.487 0.3000000119
36560  43.176  -66.412  24.114 0.3000000119
36561  42.711  -67.098  24.219 0.3000000119
36579  44.645  -66.693  23.648 0.3000000119
36658  50.449  -67.054  18.972 0.3000000119
36661  43.974  -66.697  18.746 0.4000000060
36663  42.436  -66.765  18.750 0.6000000238
36664  41.707  -66.706  18.538 0.4000000060
36670  50.396  -67.296  18.346 0.4000000060
36671  50.051  -66.735  18.416 0.4000000060
36672  49.560  -66.455  17.886 0.4000000060
36674  45.741  -66.976  17.913 0.3000000119
36676  44.305  -67.090  18.191 0.3000000119
36678  42.815  -67.208  18.297 0.4000000060
36680  41.232  -66.952  18.103 0.4000000060
36681  40.598  -66.656  17.993 0.6999999881
36683  49.027  -66.675  17.324 0.4000000060
36684  48.300  -66.573  16.982 0.3000000119
36686  46.728  -67.093  17.105 0.3000000119
36687  46.016  -67.299  17.293 0.3000000119
36688  45.296  -67.397  17.401 0.3000000119
36689  44.583  -67.375  17.504 0.4000000060
36691  39.629  -66.530  17.249 0.5000000000
36696  47.625  -67.181  15.958 0.4000000060
36697  46.976  -67.236  16.266 0.3000000119
36699  39.584  -67.046  16.810 0.5000000000
36710  47.007  -67.509  15.885 0.4000000060
36711  46.452  -67.652  15.930 0.3000000119
36714  38.689  -67.244  14.481 0.4000000060
36717  38.655  -67.496  13.321 0.4000000060
36719  39.338  -66.751  12.418 0.4000000060
36720  38.468  -67.028  12.385 0.4000000060
36722  38.964  -66.652  12.196 0.4000000060
37925  40.687  -65.570  27.145 0.3000000119
37942  40.820  -66.206  27.107 0.3000000119
37943  40.666  -65.713  26.558 0.3000000119
37960  41.144  -65.876  25.306 0.3000000119
37976  41.549  -65.633  24.879 0.3000000119
37987  43.479  -65.772  23.940 0.3000000119
37988  42.941  -65.785  24.239 0.3000000119
37989  42.444  -65.741  24.453 0.3000000119
38003  45.744  -66.327  23.126 0.3000000119
38004  45.122  -66.086  23.408 0.3000000119
38005  44.514  -65.835  23.633 0.3000000119
38006  43.975  -65.613  23.722 0.3000000119
38018  47.008  -65.626  22.720 0.3000000119
38019  46.339  -65.785  22.968 0.3000000119
38065  43.884  -65.542  19.360 0.5000000000
38066  43.221  -65.640  19.370 0.5000000000
38067  42.515  -65.601  19.355 0.5000000000
38080  46.752  -65.436  18.553 0.4000000060
38084  42.814  -66.259  19.213 0.5000000000
38085  41.999  -66.129  19.084 0.6000000238
38086  40.856  -65.825  18.634 0.6000000238
38100  49.708  -66.072  18.500 0.4000000060
38102  48.750  -65.568  17.968 0.4000000060
38103  48.144  -65.743  17.957 0.4000000060
38104  46.779  -66.148  18.166 0.4000000060
38105  46.107  -66.512  18.193 0.4000000060
38106  45.491  -66.438  18.408 0.4000000060
38107  41.054  -66.325  18.541 0.6000000238
38109  39.951  -65.823  17.990 0.6999999881
38112  48.925  -66.158  17.698 0.4000000060
38115  47.134  -66.631  17.601 0.3000000119
38116  40.022  -66.338  17.813 0.5000000000
38117  39.630  -65.967  17.586 0.5000000000
38118  39.332  -66.105  17.106 0.6999999881
38121  38.839  -66.244  16.111 0.4000000060
38131  38.782  -66.054  15.546 0.5000000000
38134  38.718  -66.494  14.979 0.4000000060
38136  39.858  -66.538  13.025 0.4000000060
38139  39.724  -66.345  12.431 0.4000000060
38142  38.901  -66.139  11.943 0.4000000060
38143  38.700  -66.364  12.222 0.4000000060
39425  40.515  -65.002  26.754 0.3000000119
39440  41.013  -65.396  25.594 0.3000000119
39450  41.753  -64.859  24.845 0.3000000119
39451  41.323  -65.140  25.209 0.3000000119
39465  42.751  -65.078  24.356 0.3000000119
39480  45.594  -65.598  23.086 0.3000000119
39482  44.323  -64.981  23.588 0.3000000119
39483  43.683  -65.113  23.838 0.3000000119
39496  45.980  -65.160  22.887 0.3000000119
39506  47.079  -65.074  22.330 0.3000000119
39535  48.308  -64.424  19.283 0.4000000060
39536  46.351  -64.388  19.238 0.4000000060
39537  45.526  -64.691  19.197 0.6000000238
39538  44.760  -64.747  19.359 0.6000000238
39539  43.580  -65.010  19.515 0.5000000000
39548  48.681  -64.700  18.869 0.4000000060
39549  47.989  -64.693  18.871 0.5000000000
39550  46.311  -65.089  18.801 0.5000000000
39552  44.948  -65.330  19.027 0.5000000000
39553  41.741  -64.896  19.228 0.5000000000
39567  48.974  -65.183  18.465 0.5000000000
39570  40.667  -64.916  18.432 0.6000000238
39571  40.233  -65.318  18.156 0.6999999881
39572  39.763  -65.487  17.773 0.6999999881
39582  39.049  -65.855  16.629 0.4000000060
39584  39.166  -65.006  15.749 0.4000000060
39585  38.825  -65.592  16.042 0.4000000060
39596  38.912  -65.509  15.480 0.6000000238
39605  47.029  -64.510  14.085 0.6000000238
39606  46.536  -64.676  14.330 0.6999999881
39607  45.953  -64.200  14.215 0.6999999881
39608  45.459  -64.313  14.883 0.6999999881
39609  45.042  -64.308  14.438 0.6999999881
39610  39.429  -65.449  14.292 0.4000000060
39614  47.252  -64.219  13.905 0.6000000238
39616  45.988  -63.994  14.092 0.6000000238
39617  45.446  -64.118  14.019 0.5000000000
39618  44.636  -64.167  14.179 0.6000000238
39619  44.255  -63.927  14.021 0.5000000000
39620  41.086  -65.261  12.887 0.4000000060
39621  40.517  -65.535  13.148 0.4000000060
39623  39.246  -66.249  13.735 0.4000000060
39625  46.094  -63.718  13.759 0.6000000238
39626  45.371  -64.257  13.762 0.6000000238
39627  45.173  -64.036  13.563 0.5000000000
39630  40.248  -66.033  12.570 0.4000000060
39631  38.894  -65.635  12.201 0.4000000060
39633  40.462  -65.627  12.297 0.5000000000
40807  40.678  -64.426  26.105 0.3000000119
40822  41.930  -64.211  24.697 0.3000000119
40823  41.462  -64.245  25.075 0.3000000119
40824  41.059  -63.864  25.573 0.3000000119
40834  42.846  -64.244  24.273 0.3000000119
40835  42.368  -63.907  24.431 0.3000000119
40845  44.871  -64.567  23.221 0.3000000119
40846  44.306  -64.181  23.422 0.3000000119
40847  43.788  -64.408  23.742 0.3000000119
40863  44.740  -64.003  23.006 0.3000000119
40875  47.035  -64.474  21.797 0.3000000119
40876  45.681  -64.038  22.314 0.3000000119
40898  47.736  -63.975  20.090 0.3000000119
40900  46.283  -64.024  20.422 0.3000000119
40901  45.635  -64.124  20.299 0.4000000060
40903  44.274  -64.087  20.262 0.4000000060
40910  47.089  -63.964  19.521 0.4000000060
40913  44.505  -64.401  19.868 0.6000000238
40914  42.790  -64.349  19.541 0.5000000000
40915  42.226  -64.235  19.415 0.5000000000
40924  41.785  -64.185  19.148 0.5000000000
40930  40.953  -64.413  18.331 0.6000000238
40931  40.491  -64.687  17.946 0.6000000238
40940  40.414  -64.429  17.251 0.6999999881
40941  39.797  -64.702  16.864 0.6999999881
40947  42.369  -63.792  16.026 0.6999999881
40948  41.763  -63.940  15.692 0.6999999881
40950  40.358  -64.188  16.429 0.6999999881
40951  39.637  -64.487  16.079 0.6999999881
40956  48.264  -64.555  15.262 0.6000000238
40957  47.535  -64.780  15.375 0.6999999881
40959  45.952  -64.301  15.313 0.6000000238
40960  45.313  -64.109  15.337 0.6999999881
40961  44.655  -63.954  15.427 0.6999999881
40962  44.059  -64.051  15.045 0.6999999881
40965  40.927  -64.092  15.358 0.6999999881
40966  39.619  -64.555  15.308 0.6000000238
40973  49.284  -64.637  14.509 0.6000000238
40974  48.492  -64.769  14.428 0.6999999881
40975  47.222  -64.914  14.568 0.6999999881
40976  43.935  -63.879  14.403 0.6000000238
40977  42.526  -63.945  14.546 0.6999999881
40978  41.846  -64.166  14.196 0.6000000238
40979  41.119  -64.332  14.395 0.4000000060
40980  40.268  -64.426  14.696 0.6000000238
40981  39.651  -64.808  14.669 0.6000000238
40982  37.729  -64.067  14.264 0.4000000060
40986  49.616  -64.324  13.489 0.6999999881
40987  49.066  -64.656  13.866 0.6000000238
40988  47.659  -64.826  14.026 0.6999999881
40989  43.463  -63.792  13.851 0.5000000000
40990  42.666  -64.095  13.395 0.5000000000
40991  41.985  -64.364  13.345 0.5000000000
40993  40.833  -64.911  13.698 0.4000000060
40999  48.085  -63.960  13.390 0.6999999881
41000  45.817  -63.918  13.717 0.6000000238
41001  45.316  -63.895  13.510 0.6000000238
41003  44.299  -63.826  13.785 0.6000000238
41004  42.851  -63.893  13.279 0.5000000000
41006  41.459  -64.772  12.808 0.5000000000
41008  39.009  -64.821  12.533 0.4000000060
41010  47.481  -63.410  13.573 0.6999999881
41011  46.820  -63.377  13.661 0.6000000238
41012  46.039  -63.457  13.531 0.6000000238
41013  45.297  -63.511  13.334 0.6000000238
41014  45.037  -63.651  13.366 0.6000000238
41015  44.396  -63.515  13.405 0.6000000238
41016  43.263  -63.495  13.266 0.6000000238
41018  41.160  -64.801  12.428 0.5000000000
41019  40.639  -65.063  12.135 0.5000000000
41020  40.005  -65.407  12.055 0.4000000060
41021  39.421  -65.334  12.071 0.4000000060
42160  40.173  -63.875  28.016 0.3000000119
42161  39.829  -63.272  28.188 0.3000000119
42196  40.124  -63.693  26.598 0.3000000119
42197  39.720  -63.365  26.881 0.3000000119
42219  39.983  -63.207  26.174 0.4000000060
42239  41.326  -63.498  24.932 0.4000000060
42260  42.816  -63.712  24.042 0.3000000119
42261  42.196  -63.526  24.187 0.4000000060
42262  41.585  -63.325  24.350 0.4000000060
42276  44.201  -63.752  23.160 0.3000000119
42277  43.769  -63.869  23.563 0.4000000060
42278  42.932  -63.574  23.517 0.4000000060
42279  42.456  -63.506  23.799 0.4000000060
42280  41.837  -63.357  23.738 0.4000000060
42290  45.085  -63.840  22.492 0.3000000119
42292  43.574  -63.586  23.187 0.4000000060
42293  42.931  -63.535  22.820 0.4000000060
42307  45.852  -63.943  21.696 0.3000000119
42308  45.416  -63.848  22.035 0.3000000119
42310  41.605  -63.537  21.992 0.4000000060
42321  44.640  -63.771  21.503 0.4000000060
42322  43.415  -63.625  21.595 0.4000000060
42323  42.842  -63.573  21.208 0.4000000060
42325  41.691  -63.367  21.243 0.4000000060
42337  44.424  -63.917  20.763 0.4000000060
42338  43.728  -63.817  20.462 0.4000000060
42340  42.234  -63.251  20.115 0.6000000238
42348  43.246  -63.950  19.920 0.6000000238
42358  41.747  -63.463  19.006 0.5000000000
42359  41.476  -64.071  18.615 0.5000000000
42367  41.309  -63.912  17.983 0.6000000238
42374  41.394  -63.789  17.308 0.6000000238
42383  49.704  -63.404  16.069 0.6000000238
42385  48.268  -63.587  16.201 0.6999999881
42386  47.484  -63.540  16.246 0.6999999881
42387  46.162  -63.503  16.034 0.6999999881
42389  44.877  -63.332  15.672 0.6999999881
42391  43.394  -63.512  15.982 0.6999999881
42393  41.780  -63.748  16.546 0.6000000238
42396  50.645  -63.635  15.164 0.6000000238
42398  49.346  -63.930  15.621 0.6000000238
42399  48.614  -64.006  15.721 0.6999999881
42401  46.388  -64.178  15.880 0.6999999881
42403  45.236  -63.763  15.558 0.6999999881
42404  43.877  -63.875  15.485 0.6999999881
42405  43.057  -63.741  15.785 0.6999999881
42413  49.679  -64.292  14.966 0.6000000238
42415  37.153  -63.596  14.586 0.4000000060
42422  39.275  -63.452  13.317 0.5000000000
42423  38.723  -63.674  13.605 0.4000000060
42425  50.090  -64.015  13.122 0.6999999881
42426  49.303  -64.047  12.986 0.6999999881
42427  48.650  -63.959  13.058 0.6999999881
42431  48.904  -63.555  12.905 0.6999999881
42433  47.386  -63.034  13.295 0.6999999881
42435  45.954  -62.830  13.198 0.6999999881
42436  44.849  -63.268  12.976 0.6000000238
42437  44.205  -62.969  13.149 0.6000000238
42440  40.862  -64.442  12.245 0.5000000000
42441  40.284  -64.635  12.080 0.4000000060
43611  39.502  -62.721  28.334 0.3000000119
43612  38.834  -62.297  27.780 0.4000000060
43630  39.331  -62.869  27.656 0.3000000119
43649  39.297  -62.911  26.959 0.3000000119
43669  39.448  -62.893  26.331 0.4000000060
43685  40.418  -62.877  24.942 0.4000000060
43686  39.698  -62.785  25.628 0.4000000060
43687  39.126  -62.551  25.099 0.4000000060
43703  41.183  -63.072  24.030 0.4000000060
43705  39.875  -62.790  24.359 0.4000000060
43722  41.069  -63.336  23.267 0.4000000060
43723  40.605  -63.049  23.623 0.4000000060
43725  39.292  -62.467  23.441 0.4000000060
43735  40.295  -63.024  22.852 0.4000000060
43737  39.209  -62.197  22.987 0.4000000060
43749  40.388  -62.944  21.919 0.4000000060
43750  39.768  -62.578  22.239 0.4000000060
43760  41.267  -63.023  20.969 0.4000000060
43762  39.912  -62.418  21.521 0.4000000060
43771  41.756  -62.785  20.070 0.6000000238
43772  41.190  -62.604  20.402 0.6000000238
43773  40.601  -62.211  20.543 0.5000000000
43801  42.473  -62.633  16.885 0.6000000238
43802  42.102  -62.782  17.236 0.6000000238
43813  49.260  -62.953  16.683 0.6999999881
43814  48.588  -63.053  16.655 0.6999999881
43815  47.519  -62.683  16.436 0.6999999881
43817  45.906  -62.788  16.032 0.6999999881
43818  45.202  -62.718  15.888 0.6999999881
43820  43.779  -62.924  16.108 0.6000000238
43822  42.260  -63.230  16.758 0.6000000238
43831  51.553  -62.665  15.904 0.5000000000
43832  51.205  -63.249  15.613 0.5000000000
43833  50.478  -63.366  15.894 0.5000000000
43839  51.253  -63.330  14.760 0.5000000000
43840  38.478  -62.558  14.397 0.5000000000
43849  51.660  -62.788  14.365 0.6000000238
43851  50.758  -63.807  13.443 0.6999999881
43853  38.790  -63.099  13.899 0.5000000000
43854  38.245  -63.168  14.110 0.4000000060
43855  51.032  -63.072  13.314 0.6000000238
43856  50.402  -63.402  12.975 0.6999999881
43858  41.049  -62.726  12.800 0.6000000238
43861  49.718  -62.174  12.768 0.6000000238
43862  49.211  -62.913  12.797 0.6999999881
43864  47.636  -62.766  13.015 0.6999999881
43865  47.004  -62.788  13.205 0.8000000119
43866  45.931  -62.803  13.189 0.8000000119
43867  45.375  -62.838  13.156 0.6999999881
43869  43.790  -62.876  13.059 0.6999999881
43870  42.955  -63.273  12.883 0.6000000238
43871  42.290  -63.405  12.506 0.6000000238
43872  41.713  -63.688  12.437 0.5000000000
43873  41.113  -63.606  12.454 0.5000000000
44993  39.766  -61.737  28.986 0.3000000119
45006  39.285  -61.750  28.661 0.4000000060
45022  38.519  -61.744  27.725 0.4000000060
45042  38.433  -61.991  27.219 0.4000000060
45043  38.170  -61.522  26.734 0.3000000119
45085  38.621  -62.089  25.210 0.4000000060
45086  38.172  -61.624  25.360 0.4000000060
45103  38.752  -62.211  24.549 0.4000000060
45104  38.271  -61.724  24.681 0.4000000060
45120  38.839  -61.935  23.329 0.4000000060
45121  38.481  -61.832  24.004 0.4000000060
45131  39.357  -62.153  22.524 0.4000000060
45132  39.035  -61.866  22.780 0.4000000060
45142  39.135  -61.640  22.334 0.4000000060
45152  40.127  -62.056  20.946 0.5000000000
45153  39.694  -61.815  21.387 0.4000000060
45160  40.841  -62.014  20.003 0.6000000238
45172  41.573  -62.293  19.094 0.5000000000
45174  40.629  -61.471  19.807 0.5000000000
45185  41.787  -62.254  18.465 0.5000000000
45186  41.621  -61.684  18.718 0.5000000000
45194  41.975  -62.302  17.769 0.6000000238
45196  49.730  -61.760  17.214 0.5000000000
45199  48.167  -61.501  16.826 0.6000000238
45201  42.320  -62.014  17.192 0.6000000238
45207  49.559  -62.361  16.962 0.5000000000
45210  46.953  -62.036  16.375 0.6000000238
45211  46.216  -61.691  16.300 0.6000000238
45214  44.004  -61.674  16.432 0.6000000238
45215  43.325  -61.561  16.561 0.6000000238
45223  52.071  -62.299  15.528 0.5000000000
45226  52.040  -62.325  14.777 0.6000000238
45227  38.063  -61.956  14.654 0.4000000060
45236  52.187  -61.826  14.454 0.5000000000
45238  51.654  -62.726  13.621 0.6000000238
45240  39.463  -61.808  14.037 0.4000000060
45241  38.681  -61.718  14.498 0.5000000000
45243  51.215  -62.368  13.140 0.6000000238
45245  42.380  -61.859  13.008 0.5000000000
45247  40.834  -61.903  13.223 0.5000000000
45248  40.415  -62.537  13.212 0.5000000000
45251  47.762  -62.229  12.855 0.6999999881
45254  45.288  -62.025  12.981 0.6999999881
45255  44.691  -61.875  12.955 0.6999999881
45258  41.651  -63.021  12.533 0.6000000238
46427  39.570  -61.196  28.887 0.3000000119
46446  38.965  -61.171  28.515 0.3000000119
46447  38.421  -61.160  27.989 0.3000000119
46466  38.140  -60.891  27.522 0.3000000119
46490  38.024  -60.970  26.974 0.3000000119
46508  37.952  -61.036  26.318 0.4000000060
46533  37.964  -61.079  25.627 0.4000000060
46566  38.170  -61.213  24.198 0.4000000060
46582  38.808  -61.407  22.842 0.4000000060
46601  39.922  -61.462  20.931 0.5000000000
46602  39.642  -61.299  21.371 0.4000000060
46610  40.172  -61.009  20.550 0.5000000000
46623  40.739  -60.927  19.465 0.5000000000
46636  41.277  -61.038  18.842 0.6000000238
46647  48.064  -60.586  17.175 0.6000000238
46648  42.011  -61.271  17.828 0.6000000238
46651  49.074  -61.268  17.284 0.4000000060
46652  48.539  -60.946  17.162 0.4000000060
46654  46.979  -60.753  16.643 0.6000000238
46655  43.264  -60.943  16.829 0.6000000238
46657  42.262  -61.264  17.388 0.6000000238
46660  51.870  -61.304  16.320 0.6000000238
46661  51.131  -60.991  16.798 0.5000000000
46662  50.463  -61.417  16.993 0.6000000238
46663  47.426  -61.391  16.572 0.6999999881
46664  46.145  -60.973  16.388 0.6000000238
46666  44.584  -61.161  16.441 0.6000000238
46675  52.314  -61.172  15.657 0.5000000000
46688  52.223  -61.428  13.935 0.5000000000
46692  51.776  -61.182  13.424 0.6000000238
46693  51.247  -61.653  13.072 0.6000000238
46694  43.271  -60.679  13.043 0.6000000238
46696  41.934  -61.366  13.139 0.6999999881
46697  41.311  -61.231  13.270 0.6000000238
46698  40.512  -61.016  13.611 0.5000000000
46699  50.749  -61.339  12.860 0.6000000238
46700  49.990  -61.355  12.979 0.6000000238
46702  45.647  -61.144  12.841 0.6000000238
46703  43.756  -61.198  12.809 0.6999999881
47877  40.823  -60.655  29.080 0.3000000119
47878  39.994  -60.643  28.914 0.3000000119
47894  38.645  -60.558  28.323 0.3000000119
47895  38.227  -60.481  27.855 0.3000000119
47914  38.018  -60.427  27.273 0.4000000060
47941  37.893  -60.493  25.939 0.4000000060
47958  37.911  -60.517  25.236 0.4000000060
48024  39.743  -60.404  21.461 0.5000000000
48032  40.200  -60.367  20.871 0.5000000000
48046  40.778  -60.281  19.530 0.5000000000
48047  40.427  -60.480  20.053 0.5000000000
48058  41.598  -60.476  18.468 0.5000000000
48064  48.227  -60.248  17.427 0.4000000060
48066  47.065  -59.996  17.811 0.4000000060
48069  42.053  -60.659  17.812 0.6000000238
48077  47.408  -60.418  17.248 0.6000000238
48078  46.719  -60.232  17.182 0.4000000060
48080  43.972  -60.155  16.965 0.6000000238
48081  43.375  -60.370  17.068 0.6000000238
48082  42.680  -60.661  17.241 0.6000000238
48086  50.999  -60.350  16.755 0.5000000000
48088  45.692  -60.461  16.565 0.6000000238
48089  44.970  -60.506  16.564 0.6000000238
48090  44.276  -60.566  16.643 0.6000000238
48091  43.741  -60.612  16.781 0.6000000238
48096  52.150  -60.690  16.087 0.6000000238
48101  53.085  -59.963  14.225 0.6000000238
48110  41.002  -59.543  13.649 0.5000000000
48115  51.716  -60.470  13.165 0.6000000238
48117  43.448  -59.692  12.887 0.6999999881
48118  42.734  -60.133  13.201 0.5000000000
48119  41.915  -60.528  13.268 0.6000000238
48123  48.459  -60.149  12.767 0.6000000238
48124  47.974  -60.339  12.800 0.6000000238
48125  47.397  -60.140  12.818 0.6000000238
48127  45.161  -60.418  12.546 0.6000000238
48128  44.566  -60.242  12.521 0.5000000000
49438  40.267  -59.509  21.628 0.5000000000
49445  40.947  -59.378  20.899 0.5000000000
49446  40.443  -59.716  21.087 0.5000000000
49447  40.024  -59.958  21.333 0.5000000000
49471  41.749  -59.142  19.830 0.5000000000
49472  41.188  -59.731  19.433 0.5000000000
49473  40.709  -59.915  19.863 0.5000000000
49474  37.224  -59.418  19.687 0.4000000060
49483  47.063  -59.365  18.756 0.4000000060
49484  46.411  -59.419  19.003 0.4000000060
49486  44.976  -59.140  18.662 0.4000000060
49487  44.188  -59.114  18.455 0.6000000238
49488  43.384  -59.139  18.270 0.5000000000
49489  42.146  -59.387  18.734 0.5000000000
49496  48.281  -59.682  17.652 0.4000000060
49497  47.301  -59.748  18.237 0.4000000060
49499  46.066  -59.593  18.318 0.4000000060
49502  43.832  -59.363  17.747 0.6000000238
49503  43.133  -59.542  17.672 0.5000000000
49510  49.896  -59.290  16.836 0.5000000000
49511  48.636  -59.361  17.426 0.4000000060
49512  45.718  -59.672  17.557 0.5000000000
49513  44.976  -59.665  17.425 0.6000000238
49514  44.248  -59.674  17.303 0.6000000238
49516  43.035  -60.044  17.342 0.6000000238
49520  51.239  -59.831  16.527 0.6000000238
49522  52.791  -59.854  15.494 0.6000000238
49526  53.188  -59.265  14.440 0.6000000238
49527  53.001  -59.740  14.868 0.6000000238
49528  38.778  -58.763  14.706 0.5000000000
49529  37.988  -59.027  14.858 0.5000000000
49530  37.438  -59.069  14.954 0.5000000000
49532  53.405  -59.428  13.734 0.6000000238
49533  40.927  -58.803  13.651 0.5000000000
49534  39.471  -59.185  14.328 0.5000000000
49536  52.893  -59.892  13.320 0.6000000238
49538  51.146  -59.341  13.080 0.6000000238
49540  42.857  -58.996  13.042 0.6999999881
49542  41.431  -58.912  13.385 0.6000000238
49543  52.754  -59.380  12.912 0.6000000238
49544  52.012  -59.399  12.762 0.6000000238
49547  48.534  -59.458  12.746 0.6000000238
49548  47.841  -59.269  12.803 0.6000000238
49549  47.168  -59.375  12.715 0.6000000238
49550  46.382  -59.145  12.243 0.6000000238
49553  44.215  -59.292  12.422 0.6000000238
50766  40.706  -58.938  21.947 0.5000000000
50767  40.039  -59.287  22.219 0.5000000000
50777  41.288  -58.909  21.449 0.5000000000
50788  42.072  -58.788  20.503 0.5000000000
50789  41.481  -59.017  20.761 0.5000000000
50802  46.354  -58.580  19.613 0.5000000000
50803  45.422  -58.433  20.089 0.5000000000
50804  44.907  -58.740  19.903 0.5000000000
50805  43.611  -58.669  20.129 0.5000000000
50806  42.911  -58.788  19.713 0.5000000000
50809  37.418  -58.704  19.843 0.4000000060
50820  46.010  -59.090  19.412 0.5000000000
50821  45.350  -58.990  19.407 0.4000000060
50823  43.782  -58.958  19.017 0.5000000000
50824  38.217  -58.507  18.752 0.4000000060
50827  48.097  -59.086  17.926 0.5000000000
50833  49.146  -58.954  17.088 0.4000000060
50836  38.528  -58.854  16.340 0.4000000060
50841  50.936  -58.568  16.305 0.6000000238
50849  51.620  -58.485  15.958 0.6000000238
50850  38.260  -58.737  15.011 0.4000000060
50852  53.219  -58.486  14.781 0.6000000238
50854  38.362  -58.799  14.925 0.5000000000
50855  53.513  -58.666  13.276 0.6000000238
50856  40.686  -58.122  13.833 0.5000000000
50858  39.302  -58.465  14.506 0.5000000000
50859  53.228  -58.664  12.878 0.6000000238
50860  50.817  -58.657  13.077 0.6000000238
50862  47.062  -58.406  12.935 0.6999999881
50863  46.422  -58.171  12.566 0.6999999881
50865  45.193  -57.963  12.263 0.6000000238
50866  44.550  -57.955  12.534 0.6000000238
50867  43.854  -57.986  12.878 0.5000000000
50868  42.562  -58.071  13.028 0.5000000000
50869  41.809  -58.091  13.291 0.5000000000
50871  52.751  -57.968  12.579 0.6000000238
50873  51.706  -58.802  12.821 0.6000000238
50874  49.530  -58.789  12.784 0.6000000238
50875  48.956  -58.851  12.835 0.6000000238
50876  48.195  -58.865  12.982 0.6999999881
50877  47.399  -58.827  12.887 0.6000000238
50879  46.050  -58.493  12.178 0.6000000238
50881  44.812  -58.470  11.979 0.6000000238
50882  44.243  -58.381  12.463 0.6000000238
52128  45.162  -57.958  20.446 0.5000000000
52129  44.567  -58.048  20.768 0.5000000000
52142  46.174  -57.918  19.638 0.5000000000
52144  37.981  -58.273  19.382 0.4000000060
52145  37.603  -57.939  20.035 0.5000000000
52154  47.308  -58.295  18.861 0.5000000000
52156  38.819  -57.597  18.231 0.4000000060
52161  47.981  -58.258  17.755 0.5000000000
52163  47.132  -57.734  18.719 0.5000000000
52164  38.975  -58.118  17.752 0.4000000060
52165  38.658  -58.183  18.272 0.4000000060
52170  49.002  -58.208  16.948 0.4000000060
52171  48.432  -57.840  17.229 0.5000000000
52173  39.175  -58.114  16.889 0.4000000060
52177  50.495  -58.036  16.253 0.6000000238
52178  49.925  -58.014  16.467 0.6000000238
52179  49.417  -57.920  16.628 0.5000000000
52180  43.951  -57.912  15.827 0.6999999881
52181  43.159  -57.993  15.645 0.6999999881
52183  39.538  -57.825  15.603 0.5000000000
52184  39.285  -58.280  16.034 0.4000000060
52189  51.604  -57.668  15.777 0.5000000000
52192  44.895  -58.033  15.250 0.6999999881
52193  44.307  -58.021  15.340 0.6999999881
52195  42.503  -57.732  14.931 0.6999999881
52196  41.878  -57.451  15.043 0.6000000238
52198  38.927  -58.171  15.228 0.4000000060
52199  53.666  -57.835  14.104 0.6000000238
52201  45.914  -58.098  14.364 0.6999999881
52202  45.135  -58.081  14.441 0.6999999881
52204  43.502  -57.772  14.135 0.6999999881
52205  42.662  -57.343  13.994 0.6999999881
52206  41.948  -57.270  14.286 0.5000000000
52207  40.624  -57.265  14.274 0.5000000000
52209  39.502  -57.874  14.947 0.5000000000
52210  38.873  -58.390  14.892 0.4000000060
52211  53.907  -57.893  13.236 0.6000000238
52212  48.347  -57.814  13.887 0.6999999881
52214  46.846  -58.190  13.592 0.6999999881
52216  45.386  -58.046  13.519 0.6999999881
52217  44.596  -57.871  13.573 0.6999999881
52219  42.600  -57.211  13.438 0.6999999881
52220  41.538  -57.162  13.754 0.6000000238
52222  40.294  -57.771  14.204 0.5000000000
52223  39.650  -58.135  14.516 0.5000000000
52224  53.865  -57.408  12.561 0.6000000238
52226  52.459  -57.441  12.614 0.6000000238
52227  51.557  -57.581  13.016 0.6000000238
52228  50.607  -57.901  13.010 0.6000000238
52231  47.750  -58.256  13.446 0.6999999881
52233  46.282  -58.010  12.824 0.6999999881
52234  45.604  -57.981  12.743 0.6999999881
52237  43.100  -57.539  13.138 0.5000000000
52239  41.393  -57.564  13.563 0.5000000000
52240  53.615  -57.276  12.462 0.6000000238
52241  53.382  -57.885  12.602 0.6000000238
52242  52.106  -58.141  12.684 0.6000000238
52244  49.401  -58.220  12.853 0.6000000238
52245  48.770  -58.435  13.229 0.6999999881
53576  44.402  -57.486  21.060 0.5000000000
53577  43.869  -57.407  21.354 0.5000000000
53589  45.310  -57.476  20.393 0.5000000000
53592  37.395  -57.244  20.305 0.5000000000
53593  36.768  -57.118  20.706 0.5000000000
53614  46.819  -57.378  18.833 0.5000000000
53615  46.328  -57.241  19.205 0.5000000000
53623  47.104  -57.117  18.266 0.4000000060
53624  42.070  -56.805  17.847 0.6000000238
53625  41.466  -56.886  17.744 0.6000000238
53626  39.417  -57.058  17.741 0.5000000000
53630  48.385  -57.046  17.124 0.5000000000
53631  47.865  -56.748  17.435 0.4000000060
53634  41.941  -57.206  17.333 0.6000000238
53635  41.235  -57.114  17.078 0.6000000238
53637  39.993  -57.007  17.214 0.5000000000
53641  50.055  -57.060  16.146 0.6000000238
53643  48.822  -56.585  16.668 0.4000000060
53644  45.520  -56.829  16.112 0.6999999881
53645  44.536  -56.735  16.715 0.6999999881
53646  43.610  -57.631  16.406 0.6000000238
53647  42.474  -57.518  16.835 0.6000000238
53649  40.973  -57.250  16.453 0.6000000238
53650  40.474  -57.345  15.917 0.5000000000
53651  39.899  -57.434  16.394 0.4000000060
53655  52.350  -57.455  15.434 0.6000000238
53656  51.861  -57.078  15.576 0.6000000238
53658  50.537  -56.644  15.845 0.5000000000
53659  46.749  -56.942  15.525 0.6999999881
53661  45.278  -57.536  15.794 0.6999999881
53663  41.488  -57.427  15.545 0.5000000000
53664  40.868  -57.125  15.189 0.5000000000
53666  39.829  -57.631  14.971 0.5000000000
53672  48.507  -56.974  14.343 0.6999999881
53673  48.182  -56.986  14.653 0.6000000238
53674  47.121  -57.599  14.960 0.6999999881
53675  46.394  -57.758  15.089 0.6999999881
53677  40.831  -57.012  14.467 0.5000000000
53678  40.363  -57.354  14.622 0.5000000000
53679  54.017  -57.089  13.363 0.6999999881
53681  48.712  -57.242  14.004 0.6999999881
53683  47.386  -57.870  14.299 0.6999999881
53684  41.407  -57.133  14.021 0.6000000238
53685  54.247  -57.168  12.668 0.6999999881
53686  52.935  -56.741  12.476 0.6999999881
53688  50.740  -57.213  13.015 0.6000000238
53691  54.093  -56.763  12.532 0.6999999881
55020  38.232  -56.546  19.606 0.4000000060
55027  46.062  -56.450  18.901 0.5000000000
55030  38.762  -56.547  18.782 0.5000000000
55038  46.871  -56.330  18.034 0.4000000060
55041  42.403  -56.324  18.040 0.6000000238
55043  40.907  -56.416  17.975 0.6000000238
55045  39.552  -56.405  18.078 0.5000000000
55046  39.091  -56.583  18.190 0.5000000000
55053  47.702  -56.076  17.287 0.4000000060
55054  43.561  -56.543  17.303 0.6000000238
55056  40.312  -56.705  17.522 0.5000000000
55062  49.314  -56.148  16.369 0.4000000060
55064  45.050  -56.359  16.422 0.6999999881
55068  51.848  -56.484  15.511 0.6000000238
55070  50.377  -55.841  15.814 0.6000000238
55075  53.642  -56.381  13.771 0.6999999881
55077  52.629  -56.177  15.235 0.6000000238
55079  47.852  -56.621  14.977 0.6999999881
55082  53.486  -56.001  13.312 0.6000000238
55083  48.796  -56.575  14.068 0.6000000238
55086  50.879  -56.494  13.020 0.6000000238
55087  50.131  -56.356  13.111 0.6999999881
55088  49.684  -56.272  13.474 0.6000000238
55089  53.612  -56.885  12.414 0.6999999881
56331  35.718  -55.490  21.132 0.5000000000
56347  38.329  -55.230  20.034 0.5000000000
56349  37.540  -55.528  20.695 0.5000000000
56360  39.363  -55.351  19.342 0.5000000000
56361  38.829  -55.471  19.600 0.5000000000
56362  38.291  -55.847  19.839 0.5000000000
56374  40.415  -55.412  18.925 0.5000000000
56376  39.090  -55.848  19.071 0.5000000000
56387  42.708  -55.632  18.046 0.6000000238
56388  41.290  -56.034  18.408 0.6000000238
56389  40.636  -55.928  18.473 0.6000000238
56390  39.913  -55.897  18.463 0.6000000238
56398  44.039  -55.953  17.231 0.6999999881
56399  43.828  -55.396  17.329 0.6000000238
56403  49.721  -55.827  16.050 0.5000000000
56406  45.132  -55.563  16.400 0.6999999881
56407  44.575  -55.946  16.818 0.6999999881
56413  51.080  -55.453  15.563 0.6000000238
56414  46.751  -55.495  15.473 0.8000000119
56416  45.702  -55.216  16.019 0.8000000119
56420  53.177  -55.105  14.202 0.6000000238
56421  52.747  -55.539  14.962 0.6000000238
56423  47.909  -55.865  14.965 0.6999999881
56425  53.356  -55.114  13.437 0.6999999881
56426  49.064  -55.507  14.021 0.6999999881
56427  48.735  -55.897  14.255 0.6999999881
56429  52.388  -55.312  13.102 0.6999999881
56430  51.579  -55.735  13.066 0.6999999881
56431  50.972  -55.114  13.065 0.6999999881
57651  37.736  -54.471  20.702 0.5000000000
57653  36.658  -54.657  21.145 0.5000000000
57654  35.798  -54.720  21.113 0.5000000000
57673  37.889  -55.045  20.483 0.5000000000
57685  40.145  -54.372  19.457 0.5000000000
57686  39.831  -54.921  19.385 0.5000000000
57696  41.700  -54.986  18.616 0.5000000000
57709  43.576  -54.867  17.493 0.5000000000
57710  43.031  -54.943  17.915 0.6000000238
57711  42.377  -55.023  18.235 0.6000000238
57737  45.724  -54.376  15.759 0.6000000238
57740  53.419  -54.525  13.574 0.6000000238
57744  47.976  -55.162  14.671 0.6999999881
57745  46.866  -54.755  15.158 0.6000000238
57746  46.367  -54.269  15.227 0.6000000238
57749  53.205  -54.555  13.410 0.6999999881
57750  52.933  -54.904  13.224 0.6999999881
57751  52.020  -54.210  13.066 0.6000000238
57754  49.753  -54.616  13.483 0.6999999881
58946  37.508  -53.957  20.943 0.4000000060
58947  36.913  -53.971  21.149 0.4000000060
58962  39.334  -53.699  19.942 0.5000000000
58964  38.079  -53.954  20.626 0.5000000000
58974  40.695  -53.542  19.343 0.4000000060
58976  39.705  -54.244  19.671 0.5000000000
58984  41.534  -54.244  18.815 0.6000000238
58985  40.896  -54.175  19.157 0.4000000060
58986  40.480  -54.123  19.372 0.4000000060
58996  43.247  -54.240  17.653 0.5000000000
58997  42.163  -54.326  18.353 0.6000000238
59007  44.148  -54.141  16.885 0.6000000238
59009  43.137  -53.612  17.535 0.5000000000
59018  44.492  -53.830  16.422 0.6000000238
59019  44.071  -53.626  16.699 0.6000000238
59029  45.387  -53.642  15.629 0.5000000000
59030  52.846  -53.935  13.858 0.5000000000
59034  47.005  -53.990  14.731 0.6000000238
59035  46.425  -53.731  14.885 0.6000000238
59036  53.066  -54.191  13.480 0.6999999881
59037  52.623  -53.750  13.538 0.6999999881
59039  48.558  -53.770  13.850 0.5000000000
59042  52.178  -53.703  13.333 0.5000000000
59043  51.498  -53.716  13.126 0.6000000238
59044  50.360  -53.195  13.160 0.5000000000
59045  49.328  -53.254  13.490 0.5000000000
60293  37.812  -53.538  20.867 0.4000000060
60343  41.917  -53.532  18.474 0.5000000000
60357  42.311  -53.182  17.991 0.5000000000
60368  43.241  -53.155  17.147 0.5000000000
60380  44.810  -53.398  15.971 0.5000000000
60382  43.737  -53.177  16.711 0.5000000000
60392  45.625  -53.216  15.165 0.5000000000
60394  44.434  -52.662  15.750 0.5000000000
60395  52.195  -53.459  13.771 0.5000000000
60400  45.536  -52.592  14.844 0.5000000000
60402  51.651  -53.173  13.706 0.5000000000
60403  48.041  -53.190  13.815 0.4000000060
60404  47.370  -53.334  14.173 0.5000000000
60406  51.613  -53.280  13.405 0.5000000000
61725  42.305  -52.641  17.684 0.5000000000
61732  42.767  -52.557  17.138 0.5000000000
61739  43.905  -52.160  15.821 0.4000000060
61751  45.721  -52.144  14.260 0.5000000000
61754  46.890  -52.539  13.740 0.4000000060
61755  46.297  -52.343  13.965 0.4000000060
63241  41.769  -52.057  17.778 0.4000000060
63249  42.450  -51.945  16.840 0.4000000060
63259  43.292  -52.056  16.131 0.5000000000
63260  42.611  -51.739  16.244 0.5000000000
63270  44.157  -52.000  15.289 0.4000000060
63278  43.770  -51.519  14.831 0.4000000060
206157  36.885  -57.734  20.495 0.5000000000
206173  37.789  -56.156  20.334 0.4000000060
206183  38.978  -59.952  28.362 0.3000000119
206257  42.493  -58.454  20.975 0.6000000238
206429  38.325  -67.681  12.917 0.4000000060
206577  46.366  -68.933  23.184 0.3000000119
206675  44.018  -67.085  23.717 0.3000000119
207103  52.649  -56.072  12.991 0.6999999881
207166  35.687  -81.295  18.603 0.3000000119
207415  43.493  -63.578  22.384 0.3000000119
207480  44.098  -63.635  22.657 0.3000000119
207677  48.935  -70.806  15.013 0.3000000119
207842  52.542  -54.159  14.440 0.6000000238
208059  44.509  -64.212  14.786 0.6999999881
208070  38.972  -78.935  20.161 0.3000000119
208166  36.878  -55.376  21.016 0.5000000000
208175  49.971  -53.696  13.253 0.6000000238
208254  39.980  -79.233  15.448 0.5000000000
208372  41.264  -79.607  18.211 0.4000000060
208507  37.392  -78.667  21.328 0.3000000119
208561  41.625  -59.695  13.359 0.6999999881
208592  49.422  -67.434  16.903 0.4000000060
208624  37.633  -78.673  20.479 0.3000000119
208955  44.358  -58.557  20.349 0.5000000000
209070  43.360  -62.692  12.904 0.6000000238
209272  42.360  -58.797  19.950 0.4000000060
209594  42.027  -59.945  18.229 0.5000000000
209606  52.402  -54.704  13.060 0.6999999881
209766  43.658  -68.977  23.653 0.3000000119
210017  42.849  -63.581  21.992 0.4000000060
210541  35.905  -81.688  16.149 0.4000000060
210881  45.056  -76.253  15.823 0.4000000060
210908  43.637  -63.653  13.573 0.6000000238
210922  46.380  -76.016  17.740 0.4000000060
211058  39.073  -57.469  17.857 0.4000000060
211120  53.099  -56.733  14.830 0.6000000238
211170  44.353  -75.542  14.760 0.4000000060
211274  44.502  -62.812  13.078 0.6999999881
211480  34.979  -81.764  16.166 0.4000000060
211519  42.429  -64.162  13.840 0.6000000238
211567  44.325  -78.269  19.494 0.3000000119
211610  38.080  -57.666  19.413 0.5000000000
211658  44.214  -68.262  23.593 0.3000000119
211718  31.837  -80.797  12.999 0.3000000119
211728  42.265  -63.550  22.409 0.4000000060
211914  45.994  -64.562  22.613 0.3000000119
212118  47.716  -57.289  14.758 0.6999999881
212138  49.217  -60.492  17.255 0.4000000060
212310  38.161  -68.797  14.761 0.4000000060
212616  43.374  -63.634  20.944 0.4000000060
212628  50.728  -59.201  16.593 0.6000000238
212668  41.752  -59.393  19.191 0.5000000000
212831  43.241  -57.278  16.955 0.6000000238
213167  44.515  -76.821  17.936 0.4000000060
213241  39.863  -65.974  12.238 0.4000000060
213433  40.989  -64.006  16.927 0.6000000238
213563  40.646  -66.288  26.447 0.3000000119
213714  43.303  -63.867  14.991 0.6999999881
213962  38.714  -67.221  12.550 0.4000000060
214093  43.805  -76.013  14.875 0.4000000060
214200  41.719  -64.426  12.685 0.5000000000
214296  48.717  -71.662  15.539 0.3000000119
214432  43.067  -73.065  13.119 0.3000000119
214477  50.770  -53.655  13.025 0.5000000000
214519  34.478  -79.839  17.596 0.4000000060
215342  45.780  -76.069  16.744 0.4000000060
215505  42.020  -79.019  16.358 0.4000000060
215885  38.501  -61.961  25.781 0.4000000060
215889  47.362  -75.199  17.515 0.4000000060
215904  35.456  -81.756  15.039 0.4000000060
216050  50.692  -59.947  13.052 0.6000000238
216348  34.958  -78.931  17.115 0.4000000060
216450  46.594  -72.332  13.840 0.4000000060
216583  48.674  -72.834  16.829 0.4000000060
216645  43.974  -67.305  15.365 0.4000000060
216727  45.026  -63.765  21.976 0.3000000119
216748  45.111  -65.943  18.726 0.5000000000
216754  41.263  -67.211  25.141 0.3000000119
216970  42.126  -63.541  19.520 0.6000000238
217242  48.173  -62.589  16.803 0.6999999881
217468  49.754  -56.791  13.264 0.6000000238
217684  42.501  -66.369  24.366 0.3000000119
217804  39.001  -62.446  25.857 0.4000000060
218187  43.936  -57.695  13.626 0.6999999881
218432  39.026  -62.590  26.538 0.4000000060
218648  40.353  -64.591  27.244 0.3000000119
218823  39.454  -60.896  21.661 0.4000000060
218894  46.639  -56.159  15.691 0.6999999881
219022  39.970  -79.415  18.186 0.4000000060
219115  41.840  -52.784  18.172 0.4000000060
219118  47.484  -66.044  17.917 0.3000000119
219323  49.491  -60.650  13.181 0.6000000238
219332  37.233  -54.392  21.013 0.5000000000
219520  47.164  -62.552  13.059 0.6999999881
219555  51.113  -60.412  12.931 0.5000000000
219703  45.054  -62.598  13.055 0.6000000238
219704  45.507  -62.531  13.085 0.6999999881
219782  40.339  -79.527  17.421 0.4000000060
219783  36.872  -81.691  17.698 0.3000000119
219800  46.166  -60.460  12.821 0.6000000238
219813  46.936  -60.655  12.990 0.6000000238
219814  48.359  -60.775  12.950 0.6000000238
220139  44.686  -60.922  12.680 0.6999999881
220164  41.708  -79.520  18.600 0.4000000060
220515  37.994  -69.476  15.727 0.5000000000
220533  39.236  -65.129  16.461 0.6999999881
220709  45.880  -58.315  19.836 0.5000000000
221032  48.113  -66.978  16.484 0.3000000119
221091  39.137  -62.281  28.340 0.3000000119
221179  46.124  -69.616  23.179 0.3000000119
221233  42.915  -59.006  18.932 0.5000000000
221627  39.978  -57.478  15.539 0.5000000000
222076  36.091  -78.737  17.864 0.4000000060
222340  43.183  -67.926  14.697 0.5000000000
222389  39.058  -79.488  17.095 0.4000000060
222480  50.553  -68.710  19.484 0.3000000119
222505  40.125  -63.971  27.275 0.3000000119
222599  52.086  -59.962  16.106 0.6000000238
222719  47.134  -64.326  15.951 0.6999999881
222990  44.321  -61.606  12.816 0.6999999881
223235  38.233  -67.865  13.790 0.4000000060
223698  48.349  -72.619  16.337 0.4000000060
223764  41.921  -61.709  18.134 0.6000000238
223868  47.085  -70.453  23.223 0.3000000119
224340  44.483  -69.832  23.359 0.3000000119
224457  47.326  -61.427  13.006 0.6000000238
224534  47.196  -68.797  15.159 0.3000000119
224781  42.496  -79.137  17.611 0.4000000060
224893  49.911  -62.944  12.736 0.6999999881
224895  46.041  -64.514  14.662 0.6999999881
224929  45.498  -76.633  18.353 0.4000000060
224947  43.514  -62.261  16.417 0.6000000238
225008  46.344  -70.744  13.399 0.5000000000
225086  50.126  -57.429  12.916 0.6000000238
225328  52.560  -60.994  14.946 0.5000000000
225399  39.364  -69.114  15.413 0.4000000060
225836  45.004  -64.195  13.947 0.5000000000
226119  47.425  -74.700  16.672 0.4000000060
226310  40.341  -81.315  20.054 0.3000000119
226508  45.104  -61.599  16.298 0.6000000238
226890  38.382  -58.683  18.214 0.4000000060
226905  45.555  -76.660  19.111 0.3000000119
227241  35.239  -81.742  16.716 0.4000000060
227336  39.600  -57.397  17.088 0.4000000060
227358  38.929  -79.207  18.765 0.4000000060
227377  45.976  -59.699  12.339 0.6000000238
227414  32.489  -80.846  13.496 0.3000000119
227640  48.339  -62.047  17.040 0.6999999881
227649  41.194  -69.445  15.370 0.5000000000
227708  47.556  -59.239  18.391 0.3000000119
227831  38.963  -58.494  16.403 0.4000000060
228003  38.830  -79.338  17.913 0.4000000060
228075  49.464  -70.117  16.870 0.3000000119
228100  43.935  -63.715  21.181 0.4000000060
228231  49.215  -56.112  13.880 0.6999999881
228356  47.559  -57.126  17.866 0.5000000000
228438  51.211  -61.785  16.699 0.5000000000
228811  44.205  -62.247  16.203 0.6000000238
228972  49.058  -60.016  12.873 0.6000000238
229003  44.133  -58.790  19.710 0.5000000000
229025  38.385  -81.485  20.780 0.3000000119
229351  46.263  -62.312  16.252 0.6999999881
229443  45.677  -61.456  16.281 0.6000000238
229550  48.051  -69.228  14.805 0.4000000060
229625  44.858  -62.161  16.089 0.6000000238
229636  45.403  -69.672  15.000 0.4000000060
229698  46.683  -70.714  22.956 0.3000000119
229703  42.880  -62.297  12.830 0.6000000238
229841  49.253  -71.917  17.511 0.4000000060
230305  49.251  -59.718  17.208 0.5000000000
230308  44.762  -78.522  18.646 0.3000000119
230359  41.561  -63.536  17.645 0.6000000238
230483  44.280  -57.382  16.377 0.6999999881
230613  49.491  -70.928  17.432 0.3000000119
230668  43.588  -55.899  17.479 0.6000000238
230748  42.346  -69.089  14.678 0.6000000238
230766  39.418  -62.670  23.951 0.4000000060
231157  45.694  -75.188  14.776 0.4000000060
231226  52.162  -61.748  15.781 0.5000000000
231604  45.378  -58.746  19.816 0.5000000000
231861  45.515  -67.889  23.416 0.3000000119
231909  45.319  -58.946  11.924 0.6000000238
233365  49.160  -72.534  17.861 0.4000000060
234300  49.092  -57.971  13.375 0.6999999881
234543  44.016  -51.441  14.331 0.4000000060
235170  50.663  -54.749  13.138 0.6999999881
235331  45.388  -76.346  17.116 0.4000000060
235942  38.743  -79.146  19.479 0.4000000060
236170  49.210  -68.804  16.001 0.4000000060
236232  37.242  -79.002  18.190 0.4000000060
236239  49.586  -57.431  13.098 0.6999999881
236699  48.598  -55.144  14.277 0.6999999881
236765  42.339  -69.448  23.701 0.3000000119
237006  42.024  -63.911  14.966 0.6999999881
237047  46.541  -62.606  13.148 0.8000000119
237486  39.828  -62.403  13.592 0.5000000000
237573  43.851  -64.314  19.867 0.4000000060
237598  41.758  -62.745  18.188 0.5000000000
237865  43.304  -64.512  19.618 0.6000000238
237880  46.065  -52.592  14.430 0.4000000060
238174  46.225  -70.333  23.019 0.3000000119
238309  46.031  -60.076  17.072 0.6000000238
238420  38.836  -59.402  14.585 0.5000000000
238439  36.368  -78.792  20.492 0.3000000119
238465  47.565  -65.422  22.513 0.3000000119
238591  37.867  -68.494  14.265 0.4000000060
238964  50.245  -64.116  14.830 0.6000000238
239144  44.143  -54.819  17.053 0.6999999881
239184  45.332  -60.020  16.950 0.6000000238
239369  46.481  -64.071  19.833 0.3000000119
239426  41.710  -69.317  15.028 0.5000000000
239469  44.685  -62.658  13.035 0.6000000238
239744  44.268  -55.439  17.041 0.6999999881
239787  46.239  -69.148  15.116 0.4000000060
239872  40.075  -62.872  25.288 0.4000000060
239946  43.224  -72.390  13.515 0.4000000060
240060  48.735  -66.356  17.113 0.3000000119
240244  42.070  -64.062  12.511 0.5000000000
240285  40.959  -71.031  16.875 0.5000000000
240364  51.446  -56.972  13.029 0.6000000238
240529  46.967  -63.858  13.974 0.6000000238
240652  39.146  -62.586  28.052 0.3000000119
240654  31.802  -81.194  12.814 0.3000000119
241700  50.036  -55.825  13.272 0.6999999881
241787  51.273  -62.399  16.474 0.5000000000
241921  48.341  -61.131  17.024 0.6000000238
242091  48.187  -58.418  13.279 0.6999999881
242224  41.656  -67.131  18.153 0.4000000060
242386  52.964  -58.301  12.650 0.6000000238
242510  41.323  -65.621  18.942 0.6000000238
243120  53.614  -54.948  13.604 0.6000000238
243353  53.950  -57.035  12.505 0.6000000238
243377  45.942  -64.843  18.952 0.5000000000
243401  49.337  -65.523  18.651 0.4000000060
243424  45.497  -59.628  12.122 0.6000000238
243451  36.215  -82.154  13.274 0.3000000119
243535  43.304  -72.672  13.028 0.3000000119
243630  45.553  -65.886  18.536 0.4000000060
243799  38.771  -54.912  19.895 0.5000000000
244134  43.333  -76.361  14.781 0.3000000119
244140  39.995  -80.042  22.557 0.3000000119
244224  37.475  -78.953  19.031 0.4000000060
244230  47.043  -52.953  14.033 0.4000000060
244277  42.834  -72.472  14.328 0.5000000000
244294  41.591  -59.072  20.314 0.5000000000
244430  48.719  -54.506  13.982 0.6999999881
244534  40.083  -55.180  19.161 0.5000000000
244549  52.754  -57.168  15.228 0.6000000238
244635  38.577  -58.908  17.216 0.4000000060
244987  47.638  -73.291  14.908 0.4000000060
245243  40.636  -64.062  15.921 0.6999999881
245524  47.334  -58.861  18.779 0.5000000000
245641  46.106  -64.103  20.034 0.3000000119
245663  44.167  -74.864  14.173 0.4000000060
245697  37.812  -81.379  20.897 0.3000000119
246006  52.753  -60.687  14.165 0.6000000238
246136  44.401  -64.156  15.211 0.6999999881
246259  43.131  -77.180  17.193 0.4000000060
246357  46.443  -59.028  19.383 0.5000000000
246589  38.488  -81.701  20.253 0.3000000119
246603  41.451  -70.566  16.271 0.5000000000
246647  45.910  -57.391  19.676 0.5000000000
246887  46.160  -74.898  14.733 0.4000000060
246971  50.141  -57.608  16.208 0.5000000000
247223  38.681  -57.198  18.604 0.4000000060
247347  38.904  -66.634  16.104 0.5000000000
247491  45.903  -71.060  13.288 0.4000000060
247527  45.123  -73.720  13.782 0.4000000060
247570  40.390  -78.809  14.861 0.5000000000
247606  44.408  -65.313  19.283 0.5000000000
247662  49.998  -67.337  17.575 0.4000000060
247741  43.150  -78.743  17.225 0.4000000060
248055  36.746  -81.500  20.018 0.3000000119
248070  45.465  -75.928  15.557 0.4000000060
248131  41.072  -57.150  14.046 0.6000000238
248273  37.325  -69.041  14.860 0.5000000000
