#!ascii label  , from subject sub-06 vox2ras=TkReg
2204
134622  46.522  30.971  -6.386 0.0000000000
145335  55.575  40.548  -4.283 0.0000000000
141414  55.696  37.493  8.743 0.0000000000
135648  40.520  32.086  -3.946 0.0000000000
136593  44.572  32.856  -0.186 0.0000000000
141563  50.724  37.626  -8.639 0.0000000000
147805  51.210  43.260  0.745 0.0000000000
151695  52.634  47.140  -1.231 0.0000000000
191747  54.537  37.167  16.463 0.0000000000
136517  52.827  33.121  12.150 0.0000000000
136668  53.882  33.230  -7.384 0.0000000000
140617  51.759  36.244  -1.325 0.0000000000
141461  57.111  37.151  1.649 0.0000000000
146860  53.007  42.777  11.260 0.0000000000
156009  50.816  51.962  -3.757 0.0000000000
145371  50.290  40.673  -5.556 0.0000000000
138590  49.911  35.007  5.773 0.0000000000
135676  42.679  31.701  -5.370 0.0000000000
133507  41.899  30.701  -3.529 0.0000000000
133503  45.502  30.854  -3.222 0.0000000000
137731  49.100  33.879  -5.531 0.0000000000
177263  45.348  33.566  -3.326 0.0000000000
150154  48.790  44.989  0.644 0.0000000000
185954  53.534  34.626  17.852 0.0000000000
136468  56.104  32.707  16.145 0.0000000000
132192  54.965  30.485  16.782 0.0000000000
156036  53.297  51.468  -6.365 0.0000000000
140660  55.361  36.442  -6.302 0.0000000000
137705  55.242  34.142  -3.467 0.0000000000
141500  55.162  36.810  -2.021 0.0000000000
175656  50.756  40.492  8.157 0.0000000000
146896  53.100  42.274  7.608 0.0000000000
145192  50.149  41.539  11.270 0.0000000000
143252  52.551  39.138  13.038 0.0000000000
190790  53.928  43.904  -2.568 0.0000000000
149408  50.331  43.964  -2.661 0.0000000000
145352  52.773  40.012  -3.955 0.0000000000
140675  52.588  36.403  -7.241 0.0000000000
176592  54.715  35.706  3.387 0.0000000000
140564  50.849  36.368  1.812 0.0000000000
202407  52.703  36.227  6.789 0.0000000000
134533  42.304  31.772  0.042 0.0000000000
137628  43.534  34.049  2.867 0.0000000000
189667  52.556  41.419  -9.294 0.0000000000
144430  49.821  39.855  -7.818 0.0000000000
146963  54.283  42.712  -1.076 0.0000000000
143378  53.517  39.134  -0.810 0.0000000000
153129  45.386  48.288  -1.873 0.0000000000
154575  49.778  49.923  -1.194 0.0000000000
150150  53.402  45.568  0.631 0.0000000000
142308  55.030  38.266  12.284 0.0000000000
140472  53.408  36.652  10.989 0.0000000000
138522  54.375  35.058  14.370 0.0000000000
134443  56.258  31.569  12.789 0.0000000000
134618  49.867  31.179  -6.371 0.0000000000
135631  48.986  32.500  -3.414 0.0000000000
137709  51.705  33.729  -4.080 0.0000000000
139640  55.158  35.250  -0.274 0.0000000000
204022  56.449  37.182  5.257 0.0000000000
143339  55.045  39.042  3.057 0.0000000000
145235  55.241  41.099  6.367 0.0000000000
144224  54.184  39.881  10.185 0.0000000000
145134  54.315  40.830  14.510 0.0000000000
141340  52.845  37.425  16.678 0.0000000000
158449  51.287  54.511  -5.417 0.0000000000
153168  51.149  48.658  -6.044 0.0000000000
180897  49.234  45.697  -4.911 0.0000000000
148677  51.129  43.867  -6.562 0.0000000000
143452  52.277  39.086  -8.438 0.0000000000
138755  51.670  34.444  -9.247 0.0000000000
138658  47.574  34.548  -1.225 0.0000000000
210362  47.065  35.881  2.344 0.0000000000
138595  46.232  34.213  5.762 0.0000000000
138567  50.867  34.811  9.896 0.0000000000
134607  44.607  31.371  -6.092 0.0000000000
132424  43.526  30.078  -5.490 0.0000000000
132410  45.232  29.937  -5.544 0.0000000000
136655  47.692  32.451  -5.224 0.0000000000
137723  47.514  34.007  -4.207 0.0000000000
200041  45.768  32.173  -4.874 0.0000000000
205820  43.978  32.564  -4.344 0.0000000000
136446  53.238  33.314  17.391 0.0000000000
134367  54.617  31.989  17.611 0.0000000000
133315  53.661  30.847  17.326 0.0000000000
134500  42.349  31.265  4.207 0.0000000000
142435  55.341  38.395  -5.412 0.0000000000
208042  55.244  36.865  -4.054 0.0000000000
143398  55.219  38.844  -3.650 0.0000000000
188747  48.671  41.209  10.521 0.0000000000
177643  49.875  41.495  10.158 0.0000000000
147003  55.292  42.121  -3.707 0.0000000000
147006  52.953  41.581  -3.385 0.0000000000
145350  54.532  40.568  -4.497 0.0000000000
195633  54.060  38.336  -5.325 0.0000000000
185119  55.573  36.401  5.652 0.0000000000
139542  53.637  35.971  5.086 0.0000000000
140517  54.367  36.811  7.630 0.0000000000
135637  39.215  31.879  -2.779 0.0000000000
133524  39.014  30.218  -3.678 0.0000000000
134547  43.801  31.669  -1.436 0.0000000000
134562  41.492  31.328  -2.166 0.0000000000
135607  43.234  32.074  -0.175 0.0000000000
136574  43.063  32.909  1.289 0.0000000000
137638  44.318  34.082  1.345 0.0000000000
144454  51.915  39.506  -9.914 0.0000000000
145415  51.019  40.384  -9.177 0.0000000000
143445  50.266  38.718  -8.165 0.0000000000
136624  41.520  33.254  -3.346 0.0000000000
201975  40.427  33.083  -3.142 0.0000000000
207495  53.020  43.019  -0.268 0.0000000000
146179  52.424  41.020  -0.257 0.0000000000
146952  51.066  41.832  0.575 0.0000000000
180797  50.342  44.706  1.330 0.0000000000
150903  51.513  45.869  1.227 0.0000000000
149383  52.694  44.743  0.917 0.0000000000
148618  54.419  44.085  -0.408 0.0000000000
194497  54.920  37.871  14.631 0.0000000000
140445  54.664  36.963  13.518 0.0000000000
139444  54.939  35.852  15.087 0.0000000000
134408  56.884  31.479  15.251 0.0000000000
135506  56.189  32.164  14.422 0.0000000000
134430  57.208  30.907  13.608 0.0000000000
135693  51.456  32.195  -6.642 0.0000000000
135653  51.086  32.228  -5.016 0.0000000000
180538  52.473  33.010  -5.458 0.0000000000
139654  56.847  35.116  -1.003 0.0000000000
138672  55.505  34.463  -1.939 0.0000000000
138632  56.963  35.346  0.098 0.0000000000
196507  56.933  35.839  2.404 0.0000000000
141457  57.139  36.964  3.217 0.0000000000
144329  52.937  39.378  1.982 0.0000000000
143350  54.259  38.627  1.358 0.0000000000
202243  53.469  39.560  3.701 0.0000000000
146884  53.377  43.210  9.074 0.0000000000
146907  54.487  42.632  7.071 0.0000000000
146883  54.090  42.436  8.640 0.0000000000
145213  54.127  40.619  8.296 0.0000000000
146101  53.673  41.863  10.659 0.0000000000
144207  54.506  40.272  11.944 0.0000000000
146072  53.687  41.676  12.766 0.0000000000
141368  51.644  37.336  14.233 0.0000000000
142293  52.646  38.463  14.285 0.0000000000
156014  50.975  52.800  -4.641 0.0000000000
155312  50.842  51.106  -5.733 0.0000000000
154622  50.052  49.825  -5.506 0.0000000000
153830  52.079  49.609  -0.571 0.0000000000
154573  52.086  50.665  -1.249 0.0000000000
194729  51.825  48.279  -1.617 0.0000000000
147008  50.194  42.105  -3.636 0.0000000000
149410  49.372  44.548  -3.586 0.0000000000
147865  49.485  43.329  -4.650 0.0000000000
150197  49.953  44.960  -5.757 0.0000000000
147051  50.482  42.221  -6.211 0.0000000000
146271  51.461  41.467  -7.246 0.0000000000
144420  50.978  39.571  -6.695 0.0000000000
138753  54.377  34.272  -8.602 0.0000000000
139749  53.191  35.224  -9.500 0.0000000000
136698  53.114  33.308  -8.462 0.0000000000
136671  50.787  32.688  -7.052 0.0000000000
138694  49.880  34.371  -2.737 0.0000000000
136608  48.142  33.346  -2.362 0.0000000000
139661  49.445  35.594  -1.376 0.0000000000
139557  50.152  35.628  4.140 0.0000000000
140567  48.804  36.325  1.720 0.0000000000
139574  48.644  35.785  3.658 0.0000000000
139561  46.893  35.299  4.408 0.0000000000
175822  48.010  34.840  5.548 0.0000000000
138538  52.691  34.996  12.551 0.0000000000
139499  52.166  35.989  10.443 0.0000000000
137569  51.633  33.967  11.160 0.0000000000
135662  41.261  31.856  -4.639 0.0000000000
133538  40.550  30.121  -4.993 0.0000000000
132426  41.970  30.262  -5.307 0.0000000000
133520  43.407  30.761  -3.760 0.0000000000
135624  45.079  31.668  -1.741 0.0000000000
202229  49.824  35.454  -7.073 0.0000000000
136636  42.495  32.871  -3.972 0.0000000000
139407  54.348  36.112  17.478 0.0000000000
139419  55.438  35.119  15.930 0.0000000000
137449  54.824  33.535  17.680 0.0000000000
135450  55.898  31.731  16.922 0.0000000000
138733  55.400  34.525  -7.278 0.0000000000
137729  54.069  33.934  -5.209 0.0000000000
139702  55.047  35.182  -4.498 0.0000000000
178899  56.093  35.346  -2.421 0.0000000000
141480  56.728  36.537  0.179 0.0000000000
176236  51.328  40.703  6.426 0.0000000000
145253  52.637  40.982  5.990 0.0000000000
188826  51.905  41.481  8.385 0.0000000000
186159  51.636  42.748  10.091 0.0000000000
146850  52.124  42.560  11.528 0.0000000000
145167  52.951  41.274  12.617 0.0000000000
144209  51.684  40.328  11.783 0.0000000000
203615  51.564  38.027  12.510 0.0000000000
140448  50.546  36.497  13.520 0.0000000000
156767  51.348  52.831  -2.397 0.0000000000
150172  52.837  45.090  -1.928 0.0000000000
150174  51.268  45.524  -2.052 0.0000000000
148626  51.841  43.869  -2.284 0.0000000000
146205  51.291  41.476  -3.234 0.0000000000
144397  50.977  39.721  -4.588 0.0000000000
142447  51.216  38.384  -6.409 0.0000000000
142439  52.348  37.733  -5.519 0.0000000000
140674  54.724  35.979  -6.938 0.0000000000
140572  53.151  36.145  0.941 0.0000000000
176894  51.160  36.451  0.729 0.0000000000
139584  52.640  36.046  2.541 0.0000000000
139555  51.869  35.593  4.320 0.0000000000
139532  51.277  35.459  6.220 0.0000000000
134456  54.465  31.621  10.618 0.0000000000
135536  52.317  31.977  10.282 0.0000000000
132385  39.458  29.644  -1.579 0.0000000000
191583  40.210  29.565  -3.619 0.0000000000
134551  40.661  31.115  -1.611 0.0000000000
134535  40.615  31.360  0.230 0.0000000000
134525  41.875  31.740  1.765 0.0000000000
136559  42.328  32.703  3.087 0.0000000000
136554  43.540  33.152  4.392 0.0000000000
207094  52.593  43.155  -9.346 0.0000000000
147078  50.874  41.905  -9.115 0.0000000000
146195  55.555  41.989  -2.792 0.0000000000
192859  54.879  40.057  -2.609 0.0000000000
194168  53.976  40.825  -1.405 0.0000000000
144342  52.519  39.725  0.638 0.0000000000
202493  51.446  39.545  2.677 0.0000000000
144295  51.104  40.115  5.036 0.0000000000
145224  50.000  40.393  6.950 0.0000000000
153842  48.183  49.101  -1.414 0.0000000000
153831  50.113  49.218  -0.530 0.0000000000
152365  52.318  48.266  -0.009 0.0000000000
151678  53.342  46.898  -0.409 0.0000000000
150171  54.146  45.248  -1.513 0.0000000000
148622  55.407  43.374  -2.539 0.0000000000
142324  55.283  38.007  10.830 0.0000000000
141404  54.682  37.207  9.494 0.0000000000
141387  54.604  37.407  11.672 0.0000000000
140447  53.844  36.252  12.942 0.0000000000
137543  53.389  34.305  13.449 0.0000000000
137520  55.363  34.199  15.160 0.0000000000
136509  55.125  32.987  14.206 0.0000000000
135520  54.221  32.360  12.481 0.0000000000
192194  48.112  30.543  -6.397 0.0000000000
133530  47.576  30.293  -5.102 0.0000000000
134593  49.530  31.069  -4.794 0.0000000000
136631  50.033  32.772  -3.820 0.0000000000
139688  51.512  35.257  -2.716 0.0000000000
138701  53.765  34.226  -3.629 0.0000000000
139686  53.080  35.217  -2.697 0.0000000000
139642  53.648  35.859  -0.692 0.0000000000
139609  55.103  35.556  1.414 0.0000000000
140541  56.268  36.109  4.375 0.0000000000
142364  56.161  37.387  6.857 0.0000000000
142413  54.287  38.122  -1.519 0.0000000000
179036  55.060  37.753  0.363 0.0000000000
143344  56.256  38.410  2.218 0.0000000000
195679  54.092  40.875  5.262 0.0000000000
144301  55.656  40.079  4.440 0.0000000000
203830  56.441  38.965  3.609 0.0000000000
143326  55.515  39.456  5.945 0.0000000000
143322  55.466  38.407  7.212 0.0000000000
143288  55.279  38.607  9.511 0.0000000000
144214  54.843  39.381  11.399 0.0000000000
144181  54.853  39.647  13.844 0.0000000000
143208  54.423  39.401  15.584 0.0000000000
143243  53.283  39.994  14.365 0.0000000000
143219  53.494  39.384  15.480 0.0000000000
141338  53.678  37.770  16.811 0.0000000000
189964  53.201  36.692  17.583 0.0000000000
156801  51.928  52.925  -5.942 0.0000000000
186787  51.967  49.718  -6.192 0.0000000000
151714  51.956  46.897  -6.263 0.0000000000
150945  50.041  45.844  -2.507 0.0000000000
153159  49.320  48.403  -4.478 0.0000000000
152422  49.764  47.445  -5.489 0.0000000000
150962  50.781  45.842  -6.089 0.0000000000
150204  52.076  44.959  -6.714 0.0000000000
148688  52.261  43.004  -7.499 0.0000000000
144438  52.861  40.086  -9.405 0.0000000000
142470  52.453  37.953  -10.154 0.0000000000
142458  52.454  37.362  -8.564 0.0000000000
182498  52.567  36.982  -10.143 0.0000000000
139745  51.006  35.656  -9.075 0.0000000000
137758  50.281  34.180  -7.240 0.0000000000
136663  49.658  32.721  -6.139 0.0000000000
134585  46.927  31.043  -3.503 0.0000000000
135621  46.824  32.309  -2.094 0.0000000000
137663  46.404  33.627  -1.020 0.0000000000
140592  49.417  36.427  0.452 0.0000000000
184365  47.625  35.685  0.313 0.0000000000
138621  45.906  35.054  1.166 0.0000000000
139592  45.398  35.228  2.723 0.0000000000
138605  45.178  34.416  4.845 0.0000000000
140509  53.305  36.769  8.805 0.0000000000
139525  51.442  35.874  8.480 0.0000000000
138580  50.328  35.025  8.147 0.0000000000
135533  51.215  32.686  10.171 0.0000000000
137599  48.985  34.190  7.339 0.0000000000
177961  53.922  29.947  15.814 0.0000000000
206605  55.383  29.953  14.811 0.0000000000
134624  45.039  30.906  -6.432 0.0000000000
133555  44.798  30.374  -6.567 0.0000000000
132434  46.016  30.149  -6.257 0.0000000000
134604  47.052  31.137  -6.038 0.0000000000
135657  46.410  32.257  -4.916 0.0000000000
135672  45.970  31.712  -5.529 0.0000000000
135673  44.838  31.796  -5.337 0.0000000000
134380  53.591  31.815  17.494 0.0000000000
193601  55.472  39.593  -4.780 0.0000000000
143405  55.486  39.025  -4.493 0.0000000000
184862  55.558  39.774  -4.191 0.0000000000
146229  55.300  41.102  -4.363 0.0000000000
146230  54.849  41.111  -4.340 0.0000000000
144392  55.240  40.202  -4.856 0.0000000000
144403  55.032  39.624  -5.076 0.0000000000
140516  55.518  36.862  7.090 0.0000000000
140523  55.477  36.642  6.596 0.0000000000
141430  55.298  37.025  7.926 0.0000000000
135649  39.921  31.846  -3.661 0.0000000000
134577  39.453  31.610  -3.304 0.0000000000
134588  39.491  30.925  -3.846 0.0000000000
135605  44.313  32.308  -0.533 0.0000000000
134539  43.383  31.903  -0.707 0.0000000000
135596  43.973  32.651  0.036 0.0000000000
136584  43.606  32.945  0.681 0.0000000000
137647  44.522  33.829  0.714 0.0000000000
143453  51.349  38.596  -9.510 0.0000000000
143454  50.790  38.994  -8.813 0.0000000000
142460  50.236  38.030  -8.090 0.0000000000
136639  40.753  32.679  -3.650 0.0000000000
136625  40.961  33.188  -3.281 0.0000000000
135635  40.230  32.523  -3.430 0.0000000000
136626  39.868  32.900  -2.913 0.0000000000
178350  52.292  43.422  0.267 0.0000000000
201829  52.084  42.268  0.010 0.0000000000
182887  51.240  42.547  0.485 0.0000000000
192684  50.725  44.160  1.251 0.0000000000
149365  51.518  44.981  1.272 0.0000000000
148597  51.261  43.992  1.098 0.0000000000
148614  52.460  44.081  0.562 0.0000000000
178984  54.786  37.883  15.347 0.0000000000
141353  54.921  37.213  14.786 0.0000000000
198088  54.869  37.045  15.506 0.0000000000
134417  57.221  30.993  14.244 0.0000000000
202707  52.460  32.742  -7.014 0.0000000000
135666  52.020  32.526  -5.784 0.0000000000
136660  53.065  33.337  -5.679 0.0000000000
140599  57.061  35.724  -0.206 0.0000000000
138641  56.894  35.148  -0.315 0.0000000000
140571  57.413  35.984  0.869 0.0000000000
140560  57.425  36.107  1.471 0.0000000000
142376  57.144  37.158  2.090 0.0000000000
144315  52.288  39.523  3.424 0.0000000000
144314  52.871  39.462  3.244 0.0000000000
176818  52.861  39.682  4.066 0.0000000000
146872  53.171  43.037  10.361 0.0000000000
147701  53.821  43.039  8.755 0.0000000000
146871  53.572  42.636  10.096 0.0000000000
146106  53.733  41.798  9.630 0.0000000000
146859  53.424  42.523  10.964 0.0000000000
146081  53.765  41.789  11.894 0.0000000000
146082  53.355  42.147  12.231 0.0000000000
141356  51.188  36.880  14.614 0.0000000000
156008  51.009  52.871  -3.726 0.0000000000
156777  50.945  53.531  -4.143 0.0000000000
156015  50.674  51.992  -4.677 0.0000000000
155302  50.488  51.134  -5.283 0.0000000000
155288  50.305  51.138  -4.575 0.0000000000
152409  52.341  48.338  -1.048 0.0000000000
153123  52.186  49.095  -1.163 0.0000000000
151696  52.174  47.669  -1.356 0.0000000000
146231  50.054  41.464  -4.443 0.0000000000
147864  49.697  42.719  -4.369 0.0000000000
147036  49.995  41.626  -5.240 0.0000000000
181494  50.024  42.340  -5.630 0.0000000000
194130  50.161  41.210  -5.576 0.0000000000
146256  50.458  41.134  -6.122 0.0000000000
182529  50.716  39.923  -6.257 0.0000000000
136682  54.400  33.251  -8.057 0.0000000000
137762  54.235  33.866  -8.681 0.0000000000
136683  53.564  33.087  -7.966 0.0000000000
136684  52.624  32.942  -7.755 0.0000000000
138675  50.222  35.051  -2.376 0.0000000000
139679  49.845  35.360  -1.889 0.0000000000
140619  50.464  36.227  -0.973 0.0000000000
139546  50.411  35.367  4.898 0.0000000000
139573  49.534  35.877  3.478 0.0000000000
139548  49.006  35.310  4.882 0.0000000000
139549  48.249  35.194  5.017 0.0000000000
138598  48.726  34.996  5.463 0.0000000000
136515  52.516  33.745  12.329 0.0000000000
137568  52.077  34.046  11.745 0.0000000000
136518  52.286  33.318  11.737 0.0000000000
135661  42.185  32.011  -4.935 0.0000000000
134612  41.300  30.684  -5.279 0.0000000000
134611  41.958  30.857  -5.467 0.0000000000
133534  44.347  30.241  -4.569 0.0000000000
133535  43.597  30.319  -4.489 0.0000000000
133519  44.163  30.667  -3.810 0.0000000000
134572  44.461  31.253  -2.447 0.0000000000
134571  45.126  31.126  -2.549 0.0000000000
139731  49.539  35.162  -6.394 0.0000000000
139719  49.122  35.604  -5.955 0.0000000000
138719  48.853  34.658  -5.249 0.0000000000
136632  46.438  33.479  -3.810 0.0000000000
138705  47.354  34.656  -3.923 0.0000000000
135659  43.575  32.324  -4.837 0.0000000000
135645  43.023  32.597  -4.417 0.0000000000
204377  42.494  32.442  -4.544 0.0000000000
135646  42.002  32.440  -4.392 0.0000000000
138461  54.057  34.825  17.864 0.0000000000
138460  54.595  34.820  17.770 0.0000000000
191095  54.416  33.630  17.847 0.0000000000
133313  54.772  31.225  17.356 0.0000000000
134377  55.143  31.562  17.313 0.0000000000
133323  55.561  30.832  16.870 0.0000000000
133322  56.263  30.764  16.469 0.0000000000
132191  55.823  30.426  16.423 0.0000000000
156821  52.811  52.939  -6.530 0.0000000000
157625  52.836  53.165  -6.914 0.0000000000
139717  55.409  35.740  -6.707 0.0000000000
195843  55.038  34.965  -5.844 0.0000000000
184004  55.353  35.997  -5.301 0.0000000000
141505  54.997  36.942  -2.880 0.0000000000
140645  55.219  36.159  -3.693 0.0000000000
140631  55.503  36.324  -2.218 0.0000000000
191810  56.430  35.594  -1.495 0.0000000000
141488  56.062  36.412  -0.910 0.0000000000
145222  51.251  40.726  7.377 0.0000000000
146123  51.968  41.221  7.545 0.0000000000
146115  51.458  40.929  8.051 0.0000000000
146096  49.770  41.565  10.983 0.0000000000
146108  50.801  41.821  9.807 0.0000000000
146863  51.003  42.413  10.888 0.0000000000
146873  51.575  42.843  10.550 0.0000000000
146085  50.932  41.806  11.387 0.0000000000
145183  51.811  41.188  11.812 0.0000000000
145184  50.989  41.020  11.479 0.0000000000
142319  50.791  38.342  11.467 0.0000000000
141380  50.779  37.197  12.418 0.0000000000
181229  50.937  36.998  13.143 0.0000000000
140455  50.420  36.621  12.786 0.0000000000
149399  53.094  44.500  -2.129 0.0000000000
149400  52.291  44.492  -2.116 0.0000000000
176318  53.194  43.582  -2.557 0.0000000000
145337  53.102  40.655  -3.795 0.0000000000
146204  52.179  41.535  -3.245 0.0000000000
146219  51.752  40.924  -3.471 0.0000000000
188335  51.077  40.918  -3.600 0.0000000000
144396  51.552  39.640  -4.291 0.0000000000
143420  51.643  38.610  -5.030 0.0000000000
143407  52.774  38.840  -4.511 0.0000000000
141524  55.071  37.683  -5.758 0.0000000000
141536  54.635  37.185  -6.000 0.0000000000
140661  55.026  36.510  -6.409 0.0000000000
139727  55.341  35.349  -7.256 0.0000000000
139598  53.966  35.829  2.093 0.0000000000
139600  53.125  36.078  1.988 0.0000000000
139583  53.448  35.912  2.664 0.0000000000
139534  53.272  36.131  5.579 0.0000000000
139553  53.096  35.725  4.532 0.0000000000
139535  52.507  36.021  5.681 0.0000000000
139544  51.662  35.553  5.211 0.0000000000
139530  52.247  36.005  6.320 0.0000000000
131325  38.964  29.535  -1.846 0.0000000000
132391  39.284  29.476  -2.412 0.0000000000
132401  41.220  29.847  -4.577 0.0000000000
132403  40.197  29.660  -4.353 0.0000000000
132394  40.816  29.918  -3.672 0.0000000000
134541  41.930  31.690  -0.542 0.0000000000
134550  41.118  31.400  -1.652 0.0000000000
193571  41.007  31.476  -0.960 0.0000000000
196416  40.526  31.139  -1.025 0.0000000000
134542  41.106  31.558  -0.164 0.0000000000
134534  41.302  31.533  0.499 0.0000000000
135599  42.106  31.803  0.659 0.0000000000
137632  43.093  33.674  2.462 0.0000000000
136565  42.829  33.102  2.052 0.0000000000
137626  43.066  33.655  3.154 0.0000000000
136555  42.942  32.890  4.033 0.0000000000
137621  43.744  33.799  4.108 0.0000000000
147913  52.998  42.585  -8.622 0.0000000000
147085  52.514  42.016  -9.291 0.0000000000
145416  50.352  40.111  -8.411 0.0000000000
146298  50.935  41.147  -9.127 0.0000000000
145398  49.824  40.530  -7.974 0.0000000000
146288  49.363  40.920  -7.653 0.0000000000
146976  55.350  42.370  -2.111 0.0000000000
146197  54.525  41.039  -1.882 0.0000000000
146189  54.136  41.492  -1.374 0.0000000000
145294  52.243  40.277  0.258 0.0000000000
144337  51.759  39.759  1.509 0.0000000000
144306  50.813  39.773  4.358 0.0000000000
145255  50.801  40.615  6.222 0.0000000000
153858  46.880  48.965  -2.781 0.0000000000
153127  46.893  48.575  -1.570 0.0000000000
153832  49.365  48.979  -0.624 0.0000000000
153092  49.671  48.643  -0.305 0.0000000000
210179  51.288  48.846  -0.144 0.0000000000
150137  52.469  45.708  1.223 0.0000000000
150910  52.992  46.511  0.843 0.0000000000
196760  52.916  47.052  0.562 0.0000000000
150924  53.677  46.351  -0.139 0.0000000000
150169  53.928  45.784  -1.100 0.0000000000
150165  54.168  45.382  -0.328 0.0000000000
147807  54.201  43.358  -0.660 0.0000000000
192955  55.195  43.801  -1.475 0.0000000000
147812  55.260  43.092  -1.754 0.0000000000
146975  55.583  42.508  -2.658 0.0000000000
142318  55.166  38.266  11.564 0.0000000000
141386  54.993  37.795  11.347 0.0000000000
141377  54.867  37.838  12.495 0.0000000000
140441  54.653  36.409  14.126 0.0000000000
140446  54.273  36.375  13.505 0.0000000000
139463  54.272  35.772  14.002 0.0000000000
138532  53.225  35.052  13.149 0.0000000000
137542  54.002  34.356  14.038 0.0000000000
137505  55.694  33.968  15.818 0.0000000000
138509  55.453  34.540  15.475 0.0000000000
137519  55.538  33.819  15.329 0.0000000000
202464  56.117  31.903  13.888 0.0000000000
135507  55.674  32.501  14.174 0.0000000000
135514  55.787  31.965  13.395 0.0000000000
135516  54.504  32.576  13.258 0.0000000000
135518  55.701  31.859  12.745 0.0000000000
134450  55.389  31.690  11.701 0.0000000000
134444  55.935  31.626  12.231 0.0000000000
208918  49.117  30.618  -6.484 0.0000000000
133549  49.106  30.400  -6.255 0.0000000000
134603  49.691  30.676  -5.637 0.0000000000
137721  51.427  33.245  -4.330 0.0000000000
136644  50.337  32.460  -4.270 0.0000000000
137710  51.086  33.441  -4.008 0.0000000000
193374  51.042  34.449  -3.304 0.0000000000
138692  51.650  34.725  -3.255 0.0000000000
177839  54.653  34.070  -4.031 0.0000000000
137717  54.095  33.972  -4.491 0.0000000000
137706  54.561  34.098  -3.590 0.0000000000
139655  55.054  35.029  -0.907 0.0000000000
138673  54.765  34.629  -2.201 0.0000000000
139656  54.302  35.419  -1.159 0.0000000000
139657  53.562  35.739  -1.402 0.0000000000
139641  54.404  35.520  -0.453 0.0000000000
139628  53.753  35.929  0.008 0.0000000000
139626  55.328  35.383  0.668 0.0000000000
140539  56.928  36.544  3.792 0.0000000000
139564  56.583  35.868  3.165 0.0000000000
141452  56.579  36.785  5.029 0.0000000000
203970  56.349  36.662  5.364 0.0000000000
141445  56.264  37.158  6.256 0.0000000000
144363  53.772  39.533  -1.430 0.0000000000
143387  54.132  38.964  -1.903 0.0000000000
196301  53.929  38.711  -1.185 0.0000000000
205957  54.761  38.596  1.844 0.0000000000
142381  54.723  38.195  0.871 0.0000000000
143345  55.438  38.489  2.026 0.0000000000
142378  55.953  38.011  1.617 0.0000000000
192759  55.641  38.789  2.659 0.0000000000
146132  53.168  41.889  6.932 0.0000000000
145264  53.468  41.040  5.671 0.0000000000
146919  53.779  42.002  6.569 0.0000000000
146131  55.117  41.781  6.395 0.0000000000
146151  55.146  41.436  5.718 0.0000000000
211537  55.465  41.307  5.709 0.0000000000
144300  56.084  39.950  4.459 0.0000000000
144293  56.077  40.175  4.900 0.0000000000
144299  56.282  39.493  4.472 0.0000000000
144291  55.620  40.629  5.828 0.0000000000
189570  54.009  40.336  8.922 0.0000000000
144257  54.515  39.134  7.163 0.0000000000
184882  54.546  39.091  8.202 0.0000000000
143310  55.297  38.552  7.992 0.0000000000
144231  54.721  39.168  9.854 0.0000000000
143278  55.282  38.665  10.212 0.0000000000
144223  54.791  39.290  10.641 0.0000000000
145165  54.122  41.139  13.166 0.0000000000
145180  54.525  40.446  12.662 0.0000000000
145148  54.620  40.499  14.286 0.0000000000
144173  54.728  39.927  14.638 0.0000000000
199746  54.238  40.196  15.180 0.0000000000
144195  52.697  39.976  12.717 0.0000000000
186412  53.134  40.886  12.974 0.0000000000
144183  53.048  39.882  13.477 0.0000000000
141354  52.459  37.763  15.426 0.0000000000
142279  52.879  38.564  15.250 0.0000000000
142274  53.317  38.772  15.826 0.0000000000
194516  53.598  38.705  16.211 0.0000000000
141339  53.369  37.695  16.802 0.0000000000
141332  53.416  37.318  17.204 0.0000000000
158466  50.591  54.650  -5.470 0.0000000000
157615  49.581  54.064  -5.749 0.0000000000
157614  50.266  54.262  -6.046 0.0000000000
157613  51.848  53.885  -5.867 0.0000000000
153893  50.555  49.745  -5.921 0.0000000000
183716  51.404  50.994  -6.041 0.0000000000
153892  51.181  49.310  -6.094 0.0000000000
153891  51.962  48.852  -6.106 0.0000000000
195480  51.286  48.096  -6.074 0.0000000000
149402  50.713  44.479  -2.339 0.0000000000
150937  50.730  45.980  -2.149 0.0000000000
149403  50.078  44.593  -2.685 0.0000000000
195840  49.168  45.563  -4.320 0.0000000000
150953  49.236  45.800  -3.713 0.0000000000
193797  49.161  46.405  -3.865 0.0000000000
151711  49.307  47.126  -4.982 0.0000000000
152423  49.400  47.870  -5.055 0.0000000000
203551  49.504  46.051  -5.298 0.0000000000
149427  50.525  44.114  -6.094 0.0000000000
180968  50.134  45.484  -5.822 0.0000000000
150205  51.123  44.645  -6.463 0.0000000000
150195  51.430  45.374  -6.420 0.0000000000
149438  51.880  44.261  -6.846 0.0000000000
147894  51.628  42.801  -7.104 0.0000000000
145397  51.919  40.417  -7.869 0.0000000000
146286  52.037  41.161  -7.866 0.0000000000
144439  52.571  39.668  -8.873 0.0000000000
186425  52.845  39.593  -9.443 0.0000000000
195605  52.776  38.350  -9.714 0.0000000000
141549  51.876  37.456  -6.796 0.0000000000
142453  51.635  37.996  -7.105 0.0000000000
141555  52.399  36.744  -7.874 0.0000000000
138762  52.772  34.652  -9.627 0.0000000000
139753  52.834  35.635  -9.892 0.0000000000
139755  52.057  35.509  -9.913 0.0000000000
139750  51.790  35.954  -9.791 0.0000000000
138764  51.620  35.186  -9.490 0.0000000000
138757  50.490  35.146  -8.331 0.0000000000
138746  50.711  34.324  -8.023 0.0000000000
135695  50.436  32.382  -6.668 0.0000000000
136662  50.095  32.612  -6.499 0.0000000000
135684  49.733  31.763  -6.347 0.0000000000
135685  48.587  31.230  -6.403 0.0000000000
134583  48.513  31.234  -4.083 0.0000000000
133516  47.332  30.674  -4.313 0.0000000000
134568  48.111  31.733  -3.392 0.0000000000
137675  48.153  33.890  -2.006 0.0000000000
136609  47.634  33.056  -2.141 0.0000000000
136599  47.308  33.426  -1.738 0.0000000000
136600  46.750  33.236  -1.467 0.0000000000
138659  47.083  34.522  -0.900 0.0000000000
140575  51.001  36.428  1.274 0.0000000000
140591  50.086  36.481  0.383 0.0000000000
140577  49.840  36.448  1.037 0.0000000000
140558  48.240  36.151  2.276 0.0000000000
140579  48.351  36.295  1.195 0.0000000000
139612  47.633  36.071  1.333 0.0000000000
139614  46.523  35.315  0.797 0.0000000000
176754  46.385  35.493  1.486 0.0000000000
139603  45.804  35.251  1.825 0.0000000000
139602  46.342  35.591  2.231 0.0000000000
138600  46.619  34.670  5.398 0.0000000000
182827  45.743  34.860  4.557 0.0000000000
138601  45.924  34.567  5.184 0.0000000000
137616  45.054  33.789  5.279 0.0000000000
137612  45.908  33.607  6.080 0.0000000000
141394  53.999  37.029  10.624 0.0000000000
141416  53.889  36.959  9.322 0.0000000000
140482  53.289  36.708  10.301 0.0000000000
138566  51.314  35.313  10.109 0.0000000000
140484  51.996  36.251  9.434 0.0000000000
139515  50.989  35.494  8.908 0.0000000000
139526  50.863  35.452  8.235 0.0000000000
182949  50.578  35.130  8.663 0.0000000000
134466  52.057  31.658  9.792 0.0000000000
135537  51.683  32.219  10.150 0.0000000000
134467  51.434  31.806  9.704 0.0000000000
134608  43.851  31.388  -5.971 0.0000000000
134627  43.015  31.126  -5.858 0.0000000000
133556  44.068  30.446  -6.238 0.0000000000
132411  44.554  30.007  -5.363 0.0000000000
133533  45.064  30.170  -4.749 0.0000000000
184551  48.687  33.142  -5.452 0.0000000000
137732  48.587  33.932  -5.064 0.0000000000
136646  47.635  33.260  -4.577 0.0000000000
136647  46.585  32.903  -4.337 0.0000000000
136633  45.239  32.893  -3.836 0.0000000000
135643  44.552  32.602  -4.053 0.0000000000
180713  45.152  32.309  -4.581 0.0000000000
135674  44.074  31.863  -5.467 0.0000000000
136445  53.665  33.378  17.707 0.0000000000
136435  54.133  33.371  17.816 0.0000000000
135453  53.670  32.620  17.583 0.0000000000
134379  53.946  31.356  17.479 0.0000000000
132183  54.470  30.752  17.163 0.0000000000
141523  55.274  37.663  -5.679 0.0000000000
210231  55.389  36.554  -5.170 0.0000000000
141517  55.460  37.724  -5.146 0.0000000000
141512  55.121  37.505  -3.671 0.0000000000
142418  54.750  37.625  -2.588 0.0000000000
145207  49.515  40.881  9.665 0.0000000000
145206  50.404  40.941  9.221 0.0000000000
146109  49.115  41.341  10.379 0.0000000000
145193  49.518  41.240  11.036 0.0000000000
147832  54.696  42.990  -3.255 0.0000000000
146987  53.833  42.559  -3.160 0.0000000000
147005  53.713  41.889  -3.465 0.0000000000
145336  54.020  40.942  -4.093 0.0000000000
145351  53.668  40.298  -4.199 0.0000000000
143406  53.730  38.941  -4.876 0.0000000000
143417  54.657  39.030  -5.250 0.0000000000
142436  55.159  38.252  -5.642 0.0000000000
139552  55.069  35.932  4.601 0.0000000000
139567  54.419  35.774  4.001 0.0000000000
140535  54.941  36.296  5.580 0.0000000000
140529  54.501  36.362  5.979 0.0000000000
176276  54.028  36.588  6.993 0.0000000000
134574  42.511  31.191  -2.924 0.0000000000
134575  41.784  31.077  -2.793 0.0000000000
134561  42.248  31.491  -2.151 0.0000000000
134548  42.738  31.719  -1.245 0.0000000000
134540  42.753  31.869  -0.376 0.0000000000
135588  42.657  32.276  0.997 0.0000000000
136585  43.120  32.500  0.694 0.0000000000
136573  43.534  33.369  1.257 0.0000000000
137630  44.147  34.267  1.976 0.0000000000
145443  52.406  40.101  -9.968 0.0000000000
146305  52.004  41.062  -9.789 0.0000000000
208913  51.410  39.815  -9.494 0.0000000000
144440  50.836  39.659  -8.924 0.0000000000
200225  49.815  39.126  -7.677 0.0000000000
137700  41.208  33.672  -2.843 0.0000000000
137701  40.598  33.622  -2.784 0.0000000000
136612  39.449  33.156  -2.300 0.0000000000
135625  39.440  32.554  -2.664 0.0000000000
147813  53.777  42.757  -0.704 0.0000000000
146964  53.734  42.036  -0.959 0.0000000000
146955  53.152  42.466  -0.482 0.0000000000
146175  52.019  41.575  0.046 0.0000000000
150141  49.442  44.709  1.135 0.0000000000
150152  50.100  45.573  0.883 0.0000000000
193848  50.661  45.015  1.279 0.0000000000
149364  52.216  45.161  1.184 0.0000000000
150151  52.874  45.348  1.039 0.0000000000
149381  53.919  45.184  0.171 0.0000000000
148613  53.202  44.288  0.394 0.0000000000
181890  53.733  43.824  -0.107 0.0000000000
142292  54.947  38.268  13.728 0.0000000000
199388  54.843  37.755  13.006 0.0000000000
141367  54.916  37.353  14.214 0.0000000000
185665  54.863  36.753  14.424 0.0000000000
139455  54.662  35.652  14.561 0.0000000000
135484  56.452  32.020  15.676 0.0000000000
136496  56.172  32.701  15.353 0.0000000000
134418  56.733  31.517  14.481 0.0000000000
134419  56.488  31.572  13.910 0.0000000000
134442  56.769  31.161  12.699 0.0000000000
135682  50.736  31.640  -6.124 0.0000000000
135668  50.682  31.515  -5.539 0.0000000000
135681  51.229  31.934  -5.686 0.0000000000
135667  51.672  32.507  -5.255 0.0000000000
137720  51.956  33.463  -4.465 0.0000000000
138688  56.103  34.336  -2.390 0.0000000000
137672  55.789  34.277  -2.245 0.0000000000
138671  56.148  34.560  -1.797 0.0000000000
138642  56.513  34.923  -0.524 0.0000000000
139639  55.861  35.111  -0.012 0.0000000000
139608  56.016  35.429  1.177 0.0000000000
139607  56.735  35.520  1.327 0.0000000000
140545  57.089  36.409  3.050 0.0000000000
141454  56.872  37.096  3.956 0.0000000000
143351  53.469  39.062  0.971 0.0000000000
143366  53.909  38.515  0.060 0.0000000000
143347  53.584  39.031  1.682 0.0000000000
143346  54.216  38.836  2.039 0.0000000000
144313  54.210  39.580  3.765 0.0000000000
209120  53.427  43.064  8.482 0.0000000000
146908  53.873  42.390  6.952 0.0000000000
147705  53.858  42.947  8.202 0.0000000000
146894  54.493  42.640  7.493 0.0000000000
146121  54.584  41.872  7.512 0.0000000000
145219  54.694  40.437  7.049 0.0000000000
146113  54.241  41.610  8.133 0.0000000000
183444  53.895  41.199  8.819 0.0000000000
145199  53.796  40.856  10.429 0.0000000000
144215  54.231  40.202  11.127 0.0000000000
145191  53.877  41.305  11.297 0.0000000000
145181  54.077  41.162  12.501 0.0000000000
146065  53.860  41.216  13.362 0.0000000000
142305  52.028  37.866  13.871 0.0000000000
142304  52.368  38.445  13.444 0.0000000000
142280  52.269  37.839  14.671 0.0000000000
141355  51.815  37.284  14.989 0.0000000000
157598  49.367  54.124  -4.867 0.0000000000
158433  50.649  54.432  -4.647 0.0000000000
157597  51.200  53.925  -4.940 0.0000000000
156787  51.598  53.527  -5.409 0.0000000000
156025  50.904  52.063  -5.390 0.0000000000
154627  50.368  50.438  -5.697 0.0000000000
200788  50.132  49.307  -5.764 0.0000000000
187641  51.331  50.454  -0.755 0.0000000000
154584  50.574  50.668  -1.107 0.0000000000
154568  52.117  50.198  -0.951 0.0000000000
153124  51.797  49.198  -1.778 0.0000000000
147837  50.220  42.985  -3.081 0.0000000000
149409  49.750  44.067  -3.098 0.0000000000
147851  49.541  43.279  -3.980 0.0000000000
148643  49.337  43.829  -4.280 0.0000000000
149421  49.237  44.399  -4.535 0.0000000000
150193  49.573  45.445  -5.423 0.0000000000
189624  49.659  44.040  -5.379 0.0000000000
148666  49.998  43.749  -5.740 0.0000000000
147886  50.491  42.802  -6.180 0.0000000000
147061  51.508  42.135  -7.165 0.0000000000
147062  50.818  41.746  -6.609 0.0000000000
145384  51.108  40.306  -6.974 0.0000000000
186490  51.690  39.181  -7.670 0.0000000000
208760  54.065  35.248  -8.021 0.0000000000
207558  53.204  35.765  -8.877 0.0000000000
138754  53.778  34.733  -8.965 0.0000000000
137771  53.219  34.317  -9.317 0.0000000000
137765  51.816  33.734  -8.815 0.0000000000
137766  51.171  33.610  -8.177 0.0000000000
202912  51.677  33.275  -8.179 0.0000000000
135701  51.340  32.521  -7.133 0.0000000000
136618  49.251  33.064  -3.261 0.0000000000
181209  48.649  33.047  -2.866 0.0000000000
137673  49.246  34.200  -2.463 0.0000000000
138676  48.606  34.464  -1.915 0.0000000000
138657  48.785  35.237  -1.403 0.0000000000
139586  50.869  36.030  2.964 0.0000000000
140556  49.994  36.288  2.237 0.0000000000
140548  49.505  36.192  2.692 0.0000000000
139587  48.979  36.054  3.059 0.0000000000
139575  47.876  35.823  3.462 0.0000000000
186977  47.243  35.726  3.407 0.0000000000
203653  47.376  35.554  3.965 0.0000000000
210633  47.655  35.031  5.141 0.0000000000
138594  46.938  34.347  5.935 0.0000000000
139480  53.021  36.057  11.992 0.0000000000
140473  52.720  36.358  10.692 0.0000000000
139482  51.895  35.277  11.302 0.0000000000
202435  51.593  34.926  10.920 0.0000000000
138556  50.956  34.322  10.380 0.0000000000
135663  40.737  31.642  -4.512 0.0000000000
134587  40.163  31.343  -4.236 0.0000000000
134596  40.995  31.184  -5.003 0.0000000000
132428  41.007  30.095  -5.104 0.0000000000
132414  41.533  29.948  -4.978 0.0000000000
132425  42.770  30.190  -5.170 0.0000000000
133536  42.796  30.360  -4.428 0.0000000000
133521  42.636  30.767  -3.690 0.0000000000
134573  43.808  31.346  -2.582 0.0000000000
134559  44.499  31.537  -1.828 0.0000000000
135604  44.958  32.447  -0.788 0.0000000000
184453  50.291  36.578  -8.095 0.0000000000
141557  50.158  37.293  -7.955 0.0000000000
140665  48.957  36.233  -6.061 0.0000000000
138712  48.391  34.663  -4.787 0.0000000000
136634  43.971  32.969  -3.755 0.0000000000
136622  42.883  33.306  -3.270 0.0000000000
136637  41.804  32.831  -3.858 0.0000000000
135647  41.497  32.369  -4.262 0.0000000000
149384  48.057  44.661  0.690 0.0000000000
149368  49.379  44.208  1.404 0.0000000000
148599  49.637  43.911  1.512 0.0000000000
140413  54.691  36.353  16.798 0.0000000000
139420  55.089  35.757  16.301 0.0000000000
187469  54.822  35.666  17.061 0.0000000000
137457  55.129  34.240  17.486 0.0000000000
187551  55.723  33.061  16.783 0.0000000000
135436  54.801  32.431  17.633 0.0000000000
136444  55.414  32.622  17.281 0.0000000000
198033  56.269  31.877  16.422 0.0000000000
134396  56.748  31.356  15.995 0.0000000000
208362  57.185  30.238  15.370 0.0000000000
137746  54.648  33.471  -7.530 0.0000000000
137738  53.700  33.637  -5.880 0.0000000000
137737  54.347  33.935  -6.202 0.0000000000
138717  54.809  34.715  -5.061 0.0000000000
138710  55.406  34.524  -3.576 0.0000000000
184297  55.157  36.029  -4.469 0.0000000000
139695  55.365  35.291  -3.689 0.0000000000
192813  55.756  34.971  -3.087 0.0000000000
139673  56.469  35.139  -1.804 0.0000000000
183361  56.885  35.513  -0.717 0.0000000000
141471  57.111  36.455  0.620 0.0000000000
175736  51.951  40.615  5.764 0.0000000000
145265  52.581  40.541  5.368 0.0000000000
145254  51.980  40.878  6.366 0.0000000000
146133  52.341  41.265  6.918 0.0000000000
146122  52.518  41.905  7.965 0.0000000000
146107  51.641  41.974  9.174 0.0000000000
146114  52.362  42.338  8.694 0.0000000000
146878  52.748  43.379  9.586 0.0000000000
147685  52.206  43.138  10.629 0.0000000000
146861  52.430  42.954  11.195 0.0000000000
146842  53.023  42.326  12.136 0.0000000000
145182  52.487  41.681  12.211 0.0000000000
144208  52.449  40.759  12.298 0.0000000000
143253  52.129  39.199  12.330 0.0000000000
200150  51.515  38.575  12.006 0.0000000000
142309  52.023  38.499  12.684 0.0000000000
141373  51.494  37.375  13.474 0.0000000000
141369  51.061  36.922  13.877 0.0000000000
140442  50.644  36.479  14.262 0.0000000000
187107  51.317  52.627  -2.811 0.0000000000
150935  52.345  46.378  -1.615 0.0000000000
150936  51.507  46.194  -1.889 0.0000000000
150173  51.918  45.127  -1.985 0.0000000000
149401  51.465  44.437  -2.172 0.0000000000
148627  51.026  43.858  -2.394 0.0000000000
199516  52.393  42.463  -2.865 0.0000000000
147835  51.383  42.573  -2.791 0.0000000000
147836  50.787  42.745  -2.871 0.0000000000
147007  50.623  41.744  -3.472 0.0000000000
146220  50.524  41.174  -3.869 0.0000000000
199178  50.612  39.934  -4.925 0.0000000000
144413  50.813  39.351  -5.895 0.0000000000
143421  51.115  38.931  -5.355 0.0000000000
142440  51.835  38.124  -5.371 0.0000000000
140664  52.546  36.716  -6.617 0.0000000000
142438  53.114  37.886  -5.246 0.0000000000
141537  53.598  36.870  -6.014 0.0000000000
191437  53.919  36.034  -6.960 0.0000000000
190598  54.600  34.996  -7.961 0.0000000000
138744  55.261  34.289  -7.869 0.0000000000
140589  52.422  36.359  0.240 0.0000000000
140604  50.939  36.441  -0.418 0.0000000000
140574  51.830  36.445  0.636 0.0000000000
140562  52.315  36.231  1.875 0.0000000000
140553  51.893  36.164  2.431 0.0000000000
176289  53.666  35.758  4.070 0.0000000000
139569  52.465  35.737  3.631 0.0000000000
139585  51.533  35.982  3.026 0.0000000000
177228  51.367  35.606  4.156 0.0000000000
139545  51.061  35.412  5.086 0.0000000000
139538  50.566  35.216  5.557 0.0000000000
135530  53.258  32.180  11.118 0.0000000000
135527  52.646  32.716  11.509 0.0000000000
134458  52.959  31.841  10.431 0.0000000000
131321  39.127  29.371  -1.063 0.0000000000
134598  39.834  30.548  -4.438 0.0000000000
132404  39.611  29.611  -4.152 0.0000000000
132395  39.636  29.519  -3.038 0.0000000000
134576  41.239  30.895  -2.669 0.0000000000
209074  40.151  29.841  -2.802 0.0000000000
132390  39.853  29.871  -2.126 0.0000000000
133493  40.342  30.587  -1.469 0.0000000000
133489  40.319  30.752  -0.768 0.0000000000
133484  40.308  30.892  -0.100 0.0000000000
134527  40.871  31.254  0.905 0.0000000000
135581  42.548  32.510  1.679 0.0000000000
135582  42.112  32.165  2.024 0.0000000000
135565  42.515  32.545  3.690 0.0000000000
147087  51.624  41.483  -9.497 0.0000000000
191652  51.714  42.191  -9.520 0.0000000000
184628  49.817  37.767  -7.619 0.0000000000
143440  49.362  38.741  -7.175 0.0000000000
145329  55.625  41.034  -3.733 0.0000000000
144379  55.262  39.668  -3.260 0.0000000000
145322  55.044  40.824  -2.529 0.0000000000
145314  54.077  40.299  -1.700 0.0000000000
144364  53.376  39.731  -0.928 0.0000000000
146190  53.469  41.045  -1.034 0.0000000000
145302  53.151  40.270  -0.776 0.0000000000
144352  53.168  39.564  -0.287 0.0000000000
181440  52.887  39.451  0.948 0.0000000000
144324  52.187  39.489  2.679 0.0000000000
144305  51.528  39.826  4.474 0.0000000000
145266  51.359  40.592  6.012 0.0000000000
145236  50.982  40.643  6.725 0.0000000000
177811  50.567  40.433  7.216 0.0000000000
153841  48.744  49.368  -1.405 0.0000000000
153110  47.885  48.732  -0.909 0.0000000000
153109  48.733  49.021  -0.908 0.0000000000
153840  49.593  49.385  -0.916 0.0000000000
154570  51.240  49.590  -0.375 0.0000000000
153089  52.108  48.899  -0.361 0.0000000000
152408  52.573  48.223  -0.684 0.0000000000
150911  50.335  46.156  0.721 0.0000000000
152366  52.113  47.915  0.350 0.0000000000
152389  52.682  47.979  -0.252 0.0000000000
151686  52.986  47.546  -0.657 0.0000000000
204818  53.515  46.158  -1.151 0.0000000000
187915  53.653  44.980  -1.919 0.0000000000
149398  53.830  44.433  -2.223 0.0000000000
149395  54.789  44.775  -1.095 0.0000000000
149397  54.888  44.404  -1.976 0.0000000000
148630  54.694  43.649  -2.783 0.0000000000
147831  55.247  43.160  -3.075 0.0000000000
147002  55.528  42.064  -3.547 0.0000000000
141402  55.714  37.589  9.538 0.0000000000
141415  55.411  37.382  9.334 0.0000000000
141393  55.153  37.586  10.586 0.0000000000
184636  54.609  37.372  10.978 0.0000000000
140471  54.039  37.050  11.332 0.0000000000
141372  54.724  37.426  12.972 0.0000000000
140453  54.323  36.853  12.836 0.0000000000
140454  53.657  36.441  12.370 0.0000000000
139471  53.246  35.742  12.651 0.0000000000
137555  52.790  34.302  12.865 0.0000000000
136514  53.127  33.504  12.933 0.0000000000
139431  55.091  35.740  15.584 0.0000000000
138510  55.176  34.756  15.121 0.0000000000
138521  54.850  34.923  14.822 0.0000000000
136505  55.749  32.871  14.743 0.0000000000
136506  55.357  33.242  14.677 0.0000000000
137532  54.623  34.321  14.534 0.0000000000
136510  54.474  33.116  13.830 0.0000000000
136513  53.862  32.958  13.144 0.0000000000
209578  53.637  32.463  12.109 0.0000000000
134451  54.621  31.767  11.293 0.0000000000
134621  47.389  30.562  -6.268 0.0000000000
132419  47.117  30.048  -6.068 0.0000000000
133543  47.744  30.190  -5.853 0.0000000000
133529  48.632  30.621  -4.875 0.0000000000
134582  49.146  31.537  -4.190 0.0000000000
201593  50.321  31.476  -5.103 0.0000000000
135640  49.950  32.280  -4.129 0.0000000000
135641  49.561  32.500  -3.736 0.0000000000
180652  50.130  33.970  -3.178 0.0000000000
138693  50.547  34.569  -2.948 0.0000000000
140633  51.359  35.847  -1.888 0.0000000000
137730  53.461  33.686  -5.119 0.0000000000
137719  52.650  33.677  -4.529 0.0000000000
138702  52.875  34.445  -3.689 0.0000000000
205947  54.650  34.390  -2.714 0.0000000000
138690  53.463  34.662  -3.164 0.0000000000
195237  52.796  34.880  -3.172 0.0000000000
139687  52.241  35.214  -2.843 0.0000000000
139676  52.543  35.700  -2.132 0.0000000000
186641  52.178  36.343  -0.944 0.0000000000
140601  53.003  36.165  -0.214 0.0000000000
177123  54.413  35.728  1.616 0.0000000000
139581  55.148  35.633  2.834 0.0000000000
204935  55.588  35.561  1.787 0.0000000000
176529  55.907  35.668  3.006 0.0000000000
139551  55.770  35.930  4.351 0.0000000000
140534  55.957  36.412  5.384 0.0000000000
141446  56.266  36.839  6.176 0.0000000000
142357  56.125  37.500  7.570 0.0000000000
143393  54.836  38.883  -2.977 0.0000000000
143386  54.470  38.377  -2.380 0.0000000000
142412  54.792  37.394  -1.684 0.0000000000
142396  54.334  38.021  -0.121 0.0000000000
142395  54.867  37.526  -0.295 0.0000000000
141481  55.350  37.163  -0.461 0.0000000000
195799  56.251  36.946  0.265 0.0000000000
141465  56.654  36.973  0.670 0.0000000000
179065  56.732  37.760  1.756 0.0000000000
145272  53.347  40.313  4.907 0.0000000000
144303  53.823  39.864  4.314 0.0000000000
144302  54.767  39.995  4.345 0.0000000000
146143  54.713  41.754  6.048 0.0000000000
145263  54.887  41.040  5.281 0.0000000000
144312  55.168  39.521  3.761 0.0000000000
143335  55.832  39.202  3.309 0.0000000000
143343  56.769  38.320  2.469 0.0000000000
142377  57.002  37.690  2.185 0.0000000000
142373  56.729  38.464  3.449 0.0000000000
143331  56.391  38.630  4.572 0.0000000000
143328  56.241  38.414  5.218 0.0000000000
190535  55.055  39.968  6.413 0.0000000000
210557  55.137  39.014  6.595 0.0000000000
142363  56.143  37.747  6.311 0.0000000000
143321  56.033  37.816  7.123 0.0000000000
143309  55.733  37.976  7.999 0.0000000000
142337  55.816  37.667  9.027 0.0000000000
143277  55.577  38.143  9.817 0.0000000000
143270  55.204  38.704  10.884 0.0000000000
204299  55.049  38.704  12.123 0.0000000000
144206  54.854  39.444  12.158 0.0000000000
143242  54.940  38.812  13.399 0.0000000000
143229  54.881  39.051  14.138 0.0000000000
142272  54.709  38.634  15.194 0.0000000000
142273  54.289  38.598  15.974 0.0000000000
146073  53.173  41.931  12.449 0.0000000000
145166  53.540  41.405  13.131 0.0000000000
144174  53.728  40.426  14.654 0.0000000000
143244  52.899  39.138  13.867 0.0000000000
143230  53.518  39.905  14.950 0.0000000000
144169  53.906  39.996  15.222 0.0000000000
144160  53.878  39.522  15.631 0.0000000000
142266  53.831  38.761  16.157 0.0000000000
179969  54.097  37.918  16.461 0.0000000000
141331  53.666  37.152  17.346 0.0000000000
140408  53.772  36.462  17.646 0.0000000000
139409  53.445  35.244  17.554 0.0000000000
137452  53.039  34.547  17.715 0.0000000000
156037  52.668  52.337  -6.252 0.0000000000
156038  51.386  51.916  -5.893 0.0000000000
155311  52.077  51.596  -6.103 0.0000000000
154625  52.358  50.650  -6.147 0.0000000000
153890  52.733  49.204  -6.116 0.0000000000
153166  53.002  48.594  -6.086 0.0000000000
151713  52.938  46.744  -6.404 0.0000000000
155278  51.294  51.689  -2.986 0.0000000000
155279  50.409  50.949  -3.836 0.0000000000
195530  51.056  46.671  -1.975 0.0000000000
151698  50.757  47.167  -2.173 0.0000000000
150946  49.505  45.805  -3.026 0.0000000000
153871  49.507  48.968  -3.934 0.0000000000
154598  49.980  50.096  -3.970 0.0000000000
154613  49.684  49.830  -4.793 0.0000000000
153162  49.865  48.103  -5.584 0.0000000000
152430  50.207  47.726  -5.818 0.0000000000
150963  49.971  46.007  -5.718 0.0000000000
181831  50.469  46.524  -5.986 0.0000000000
152429  50.790  47.632  -6.001 0.0000000000
151715  51.323  46.421  -6.234 0.0000000000
150961  52.208  46.310  -6.458 0.0000000000
150969  52.393  45.691  -6.616 0.0000000000
149437  52.705  44.567  -7.087 0.0000000000
147068  52.661  42.162  -8.277 0.0000000000
147069  52.077  41.809  -7.770 0.0000000000
146285  52.574  41.520  -8.458 0.0000000000
146297  52.711  41.160  -8.995 0.0000000000
197717  52.654  40.010  -9.919 0.0000000000
143462  52.394  38.503  -10.097 0.0000000000
142465  51.306  37.919  -9.489 0.0000000000
143439  51.056  38.977  -6.479 0.0000000000
143438  51.390  38.703  -7.078 0.0000000000
208693  52.613  37.995  -9.050 0.0000000000
140686  52.955  36.168  -9.251 0.0000000000
141561  52.671  36.783  -9.208 0.0000000000
142469  52.772  37.685  -9.622 0.0000000000
141573  52.576  37.683  -10.104 0.0000000000
140692  52.033  36.825  -10.113 0.0000000000
140687  50.799  36.438  -8.777 0.0000000000
140688  50.423  35.890  -8.280 0.0000000000
138747  50.202  34.878  -7.586 0.0000000000
138724  49.725  34.359  -6.337 0.0000000000
137748  50.693  33.491  -7.329 0.0000000000
137739  49.902  33.514  -6.411 0.0000000000
136653  49.147  32.934  -5.854 0.0000000000
136654  48.648  32.260  -5.937 0.0000000000
135686  47.987  31.124  -6.232 0.0000000000
132409  46.399  29.942  -5.578 0.0000000000
133532  46.302  30.297  -4.594 0.0000000000
134586  46.198  31.088  -2.947 0.0000000000
135633  47.753  32.144  -2.830 0.0000000000
135634  47.112  31.987  -2.572 0.0000000000
134557  46.079  31.535  -2.329 0.0000000000
135623  45.677  31.852  -1.835 0.0000000000
136602  45.550  32.735  -1.062 0.0000000000
136592  45.191  33.082  -0.453 0.0000000000
140605  50.289  36.433  -0.277 0.0000000000
139643  49.075  35.861  -0.707 0.0000000000
139662  48.349  35.447  -0.852 0.0000000000
140578  49.025  36.417  0.995 0.0000000000
139629  48.200  35.947  0.268 0.0000000000
138644  47.413  34.960  -0.648 0.0000000000
205396  46.889  34.796  -0.430 0.0000000000
137645  45.716  34.301  0.162 0.0000000000
137646  45.111  34.061  0.464 0.0000000000
137637  44.878  34.336  1.107 0.0000000000
138615  44.912  34.854  2.050 0.0000000000
182511  44.511  34.773  3.038 0.0000000000
139577  46.096  35.397  3.521 0.0000000000
138609  44.986  34.918  3.666 0.0000000000
137624  44.402  34.551  3.714 0.0000000000
137617  44.624  33.979  4.827 0.0000000000
141431  54.695  36.977  8.225 0.0000000000
140508  53.858  36.823  8.175 0.0000000000
180787  52.988  36.589  7.961 0.0000000000
140483  52.487  36.370  9.954 0.0000000000
140510  52.529  36.490  8.576 0.0000000000
200776  52.560  36.312  7.404 0.0000000000
184392  51.276  35.598  6.890 0.0000000000
197951  50.798  35.197  6.586 0.0000000000
138581  50.189  34.927  6.895 0.0000000000
136522  52.053  32.911  11.108 0.0000000000
136524  51.208  33.229  10.440 0.0000000000
137580  50.802  33.668  10.157 0.0000000000
183038  50.853  31.992  9.619 0.0000000000
136527  50.490  33.186  9.837 0.0000000000
137592  50.368  34.403  9.468 0.0000000000
138578  50.125  34.644  8.765 0.0000000000
138583  49.522  34.422  7.749 0.0000000000
138586  49.720  34.805  6.403 0.0000000000
138587  48.304  34.343  6.419 0.0000000000
138588  47.882  34.062  6.603 0.0000000000
132194  53.421  30.105  16.992 0.0000000000
132204  54.445  30.167  16.324 0.0000000000
132215  54.780  30.080  15.398 0.0000000000
192536  55.277  30.241  15.977 0.0000000000
132184  53.849  30.545  17.209 0.0000000000
132190  56.445  30.348  16.093 0.0000000000
132193  54.130  30.294  16.931 0.0000000000
132203  56.171  30.158  15.836 0.0000000000
132205  53.654  29.966  16.568 0.0000000000
132384  40.003  30.035  -1.210 0.0000000000
132402  40.727  29.696  -4.259 0.0000000000
132412  43.938  30.045  -5.146 0.0000000000
132413  43.076  30.214  -4.979 0.0000000000
132415  40.903  29.765  -4.849 0.0000000000
132416  40.529  29.826  -4.842 0.0000000000
132417  40.067  29.926  -4.601 0.0000000000
132420  46.711  29.839  -5.876 0.0000000000
132421  45.342  29.973  -5.912 0.0000000000
132422  44.971  29.996  -5.895 0.0000000000
132423  44.111  30.061  -5.841 0.0000000000
132427  41.388  30.057  -5.131 0.0000000000
132433  46.586  30.267  -6.322 0.0000000000
132435  45.187  30.162  -6.389 0.0000000000
132436  44.452  30.183  -6.258 0.0000000000
132437  43.734  30.272  -5.977 0.0000000000
132438  43.059  30.318  -5.757 0.0000000000
132439  42.530  30.371  -5.539 0.0000000000
133311  55.894  31.116  16.924 0.0000000000
133312  55.342  31.186  17.178 0.0000000000
133314  54.195  31.027  17.365 0.0000000000
133321  56.723  30.889  16.129 0.0000000000
133324  55.010  30.915  17.117 0.0000000000
133332  57.168  30.743  15.424 0.0000000000
133333  56.837  30.475  15.883 0.0000000000
133498  40.417  30.514  -2.189 0.0000000000
133504  44.699  30.925  -3.127 0.0000000000
133505  43.978  31.056  -3.110 0.0000000000
133506  43.270  31.173  -3.056 0.0000000000
133508  41.277  30.563  -3.288 0.0000000000
133509  40.703  30.358  -2.929 0.0000000000
133515  48.009  30.695  -4.507 0.0000000000
133517  46.233  30.763  -3.739 0.0000000000
133518  44.903  30.550  -3.896 0.0000000000
133522  41.287  30.062  -4.001 0.0000000000
133523  39.450  30.010  -4.139 0.0000000000
133528  49.200  30.538  -5.350 0.0000000000
133531  46.934  30.217  -4.935 0.0000000000
133537  42.198  30.134  -4.872 0.0000000000
133542  48.614  30.231  -5.782 0.0000000000
133544  47.077  30.089  -5.744 0.0000000000
133545  42.217  30.482  -5.496 0.0000000000
133546  41.618  30.302  -5.330 0.0000000000
133550  48.371  30.319  -6.376 0.0000000000
133551  47.600  30.458  -6.236 0.0000000000
133552  46.893  30.375  -6.334 0.0000000000
133553  46.273  30.359  -6.436 0.0000000000
133554  45.568  30.373  -6.508 0.0000000000
133557  43.337  30.525  -6.028 0.0000000000
133558  42.871  30.610  -5.804 0.0000000000
134368  54.061  31.983  17.618 0.0000000000
134376  55.642  31.449  17.078 0.0000000000
134378  54.799  31.644  17.448 0.0000000000
134387  56.265  31.272  16.651 0.0000000000
134431  56.787  31.191  13.398 0.0000000000
134432  56.404  31.544  13.365 0.0000000000
134441  57.190  30.860  12.956 0.0000000000
134449  56.237  31.356  11.581 0.0000000000
134457  53.692  31.718  10.495 0.0000000000
134472  52.438  31.243  9.393 0.0000000000
134499  42.929  31.846  4.362 0.0000000000
134526  41.586  31.539  1.238 0.0000000000
134543  40.544  31.296  -0.436 0.0000000000
134549  41.745  31.596  -1.426 0.0000000000
134556  46.603  31.854  -2.304 0.0000000000
134558  45.427  31.432  -2.171 0.0000000000
134560  43.211  31.497  -2.222 0.0000000000
134563  40.927  30.976  -2.193 0.0000000000
134569  47.402  31.585  -3.112 0.0000000000
134570  46.721  31.497  -2.771 0.0000000000
134584  47.730  31.162  -3.776 0.0000000000
134592  49.974  31.244  -5.008 0.0000000000
134594  49.054  30.977  -4.593 0.0000000000
134595  41.596  31.491  -5.139 0.0000000000
134597  40.411  30.740  -4.816 0.0000000000
134601  50.324  31.328  -6.109 0.0000000000
134602  50.097  31.063  -5.804 0.0000000000
134605  46.246  31.151  -6.136 0.0000000000
134606  45.441  31.383  -6.100 0.0000000000
134609  43.145  31.347  -5.824 0.0000000000
134610  42.527  31.152  -5.671 0.0000000000
134613  40.814  30.510  -5.166 0.0000000000
134619  49.476  30.782  -6.239 0.0000000000
134620  48.732  30.554  -6.561 0.0000000000
134623  45.804  31.005  -6.540 0.0000000000
134625  44.306  30.978  -6.217 0.0000000000
134626  43.618  30.862  -6.074 0.0000000000
134628  42.428  31.019  -5.668 0.0000000000
135435  55.106  32.331  17.461 0.0000000000
135437  54.409  32.577  17.789 0.0000000000
135438  53.964  32.851  17.728 0.0000000000
135451  55.415  31.958  17.250 0.0000000000
135452  55.004  31.934  17.450 0.0000000000
135454  53.204  32.470  17.258 0.0000000000
135471  55.858  32.323  16.859 0.0000000000
135495  56.425  32.096  14.970 0.0000000000
135496  56.060  32.615  14.888 0.0000000000
135515  55.114  32.511  13.666 0.0000000000
135519  55.164  31.961  12.323 0.0000000000
135521  53.393  32.771  12.479 0.0000000000
135524  54.658  31.970  11.882 0.0000000000
135525  53.911  32.186  11.665 0.0000000000
135526  53.228  32.560  11.850 0.0000000000
135529  53.975  31.854  11.026 0.0000000000
135531  52.528  32.343  10.858 0.0000000000
135532  51.614  32.788  10.578 0.0000000000
135538  50.722  32.595  9.848 0.0000000000
135539  50.248  32.784  9.642 0.0000000000
135541  50.299  32.273  9.497 0.0000000000
135563  42.385  31.973  3.966 0.0000000000
135572  42.415  32.658  2.382 0.0000000000
135589  42.175  31.981  1.382 0.0000000000
135597  43.426  32.380  0.209 0.0000000000
135598  42.815  32.074  0.293 0.0000000000
135606  43.722  32.207  -0.324 0.0000000000
135612  45.915  32.389  -1.523 0.0000000000
135613  45.306  32.135  -1.363 0.0000000000
135614  44.591  31.912  -1.211 0.0000000000
135615  43.987  31.947  -0.807 0.0000000000
135620  47.408  32.495  -2.310 0.0000000000
135622  46.258  32.090  -1.953 0.0000000000
135632  48.401  32.339  -3.099 0.0000000000
135636  39.695  32.269  -3.129 0.0000000000
135642  48.756  31.912  -3.645 0.0000000000
135644  43.545  32.684  -4.251 0.0000000000
135654  50.145  31.865  -4.568 0.0000000000
135655  49.677  31.790  -4.289 0.0000000000
135656  47.088  32.670  -4.684 0.0000000000
135658  44.337  32.245  -4.769 0.0000000000
135660  42.868  32.213  -4.950 0.0000000000
135669  48.094  31.857  -5.902 0.0000000000
135670  47.556  31.658  -5.765 0.0000000000
135671  46.544  31.626  -5.611 0.0000000000
135675  43.354  31.843  -5.435 0.0000000000
135677  42.145  31.465  -5.344 0.0000000000
135683  50.258  31.770  -6.450 0.0000000000
135692  52.051  32.401  -6.515 0.0000000000
135694  50.830  32.085  -6.617 0.0000000000
135700  51.946  32.604  -7.147 0.0000000000
136433  55.067  32.927  17.538 0.0000000000
136434  54.611  33.042  17.771 0.0000000000
136486  55.827  33.321  15.612 0.0000000000
136497  55.765  33.162  15.134 0.0000000000
136498  55.429  33.558  15.047 0.0000000000
136507  54.833  33.564  14.501 0.0000000000
136511  53.785  33.635  13.643 0.0000000000
136519  51.864  33.491  11.390 0.0000000000
136523  51.578  33.364  10.907 0.0000000000
136526  50.881  33.065  10.103 0.0000000000
136529  50.049  33.247  9.468 0.0000000000
136547  45.495  33.063  5.973 0.0000000000
136551  43.990  33.093  4.839 0.0000000000
136553  44.077  33.636  4.658 0.0000000000
136557  43.218  33.469  3.807 0.0000000000
136558  42.753  33.109  3.449 0.0000000000
136564  43.307  33.503  1.805 0.0000000000
136572  43.983  33.568  0.983 0.0000000000
136582  44.805  33.491  0.118 0.0000000000
136583  44.227  33.231  0.386 0.0000000000
136591  45.821  33.338  -0.748 0.0000000000
136601  46.168  32.981  -1.252 0.0000000000
136610  46.499  32.639  -1.693 0.0000000000
136617  49.687  33.082  -3.509 0.0000000000
136619  47.980  32.764  -2.641 0.0000000000
136621  43.610  33.347  -3.231 0.0000000000
136630  50.516  33.085  -3.920 0.0000000000
136635  43.254  32.978  -3.818 0.0000000000
136638  41.259  32.760  -3.769 0.0000000000
136642  51.539  32.857  -4.671 0.0000000000
136643  50.927  32.735  -4.397 0.0000000000
136645  48.191  33.214  -5.013 0.0000000000
136648  45.918  32.736  -4.248 0.0000000000
136651  52.852  33.466  -4.997 0.0000000000
136652  52.161  33.126  -4.918 0.0000000000
136661  52.633  32.894  -6.311 0.0000000000
136669  53.380  33.285  -6.530 0.0000000000
136670  53.079  33.015  -7.190 0.0000000000
136672  50.419  32.929  -6.842 0.0000000000
136681  54.980  33.633  -8.047 0.0000000000
136685  51.867  32.908  -7.730 0.0000000000
136686  51.268  33.043  -7.602 0.0000000000
136696  54.596  33.547  -8.368 0.0000000000
136697  53.968  33.416  -8.455 0.0000000000
136699  52.292  33.249  -8.377 0.0000000000
137450  53.978  34.052  17.919 0.0000000000
137451  53.606  34.034  17.865 0.0000000000
137456  55.318  33.367  17.314 0.0000000000
137458  53.148  34.023  17.627 0.0000000000
137480  55.607  33.925  16.651 0.0000000000
137531  55.137  34.106  14.910 0.0000000000
137556  52.414  34.370  12.293 0.0000000000
137579  51.228  33.845  10.664 0.0000000000
137589  50.336  33.771  9.691 0.0000000000
137604  48.971  34.505  6.577 0.0000000000
137605  48.442  34.100  6.873 0.0000000000
137606  47.534  33.722  6.804 0.0000000000
137611  46.603  33.839  6.272 0.0000000000
137613  45.394  33.586  5.722 0.0000000000
137620  44.328  34.162  4.282 0.0000000000
137625  43.555  33.967  3.499 0.0000000000
137631  43.623  33.994  2.217 0.0000000000
137639  43.786  33.841  1.581 0.0000000000
137654  46.612  34.264  -0.759 0.0000000000
137655  46.061  33.973  -0.471 0.0000000000
137656  45.434  33.714  -0.157 0.0000000000
137661  47.632  33.951  -1.660 0.0000000000
137662  47.038  33.947  -1.268 0.0000000000
137674  48.626  33.771  -2.457 0.0000000000
137687  55.596  34.239  -2.811 0.0000000000
137688  55.194  34.228  -2.503 0.0000000000
137689  54.905  34.146  -3.094 0.0000000000
137690  50.653  33.866  -3.541 0.0000000000
137691  50.078  33.402  -3.534 0.0000000000
137692  49.612  33.647  -3.071 0.0000000000
137693  49.063  33.556  -2.852 0.0000000000
137707  53.218  34.036  -4.127 0.0000000000
137708  52.405  33.931  -4.135 0.0000000000
137711  46.978  34.077  -3.828 0.0000000000
137716  54.523  34.182  -4.711 0.0000000000
137718  53.434  33.859  -4.548 0.0000000000
137722  48.073  33.958  -4.606 0.0000000000
137724  47.062  33.387  -4.184 0.0000000000
137728  54.708  34.360  -5.738 0.0000000000
137736  54.999  34.212  -6.748 0.0000000000
137740  49.510  33.717  -6.020 0.0000000000
137745  55.106  33.955  -7.498 0.0000000000
137747  54.104  33.550  -6.752 0.0000000000
137749  50.243  33.489  -6.798 0.0000000000
137763  53.435  33.822  -8.973 0.0000000000
137764  52.633  33.693  -8.961 0.0000000000
137770  53.771  34.270  -9.057 0.0000000000
137772  52.869  34.126  -9.305 0.0000000000
137773  52.319  34.228  -9.343 0.0000000000
138462  53.057  34.996  17.524 0.0000000000
138464  55.461  34.706  16.691 0.0000000000
138480  55.644  34.500  16.047 0.0000000000
138495  55.171  35.218  15.327 0.0000000000
138531  53.815  35.082  13.768 0.0000000000
138547  52.219  34.934  11.897 0.0000000000
138548  51.763  34.607  11.331 0.0000000000
138555  51.280  34.877  10.480 0.0000000000
138577  50.661  34.992  9.213 0.0000000000
138582  50.034  34.809  7.579 0.0000000000
138585  50.375  35.002  6.191 0.0000000000
138591  49.203  34.839  5.931 0.0000000000
138592  48.477  34.659  6.013 0.0000000000
138593  47.726  34.453  6.084 0.0000000000
138597  49.459  35.098  5.338 0.0000000000
138599  47.317  34.748  5.538 0.0000000000
138603  47.076  35.036  4.998 0.0000000000
138604  46.389  34.972  4.816 0.0000000000
138606  44.782  34.574  4.250 0.0000000000
138608  45.607  35.110  3.931 0.0000000000
138611  44.939  34.965  2.563 0.0000000000
138612  43.945  34.422  3.258 0.0000000000
138614  45.251  34.849  1.539 0.0000000000
138616  44.489  34.697  2.323 0.0000000000
138617  44.025  34.401  2.623 0.0000000000
138622  44.625  34.579  1.708 0.0000000000
138633  56.649  35.124  0.059 0.0000000000
138634  46.061  34.829  0.486 0.0000000000
138635  45.447  34.606  0.814 0.0000000000
138643  55.838  34.814  -0.698 0.0000000000
138645  46.706  35.045  0.173 0.0000000000
138646  46.313  34.581  -0.189 0.0000000000
138652  56.803  34.973  -0.820 0.0000000000
138653  56.362  34.757  -1.115 0.0000000000
138654  55.710  34.674  -1.358 0.0000000000
138655  54.927  34.864  -1.567 0.0000000000
138656  49.254  34.947  -1.919 0.0000000000
138670  56.564  34.881  -1.292 0.0000000000
138674  53.971  34.883  -2.559 0.0000000000
138677  48.034  34.338  -1.642 0.0000000000
138687  56.303  34.782  -1.793 0.0000000000
138689  54.235  34.306  -3.121 0.0000000000
138691  52.322  34.733  -3.368 0.0000000000
138700  55.738  34.391  -2.947 0.0000000000
138703  52.049  34.280  -3.739 0.0000000000
138704  51.351  34.081  -3.676 0.0000000000
138711  54.970  34.325  -4.143 0.0000000000
138713  47.864  34.673  -4.347 0.0000000000
138718  49.295  34.713  -5.834 0.0000000000
138721  55.450  35.129  -7.023 0.0000000000
138722  55.255  34.780  -6.557 0.0000000000
138723  50.002  34.169  -6.749 0.0000000000
138734  49.828  34.775  -6.712 0.0000000000
138743  55.351  34.837  -7.473 0.0000000000
138745  54.920  34.470  -8.202 0.0000000000
138752  54.816  33.986  -8.323 0.0000000000
138756  51.028  34.775  -8.893 0.0000000000
138761  53.238  34.730  -9.373 0.0000000000
138763  52.185  34.862  -9.693 0.0000000000
138766  52.916  35.123  -9.745 0.0000000000
138767  52.579  35.293  -9.900 0.0000000000
139408  53.962  35.617  17.665 0.0000000000
139412  55.000  35.071  17.171 0.0000000000
139413  52.625  35.970  17.594 0.0000000000
139464  53.778  35.749  13.352 0.0000000000
139472  52.669  35.496  12.160 0.0000000000
139481  52.451  35.634  11.628 0.0000000000
139490  52.289  35.806  11.004 0.0000000000
139491  51.718  35.446  10.614 0.0000000000
139500  51.723  35.857  9.917 0.0000000000
139501  51.094  35.461  9.571 0.0000000000
139514  51.515  35.890  9.200 0.0000000000
139528  51.362  35.760  7.690 0.0000000000
139531  51.702  35.750  6.457 0.0000000000
139536  51.818  35.709  5.809 0.0000000000
139537  51.225  35.361  5.649 0.0000000000
139540  55.394  36.207  5.211 0.0000000000
139541  54.550  36.096  5.103 0.0000000000
139543  52.793  35.865  5.155 0.0000000000
139547  49.732  35.363  4.798 0.0000000000
139554  52.402  35.645  4.159 0.0000000000
139556  50.903  35.510  4.507 0.0000000000
139558  49.262  35.592  4.235 0.0000000000
139559  48.455  35.496  4.422 0.0000000000
139560  47.665  35.358  4.588 0.0000000000
139562  46.221  35.229  4.191 0.0000000000
139565  56.030  35.823  3.769 0.0000000000
139566  55.261  35.778  3.934 0.0000000000
139568  53.039  35.718  3.846 0.0000000000
139570  51.853  35.720  3.729 0.0000000000
139571  51.163  35.787  3.580 0.0000000000
139572  50.144  36.047  2.986 0.0000000000
139576  46.736  35.496  3.769 0.0000000000
139578  45.480  35.260  3.308 0.0000000000
139582  54.315  35.735  2.755 0.0000000000
139588  48.367  36.031  2.955 0.0000000000
139589  47.600  35.944  2.773 0.0000000000
139590  46.710  35.665  2.992 0.0000000000
139591  45.938  35.448  2.858 0.0000000000
139595  57.215  35.865  1.800 0.0000000000
139596  56.890  35.671  1.829 0.0000000000
139597  56.260  35.558  1.826 0.0000000000
139599  53.651  35.942  1.392 0.0000000000
139601  47.618  36.078  2.026 0.0000000000
139604  45.332  35.098  2.169 0.0000000000
139606  57.194  35.747  1.173 0.0000000000
139610  54.472  35.704  1.018 0.0000000000
139611  53.770  35.915  0.682 0.0000000000
139613  47.022  35.674  1.114 0.0000000000
139623  57.143  35.675  0.464 0.0000000000
139624  56.813  35.391  0.653 0.0000000000
139625  56.165  35.251  0.503 0.0000000000
139627  54.575  35.591  0.268 0.0000000000
139630  47.959  36.076  0.762 0.0000000000
139631  47.089  35.497  0.497 0.0000000000
139637  57.062  35.503  -0.055 0.0000000000
139638  56.963  35.284  -0.522 0.0000000000
139644  48.553  35.857  -0.208 0.0000000000
139645  47.865  35.497  -0.323 0.0000000000
139646  47.234  35.316  -0.115 0.0000000000
139658  52.953  35.930  -1.628 0.0000000000
139659  50.568  35.736  -1.743 0.0000000000
139660  50.030  35.814  -1.353 0.0000000000
139663  47.848  35.094  -0.896 0.0000000000
139674  54.177  35.262  -1.860 0.0000000000
139675  53.393  35.516  -2.065 0.0000000000
139677  51.825  35.622  -2.306 0.0000000000
139678  50.940  35.324  -2.461 0.0000000000
139685  56.149  34.760  -2.487 0.0000000000
139689  51.127  34.878  -2.938 0.0000000000
139708  55.532  35.985  -6.082 0.0000000000
139709  55.167  35.435  -5.537 0.0000000000
139718  55.438  35.393  -6.365 0.0000000000
139728  54.998  35.439  -7.380 0.0000000000
139729  54.170  35.562  -7.532 0.0000000000
139730  53.295  35.946  -7.412 0.0000000000
139738  55.151  34.876  -7.700 0.0000000000
139739  53.977  35.020  -8.442 0.0000000000
139740  53.501  35.504  -8.193 0.0000000000
139741  50.159  35.496  -7.770 0.0000000000
139754  52.554  35.838  -10.014 0.0000000000
140420  54.950  36.398  15.960 0.0000000000
140461  54.135  37.010  12.058 0.0000000000
140462  53.518  36.574  11.682 0.0000000000
140463  52.889  36.196  11.333 0.0000000000
140494  53.240  36.733  9.590 0.0000000000
140495  52.545  36.499  9.212 0.0000000000
140496  51.952  36.296  8.825 0.0000000000
140511  52.073  36.253  7.990 0.0000000000
140518  53.663  36.666  7.596 0.0000000000
140519  53.207  36.451  7.221 0.0000000000
140520  51.950  36.028  7.071 0.0000000000
140522  56.017  36.844  6.622 0.0000000000
140524  54.730  36.523  6.484 0.0000000000
140525  53.441  36.339  6.582 0.0000000000
140527  56.226  36.703  5.738 0.0000000000
140528  55.874  36.599  6.111 0.0000000000
140530  53.738  36.264  6.011 0.0000000000
140531  52.970  36.191  6.129 0.0000000000
140533  56.397  36.437  4.868 0.0000000000
140536  54.114  36.209  5.548 0.0000000000
140540  56.647  36.315  4.215 0.0000000000
140542  55.836  36.122  4.847 0.0000000000
140546  56.850  36.143  3.551 0.0000000000
140547  56.531  36.030  3.867 0.0000000000
140551  57.210  36.210  2.260 0.0000000000
140552  56.992  36.027  2.917 0.0000000000
140554  51.211  36.210  2.364 0.0000000000
140555  50.574  36.227  2.346 0.0000000000
140557  48.876  36.216  2.468 0.0000000000
140561  52.789  36.238  1.375 0.0000000000
140563  51.535  36.358  1.725 0.0000000000
140565  49.916  36.387  1.653 0.0000000000
140566  49.434  36.333  2.022 0.0000000000
140568  48.138  36.268  1.698 0.0000000000
140573  52.535  36.335  0.819 0.0000000000
140576  50.419  36.409  1.407 0.0000000000
140587  57.254  35.934  0.339 0.0000000000
140588  53.091  36.164  0.423 0.0000000000
140590  50.738  36.483  0.259 0.0000000000
140593  48.800  36.254  0.377 0.0000000000
140594  48.471  36.278  0.714 0.0000000000
140600  56.788  36.134  -0.420 0.0000000000
140602  52.316  36.370  -0.385 0.0000000000
140603  51.640  36.445  -0.566 0.0000000000
140606  49.629  36.353  -0.159 0.0000000000
140607  49.098  36.200  -0.027 0.0000000000
140614  56.754  35.294  -1.199 0.0000000000
140615  56.547  35.838  -1.041 0.0000000000
140616  52.371  36.138  -1.485 0.0000000000
140618  51.117  36.243  -1.162 0.0000000000
140620  49.828  36.124  -0.803 0.0000000000
140630  56.031  35.747  -2.025 0.0000000000
140632  51.961  35.973  -1.842 0.0000000000
140639  55.514  36.039  -2.785 0.0000000000
140650  55.359  36.895  -4.639 0.0000000000
140656  55.444  36.558  -5.769 0.0000000000
140662  54.241  36.468  -6.466 0.0000000000
140663  53.202  36.398  -6.627 0.0000000000
140673  55.254  35.928  -6.860 0.0000000000
140676  49.291  35.953  -6.531 0.0000000000
140679  52.840  36.101  -8.229 0.0000000000
140680  50.008  36.109  -7.620 0.0000000000
140685  53.430  35.294  -8.986 0.0000000000
140691  52.740  36.579  -9.907 0.0000000000
140693  51.376  36.386  -9.460 0.0000000000
140697  52.691  36.261  -10.017 0.0000000000
140698  52.393  36.253  -10.088 0.0000000000
141330  54.136  36.821  17.189 0.0000000000
141346  52.673  37.613  16.057 0.0000000000
141371  54.904  37.575  13.555 0.0000000000
141378  54.629  37.398  12.334 0.0000000000
141379  51.357  37.465  12.748 0.0000000000
141392  55.480  37.765  10.175 0.0000000000
141403  55.285  37.452  9.917 0.0000000000
141405  53.961  37.010  9.927 0.0000000000
141429  55.908  37.355  7.871 0.0000000000
141432  54.242  37.007  8.811 0.0000000000
141441  56.035  37.216  7.107 0.0000000000
141442  55.063  36.882  7.691 0.0000000000
141449  56.346  36.923  5.679 0.0000000000
141455  56.709  36.655  4.494 0.0000000000
141459  57.184  36.798  2.475 0.0000000000
141463  57.271  36.479  1.161 0.0000000000
141464  56.951  37.061  1.154 0.0000000000
141472  55.968  37.354  0.597 0.0000000000
141473  55.617  37.221  0.050 0.0000000000
141489  55.397  36.944  -0.915 0.0000000000
141499  55.916  36.204  -1.561 0.0000000000
141511  55.373  37.530  -4.306 0.0000000000
141525  53.890  37.558  -5.624 0.0000000000
141526  52.985  37.260  -5.677 0.0000000000
141534  55.310  37.003  -5.881 0.0000000000
141535  55.153  37.093  -5.968 0.0000000000
141538  52.278  37.207  -6.224 0.0000000000
141539  51.681  37.848  -6.135 0.0000000000
141548  52.176  36.932  -7.024 0.0000000000
141556  51.997  37.342  -7.534 0.0000000000
141558  49.628  37.215  -7.379 0.0000000000
141562  51.224  37.116  -9.358 0.0000000000
141567  52.634  37.357  -10.063 0.0000000000
141568  52.471  37.453  -10.196 0.0000000000
141569  51.958  37.606  -10.126 0.0000000000
142267  53.630  38.296  16.470 0.0000000000
142275  53.269  38.154  16.319 0.0000000000
142303  54.934  38.147  13.009 0.0000000000
142310  51.127  37.813  12.102 0.0000000000
142323  55.488  38.197  10.402 0.0000000000
142330  55.623  37.846  9.889 0.0000000000
142346  56.002  37.563  8.331 0.0000000000
142366  56.311  37.483  5.688 0.0000000000
142368  56.427  37.731  4.960 0.0000000000
142370  56.618  37.945  4.125 0.0000000000
142372  56.972  37.683  3.344 0.0000000000
142374  57.117  37.423  2.642 0.0000000000
142375  56.925  38.109  2.811 0.0000000000
142380  56.372  37.492  1.139 0.0000000000
142387  54.398  38.193  0.373 0.0000000000
142403  54.764  37.460  -0.933 0.0000000000
142404  54.231  37.971  -0.763 0.0000000000
142423  55.389  38.226  -4.073 0.0000000000
142424  54.973  37.922  -3.360 0.0000000000
142429  55.485  38.378  -4.824 0.0000000000
142437  54.736  37.967  -5.697 0.0000000000
142454  49.371  37.880  -7.154 0.0000000000
142459  52.108  37.927  -8.138 0.0000000000
142461  49.806  38.386  -7.621 0.0000000000
142464  52.478  38.499  -8.755 0.0000000000
142466  50.776  38.321  -8.741 0.0000000000
142471  51.955  38.242  -10.097 0.0000000000
142476  52.534  38.257  -9.986 0.0000000000
143209  54.032  39.224  15.840 0.0000000000
143210  53.715  39.125  15.933 0.0000000000
143218  54.722  39.321  14.954 0.0000000000
143231  53.162  39.234  14.733 0.0000000000
143251  54.992  38.691  12.731 0.0000000000
143263  55.105  38.741  11.517 0.0000000000
143264  51.627  39.433  11.810 0.0000000000
143287  55.633  38.078  9.238 0.0000000000
143296  55.574  38.114  8.657 0.0000000000
143297  55.223  38.557  8.782 0.0000000000
143325  55.925  38.740  5.679 0.0000000000
143329  56.147  39.396  5.045 0.0000000000
143333  56.502  38.936  3.978 0.0000000000
143334  56.293  39.150  3.502 0.0000000000
143337  56.621  38.676  3.121 0.0000000000
143338  56.311  38.776  2.907 0.0000000000
143340  54.298  39.030  2.697 0.0000000000
143341  53.596  39.110  2.333 0.0000000000
143349  55.101  38.274  1.455 0.0000000000
143355  54.038  38.584  0.656 0.0000000000
143356  53.479  38.989  0.274 0.0000000000
143367  53.533  38.923  -0.284 0.0000000000
143377  53.855  38.520  -0.533 0.0000000000
143408  51.961  38.937  -4.538 0.0000000000
143415  55.366  39.042  -5.041 0.0000000000
143416  55.135  38.927  -5.292 0.0000000000
143418  53.161  38.408  -4.897 0.0000000000
143419  52.364  38.305  -4.915 0.0000000000
143430  51.361  38.412  -5.675 0.0000000000
143431  51.080  38.803  -5.947 0.0000000000
143451  52.639  38.862  -9.210 0.0000000000
143461  52.644  38.929  -9.819 0.0000000000
143463  51.938  38.838  -10.038 0.0000000000
143470  52.498  38.915  -9.951 0.0000000000
144159  54.162  39.763  15.475 0.0000000000
144168  54.481  39.997  15.268 0.0000000000
144182  53.511  40.773  13.843 0.0000000000
144194  54.903  39.359  13.145 0.0000000000
144196  52.165  39.879  12.121 0.0000000000
144232  54.217  39.740  9.374 0.0000000000
144241  54.656  39.109  9.052 0.0000000000
144242  54.236  39.757  8.605 0.0000000000
144258  54.312  39.946  7.796 0.0000000000
144290  55.908  40.011  5.354 0.0000000000
144294  51.800  40.254  5.137 0.0000000000
144296  50.410  40.094  4.947 0.0000000000
144307  50.121  39.786  4.235 0.0000000000
144310  56.323  39.458  3.975 0.0000000000
144311  55.990  39.642  3.896 0.0000000000
144321  54.473  39.275  3.286 0.0000000000
144322  53.663  39.333  3.077 0.0000000000
144323  52.941  39.384  2.586 0.0000000000
144325  51.654  39.518  3.242 0.0000000000
144330  52.283  39.544  1.928 0.0000000000
144335  52.988  39.366  1.416 0.0000000000
144336  52.413  39.611  1.272 0.0000000000
144341  53.059  39.435  0.448 0.0000000000
144353  52.694  39.795  0.122 0.0000000000
144372  54.275  39.735  -2.060 0.0000000000
144378  55.602  40.343  -3.757 0.0000000000
144385  52.017  39.919  -3.924 0.0000000000
144391  55.438  40.139  -4.705 0.0000000000
144393  54.398  39.590  -4.927 0.0000000000
144394  53.400  39.553  -4.395 0.0000000000
144395  52.362  39.438  -4.207 0.0000000000
144402  55.270  39.642  -4.987 0.0000000000
144404  51.312  39.170  -4.748 0.0000000000
144405  50.841  39.488  -5.146 0.0000000000
144419  51.496  39.749  -7.409 0.0000000000
144429  52.110  39.716  -8.186 0.0000000000
144441  50.295  39.414  -8.263 0.0000000000
144453  52.698  39.466  -9.844 0.0000000000
144455  51.370  39.241  -9.481 0.0000000000
144467  52.342  39.432  -10.032 0.0000000000
145120  54.431  40.468  14.884 0.0000000000
145121  54.121  40.504  14.801 0.0000000000
145135  53.996  40.866  14.289 0.0000000000
145149  54.302  41.000  13.878 0.0000000000
145150  53.866  41.097  13.755 0.0000000000
145164  54.746  40.243  13.566 0.0000000000
145205  53.862  40.564  9.550 0.0000000000
145220  54.470  41.027  7.628 0.0000000000
145221  51.632  40.884  6.868 0.0000000000
145237  50.358  40.560  6.561 0.0000000000
145251  55.736  40.824  5.412 0.0000000000
145252  55.404  41.313  5.867 0.0000000000
145256  50.188  40.628  6.042 0.0000000000
145261  55.820  40.462  4.989 0.0000000000
145262  55.523  41.011  5.401 0.0000000000
145267  50.744  40.502  5.612 0.0000000000
145270  55.294  40.582  4.890 0.0000000000
145271  54.363  40.463  4.804 0.0000000000
145303  52.715  40.239  -0.293 0.0000000000
145315  53.590  40.275  -1.232 0.0000000000
145323  54.551  40.384  -2.138 0.0000000000
145330  55.490  40.546  -3.149 0.0000000000
145338  52.234  40.441  -3.681 0.0000000000
145339  51.445  40.305  -3.831 0.0000000000
145340  50.818  40.539  -4.027 0.0000000000
145348  55.361  40.649  -4.567 0.0000000000
145349  55.146  40.673  -4.676 0.0000000000
145353  50.664  40.214  -4.494 0.0000000000
145354  50.343  40.756  -4.434 0.0000000000
145362  50.462  39.979  -5.550 0.0000000000
145363  50.344  40.394  -4.977 0.0000000000
145370  50.607  40.500  -6.207 0.0000000000
145383  51.477  40.882  -7.340 0.0000000000
145396  52.558  40.856  -8.566 0.0000000000
145399  49.369  40.322  -7.501 0.0000000000
145413  52.736  40.605  -9.200 0.0000000000
145414  52.630  40.220  -8.763 0.0000000000
145430  52.702  40.335  -9.724 0.0000000000
145431  51.972  40.588  -9.878 0.0000000000
145432  51.764  40.230  -9.810 0.0000000000
146083  52.614  42.282  12.032 0.0000000000
146084  51.822  41.941  11.658 0.0000000000
146094  53.669  42.034  11.382 0.0000000000
146095  50.472  41.944  11.102 0.0000000000
146102  50.252  41.942  10.698 0.0000000000
146104  49.000  41.235  10.640 0.0000000000
146120  54.832  41.507  7.080 0.0000000000
146142  55.156  41.635  6.074 0.0000000000
146144  53.286  41.444  6.334 0.0000000000
146145  52.674  41.271  6.511 0.0000000000
146152  54.409  41.380  5.656 0.0000000000
146172  50.536  41.584  0.983 0.0000000000
146176  51.517  41.275  0.403 0.0000000000
146178  53.029  41.558  -0.615 0.0000000000
146188  54.768  41.872  -1.742 0.0000000000
146196  55.220  41.572  -2.328 0.0000000000
146202  55.615  41.741  -3.406 0.0000000000
146203  55.546  41.309  -3.011 0.0000000000
146214  55.474  41.549  -3.936 0.0000000000
146215  55.086  41.632  -4.061 0.0000000000
146216  54.357  41.569  -3.961 0.0000000000
146217  53.461  41.287  -3.680 0.0000000000
146218  52.590  41.049  -3.486 0.0000000000
146221  49.926  42.110  -4.091 0.0000000000
146228  55.508  41.016  -4.251 0.0000000000
146240  50.131  40.996  -5.025 0.0000000000
146272  50.938  41.018  -6.780 0.0000000000
146287  49.767  41.125  -8.109 0.0000000000
146299  50.337  40.793  -8.557 0.0000000000
146304  52.591  40.884  -9.509 0.0000000000
146306  51.607  40.829  -9.627 0.0000000000
146310  52.421  40.668  -9.734 0.0000000000
146847  53.402  42.353  11.703 0.0000000000
146848  53.112  42.448  11.889 0.0000000000
146849  52.750  42.619  11.764 0.0000000000
146851  51.289  42.330  11.277 0.0000000000
146862  51.729  42.790  11.057 0.0000000000
146874  51.015  42.487  10.360 0.0000000000
146877  53.762  42.771  9.316 0.0000000000
146879  52.126  42.789  9.490 0.0000000000
146885  53.033  42.650  8.258 0.0000000000
146895  53.541  42.876  7.861 0.0000000000
146906  54.761  42.250  6.937 0.0000000000
146917  54.816  42.123  6.530 0.0000000000
146918  54.392  42.301  6.521 0.0000000000
146948  50.692  42.583  0.908 0.0000000000
146951  51.617  42.068  0.270 0.0000000000
146956  52.515  41.953  -0.281 0.0000000000
146962  54.856  42.585  -1.504 0.0000000000
146986  55.627  42.314  -3.147 0.0000000000
146988  52.843  42.126  -3.083 0.0000000000
146989  51.846  42.125  -2.942 0.0000000000
146990  51.012  42.138  -3.029 0.0000000000
146991  50.394  42.360  -3.217 0.0000000000
147004  54.674  42.248  -3.656 0.0000000000
147052  50.228  41.702  -5.936 0.0000000000
147076  52.873  42.488  -9.053 0.0000000000
147077  52.843  41.927  -8.937 0.0000000000
147086  52.073  41.850  -9.600 0.0000000000
147091  52.389  41.251  -9.514 0.0000000000
147684  52.768  43.254  10.584 0.0000000000
147692  53.455  43.156  9.530 0.0000000000
147693  53.037  43.355  9.848 0.0000000000
147694  52.627  43.326  10.132 0.0000000000
147695  52.138  43.108  10.079 0.0000000000
147704  54.166  42.818  8.035 0.0000000000
147719  54.215  42.767  7.649 0.0000000000
147720  53.973  42.755  7.519 0.0000000000
147803  52.520  42.810  -0.114 0.0000000000
147804  51.807  42.887  0.304 0.0000000000
147808  53.474  43.174  -0.382 0.0000000000
147809  52.966  43.530  0.052 0.0000000000
147811  55.357  43.448  -2.034 0.0000000000
147820  55.505  42.959  -2.322 0.0000000000
147830  55.524  42.835  -2.897 0.0000000000
147833  53.905  43.283  -2.874 0.0000000000
147834  52.932  42.863  -2.785 0.0000000000
147848  55.460  42.548  -3.362 0.0000000000
147849  55.163  42.648  -3.468 0.0000000000
147850  49.935  42.687  -3.644 0.0000000000
147878  49.743  42.847  -5.083 0.0000000000
147895  50.970  42.493  -6.671 0.0000000000
147904  53.182  43.213  -8.378 0.0000000000
147905  52.800  42.785  -8.022 0.0000000000
147906  52.167  42.441  -7.642 0.0000000000
147922  52.753  42.799  -9.233 0.0000000000
147923  52.311  42.563  -9.502 0.0000000000
147924  51.816  42.778  -9.551 0.0000000000
148596  51.870  44.509  1.027 0.0000000000
148615  51.790  43.755  0.643 0.0000000000
148617  54.891  44.306  -0.946 0.0000000000
148620  54.779  43.759  -0.897 0.0000000000
148623  55.247  43.921  -2.086 0.0000000000
148624  53.341  44.073  -2.356 0.0000000000
148625  52.675  43.970  -2.285 0.0000000000
148629  55.191  43.678  -2.623 0.0000000000
148631  52.345  43.375  -2.515 0.0000000000
148632  51.404  43.211  -2.596 0.0000000000
148633  50.600  43.359  -2.714 0.0000000000
148634  50.102  43.539  -2.966 0.0000000000
148638  49.809  43.396  -3.392 0.0000000000
148652  49.687  43.495  -5.247 0.0000000000
148653  49.406  43.949  -4.908 0.0000000000
148665  50.503  43.468  -6.174 0.0000000000
148675  52.496  43.999  -7.274 0.0000000000
148676  51.880  43.513  -7.072 0.0000000000
148702  52.992  43.477  -9.068 0.0000000000
149366  50.818  44.736  1.320 0.0000000000
149367  50.176  44.330  1.332 0.0000000000
149382  53.333  44.963  0.583 0.0000000000
149391  54.516  44.826  -0.408 0.0000000000
149392  53.910  44.531  0.101 0.0000000000
149394  55.072  44.405  -1.519 0.0000000000
149406  54.973  44.042  -2.415 0.0000000000
149407  54.503  44.249  -2.368 0.0000000000
149415  49.438  43.875  -3.685 0.0000000000
149416  49.236  44.249  -4.011 0.0000000000
149426  49.446  44.677  -5.219 0.0000000000
149428  49.934  44.354  -5.741 0.0000000000
150136  52.978  45.916  0.999 0.0000000000
150138  51.860  45.511  1.295 0.0000000000
150139  51.199  45.259  1.302 0.0000000000
150140  50.114  45.040  1.146 0.0000000000
150142  48.768  44.412  1.115 0.0000000000
150149  53.853  45.785  0.099 0.0000000000
150153  49.508  45.315  0.765 0.0000000000
150167  54.741  44.874  -1.512 0.0000000000
150168  54.440  45.313  -0.949 0.0000000000
150178  49.808  45.212  -2.780 0.0000000000
150179  49.415  45.195  -3.325 0.0000000000
150185  49.197  45.136  -3.936 0.0000000000
150190  49.172  45.053  -4.623 0.0000000000
150196  50.625  45.161  -6.092 0.0000000000
150901  52.637  46.201  1.129 0.0000000000
150902  52.161  46.100  1.224 0.0000000000
150904  50.755  45.558  1.147 0.0000000000
150909  53.387  46.164  0.504 0.0000000000
150926  54.021  45.848  -0.541 0.0000000000
150927  53.711  46.352  -0.751 0.0000000000
150928  53.231  46.764  -0.984 0.0000000000
150933  53.463  45.668  -1.610 0.0000000000
150934  53.046  46.238  -1.406 0.0000000000
150956  49.152  46.108  -4.368 0.0000000000
150959  49.243  46.408  -4.957 0.0000000000
151655  52.493  46.798  0.965 0.0000000000
151662  53.262  46.765  0.256 0.0000000000
151679  53.050  47.384  0.004 0.0000000000
151687  52.644  47.841  -0.958 0.0000000000
151697  51.475  47.406  -1.817 0.0000000000
151707  49.158  46.763  -4.368 0.0000000000
151710  49.724  46.681  -5.515 0.0000000000
151716  50.286  47.172  -5.871 0.0000000000
152367  51.581  47.804  0.454 0.0000000000
152412  51.138  47.782  -2.050 0.0000000000
152427  52.672  47.392  -6.202 0.0000000000
152428  51.641  47.516  -6.120 0.0000000000
153080  51.778  48.471  0.045 0.0000000000
153090  51.775  49.103  -0.297 0.0000000000
153091  50.538  48.784  -0.195 0.0000000000
153107  52.369  48.587  -0.482 0.0000000000
153108  52.366  48.868  -0.791 0.0000000000
153126  47.541  48.822  -1.461 0.0000000000
153128  46.163  48.426  -1.735 0.0000000000
153143  46.568  48.626  -2.280 0.0000000000
153163  49.561  48.572  -5.198 0.0000000000
153167  52.230  48.104  -6.093 0.0000000000
153169  50.507  48.280  -5.938 0.0000000000
153829  52.270  49.142  -0.639 0.0000000000
153838  52.299  49.554  -0.882 0.0000000000
153839  50.448  49.872  -0.810 0.0000000000
153846  52.089  50.005  -1.360 0.0000000000
153848  48.441  49.479  -1.917 0.0000000000
153849  47.807  49.145  -2.026 0.0000000000
153850  47.217  48.823  -2.122 0.0000000000
153870  50.024  49.543  -3.555 0.0000000000
153883  49.667  49.488  -4.170 0.0000000000
153884  49.465  49.095  -4.669 0.0000000000
153885  49.999  48.748  -5.726 0.0000000000
153886  49.776  49.223  -5.333 0.0000000000
154569  51.817  50.204  -0.712 0.0000000000
154574  51.882  50.713  -1.024 0.0000000000
154576  49.196  49.478  -1.212 0.0000000000
154626  51.508  50.324  -6.091 0.0000000000
155310  52.860  51.371  -6.216 0.0000000000
156772  50.938  53.068  -3.122 0.0000000000
156773  50.864  53.037  -2.892 0.0000000000
156788  51.211  53.141  -5.016 0.0000000000
156802  51.408  52.658  -5.549 0.0000000000
156803  48.908  53.456  -5.896 0.0000000000
156820  53.094  52.691  -6.878 0.0000000000
156836  53.001  52.817  -7.429 0.0000000000
157577  50.719  53.601  -3.746 0.0000000000
157584  50.502  54.142  -4.176 0.0000000000
157596  51.489  54.203  -5.423 0.0000000000
157630  49.834  53.704  -6.234 0.0000000000
157639  52.487  53.441  -7.234 0.0000000000
158434  50.164  54.441  -4.639 0.0000000000
158450  50.604  54.600  -5.034 0.0000000000
158464  51.593  54.336  -5.830 0.0000000000
158465  51.306  54.568  -5.782 0.0000000000
159206  50.980  54.375  -4.911 0.0000000000
159214  51.001  54.630  -5.395 0.0000000000
175698  52.206  35.909  3.098 0.0000000000
175740  52.613  41.685  7.365 0.0000000000
175967  50.574  32.018  -4.781 0.0000000000
176139  54.914  36.699  7.100 0.0000000000
176214  54.007  34.022  -4.059 0.0000000000
176305  52.919  35.825  3.203 0.0000000000
176525  53.781  35.793  3.417 0.0000000000
176539  55.704  35.606  2.341 0.0000000000
176608  54.884  35.653  2.124 0.0000000000
176676  54.875  38.542  -5.531 0.0000000000
176728  48.178  41.145  10.423 0.0000000000
176909  50.546  36.446  0.861 0.0000000000
176911  52.209  35.606  4.774 0.0000000000
177281  50.083  50.444  -5.139 0.0000000000
177334  55.748  35.350  -3.008 0.0000000000
177560  55.253  36.451  6.044 0.0000000000
177782  56.029  36.715  -0.274 0.0000000000
177987  55.422  37.113  -5.459 0.0000000000
178206  45.238  34.805  4.271 0.0000000000
178332  49.575  34.611  7.091 0.0000000000
178362  50.677  43.522  1.126 0.0000000000
178445  51.898  36.477  0.039 0.0000000000
178735  47.469  35.793  0.809 0.0000000000
179581  41.024  32.254  -4.145 0.0000000000
179705  51.783  37.928  13.122 0.0000000000
179780  56.435  35.679  2.438 0.0000000000
179794  51.522  35.519  4.685 0.0000000000
179824  39.576  29.492  -3.720 0.0000000000
180563  50.811  35.656  4.005 0.0000000000
180604  51.200  41.187  8.789 0.0000000000
180699  48.182  34.862  -1.326 0.0000000000
181158  50.550  49.007  -5.938 0.0000000000
181299  49.685  34.773  -2.280 0.0000000000
181464  54.432  31.512  17.525 0.0000000000
181545  44.678  33.181  -3.468 0.0000000000
181846  56.619  37.176  4.682 0.0000000000
181897  55.333  38.364  11.031 0.0000000000
182120  49.419  36.396  1.472 0.0000000000
182128  51.196  34.110  -8.735 0.0000000000
182193  54.527  34.195  17.930 0.0000000000
182502  55.543  37.843  1.007 0.0000000000
183142  52.059  36.362  1.255 0.0000000000
183199  51.035  43.178  -6.683 0.0000000000
183203  54.820  43.231  -1.199 0.0000000000
183211  51.848  38.552  -7.860 0.0000000000
183218  41.688  32.047  -4.684 0.0000000000
183419  50.254  41.446  -8.603 0.0000000000
183439  54.802  38.339  -3.004 0.0000000000
184049  53.499  31.211  17.397 0.0000000000
184098  54.897  40.147  -4.837 0.0000000000
184496  50.207  41.690  -3.865 0.0000000000
184778  52.945  38.201  15.814 0.0000000000
185416  45.668  31.176  -2.591 0.0000000000
185544  49.180  31.912  -6.202 0.0000000000
185638  49.235  31.017  -6.470 0.0000000000
185700  55.075  32.213  12.977 0.0000000000
185705  51.268  39.232  -7.066 0.0000000000
185869  45.596  34.055  5.500 0.0000000000
185984  43.991  31.476  -2.091 0.0000000000
186017  52.025  32.436  10.610 0.0000000000
186235  55.682  38.394  6.429 0.0000000000
186461  51.164  31.885  -6.239 0.0000000000
186495  54.086  40.964  11.817 0.0000000000
186657  55.817  33.429  16.197 0.0000000000
186827  54.349  42.345  8.076 0.0000000000
187122  57.293  36.655  1.799 0.0000000000
187144  45.728  35.380  2.356 0.0000000000
187149  54.995  38.002  11.913 0.0000000000
187194  52.594  45.720  -1.756 0.0000000000
187411  49.178  44.671  -4.127 0.0000000000
187480  54.886  38.471  14.420 0.0000000000
187682  46.314  48.786  -2.856 0.0000000000
187970  47.080  32.840  -1.875 0.0000000000
188526  52.177  38.860  -10.087 0.0000000000
189021  51.223  44.522  1.251 0.0000000000
189082  52.919  40.810  -0.623 0.0000000000
189095  49.649  44.712  -3.075 0.0000000000
189148  50.014  34.693  -7.061 0.0000000000
189180  52.859  36.823  -6.156 0.0000000000
189189  53.009  35.871  -9.471 0.0000000000
189669  50.522  35.820  3.553 0.0000000000
189709  54.788  36.101  14.687 0.0000000000
190006  54.873  37.716  11.947 0.0000000000
190149  42.720  33.174  2.770 0.0000000000
190202  50.411  44.646  -6.036 0.0000000000
190282  41.911  30.189  -4.381 0.0000000000
190476  47.048  31.923  -5.327 0.0000000000
190592  51.355  34.430  10.857 0.0000000000
190753  45.636  30.488  -4.195 0.0000000000
191021  51.913  45.772  -1.845 0.0000000000
191077  55.014  37.176  8.822 0.0000000000
191154  45.051  35.051  3.066 0.0000000000
191347  50.003  43.104  -5.709 0.0000000000
191668  54.906  35.415  14.968 0.0000000000
192189  55.458  36.728  -1.386 0.0000000000
192200  51.049  47.023  -6.077 0.0000000000
192234  45.749  30.066  -5.105 0.0000000000
192640  51.174  49.893  -6.085 0.0000000000
193233  54.899  36.519  14.908 0.0000000000
193332  53.935  41.611  6.111 0.0000000000
193405  51.863  46.908  -1.668 0.0000000000
193461  51.179  32.253  9.903 0.0000000000
194054  54.802  39.855  12.888 0.0000000000
194727  51.138  44.934  -2.138 0.0000000000
194750  49.902  36.736  -7.591 0.0000000000
194814  50.468  45.200  -2.282 0.0000000000
195345  52.558  47.573  0.387 0.0000000000
195723  49.317  46.398  -3.319 0.0000000000
195909  47.009  35.842  1.750 0.0000000000
196020  52.858  36.146  -0.968 0.0000000000
196093  50.910  54.648  -5.747 0.0000000000
196364  52.031  42.759  -2.723 0.0000000000
196405  50.335  46.507  -2.290 0.0000000000
196443  49.251  32.053  -3.831 0.0000000000
197175  50.352  36.347  1.865 0.0000000000
197402  49.821  42.160  -4.805 0.0000000000
197713  54.883  38.782  2.393 0.0000000000
197827  53.954  37.412  16.882 0.0000000000
197851  54.592  39.263  -2.535 0.0000000000
197892  50.680  35.277  7.417 0.0000000000
197932  45.414  31.867  -5.263 0.0000000000
198353  56.848  31.232  13.907 0.0000000000
198539  51.626  45.923  -6.384 0.0000000000
198705  57.172  31.068  14.828 0.0000000000
199084  50.868  41.317  -3.525 0.0000000000
199407  50.906  50.405  -5.933 0.0000000000
199603  48.752  44.012  1.449 0.0000000000
199734  50.027  35.203  5.272 0.0000000000
200031  54.597  37.796  16.035 0.0000000000
200204  52.982  46.216  -6.591 0.0000000000
200245  54.306  33.781  14.171 0.0000000000
200386  50.862  35.217  6.028 0.0000000000
200590  54.500  35.415  17.588 0.0000000000
200813  55.124  36.823  -3.548 0.0000000000
201109  44.930  31.364  -2.112 0.0000000000
201165  50.637  37.017  -8.510 0.0000000000
201173  54.066  35.857  4.572 0.0000000000
201401  51.155  54.326  -5.092 0.0000000000
201524  53.767  33.854  -4.761 0.0000000000
201604  48.267  32.583  -5.495 0.0000000000
201754  50.642  34.198  9.934 0.0000000000
201945  53.894  38.279  16.418 0.0000000000
202210  50.846  54.139  -4.530 0.0000000000
202467  54.205  40.040  -4.571 0.0000000000
202568  46.755  30.631  -4.201 0.0000000000
202758  51.425  42.395  9.829 0.0000000000
203355  47.777  33.533  -1.998 0.0000000000
203416  53.569  42.592  7.333 0.0000000000
203447  51.504  36.428  1.125 0.0000000000
203521  43.989  34.198  3.771 0.0000000000
203663  56.645  35.023  -1.354 0.0000000000
203735  55.421  35.674  3.394 0.0000000000
203754  51.059  40.060  -4.208 0.0000000000
203950  54.355  42.141  -1.324 0.0000000000
204113  54.665  37.273  10.261 0.0000000000
204223  51.380  40.452  5.537 0.0000000000
204475  54.948  39.148  12.590 0.0000000000
204616  54.954  37.859  14.072 0.0000000000
204670  54.709  33.785  -6.982 0.0000000000
204709  54.360  44.726  -1.918 0.0000000000
204773  55.228  35.259  16.643 0.0000000000
205013  52.923  43.053  8.950 0.0000000000
205030  56.201  37.079  6.587 0.0000000000
205249  49.894  34.630  8.138 0.0000000000
205403  51.361  36.474  0.140 0.0000000000
205421  57.112  36.142  0.095 0.0000000000
205441  49.903  44.506  1.316 0.0000000000
205689  51.575  32.138  -6.083 0.0000000000
206043  56.300  39.037  4.831 0.0000000000
206455  50.075  35.832  3.552 0.0000000000
206470  51.370  41.486  11.579 0.0000000000
206482  44.728  34.297  4.559 0.0000000000
206556  57.325  36.181  0.730 0.0000000000
206576  55.218  35.349  0.163 0.0000000000
206723  52.176  35.748  5.308 0.0000000000
206813  52.001  52.222  -6.071 0.0000000000
206918  52.657  37.903  -10.044 0.0000000000
207033  45.796  33.305  -3.678 0.0000000000
207128  45.774  29.950  -5.782 0.0000000000
207155  49.315  45.223  -5.060 0.0000000000
207181  51.397  35.533  -2.348 0.0000000000
207283  52.090  32.774  -5.307 0.0000000000
207390  56.162  37.997  5.740 0.0000000000
207394  42.782  32.347  4.110 0.0000000000
207897  52.641  39.487  1.650 0.0000000000
208178  41.754  31.666  0.115 0.0000000000
208252  54.563  40.637  13.253 0.0000000000
208349  51.610  32.249  -5.678 0.0000000000
208452  48.150  30.334  -5.229 0.0000000000
208480  54.253  35.156  17.733 0.0000000000
208601  47.986  35.628  4.043 0.0000000000
208843  53.120  40.420  13.249 0.0000000000
209352  53.315  35.961  17.669 0.0000000000
209468  54.796  37.021  13.982 0.0000000000
209695  49.794  44.251  1.386 0.0000000000
209775  51.630  48.421  -6.071 0.0000000000
210200  50.005  50.463  -4.464 0.0000000000
210444  48.361  30.726  -6.486 0.0000000000
210785  52.567  39.465  2.289 0.0000000000
210963  54.395  34.610  -8.431 0.0000000000
211252  54.091  36.398  6.377 0.0000000000
211398  54.957  36.286  15.331 0.0000000000
211528  55.730  37.773  9.528 0.0000000000
211664  52.844  46.654  -1.308 0.0000000000
