#!ascii label  , from subject sub-06 vox2ras=TkReg
1805
43763  26.380  -29.835  -13.786 0.8999999762
42555  26.387  -30.565  -13.663 0.8000000119
43762  26.902  -30.326  -14.136 0.8000000119
194218  27.438  -31.119  -15.045 0.6999999881
41450  27.371  -31.387  -15.652 0.8000000119
43747  25.755  -30.051  -13.435 0.8999999762
186426  26.925  -29.595  -14.329 1.0000000000
43780  27.193  -29.817  -14.979 0.8999999762
42574  27.417  -30.437  -15.118 0.8000000119
184240  27.174  -30.943  -16.092 0.8000000119
42595  27.248  -30.409  -15.790 0.8999999762
41475  26.774  -31.677  -16.873 0.8000000119
41476  26.434  -31.223  -17.303 0.6999999881
41486  26.157  -31.691  -17.760 0.6999999881
187203  24.524  -29.314  -13.434 0.8000000119
202466  25.242  -29.550  -13.388 0.8999999762
44914  25.036  -28.976  -13.347 0.8999999762
44915  24.288  -28.853  -13.297 0.8999999762
43750  23.343  -29.440  -13.709 0.8999999762
44934  26.335  -29.027  -13.839 0.8999999762
44933  26.789  -28.907  -14.338 1.0000000000
43779  27.248  -30.003  -15.475 0.8999999762
44965  27.009  -29.095  -15.743 1.0000000000
43794  27.047  -29.799  -16.036 0.8999999762
43818  26.693  -29.877  -16.745 0.8999999762
42616  26.518  -30.523  -17.100 0.8000000119
188034  25.724  -31.506  -18.232 0.6999999881
46036  24.795  -28.405  -13.209 0.8999999762
44916  23.983  -28.841  -13.247 0.8999999762
44887  23.696  -29.135  -13.215 0.8999999762
188573  23.363  -29.507  -13.236 0.8999999762
46035  25.620  -28.672  -13.386 0.8999999762
46072  26.804  -28.447  -14.644 1.0000000000
43819  26.275  -29.877  -17.292 0.8000000119
181505  26.072  -30.415  -17.587 0.8000000119
42631  25.233  -30.559  -18.543 0.8000000119
43837  24.819  -30.011  -18.905 0.8000000119
191280  24.423  -30.335  -19.324 0.8000000119
178187  23.835  -30.294  -19.688 0.8000000119
46038  23.923  -28.652  -12.834 0.8999999762
43738  23.428  -29.898  -12.202 0.8999999762
42528  22.776  -30.839  -12.485 0.8999999762
47128  24.657  -27.822  -12.933 0.8999999762
43709  23.039  -30.585  -11.964 0.8999999762
201760  22.673  -31.027  -11.914 0.8000000119
41357  22.428  -31.356  -12.229 0.8000000119
42493  21.832  -30.814  -11.236 0.6999999881
175677  21.926  -31.633  -11.945 0.6999999881
41358  21.599  -32.099  -12.183 0.6999999881
211239  26.041  -28.363  -13.691 0.8999999762
41359  20.659  -31.579  -11.620 0.6999999881
40130  20.187  -32.076  -11.808 0.6999999881
183941  26.109  -27.792  -13.861 1.0000000000
40131  19.500  -31.884  -11.852 0.6000000238
46058  26.529  -28.385  -14.094 1.0000000000
202726  26.750  -27.985  -14.929 1.0000000000
46084  26.934  -28.463  -15.332 1.0000000000
46103  26.749  -28.473  -16.141 1.0000000000
45008  26.464  -29.397  -16.983 0.8999999762
44985  26.452  -28.813  -16.863 0.8999999762
45027  26.008  -29.198  -17.408 0.8000000119
43828  25.839  -29.837  -17.831 0.8000000119
45039  24.991  -29.451  -18.579 0.8000000119
45040  24.522  -29.333  -18.978 0.8000000119
43843  24.262  -29.781  -19.374 0.8000000119
200580  23.738  -29.657  -19.620 0.8000000119
45051  23.917  -29.157  -19.356 0.8000000119
45052  22.760  -29.356  -20.022 0.8000000119
46037  24.270  -28.476  -13.054 0.8999999762
208335  23.521  -29.339  -12.807 0.8999999762
46003  24.305  -28.257  -12.534 0.8999999762
46004  24.130  -28.719  -11.954 0.8999999762
193753  23.753  -29.214  -12.254 0.8999999762
44857  23.152  -30.316  -11.320 0.8999999762
46059  25.426  -27.888  -13.337 0.8999999762
205589  21.699  -31.314  -11.583 0.6999999881
43711  21.004  -30.558  -11.144 0.6000000238
42508  20.475  -30.953  -11.452 0.6000000238
47157  25.618  -27.165  -13.549 1.0000000000
41380  18.748  -31.024  -12.043 0.5000000000
47155  26.595  -27.841  -14.391 1.0000000000
42529  18.419  -30.414  -12.206 0.5000000000
47177  26.576  -27.392  -14.850 1.0000000000
47190  26.705  -27.783  -15.547 1.0000000000
47207  26.554  -27.841  -16.190 1.0000000000
46122  25.968  -28.497  -17.185 0.8999999762
45028  25.383  -29.208  -18.030 0.8000000119
46123  25.496  -28.162  -17.471 0.8999999762
46143  25.149  -28.472  -17.951 0.8000000119
46157  24.737  -28.810  -18.512 0.8000000119
47242  25.022  -27.810  -17.787 0.8999999762
46144  24.598  -28.101  -18.247 0.8000000119
47258  24.045  -27.711  -18.468 0.8999999762
46159  23.730  -28.534  -19.152 0.8000000119
46168  22.554  -28.166  -19.729 0.8000000119
47272  22.187  -27.531  -19.544 0.8000000119
46169  21.845  -28.078  -19.834 0.8000000119
43691  23.577  -29.715  -11.391 0.8999999762
47102  24.660  -27.759  -12.191 0.8999999762
43692  22.473  -30.335  -10.915 0.6999999881
43693  21.593  -30.117  -10.864 0.8000000119
47127  25.156  -27.229  -13.085 0.8999999762
47101  24.984  -27.289  -12.563 0.8999999762
43712  20.273  -30.293  -11.332 0.6999999881
42509  19.795  -30.721  -11.632 0.6000000238
41361  19.325  -31.208  -11.828 0.6000000238
200002  20.127  -29.708  -11.250 0.6999999881
43713  19.579  -29.955  -11.608 0.6000000238
42510  19.118  -30.530  -11.876 0.5000000000
47156  26.192  -27.175  -14.205 1.0000000000
44860  18.706  -29.392  -12.113 0.5000000000
43741  17.968  -29.962  -12.442 0.5000000000
48304  26.518  -27.118  -15.351 1.0000000000
47191  26.392  -27.322  -15.920 1.0000000000
47208  26.123  -27.596  -16.449 1.0000000000
47225  25.832  -27.885  -16.979 0.8999999762
48305  26.104  -26.714  -15.601 1.0000000000
48322  25.957  -26.965  -16.231 0.8999999762
47209  25.672  -27.282  -16.742 0.8999999762
47227  24.836  -27.192  -17.519 0.8999999762
48342  25.181  -26.917  -16.974 0.8999999762
48364  24.283  -26.843  -17.777 0.8999999762
201062  23.587  -27.360  -18.615 0.8999999762
47259  23.103  -27.213  -18.914 0.8999999762
48343  24.607  -26.534  -17.205 0.8999999762
48365  23.668  -26.549  -18.017 0.8999999762
48402  22.478  -27.013  -19.177 0.8999999762
48366  23.040  -26.296  -18.264 0.8999999762
45982  24.453  -28.237  -11.659 0.8999999762
44856  23.974  -29.210  -11.318 0.8999999762
44839  22.994  -29.693  -10.797 0.8999999762
196498  23.839  -28.978  -10.691 0.8999999762
179169  22.533  -29.076  -10.439 1.0000000000
44840  22.114  -29.581  -10.684 0.8000000119
47079  24.800  -27.784  -11.316 0.8999999762
43694  20.756  -29.865  -11.022 0.6999999881
44858  19.759  -29.247  -11.419 0.6999999881
44859  19.166  -29.348  -11.782 0.5000000000
44888  18.320  -29.089  -12.410 0.5000000000
44889  17.888  -29.425  -12.630 0.5000000000
48273  25.641  -26.486  -13.954 1.0000000000
47178  26.132  -26.630  -14.817 1.0000000000
49348  25.686  -25.945  -14.537 1.0000000000
49366  25.720  -26.061  -15.222 1.0000000000
49349  25.366  -25.483  -14.910 1.0000000000
48306  25.561  -26.272  -15.969 0.8999999762
48324  25.010  -26.188  -16.564 0.8999999762
187546  18.554  -27.425  -22.019 0.6999999881
48462  18.252  -26.599  -22.003 0.8000000119
47308  18.437  -27.854  -21.399 0.8000000119
48425  18.181  -27.183  -21.336 0.8000000119
47078  25.067  -27.348  -11.744 0.8999999762
47054  24.602  -27.494  -10.554 1.0000000000
45960  24.081  -28.530  -10.565 1.0000000000
45961  22.843  -28.523  -10.177 1.0000000000
45962  21.981  -28.388  -10.359 0.6999999881
44841  21.225  -29.256  -10.776 0.6999999881
48206  25.336  -26.867  -12.130 0.8999999762
44842  20.390  -29.195  -11.058 0.6999999881
45985  18.793  -28.862  -12.074 0.6000000238
49323  25.445  -26.280  -13.615 1.0000000000
48249  25.428  -26.681  -13.341 0.8999999762
48228  25.243  -26.787  -12.861 0.8999999762
44917  17.899  -28.743  -12.903 0.4000000060
199981  25.018  -25.747  -15.973 1.0000000000
193887  25.141  -25.181  -15.268 1.0000000000
49470  20.049  -25.888  -19.858 0.8999999762
202100  20.689  -27.489  -22.083 0.6000000238
48461  19.025  -27.002  -22.178 0.6000000238
49522  18.903  -26.285  -22.293 0.8000000119
48445  17.961  -26.425  -21.776 0.8000000119
48407  18.657  -27.014  -20.688 0.8999999762
191871  19.518  -26.531  -20.121 0.8999999762
47053  25.065  -27.332  -11.056 0.8999999762
202183  21.458  -28.118  -10.484 0.8000000119
45964  20.672  -28.557  -10.851 0.6999999881
45984  19.957  -28.591  -11.189 0.6999999881
46005  18.912  -28.222  -12.028 0.6000000238
46039  18.130  -28.011  -12.977 0.4000000060
49302  25.468  -26.361  -13.180 0.8999999762
49322  25.656  -25.987  -13.983 1.0000000000
50422  25.614  -25.485  -14.416 1.0000000000
50423  25.371  -25.064  -14.949 1.0000000000
50449  25.007  -24.779  -15.476 1.0000000000
208224  21.110  -25.194  -19.224 0.8999999762
207396  20.922  -24.685  -19.464 0.8999999762
50572  20.459  -25.175  -19.725 0.8999999762
50574  18.780  -25.677  -20.619 0.8999999762
50573  19.687  -25.404  -20.145 0.8999999762
49519  21.563  -26.283  -21.753 0.6000000238
48460  21.108  -26.912  -21.947 0.6000000238
202554  19.597  -26.704  -22.212 0.6000000238
181533  19.160  -25.767  -22.379 0.8000000119
48469  17.856  -25.892  -22.134 0.8000000119
48426  18.148  -26.395  -21.139 0.8999999762
47055  23.990  -27.947  -10.187 0.8999999762
45942  22.398  -27.822  -10.109 0.6999999881
48177  23.872  -26.643  -9.860 0.8999999762
47036  23.550  -27.320  -9.907 0.8999999762
196847  20.268  -27.920  -10.980 0.6000000238
49278  25.641  -26.445  -12.529 1.0000000000
49261  25.848  -26.379  -11.570 1.0000000000
48187  25.403  -26.913  -11.272 1.0000000000
47080  19.966  -27.254  -11.224 0.6000000238
196109  19.518  -27.915  -11.526 0.6000000238
201641  19.005  -27.634  -12.050 0.5000000000
195076  25.800  -26.089  -12.879 1.0000000000
49301  25.736  -25.966  -13.451 1.0000000000
182910  25.807  -25.697  -13.933 1.0000000000
50401  25.981  -25.323  -14.103 1.0000000000
198547  25.722  -25.027  -14.610 1.0000000000
51620  25.420  -24.670  -15.068 1.0000000000
51642  24.782  -24.397  -16.027 1.0000000000
50450  24.571  -24.809  -16.062 1.0000000000
51668  24.338  -24.409  -16.470 1.0000000000
51690  23.813  -24.389  -16.900 1.0000000000
51691  23.310  -24.339  -17.291 1.0000000000
50524  22.709  -24.893  -17.944 0.8999999762
50498  23.462  -24.865  -17.184 0.8999999762
50547  21.663  -25.114  -18.744 0.8999999762
51766  19.973  -24.732  -20.144 0.8999999762
51787  18.386  -24.944  -20.937 0.8999999762
49509  22.771  -25.971  -21.420 0.6000000238
49510  22.181  -26.340  -21.592 0.6000000238
50610  21.312  -25.636  -21.852 0.6000000238
49520  20.794  -26.222  -22.001 0.6000000238
50613  18.555  -25.780  -22.502 0.8000000119
50614  17.472  -25.380  -22.301 0.8000000119
48176  24.475  -26.919  -10.144 0.8999999762
184277  22.542  -26.516  -10.032 0.6999999881
210514  21.111  -27.452  -10.509 0.6000000238
47059  20.633  -27.257  -10.728 0.6000000238
49247  25.834  -25.790  -10.840 0.8999999762
48208  19.846  -26.578  -11.460 0.6000000238
47081  19.355  -27.063  -11.857 0.5000000000
49277  26.106  -25.989  -12.203 1.0000000000
50383  26.323  -25.653  -12.787 1.0000000000
50366  26.581  -25.433  -11.928 0.8999999762
193525  26.178  -25.529  -13.530 1.0000000000
51603  26.418  -24.942  -14.353 1.0000000000
51619  26.169  -24.668  -14.885 1.0000000000
51640  25.995  -24.440  -15.459 1.0000000000
51666  25.916  -24.191  -16.105 1.0000000000
51641  25.265  -24.430  -15.662 1.0000000000
186518  24.651  -23.989  -16.450 1.0000000000
52889  23.649  -23.830  -17.223 1.0000000000
52909  22.668  -23.760  -17.974 1.0000000000
52932  21.806  -23.956  -18.646 0.8999999762
51746  21.397  -24.453  -18.991 0.8999999762
51765  20.495  -24.439  -19.786 0.8999999762
52963  19.000  -23.862  -20.766 0.8999999762
50609  22.652  -25.065  -21.689 0.6000000238
200195  22.060  -25.700  -21.642 0.6000000238
50611  20.539  -25.522  -22.109 0.6000000238
51821  20.437  -24.783  -22.443 0.6999999881
203593  18.678  -24.771  -22.771 0.6999999881
50622  17.667  -25.277  -22.534 0.6999999881
196596  17.433  -24.987  -21.960 0.8000000119
51788  17.699  -24.483  -21.390 0.8999999762
50603  23.417  -25.361  -21.371 0.6000000238
51837  17.752  -24.638  -22.647 0.6999999881
51822  17.484  -24.706  -22.380 0.8000000119
52990  17.153  -23.875  -22.339 0.8999999762
47038  21.268  -26.926  -10.366 0.6999999881
48189  20.700  -26.506  -10.665 0.6000000238
49248  25.424  -25.810  -10.394 0.8999999762
49239  24.571  -26.258  -9.994 0.8000000119
49241  23.146  -26.001  -9.850 0.6999999881
49260  26.211  -25.671  -11.431 0.8999999762
51573  27.346  -24.613  -12.739 0.8999999762
50365  26.906  -25.050  -12.362 0.8000000119
50400  26.656  -25.117  -13.762 1.0000000000
51618  27.028  -24.570  -14.716 1.0000000000
51639  26.874  -24.452  -15.342 1.0000000000
51665  26.736  -24.254  -15.958 1.0000000000
52872  25.068  -23.792  -16.764 1.0000000000
51689  24.190  -23.957  -16.790 1.0000000000
52908  23.277  -23.458  -17.757 1.0000000000
52931  22.156  -23.403  -18.539 0.8999999762
52948  21.017  -23.532  -19.712 0.8999999762
52949  20.488  -23.827  -19.900 0.8999999762
52962  19.844  -23.645  -20.380 0.8999999762
190862  21.115  -25.105  -22.107 0.6000000238
50619  19.416  -24.772  -22.686 0.6999999881
189716  18.588  -23.252  -21.116 0.8999999762
51817  23.433  -24.637  -21.759 0.6000000238
53006  18.666  -23.658  -22.878 0.6999999881
53008  17.437  -23.977  -22.570 0.6999999881
49242  22.308  -25.787  -10.064 0.6999999881
49249  21.190  -26.117  -10.376 0.6000000238
207489  25.084  -24.876  -10.054 0.8000000119
50337  24.300  -25.620  -9.856 0.8000000119
50338  22.768  -25.115  -10.049 0.6999999881
50340  21.633  -25.639  -10.168 0.6999999881
204467  26.058  -25.206  -10.856 0.6999999881
50343  25.583  -25.169  -10.338 0.8000000119
50351  26.810  -24.817  -11.717 0.6999999881
51601  27.604  -24.240  -13.782 0.8000000119
51617  27.658  -24.287  -14.398 0.8000000119
51602  27.131  -24.677  -14.080 0.8000000119
51638  27.723  -24.220  -15.153 0.8000000119
51664  27.385  -24.213  -15.760 0.8999999762
52870  26.659  -23.972  -16.641 1.0000000000
52886  25.514  -23.667  -17.285 1.0000000000
52907  23.920  -23.354  -17.657 1.0000000000
54112  23.624  -22.965  -18.220 1.0000000000
52906  25.244  -23.435  -17.803 1.0000000000
187142  24.574  -23.337  -17.704 1.0000000000
54113  22.855  -23.102  -18.254 1.0000000000
205575  21.890  -22.970  -19.151 1.0000000000
52933  21.498  -23.591  -19.124 0.8999999762
54154  21.360  -22.958  -19.691 0.8999999762
54155  20.618  -23.120  -20.239 0.8999999762
189011  19.852  -22.905  -20.740 0.8999999762
51818  22.873  -24.425  -22.108 0.6000000238
51819  22.200  -24.511  -22.231 0.6000000238
51834  19.979  -24.125  -22.801 0.6999999881
54171  19.090  -22.730  -21.097 0.8999999762
54173  17.753  -23.194  -21.573 0.8999999762
54203  19.236  -22.799  -23.014 0.6999999881
54204  18.151  -22.947  -22.778 0.6999999881
203605  17.193  -22.885  -22.295 0.8999999762
54185  17.521  -22.627  -22.032 0.8999999762
51543  24.351  -24.945  -9.929 0.6999999881
51544  23.506  -24.640  -10.038 0.6000000238
51545  22.119  -24.684  -10.302 0.6000000238
49250  20.746  -25.894  -10.684 0.6000000238
51550  26.031  -24.420  -10.603 0.6999999881
193085  24.057  -24.307  -10.111 0.6000000238
51560  26.676  -24.270  -11.253 0.6999999881
51572  27.555  -23.915  -12.563 0.6999999881
52841  28.180  -23.836  -14.563 0.8000000119
52857  27.995  -23.866  -15.889 0.8000000119
204393  27.885  -23.698  -16.502 0.8000000119
52869  27.382  -24.000  -16.317 0.8000000119
209665  26.373  -23.848  -17.007 1.0000000000
52885  26.787  -23.755  -17.259 0.8000000119
54110  24.902  -23.088  -18.336 1.0000000000
54111  24.257  -23.084  -18.076 1.0000000000
54153  22.916  -22.429  -19.269 1.0000000000
201895  24.407  -22.563  -19.302 1.0000000000
54152  23.417  -22.425  -19.154 1.0000000000
208902  22.242  -22.501  -19.500 1.0000000000
55461  21.774  -21.744  -20.358 1.0000000000
201521  21.314  -22.019  -20.331 1.0000000000
55462  20.377  -22.270  -20.677 0.8999999762
51832  21.810  -24.054  -22.775 0.6000000238
55463  19.558  -22.216  -21.056 0.8999999762
51830  23.406  -24.005  -22.429 0.6000000238
51831  22.602  -24.019  -22.693 0.6000000238
53003  21.424  -23.509  -23.128 0.6999999881
55475  18.746  -22.060  -21.411 0.8999999762
53004  20.533  -23.484  -23.031 0.6999999881
55498  18.659  -22.095  -22.849 0.6999999881
55499  17.807  -21.854  -22.371 0.8999999762
183699  22.097  -24.149  -10.549 0.5000000000
51551  24.786  -24.282  -10.120 0.6000000238
207424  23.713  -23.435  -10.453 0.5000000000
52789  26.385  -23.619  -10.910 0.6999999881
52778  25.736  -23.570  -10.515 0.6999999881
52788  26.891  -23.596  -11.494 0.6999999881
54008  27.723  -23.246  -12.498 0.6999999881
52799  27.352  -23.510  -12.037 0.6999999881
52829  28.318  -23.418  -13.959 0.6999999881
192125  28.615  -23.225  -14.641 0.6999999881
52840  28.378  -23.645  -15.230 0.8000000119
52868  28.375  -23.436  -16.323 0.8000000119
52884  28.175  -23.433  -16.932 0.8000000119
189163  27.477  -23.731  -17.008 0.8000000119
52902  27.957  -23.420  -17.563 0.8000000119
52903  27.299  -23.553  -17.692 0.8000000119
52929  26.405  -23.397  -18.383 0.8999999762
52930  25.670  -23.312  -18.398 1.0000000000
52928  27.129  -23.394  -18.339 0.8000000119
54151  25.852  -22.756  -19.473 0.8999999762
208059  24.834  -22.839  -18.940 1.0000000000
201999  23.830  -22.351  -19.343 1.0000000000
55437  22.736  -22.097  -19.830 1.0000000000
56701  21.133  -21.563  -20.574 1.0000000000
56702  20.547  -21.577  -20.804 0.8999999762
56703  19.868  -21.644  -21.102 0.8999999762
56727  20.137  -21.086  -21.327 0.8999999762
211617  18.588  -20.890  -21.738 0.8999999762
53002  22.218  -23.587  -23.262 0.6000000238
54201  20.235  -22.930  -23.176 0.6999999881
194782  18.379  -21.405  -22.791 0.8000000119
56730  18.032  -21.244  -21.857 0.8999999762
53000  23.925  -23.683  -23.072 0.6000000238
193993  21.549  -22.574  -23.583 0.6999999881
55497  19.431  -22.034  -23.044 0.6999999881
58091  18.190  -20.891  -22.620 0.8000000119
58054  18.252  -20.821  -21.904 0.8999999762
55515  19.079  -21.430  -23.115 0.6999999881
58074  18.520  -20.410  -22.570 0.8999999762
52779  24.916  -23.504  -10.344 0.5000000000
52781  23.554  -22.898  -10.733 0.5000000000
53999  26.545  -22.955  -11.218 0.6999999881
198748  24.239  -22.582  -10.803 0.5000000000
53998  27.048  -22.935  -11.693 0.6999999881
54009  27.432  -22.930  -12.108 0.6999999881
54023  28.065  -22.863  -13.018 0.6999999881
54022  28.386  -22.953  -13.563 0.6999999881
207991  29.112  -22.510  -15.265 0.6999999881
54071  28.863  -22.990  -15.339 0.6999999881
54097  28.702  -22.999  -16.705 0.8000000119
182662  28.495  -22.995  -17.372 0.8000000119
54129  27.651  -22.799  -18.705 0.8000000119
54150  26.549  -22.725  -19.381 0.8000000119
55435  24.858  -22.245  -19.914 0.8999999762
192897  24.150  -22.114  -19.814 1.0000000000
55459  23.138  -21.716  -20.279 1.0000000000
55460  22.472  -21.722  -20.314 1.0000000000
211650  27.142  -22.678  -19.240 0.8000000119
55433  26.274  -22.332  -19.830 0.8000000119
55458  23.846  -21.714  -20.319 0.8999999762
56699  22.814  -21.314  -20.741 1.0000000000
56700  22.167  -21.298  -20.726 1.0000000000
56698  23.495  -21.308  -20.819 0.8999999762
58050  21.379  -20.610  -21.367 1.0000000000
56726  20.878  -21.088  -21.070 1.0000000000
58051  20.509  -20.482  -21.653 1.0000000000
59299  19.291  -19.996  -22.131 0.8999999762
53023  21.854  -23.071  -23.531 0.6999999881
59298  19.922  -20.059  -22.019 0.8999999762
53022  22.555  -23.155  -23.779 0.6000000238
59300  18.839  -20.070  -22.305 0.8999999762
54215  22.242  -22.670  -23.805 0.6999999881
54217  20.605  -22.009  -23.426 0.6999999881
55514  20.003  -21.583  -23.331 0.6999999881
56788  18.738  -20.781  -23.279 0.6999999881
59350  18.815  -19.806  -23.363 0.8000000119
56787  19.537  -20.862  -23.547 0.6999999881
59326  18.770  -19.798  -22.972 0.8000000119
60575  19.184  -18.654  -23.284 0.8999999762
59348  19.993  -19.717  -23.962 0.6999999881
53985  25.962  -22.968  -10.875 0.6000000238
55275  25.580  -22.360  -10.944 0.5000000000
55304  27.225  -22.348  -11.937 0.6999999881
55288  26.615  -22.256  -11.546 0.5000000000
55319  28.417  -22.254  -13.500 0.6999999881
203074  28.760  -22.157  -14.128 0.6999999881
55333  28.585  -21.583  -13.884 0.6999999881
54055  28.965  -22.493  -14.730 0.6999999881
54084  29.153  -22.555  -16.426 0.6999999881
54096  29.056  -22.572  -17.136 0.8000000119
202102  28.209  -22.931  -18.021 0.8000000119
54108  28.782  -22.504  -17.812 0.8000000119
55416  28.021  -22.116  -19.032 0.8000000119
55454  26.601  -21.881  -20.045 0.8000000119
55430  28.185  -21.615  -19.252 0.8000000119
56680  27.135  -21.616  -20.016 0.8000000119
55456  25.302  -21.867  -20.386 0.8000000119
56697  24.282  -21.252  -20.945 0.8999999762
58048  22.727  -20.487  -21.582 0.8999999762
58049  22.086  -20.507  -21.481 1.0000000000
58043  26.809  -20.783  -20.804 0.8000000119
56720  25.522  -20.917  -21.113 0.8000000119
58073  21.042  -20.133  -21.867 1.0000000000
58072  21.663  -20.070  -21.854 1.0000000000
53021  23.200  -23.118  -24.076 0.6000000238
59313  20.470  -19.834  -22.077 1.0000000000
55513  21.225  -22.090  -23.558 0.6999999881
56785  21.065  -21.069  -23.793 0.6999999881
60565  19.321  -18.995  -22.846 0.8999999762
201446  19.985  -18.899  -22.690 1.0000000000
58112  20.653  -20.414  -23.987 0.6999999881
58132  20.314  -19.725  -24.120 0.8000000119
59371  19.240  -19.117  -23.754 0.8000000119
55351  29.009  -21.743  -14.502 0.6999999881
56592  28.752  -21.032  -14.283 0.6999999881
55350  29.218  -21.990  -15.263 0.6999999881
55366  29.374  -22.007  -16.038 0.6999999881
55377  29.416  -22.022  -16.776 0.6999999881
55389  29.244  -21.964  -17.523 0.6999999881
56649  29.450  -21.259  -17.961 0.6999999881
55401  28.923  -21.874  -18.223 0.8000000119
55415  28.531  -21.744  -18.819 0.8000000119
56679  27.603  -21.295  -19.904 0.8000000119
58016  28.475  -20.669  -19.662 0.8000000119
208038  27.208  -20.657  -20.677 0.8000000119
206142  24.325  -20.700  -21.418 0.8999999762
58047  23.356  -20.458  -21.663 0.8999999762
58045  25.360  -20.369  -21.468 0.8000000119
59297  24.116  -19.720  -22.078 0.8999999762
58071  22.355  -20.022  -21.891 0.8999999762
197394  22.803  -22.790  -24.061 0.6000000238
59310  23.381  -19.565  -22.199 0.8999999762
59311  22.692  -19.523  -22.210 0.8999999762
59312  21.140  -19.526  -22.173 1.0000000000
209099  23.896  -22.584  -24.621 0.6000000238
60564  20.782  -18.919  -22.555 0.8999999762
183030  22.020  -20.827  -24.129 0.6999999881
61824  20.351  -18.415  -22.991 0.8999999762
59370  19.989  -19.085  -24.262 0.8000000119
60594  19.459  -18.507  -23.789 0.8999999762
61838  19.606  -18.260  -23.703 0.8000000119
56591  29.136  -21.204  -14.951 0.6999999881
56610  29.408  -21.377  -15.654 0.6999999881
193715  29.635  -21.427  -16.339 0.6999999881
210058  29.749  -20.609  -18.068 0.6999999881
57999  28.947  -20.737  -19.065 0.6999999881
198708  25.886  -20.520  -21.273 0.8000000119
208465  24.769  -19.620  -21.998 0.8000000119
59296  25.277  -19.829  -21.833 0.8000000119
60548  25.197  -19.274  -22.052 0.8000000119
198246  21.968  -19.513  -22.179 0.8999999762
55539  22.365  -21.841  -23.893 0.6000000238
60560  24.557  -19.072  -22.236 0.8000000119
183367  24.140  -18.675  -22.555 0.8999999762
60563  22.365  -19.019  -22.523 0.8999999762
205962  21.586  -18.970  -22.479 0.8999999762
55537  23.579  -22.133  -24.482 0.6000000238
193903  22.379  -21.400  -24.005 0.6999999881
61823  21.187  -18.425  -22.844 0.8999999762
58131  20.884  -19.892  -24.301 0.6999999881
61837  20.011  -18.015  -23.542 0.8000000119
60622  20.186  -18.364  -24.587 0.6999999881
211291  19.755  -18.010  -24.122 0.8000000119
56623  29.649  -20.916  -15.945 0.6999999881
56622  29.844  -20.701  -16.592 0.6999999881
57982  29.979  -20.104  -17.799 0.6999999881
58042  27.135  -20.246  -20.954 0.8000000119
59294  26.690  -19.795  -21.420 0.8000000119
60559  25.772  -18.921  -22.127 0.8000000119
61819  24.733  -18.416  -22.581 0.8000000119
60562  23.099  -19.061  -22.514 0.8999999762
61821  22.794  -18.480  -22.733 0.8999999762
56806  22.915  -21.728  -24.224 0.6000000238
61822  22.004  -18.455  -22.771 0.8999999762
188686  22.657  -21.172  -24.190 0.6999999881
205843  22.493  -20.364  -24.312 0.6999999881
63033  21.908  -17.332  -23.480 0.8999999762
60620  21.465  -18.438  -24.825 0.6999999881
61871  20.245  -17.617  -24.822 0.8000000119
63047  20.721  -16.870  -24.310 0.8000000119
61869  21.092  -17.862  -25.024 0.6999999881
63066  20.570  -17.066  -24.999 0.8000000119
63048  20.391  -17.146  -24.358 0.8000000119
61889  20.817  -17.100  -25.197 0.8000000119
57959  29.837  -19.907  -16.397 0.6999999881
57971  29.996  -20.067  -17.089 0.6000000238
209058  24.032  -21.412  -24.587 0.6000000238
63018  24.584  -17.855  -22.879 0.8000000119
63031  23.408  -17.305  -23.390 0.8999999762
63032  22.737  -17.370  -23.403 0.8999999762
56805  23.437  -21.276  -24.376 0.6000000238
64359  22.265  -16.746  -23.807 0.8999999762
59367  21.719  -19.306  -24.616 0.8000000119
63046  21.388  -16.696  -24.011 0.8999999762
201654  20.718  -16.721  -25.062 0.8000000119
192259  21.728  -17.900  -25.057 0.6999999881
63065  20.868  -16.500  -25.449 0.8000000119
64385  21.137  -15.875  -25.549 0.8000000119
191680  23.420  -20.243  -24.280 0.6999999881
63030  24.078  -17.469  -23.139 0.8000000119
59365  23.742  -19.373  -24.291 0.5000000000
59366  22.772  -19.462  -24.484 0.6000000238
60617  23.929  -18.532  -24.424 0.6000000238
60619  22.207  -18.628  -24.744 0.6999999881
179143  21.835  -16.111  -24.316 0.8000000119
61867  23.454  -17.928  -24.849 0.6000000238
61886  22.922  -17.300  -25.380 0.6000000238
63085  21.483  -16.583  -25.784 0.6999999881
64427  21.196  -15.865  -26.034 0.8000000119
64375  20.994  -16.197  -24.823 0.8000000119
63084  22.329  -16.699  -25.867 0.6000000238
64357  23.810  -16.783  -23.648 0.8000000119
64373  23.768  -16.126  -23.950 0.8000000119
64374  22.650  -16.123  -24.023 0.8999999762
60593  24.939  -19.032  -24.012 0.6000000238
65654  21.981  -15.319  -25.823 0.8000000119
65621  21.606  -15.674  -25.006 0.8000000119
65620  22.340  -15.570  -24.590 0.8000000119
64402  22.518  -16.196  -26.169 0.6000000238
64372  24.437  -16.253  -23.773 0.8000000119
65619  23.191  -15.650  -24.303 0.8000000119
201098  24.644  -18.459  -24.305 0.6000000238
63064  24.615  -17.332  -25.035 0.6000000238
66952  22.495  -15.029  -25.482 0.8000000119
63083  24.206  -16.726  -25.562 0.6000000238
181029  22.490  -15.265  -26.024 0.6999999881
66937  23.228  -14.970  -25.375 0.8000000119
64422  25.042  -15.973  -26.407 0.6000000238
65668  23.290  -15.304  -26.087 0.6000000238
66960  23.936  -14.928  -26.059 0.6999999881
63082  25.014  -16.864  -25.456 0.6000000238
64400  24.624  -16.349  -26.036 0.6000000238
65616  26.059  -15.598  -23.951 0.8000000119
65618  24.003  -15.654  -24.254 0.8000000119
60616  25.322  -18.465  -24.196 0.6000000238
65617  25.356  -15.570  -24.063 0.8000000119
60614  26.630  -18.424  -24.028 0.5000000000
68254  24.558  -14.541  -25.515 0.8000000119
66936  24.152  -14.793  -25.055 0.8000000119
61864  26.301  -17.940  -24.409 0.6000000238
197212  24.983  -17.877  -24.548 0.6000000238
68268  24.480  -14.586  -26.057 0.6000000238
61863  26.913  -17.943  -24.373 0.5000000000
63081  25.846  -17.045  -25.344 0.6000000238
65666  24.867  -15.443  -26.621 0.6000000238
63080  26.501  -16.975  -25.476 0.6000000238
64399  25.388  -16.489  -25.959 0.6000000238
65665  25.417  -15.643  -26.668 0.6000000238
65681  25.416  -15.092  -26.846 0.6000000238
65636  25.694  -15.151  -24.426 0.8000000119
65637  24.894  -15.019  -24.584 0.8000000119
65635  26.365  -15.067  -24.254 0.8000000119
66933  26.583  -14.629  -24.734 0.6999999881
66935  25.398  -14.742  -24.851 0.6999999881
63061  26.571  -17.432  -24.903 0.6000000238
68289  24.811  -14.643  -26.768 0.6000000238
68279  25.405  -14.095  -26.486 0.6000000238
68267  24.987  -14.332  -25.981 0.6999999881
188200  27.147  -17.159  -25.333 0.5000000000
66971  25.255  -14.700  -27.083 0.6000000238
63100  27.583  -16.878  -25.855 0.5000000000
64420  26.418  -16.216  -26.479 0.6000000238
64438  25.984  -15.527  -26.899 0.6000000238
63099  28.366  -16.994  -25.857 0.5000000000
66932  27.410  -14.671  -24.509 0.6999999881
68265  26.288  -14.271  -25.563 0.6000000238
68278  26.167  -13.871  -26.255 0.6000000238
68266  25.582  -14.223  -25.810 0.6000000238
176672  25.861  -14.092  -27.006 0.6000000238
175941  26.732  -14.096  -26.215 0.6000000238
64418  27.946  -16.601  -26.491 0.5000000000
64437  26.760  -15.802  -26.979 0.6000000238
65680  26.394  -15.022  -27.342 0.6000000238
65691  25.872  -14.691  -27.130 0.6000000238
68288  25.474  -14.258  -26.812 0.6000000238
191721  26.264  -13.926  -27.114 0.6000000238
64436  27.533  -16.080  -27.038 0.6000000238
65679  27.105  -15.407  -27.465 0.6000000238
63112  28.708  -16.824  -26.552 0.5000000000
64435  28.306  -16.362  -27.116 0.5000000000
195946  29.066  -16.625  -27.176 0.4000000060
65687  29.079  -15.515  -27.907 0.5000000000
66950  27.105  -14.441  -25.296 0.6000000238
68264  27.652  -14.234  -25.886 0.6000000238
65689  26.670  -14.602  -27.759 0.6000000238
68287  26.380  -13.937  -27.589 0.6000000238
68277  27.129  -13.796  -26.922 0.6000000238
66979  27.562  -14.557  -28.230 0.6000000238
66987  26.787  -13.661  -28.389 0.6000000238
65678  27.887  -15.748  -27.546 0.5000000000
66978  28.485  -14.838  -28.242 0.6000000238
66977  29.376  -15.038  -28.226 0.5000000000
64444  29.553  -16.251  -27.620 0.4000000060
181825  29.980  -15.124  -28.151 0.4000000060
68296  26.615  -13.424  -28.184 0.6000000238
69754  26.879  -13.280  -27.792 0.5000000000
68276  28.219  -13.949  -26.327 0.5000000000
66980  26.438  -13.898  -28.010 0.6000000238
69762  26.718  -13.149  -28.401 0.5000000000
66986  27.672  -14.001  -28.536 0.6000000238
66985  28.731  -14.274  -28.489 0.5000000000
66984  29.773  -14.458  -28.370 0.4000000060
68304  26.780  -13.036  -28.525 0.6000000238
69769  26.929  -12.734  -28.703 0.5000000000
68303  27.795  -13.351  -28.908 0.4000000060
205478  27.011  -13.247  -28.672 0.6000000238
197350  27.014  -12.732  -28.811 0.6000000238
71094  27.308  -12.427  -28.646 0.4000000060
68302  29.049  -13.724  -28.757 0.4000000060
194071  29.320  -13.168  -28.976 0.4000000060
71089  28.019  -12.351  -27.992 0.4000000060
69777  28.409  -13.088  -29.095 0.4000000060
71102  27.374  -12.357  -28.891 0.4000000060
68301  30.003  -13.719  -28.622 0.4000000060
69778  27.644  -12.573  -29.067 0.4000000060
69751  29.548  -13.515  -26.025 0.4000000060
69760  28.430  -12.975  -27.292 0.4000000060
72406  27.780  -12.000  -28.635 0.4000000060
69781  29.493  -12.566  -29.146 0.4000000060
69782  28.457  -12.545  -29.218 0.4000000060
71110  28.630  -11.991  -29.308 0.4000000060
72418  27.873  -11.831  -28.988 0.4000000060
69759  29.341  -13.042  -26.671 0.4000000060
71088  29.023  -12.449  -27.280 0.4000000060
71109  29.650  -11.939  -29.326 0.3000000119
72412  28.280  -11.410  -28.607 0.4000000060
72405  28.551  -11.769  -27.898 0.4000000060
71087  29.764  -12.414  -26.663 0.4000000060
47288  18.546  -27.718  -20.964 0.8000000119
48406  19.285  -27.207  -20.279 0.8999999762
181039  20.330  -26.347  -19.696 0.8999999762
48405  20.027  -26.945  -19.899 0.8999999762
47274  20.647  -27.365  -19.823 0.8999999762
49386  24.587  -25.424  -16.269 1.0000000000
49368  24.888  -25.203  -15.711 1.0000000000
48384  22.739  -26.624  -18.729 0.8999999762
48344  24.037  -26.150  -17.562 0.8999999762
49410  23.700  -25.465  -17.301 0.8999999762
50476  24.061  -24.997  -16.681 1.0000000000
182836  22.134  -26.472  -18.947 0.8999999762
49429  23.421  -25.891  -17.872 0.8999999762
207826  22.904  -25.784  -18.131 0.8999999762
184463  20.989  -26.282  -19.425 0.8999999762
50525  22.209  -25.013  -18.338 0.8999999762
69753  27.775  -13.402  -27.153 0.4000000060
69761  27.204  -12.757  -28.061 0.4000000060
69752  28.824  -13.609  -26.600 0.4000000060
68275  29.008  -13.958  -25.822 0.4000000060
44913  25.757  -29.369  -13.457 0.8999999762
44949  27.034  -29.116  -14.953 1.0000000000
42623  25.989  -31.000  -17.825 0.8000000119
184540  23.837  -29.228  -13.505 0.8999999762
46104  26.294  -28.191  -16.646 0.8999999762
46142  25.622  -28.708  -17.630 0.8000000119
201336  24.212  -28.829  -18.942 0.8000000119
206625  23.422  -28.790  -19.491 0.8000000119
202887  23.507  -27.865  -18.944 0.8999999762
47271  22.851  -27.658  -19.339 0.8000000119
48403  21.827  -26.899  -19.336 0.8999999762
47273  21.464  -27.434  -19.644 0.8000000119
48323  25.508  -26.726  -16.508 0.8999999762
49445  22.462  -26.013  -18.555 0.8999999762
45983  24.319  -28.780  -11.129 0.8999999762
192983  23.553  -28.544  -10.255 1.0000000000
183916  19.372  -28.702  -11.693 0.6000000238
46006  18.414  -28.451  -12.473 0.4000000060
49367  25.191  -25.643  -15.451 1.0000000000
49409  24.311  -25.792  -16.909 0.8999999762
193478  18.541  -28.293  -21.221 0.6999999881
49496  17.803  -25.971  -21.730 0.8000000119
48188  25.031  -26.819  -10.537 0.8999999762
49469  20.752  -25.787  -19.495 0.8999999762
196480  19.892  -27.356  -22.200 0.6000000238
49472  18.836  -26.344  -20.500 0.8999999762
192906  22.039  -27.089  -10.110 0.6999999881
191273  18.594  -27.807  -12.503 0.4000000060
48386  21.393  -25.787  -19.003 0.8999999762
50594  19.251  -24.907  -20.468 0.8999999762
196120  18.444  -24.300  -20.949 0.8999999762
49521  19.863  -26.101  -22.218 0.6999999881
50620  18.756  -25.313  -22.649 0.6999999881
48178  23.174  -26.737  -9.833 0.8000000119
183520  25.528  -26.362  -10.764 0.8999999762
51667  25.190  -24.114  -16.264 1.0000000000
50523  23.136  -25.278  -17.770 0.8999999762
51718  22.407  -24.425  -18.097 0.8999999762
51745  21.932  -24.497  -18.503 0.8999999762
49446  22.006  -25.584  -18.587 0.8999999762
51786  19.532  -24.270  -20.382 0.8999999762
193022  20.270  -26.050  -11.106 0.5000000000
50382  26.806  -25.165  -13.100 1.0000000000
50352  26.451  -24.981  -11.254 0.6999999881
51586  27.611  -24.126  -13.173 0.8000000119
51587  27.277  -24.706  -13.427 0.8999999762
53005  19.594  -23.532  -22.988 0.6999999881
54172  18.249  -22.616  -21.502 0.8999999762
54205  17.614  -22.650  -22.441 0.8000000119
50345  21.563  -25.041  -10.355 0.6000000238
185710  25.409  -24.545  -10.188 0.8000000119
51552  23.541  -23.953  -10.269 0.6000000238
51559  27.137  -24.281  -12.000 0.6999999881
52830  27.905  -23.741  -13.564 0.6999999881
191582  27.961  -23.915  -14.047 0.6999999881
52905  25.947  -23.550  -17.843 1.0000000000
207628  21.781  -22.703  -19.551 1.0000000000
55476  17.987  -21.904  -21.807 0.8999999762
51553  22.781  -24.226  -10.328 0.6000000238
51554  21.561  -24.447  -10.607 0.5000000000
52814  28.178  -23.333  -13.396 0.6999999881
52904  26.639  -23.598  -17.820 0.8999999762
52782  22.399  -23.613  -10.680 0.5000000000
54038  28.625  -22.754  -14.081 0.6999999881
52856  28.521  -23.421  -15.777 0.8000000119
58052  19.656  -20.537  -21.774 0.8999999762
184477  26.145  -22.453  -11.125 0.6000000238
55290  25.177  -21.821  -11.258 0.5000000000
55303  27.645  -22.540  -12.440 0.6999999881
55457  24.580  -21.788  -20.406 0.8999999762
55431  27.677  -21.779  -19.551 0.8000000119
55455  26.007  -21.891  -20.260 0.8000000119
61825  19.572  -18.463  -23.176 0.8999999762
55289  25.916  -21.916  -11.377 0.5000000000
56533  27.370  -21.835  -12.314 0.6999999881
56664  28.533  -21.208  -19.179 0.8000000119
56696  25.053  -21.368  -20.843 0.8999999762
58070  23.013  -20.012  -21.931 0.8999999762
59369  20.529  -19.132  -24.408 0.8000000119
60623  19.684  -18.664  -24.157 0.8000000119
56636  29.661  -21.388  -17.122 0.6999999881
59281  27.818  -20.004  -20.799 0.8000000119
61836  20.712  -17.844  -23.260 0.8999999762
61833  23.300  -17.895  -22.984 0.8999999762
57960  29.615  -20.303  -15.906 0.6000000238
61887  22.020  -17.275  -25.426 0.6999999881
64358  23.049  -16.800  -23.702 0.8999999762
190277  22.485  -15.526  -26.195 0.6999999881
206640  23.871  -16.218  -26.085 0.6000000238
64424  23.150  -15.824  -26.207 0.6000000238
66951  23.881  -14.739  -25.692 0.8000000119
65682  24.905  -14.859  -26.710 0.6000000238
180413  24.808  -14.635  -25.028 0.6999999881
63102  26.115  -16.570  -25.927 0.6000000238
65690  26.212  -14.278  -27.535 0.6000000238
64419  27.171  -16.403  -26.472 0.6000000238
68286  26.430  -13.492  -27.834 0.6000000238
71081  30.187  -12.285  -26.115 0.4000000060
72417  28.304  -11.288  -29.048 0.4000000060
203720  20.647  -26.722  -19.664 0.8999999762
32671  26.334  -36.732  -13.494 0.4000000060
35213  25.700  -35.678  -12.896 0.4000000060
35195  24.993  -35.811  -12.604 0.4000000060
35231  26.856  -35.960  -14.118 0.4000000060
193157  25.903  -35.047  -13.060 0.4000000060
208187  24.668  -35.238  -12.668 0.4000000060
36488  27.175  -34.724  -14.686 0.3000000119
207217  26.402  -34.961  -13.300 0.4000000060
36508  27.179  -34.912  -15.519 0.4000000060
36521  26.927  -34.787  -16.242 0.4000000060
37832  26.529  -34.143  -17.125 0.4000000060
196796  26.018  -33.658  -18.022 0.4000000060
176359  25.499  -34.625  -12.905 0.5000000000
36448  24.780  -34.614  -12.762 0.4000000060
192769  26.694  -34.595  -13.576 0.4000000060
199977  26.129  -34.253  -13.162 0.4000000060
187293  27.213  -34.312  -15.229 0.5000000000
181493  26.921  -33.591  -16.149 0.4000000060
196487  26.688  -33.549  -16.858 0.4000000060
39070  26.153  -32.969  -17.825 0.5000000000
39071  25.741  -33.073  -18.411 0.5000000000
185410  25.380  -32.480  -18.732 0.6000000238
39083  25.173  -33.189  -18.887 0.5000000000
39094  24.100  -32.623  -19.568 0.6000000238
40280  23.544  -32.249  -19.828 0.4000000060
37746  25.317  -34.046  -12.936 0.5000000000
37747  24.563  -33.927  -13.026 0.5000000000
37748  23.850  -33.791  -13.339 0.5000000000
37765  23.245  -33.690  -13.809 0.5000000000
37745  26.691  -33.882  -13.599 0.6000000238
181372  26.341  -33.400  -13.314 0.6000000238
38994  27.003  -33.610  -14.145 0.5000000000
39010  27.160  -32.897  -14.318 0.6000000238
37794  27.190  -33.670  -15.360 0.5000000000
39044  27.127  -33.041  -15.771 0.5000000000
39059  26.869  -32.872  -16.509 0.4000000060
40251  26.358  -32.329  -17.595 0.6000000238
40260  25.874  -32.271  -18.183 0.6000000238
40261  25.462  -31.883  -18.583 0.6000000238
41495  24.643  -31.386  -19.185 0.6000000238
42638  24.270  -30.883  -19.471 0.6000000238
42644  23.676  -31.046  -19.830 0.6000000238
40273  24.462  -32.001  -19.386 0.6000000238
40279  23.939  -32.011  -19.612 0.6000000238
41502  23.590  -31.683  -19.839 0.6000000238
182544  23.090  -31.355  -20.121 0.6000000238
38980  25.021  -33.409  -13.063 0.5000000000
38981  24.335  -33.300  -13.261 0.5000000000
38982  23.665  -33.144  -13.644 0.5000000000
38995  23.103  -33.089  -14.218 0.5000000000
38979  26.466  -32.823  -13.431 0.6000000238
197182  25.986  -32.839  -13.220 0.6000000238
40204  27.320  -32.489  -14.843 0.6000000238
40179  26.768  -32.416  -13.809 0.6000000238
188556  27.322  -32.502  -15.446 0.5000000000
40205  27.210  -32.133  -14.380 0.6000000238
40239  26.985  -32.153  -16.432 0.6000000238
204444  26.506  -31.839  -17.338 0.6000000238
41494  25.199  -31.276  -18.677 0.6000000238
42645  23.060  -30.548  -20.096 0.6000000238
43850  22.386  -30.326  -20.321 0.6999999881
40167  24.174  -32.606  -13.457 0.6000000238
40181  23.493  -32.343  -14.062 0.5000000000
40165  26.239  -32.307  -13.407 0.6000000238
40166  25.602  -32.208  -13.222 0.6000000238
191602  25.329  -32.820  -13.112 0.6000000238
40206  23.075  -31.628  -14.686 0.5000000000
40207  22.578  -31.687  -15.275 0.5000000000
41389  25.948  -31.672  -13.387 0.6000000238
41464  27.098  -31.532  -16.283 0.6000000238
45069  22.721  -29.938  -20.160 0.6999999881
190955  24.822  -32.155  -13.348 0.6000000238
40180  24.050  -31.816  -13.761 0.6000000238
189764  23.516  -31.533  -14.225 0.6000000238
41407  23.717  -30.933  -14.070 0.6000000238
41432  22.737  -30.830  -15.161 0.6000000238
41433  22.216  -30.718  -15.510 0.6000000238
41390  25.235  -31.463  -13.345 0.6000000238
41451  21.652  -30.612  -15.708 0.5000000000
41405  26.868  -31.697  -13.984 0.6000000238
42597  21.420  -30.384  -15.554 0.6000000238
185504  22.074  -29.661  -20.308 0.6999999881
41391  24.449  -31.208  -13.607 0.6000000238
41408  23.189  -30.827  -14.656 0.6000000238
42537  24.785  -30.583  -13.464 0.6000000238
42556  23.952  -30.267  -13.872 0.6000000238
42576  22.707  -30.244  -14.904 0.6000000238
42578  21.823  -30.094  -15.138 0.6000000238
42536  25.661  -30.821  -13.369 0.6000000238
42560  21.449  -30.247  -15.066 0.6000000238
41406  26.423  -31.282  -13.607 0.6000000238
42575  27.252  -30.751  -14.547 0.6000000238
46182  21.511  -28.517  -20.049 0.6999999881
46183  20.923  -28.626  -20.199 0.6999999881
42557  23.210  -30.120  -14.404 0.6999999881
43781  22.671  -29.969  -14.578 0.6999999881
46171  20.255  -28.175  -20.161 0.6999999881
43748  25.041  -30.006  -13.416 0.6999999881
43749  24.210  -29.731  -13.646 0.6999999881
43765  22.974  -29.837  -14.097 0.6999999881
43766  22.505  -29.883  -14.384 0.6999999881
43782  22.261  -30.037  -14.831 0.6000000238
42559  22.036  -30.057  -14.614 0.6999999881
42539  22.216  -30.673  -13.769 0.6000000238
190518  21.738  -30.436  -14.434 0.5000000000
47276  19.004  -27.741  -20.459 0.8000000119
43764  23.491  -29.673  -13.874 0.6999999881
43751  22.926  -29.726  -13.788 0.6999999881
42558  22.472  -29.980  -14.075 0.6999999881
40185  20.844  -32.453  -14.259 0.5000000000
42538  22.708  -30.374  -13.330 0.6999999881
41393  22.043  -31.642  -13.191 0.6000000238
40183  21.739  -32.109  -13.385 0.6000000238
61818  25.473  -18.389  -22.511 0.6999999881
58031  28.144  -20.318  -20.257 0.6999999881
59293  27.374  -19.567  -21.202 0.6999999881
56648  29.414  -20.738  -18.543 0.6000000238
57998  29.343  -20.334  -18.959 0.6000000238
60546  26.906  -19.161  -21.613 0.6999999881
60558  26.500  -18.795  -22.006 0.6999999881
63017  25.179  -17.858  -22.798 0.6999999881
63029  24.848  -17.360  -23.119 0.6999999881
57997  29.767  -20.096  -18.505 0.6000000238
58015  29.062  -20.252  -19.487 0.6000000238
59280  28.426  -19.790  -20.559 0.6999999881
60545  27.622  -18.887  -21.540 0.6999999881
59239  30.174  -19.550  -18.120 0.6000000238
63016  25.872  -17.834  -22.696 0.6999999881
63028  25.554  -17.293  -23.031 0.6999999881
198409  25.071  -16.031  -23.778 0.6999999881
59253  29.531  -19.836  -19.198 0.6000000238
200367  29.424  -19.148  -20.409 0.6000000238
182798  28.407  -18.803  -21.279 0.6999999881
209263  27.059  -18.683  -21.882 0.6999999881
63027  26.286  -17.305  -22.935 0.6999999881
64354  25.988  -16.763  -23.362 0.6999999881
64370  26.425  -16.184  -23.613 0.6999999881
59252  30.057  -19.468  -18.824 0.6000000238
194789  30.051  -18.702  -20.155 0.5000000000
60544  29.088  -18.701  -21.015 0.6000000238
61814  28.554  -17.815  -21.979 0.5000000000
63014  27.663  -17.317  -22.582 0.6999999881
64352  27.911  -16.204  -23.003 0.6999999881
65615  26.769  -15.538  -23.813 0.6999999881
199777  31.456  -12.983  -27.422 0.3000000119
211595  30.959  -13.403  -28.288 0.3000000119
69776  30.254  -13.125  -28.912 0.3000000119
32673  25.460  -36.983  -12.824 0.4000000060
33910  24.838  -36.604  -12.608 0.3000000119
33912  23.679  -36.607  -12.530 0.4000000060
32685  26.615  -37.081  -14.056 0.3000000119
35196  24.293  -35.618  -12.612 0.4000000060
35290  27.002  -35.333  -16.016 0.4000000060
35214  24.120  -35.033  -12.770 0.4000000060
35310  26.769  -35.328  -16.571 0.4000000060
35311  26.461  -35.292  -17.235 0.4000000060
37853  25.917  -34.260  -18.099 0.4000000060
180482  23.870  -33.395  -19.623 0.4000000060
36474  23.368  -34.276  -13.495 0.4000000060
41508  23.204  -31.914  -20.092 0.5000000000
37780  22.740  -33.677  -14.315 0.5000000000
42646  22.340  -31.055  -20.392 0.6000000238
39011  22.613  -33.118  -14.760 0.5000000000
40182  22.888  -32.430  -14.686 0.5000000000
40208  22.135  -32.209  -15.481 0.5000000000
42647  21.661  -30.442  -20.512 0.6000000238
40226  22.009  -31.348  -15.668 0.5000000000
42610  20.980  -30.757  -15.907 0.4000000060
45070  21.455  -29.090  -20.268 0.6999999881
41434  20.888  -30.774  -15.159 0.5000000000
45054  20.315  -28.796  -20.397 0.6999999881
40209  20.997  -31.533  -14.640 0.5000000000
45055  19.627  -28.709  -20.518 0.8000000119
46173  18.690  -28.247  -20.794 0.6999999881
38998  20.023  -33.624  -14.086 0.5000000000
38983  20.818  -33.126  -13.191 0.6000000238
55320  27.885  -22.006  -12.853 0.6000000238
56553  28.153  -21.446  -13.257 0.6000000238
60514  30.429  -18.938  -19.097 0.5000000000
60531  30.538  -18.293  -19.916 0.5000000000
61802  29.979  -17.960  -21.056 0.5000000000
61813  29.202  -17.778  -21.752 0.5000000000
63024  28.748  -16.799  -22.530 0.5000000000
64351  28.550  -16.273  -22.819 0.5000000000
65613  28.080  -15.318  -23.520 0.5000000000
71086  31.601  -12.438  -27.447 0.3000000119
71093  31.504  -12.419  -28.295 0.3000000119
71101  30.467  -12.522  -29.129 0.3000000119
42554  26.910  -31.013  -14.042 0.6000000238
41431  27.264  -31.431  -14.481 0.6000000238
40224  27.448  -31.870  -15.083 0.6000000238
43739  23.084  -30.128  -12.843 0.8000000119
43844  23.257  -29.834  -19.908 0.6999999881
45053  22.180  -28.776  -20.064 0.6999999881
46170  21.120  -28.034  -19.937 0.6999999881
59268  28.743  -20.085  -20.050 0.6999999881
64356  24.479  -16.937  -23.447 0.6999999881
65634  27.057  -14.961  -24.095 0.6000000238
69775  30.709  -13.474  -28.538 0.3000000119
47275  19.746  -27.589  -20.114 0.8000000119
45094  18.599  -28.953  -21.396 0.6999999881
59292  28.089  -19.406  -21.056 0.6999999881
33927  26.082  -36.172  -13.142 0.4000000060
35211  26.718  -35.337  -13.683 0.4000000060
35245  27.064  -35.885  -14.828 0.3000000119
37779  27.194  -34.008  -14.681 0.5000000000
36449  24.020  -34.418  -13.054 0.5000000000
197130  25.535  -33.896  -18.548 0.3000000119
39095  23.441  -32.873  -19.869 0.4000000060
37766  22.928  -34.136  -13.950 0.5000000000
41409  21.811  -31.373  -13.863 0.6000000238
198588  26.824  -18.274  -22.174 0.6999999881
64355  25.162  -16.694  -23.454 0.6999999881
59279  28.946  -19.621  -20.359 0.6999999881
59267  29.275  -19.718  -19.875 0.6000000238
60532  28.754  -19.267  -20.805 0.6999999881
61805  28.121  -18.327  -21.769 0.6999999881
59266  29.886  -19.242  -19.611 0.6000000238
60543  29.726  -18.504  -20.761 0.5000000000
61804  28.786  -18.268  -21.517 0.6000000238
61815  27.873  -17.814  -22.176 0.6999999881
63026  27.445  -16.736  -22.923 0.6999999881
64369  27.220  -16.082  -23.364 0.6999999881
184409  30.344  -18.732  -19.627 0.5000000000
60542  30.278  -18.161  -20.502 0.5000000000
61803  29.399  -18.159  -21.262 0.5000000000
63013  28.327  -17.308  -22.365 0.5000000000
63025  28.126  -16.804  -22.756 0.5000000000
65602  28.348  -15.743  -23.117 0.5000000000
65614  27.456  -15.407  -23.659 0.6999999881
60498  30.721  -18.490  -18.692 0.5000000000
63004  30.177  -17.430  -21.353 0.5000000000
63011  29.704  -17.221  -21.855 0.5000000000
65612  28.719  -15.265  -23.347 0.5000000000
45072  19.890  -29.334  -20.769 0.6000000238
203141  19.138  -29.124  -20.875 0.6000000238
46234  19.816  -28.914  -22.239 0.5000000000
201250  18.996  -29.531  -21.679 0.6000000238
45119  18.617  -29.110  -21.564 0.6000000238
46216  20.904  -28.543  -22.184 0.5000000000
46217  20.208  -28.426  -22.186 0.5000000000
46219  18.679  -28.539  -22.107 0.6000000238
40152  19.657  -32.594  -12.106 0.5000000000
47330  18.510  -27.962  -21.651 0.6000000238
46215  21.551  -28.610  -22.235 0.5000000000
47327  20.449  -27.966  -22.108 0.5000000000
206424  22.067  -28.586  -22.223 0.5000000000
40153  19.037  -32.214  -12.027 0.4000000060
40154  18.411  -32.120  -12.148 0.4000000060
41381  18.042  -31.276  -12.252 0.4000000060
47326  21.109  -28.105  -22.079 0.5000000000
182347  22.393  -28.176  -22.045 0.5000000000
197558  21.435  -27.578  -21.937 0.5000000000
42530  17.700  -30.454  -12.429 0.4000000060
48443  22.592  -26.862  -21.553 0.5000000000
48458  22.152  -27.576  -21.854 0.5000000000
43742  17.451  -29.851  -12.700 0.4000000060
49262  19.765  -25.931  -11.704 0.4000000060
48229  19.483  -26.398  -11.975 0.4000000060
48230  19.022  -26.526  -12.415 0.4000000060
48250  18.562  -26.686  -12.915 0.3000000119
55278  23.144  -22.412  -11.134 0.4000000060
54000  22.473  -22.511  -11.251 0.4000000060
51556  20.530  -24.789  -11.251 0.4000000060
50353  20.137  -25.376  -11.461 0.4000000060
55293  22.787  -21.926  -11.606 0.4000000060
51562  20.501  -24.117  -11.665 0.4000000060
50354  19.693  -25.350  -12.024 0.4000000060
52792  20.678  -23.499  -11.850 0.4000000060
51563  20.056  -24.795  -11.823 0.4000000060
49279  19.308  -25.866  -12.349 0.4000000060
49280  18.776  -26.076  -12.843 0.4000000060
52783  21.635  -23.740  -10.851 0.4000000060
210494  21.501  -23.255  -11.073 0.4000000060
51561  21.032  -24.252  -11.057 0.4000000060
55292  23.549  -21.867  -11.393 0.4000000060
179750  22.210  -22.192  -11.588 0.4000000060
55294  21.694  -22.238  -11.819 0.4000000060
52791  21.081  -23.547  -11.361 0.4000000060
54010  21.131  -22.608  -12.032 0.4000000060
54012  20.124  -23.222  -12.647 0.4000000060
188427  19.609  -24.843  -12.307 0.4000000060
54024  20.343  -22.739  -12.711 0.4000000060
52816  19.445  -23.816  -13.061 0.4000000060
50367  18.965  -25.476  -12.800 0.4000000060
55305  26.402  -21.515  -11.752 0.4000000060
56523  23.295  -21.407  -11.862 0.4000000060
56538  22.689  -21.404  -12.127 0.4000000060
55306  22.204  -21.808  -11.953 0.4000000060
211059  26.920  -21.814  -11.915 0.5000000000
207692  26.260  -20.971  -12.208 0.4000000060
56520  25.603  -21.242  -11.770 0.4000000060
56536  24.359  -20.927  -12.141 0.4000000060
56556  22.651  -20.947  -12.713 0.4000000060
56539  22.130  -21.409  -12.432 0.4000000060
55307  21.296  -22.051  -12.372 0.4000000060
55308  20.739  -22.379  -12.530 0.4000000060
55321  20.867  -21.739  -12.926 0.4000000060
54025  19.892  -22.814  -13.041 0.4000000060
56554  27.492  -21.212  -12.743 0.5000000000
209017  25.641  -20.659  -12.332 0.4000000060
57869  24.643  -20.500  -12.542 0.4000000060
57870  23.999  -20.542  -12.577 0.4000000060
201399  23.128  -21.066  -12.299 0.4000000060
56540  21.544  -21.519  -12.662 0.4000000060
56555  26.810  -20.765  -12.606 0.5000000000
57868  25.172  -20.460  -12.546 0.4000000060
180852  23.343  -20.653  -12.646 0.4000000060
183905  26.659  -20.317  -12.998 0.4000000060
177326  25.579  -20.224  -12.839 0.4000000060
57883  24.969  -20.156  -12.927 0.4000000060
57884  24.359  -20.188  -12.983 0.4000000060
57885  23.683  -20.212  -13.136 0.4000000060
59147  26.474  -19.471  -13.862 0.4000000060
59173  26.046  -19.067  -14.343 0.4000000060
59149  25.008  -19.513  -13.817 0.4000000060
59175  24.614  -19.249  -14.317 0.4000000060
56571  28.274  -20.902  -13.699 0.5000000000
59145  27.898  -19.735  -14.159 0.5000000000
59146  27.204  -19.574  -13.970 0.4000000060
60417  25.612  -18.747  -14.847 0.4000000060
59174  25.334  -19.106  -14.314 0.4000000060
60434  24.432  -18.574  -15.288 0.3000000119
57928  29.283  -20.637  -15.383 0.5000000000
57909  26.916  -19.929  -13.431 0.5000000000
57882  26.143  -19.888  -13.262 0.4000000060
59123  25.375  -19.789  -13.318 0.4000000060
59124  24.694  -19.815  -13.336 0.4000000060
59151  23.703  -19.769  -13.674 0.4000000060
59148  25.743  -19.444  -13.814 0.4000000060
59150  24.331  -19.615  -13.798 0.4000000060
193878  28.404  -19.912  -14.471 0.5000000000
59171  27.483  -19.206  -14.442 0.5000000000
59172  26.758  -19.116  -14.392 0.4000000060
60416  26.317  -18.715  -14.870 0.4000000060
60433  25.155  -18.472  -15.347 0.3000000119
59194  29.232  -19.945  -15.394 0.5000000000
59170  28.156  -19.388  -14.579 0.5000000000
60415  27.045  -18.747  -14.856 0.4000000060
60432  25.852  -18.368  -15.375 0.4000000060
61681  24.671  -18.152  -15.779 0.3000000119
181003  28.982  -19.192  -15.349 0.5000000000
59215  29.511  -19.603  -15.854 0.4000000060
59214  30.024  -19.388  -16.778 0.5000000000
204046  27.797  -18.498  -15.203 0.3000000119
60430  27.339  -18.411  -15.241 0.4000000060
60431  26.604  -18.259  -15.373 0.4000000060
61679  26.034  -17.926  -15.913 0.3000000119
61680  25.362  -18.062  -15.819 0.3000000119
61708  24.227  -17.836  -16.208 0.3000000119
61682  23.860  -18.254  -15.727 0.3000000119
60428  28.965  -18.516  -15.652 0.3000000119
197687  29.439  -18.946  -15.909 0.4000000060
206243  29.766  -19.307  -16.276 0.4000000060
60472  30.233  -18.832  -17.105 0.4000000060
60484  30.456  -18.985  -17.760 0.4000000060
60499  30.510  -19.051  -18.434 0.4000000060
61677  27.786  -18.145  -15.503 0.3000000119
61678  27.109  -17.993  -15.669 0.3000000119
204025  26.608  -17.887  -15.878 0.3000000119
61706  25.498  -17.743  -16.248 0.3000000119
61707  24.917  -17.791  -16.262 0.3000000119
62892  23.283  -17.390  -16.592 0.3000000119
61710  22.786  -17.801  -16.315 0.3000000119
61676  28.453  -18.168  -15.629 0.3000000119
62891  24.453  -17.394  -16.610 0.3000000119
202300  23.872  -17.482  -16.509 0.3000000119
62917  23.114  -16.928  -16.879 0.3000000119
60456  29.424  -18.384  -15.996 0.3000000119
60455  29.874  -18.705  -16.430 0.3000000119
60471  30.517  -18.233  -17.498 0.3000000119
60483  30.651  -18.548  -18.103 0.4000000060
60513  30.743  -18.433  -19.332 0.4000000060
61773  30.953  -17.866  -19.599 0.4000000060
62992  31.026  -17.230  -20.526 0.4000000060
63012  28.979  -17.273  -22.135 0.4000000060
62918  21.978  -16.726  -16.980 0.3000000119
61702  28.938  -17.882  -15.975 0.3000000119
61703  28.102  -17.704  -15.861 0.3000000119
61701  29.647  -17.977  -16.351 0.3000000119
191323  30.242  -17.689  -17.162 0.3000000119
61740  30.815  -17.890  -18.190 0.3000000119
61754  30.946  -17.916  -18.943 0.4000000060
62955  31.383  -16.694  -19.142 0.3000000119
62956  31.280  -17.302  -19.205 0.4000000060
62977  31.231  -17.334  -19.921 0.4000000060
63003  30.795  -17.023  -21.153 0.4000000060
64342  30.693  -16.499  -21.578 0.4000000060
64343  30.065  -16.477  -22.015 0.4000000060
64350  29.358  -16.707  -22.292 0.4000000060
65601  29.063  -15.751  -22.899 0.4000000060
62885  29.859  -17.507  -16.753 0.3000000119
62976  31.455  -16.805  -19.650 0.3000000119
64323  31.592  -16.280  -19.952 0.3000000119
65584  31.036  -15.951  -21.504 0.4000000060
179571  30.583  -16.035  -21.880 0.4000000060
65600  29.788  -15.455  -22.734 0.4000000060
66899  30.001  -14.807  -22.910 0.4000000060
66900  29.364  -15.080  -23.120 0.4000000060
66930  28.799  -14.570  -24.129 0.4000000060
66931  28.141  -14.687  -24.315 0.5000000000
64313  31.517  -16.261  -19.354 0.3000000119
65573  31.639  -15.747  -20.180 0.3000000119
65583  31.404  -15.895  -21.085 0.3000000119
65592  31.362  -15.397  -21.390 0.4000000060
66892  31.219  -14.803  -21.754 0.4000000060
66893  30.805  -14.834  -22.217 0.4000000060
65599  30.400  -15.155  -22.502 0.4000000060
66898  30.554  -14.541  -22.634 0.3000000119
68232  30.026  -14.098  -23.726 0.4000000060
68250  29.241  -14.247  -24.578 0.3000000119
68251  28.611  -14.461  -24.772 0.3000000119
66949  27.905  -14.516  -25.030 0.4000000060
207146  29.029  -14.189  -25.169 0.3000000119
68263  28.435  -14.246  -25.491 0.3000000119
65562  31.581  -15.703  -19.582 0.3000000119
66872  31.668  -14.753  -20.564 0.3000000119
66882  31.558  -14.777  -21.148 0.3000000119
68214  31.013  -14.308  -22.204 0.3000000119
68223  30.839  -14.016  -22.745 0.3000000119
69710  31.120  -13.514  -22.926 0.3000000119
68231  30.524  -13.792  -23.565 0.3000000119
68249  29.844  -13.986  -24.390 0.3000000119
68248  30.358  -13.682  -24.127 0.3000000119
179949  31.649  -14.311  -20.096 0.3000000119
68206  31.743  -14.154  -20.799 0.3000000119
187595  31.750  -13.305  -21.833 0.3000000119
69709  31.601  -13.089  -22.587 0.3000000119
69720  31.329  -13.014  -23.249 0.3000000119
69721  30.906  -13.399  -23.432 0.3000000119
69734  30.699  -13.164  -24.400 0.3000000119
69743  30.630  -12.887  -25.072 0.3000000119
69744  30.122  -13.241  -25.497 0.3000000119
71072  30.440  -12.570  -25.643 0.3000000119
71080  30.559  -11.897  -25.804 0.3000000119
56572  27.807  -20.855  -13.249 0.5000000000
45071  20.744  -29.218  -20.491 0.6000000238
43852  19.868  -30.032  -21.158 0.5000000000
43853  19.339  -29.493  -21.073 0.5000000000
43917  19.706  -29.832  -22.182 0.5000000000
43863  19.243  -29.723  -21.814 0.5000000000
46214  22.119  -29.009  -22.447 0.5000000000
45134  21.211  -29.462  -22.462 0.5000000000
45135  19.993  -29.481  -22.341 0.5000000000
40149  21.789  -32.278  -12.828 0.6000000238
40150  21.199  -32.547  -12.478 0.6000000238
40151  20.463  -32.605  -12.183 0.6000000238
38960  20.145  -33.068  -12.458 0.5000000000
38961  19.478  -33.398  -12.476 0.5000000000
190433  18.866  -32.753  -12.199 0.5000000000
191806  18.100  -32.739  -12.234 0.5000000000
40155  17.685  -32.100  -12.325 0.4000000060
190365  17.212  -31.504  -12.465 0.4000000060
204328  17.341  -30.910  -12.475 0.4000000060
42540  17.077  -30.379  -12.741 0.4000000060
46040  17.709  -28.204  -13.284 0.3000000119
48251  18.098  -26.772  -13.441 0.3000000119
179517  18.421  -26.270  -13.254 0.4000000060
52817  19.004  -23.848  -13.484 0.4000000060
50385  18.826  -25.032  -13.233 0.4000000060
54026  19.379  -23.221  -13.401 0.4000000060
57887  22.315  -20.560  -13.288 0.4000000060
55322  20.292  -22.242  -12.995 0.4000000060
180446  19.504  -21.770  -13.733 0.4000000060
56557  21.933  -21.042  -12.946 0.4000000060
56558  21.284  -21.144  -13.140 0.4000000060
57886  22.975  -20.400  -13.153 0.4000000060
56573  21.031  -20.809  -13.650 0.4000000060
59176  23.817  -19.378  -14.267 0.4000000060
60435  23.728  -18.715  -15.151 0.4000000060
186520  23.094  -19.644  -14.049 0.4000000060
197923  23.255  -19.275  -14.529 0.4000000060
211269  23.282  -18.537  -15.464 0.3000000119
61683  23.078  -18.197  -15.873 0.3000000119
61684  22.370  -18.195  -15.930 0.3000000119
194600  22.602  -28.701  -22.259 0.5000000000
44918  17.339  -28.661  -13.310 0.4000000060
194506  18.897  -23.363  -13.773 0.4000000060
55334  19.324  -22.253  -13.648 0.4000000060
57888  21.643  -20.649  -13.433 0.4000000060
44890  17.411  -29.270  -13.031 0.4000000060
47328  19.245  -27.652  -22.239 0.5000000000
55291  24.335  -21.915  -11.193 0.4000000060
57929  28.847  -20.421  -14.705 0.5000000000
59227  30.179  -19.501  -17.435 0.5000000000
56521  24.750  -21.297  -11.638 0.4000000060
207853  29.064  -20.184  -15.079 0.5000000000
61790  30.794  -17.781  -20.230 0.4000000060
45137  18.914  -29.137  -21.954 0.6000000238
46233  20.620  -29.055  -22.289 0.5000000000
45133  21.962  -29.435  -22.652 0.5000000000
51574  19.943  -24.265  -12.198 0.4000000060
52801  19.821  -23.755  -12.609 0.4000000060
51588  19.504  -24.357  -12.659 0.4000000060
51589  19.097  -24.432  -13.121 0.4000000060
56534  26.889  -21.319  -12.224 0.5000000000
56535  25.031  -20.829  -12.148 0.4000000060
193606  20.743  -21.243  -13.369 0.4000000060
55323  19.759  -22.206  -13.358 0.4000000060
201500  26.182  -20.451  -12.688 0.4000000060
57881  27.247  -20.536  -13.074 0.5000000000
59125  24.153  -19.894  -13.365 0.4000000060
57907  28.344  -20.371  -14.122 0.5000000000
57908  27.670  -20.235  -13.664 0.5000000000
59169  28.754  -19.722  -14.892 0.5000000000
60414  27.811  -18.828  -14.881 0.4000000060
60429  28.328  -18.634  -15.271 0.4000000060
61726  30.124  -18.155  -16.849 0.3000000119
62991  31.441  -16.812  -20.263 0.4000000060
63002  31.269  -16.776  -20.760 0.4000000060
64333  31.498  -16.214  -20.605 0.3000000119
68224  30.292  -14.191  -23.115 0.3000000119
68233  29.420  -14.341  -23.916 0.4000000060
66857  31.649  -15.077  -19.954 0.3000000119
185491  31.636  -15.427  -20.735 0.3000000119
68213  31.518  -14.069  -21.597 0.3000000119
71071  30.792  -12.167  -25.229 0.3000000119
56559  20.185  -21.623  -13.440 0.4000000060
41435  20.422  -30.899  -15.662 0.4000000060
40210  20.405  -31.601  -15.056 0.4000000060
39028  19.384  -32.626  -15.384 0.4000000060
39014  19.740  -33.153  -14.819 0.3000000119
39013  20.324  -32.838  -14.576 0.4000000060
37783  19.460  -33.884  -14.414 0.3000000119
41510  21.976  -31.656  -20.583 0.5000000000
37749  20.048  -33.764  -13.419 0.5000000000
37768  19.524  -34.011  -13.612 0.3000000119
176291  21.494  -31.192  -20.695 0.5000000000
203088  20.944  -30.738  -20.846 0.5000000000
38984  20.243  -33.439  -12.971 0.5000000000
37750  19.578  -33.877  -12.985 0.4000000060
208141  21.124  -30.309  -20.669 0.5000000000
175667  20.681  -31.397  -21.250 0.5000000000
207444  20.160  -31.221  -21.709 0.3000000119
177410  20.614  -30.252  -20.878 0.5000000000
42648  20.128  -30.763  -21.372 0.4000000060
42660  20.179  -31.266  -22.189 0.3000000119
42655  19.977  -30.947  -21.916 0.3000000119
42661  19.831  -30.443  -21.986 0.3000000119
179397  20.641  -30.506  -22.695 0.3000000119
42681  20.178  -30.910  -22.420 0.3000000119
42649  19.535  -30.132  -21.708 0.4000000060
40156  16.949  -32.183  -12.441 0.3000000119
43915  22.133  -29.969  -22.939 0.4000000060
42679  21.412  -30.402  -22.971 0.4000000060
205749  20.154  -30.137  -22.388 0.4000000060
41382  16.518  -31.600  -12.601 0.3000000119
43752  16.865  -29.771  -13.166 0.3000000119
49303  18.568  -25.682  -13.367 0.3000000119
50402  18.476  -25.103  -13.792 0.3000000119
51604  18.727  -24.486  -13.642 0.3000000119
51605  18.348  -24.510  -14.197 0.3000000119
54041  18.455  -23.157  -14.111 0.3000000119
55335  18.934  -21.998  -13.964 0.3000000119
56574  20.411  -20.988  -13.787 0.3000000119
56575  19.770  -21.200  -13.942 0.3000000119
56593  19.390  -20.819  -14.370 0.3000000119
56594  18.737  -21.052  -14.531 0.3000000119
56595  18.139  -21.342  -14.776 0.3000000119
57911  22.661  -20.093  -13.666 0.3000000119
57912  22.007  -20.203  -13.805 0.3000000119
57914  20.690  -20.420  -14.055 0.3000000119
57931  20.327  -20.029  -14.465 0.3000000119
57932  19.667  -20.217  -14.608 0.3000000119
59177  22.700  -19.351  -14.598 0.3000000119
59152  22.363  -19.756  -14.182 0.3000000119
59179  21.353  -19.487  -14.762 0.3000000119
182598  20.658  -19.558  -14.833 0.3000000119
59180  19.969  -19.682  -14.912 0.3000000119
60422  21.689  -19.020  -15.109 0.3000000119
59196  20.997  -19.096  -15.205 0.3000000119
59197  20.299  -19.220  -15.310 0.3000000119
60420  23.079  -18.892  -14.981 0.3000000119
60421  22.372  -18.985  -15.069 0.3000000119
59178  22.033  -19.428  -14.686 0.3000000119
60438  21.354  -18.658  -15.553 0.3000000119
41509  22.625  -31.886  -20.359 0.5000000000
43916  20.919  -29.956  -22.652 0.4000000060
42531  16.760  -30.975  -12.687 0.3000000119
57913  21.346  -20.297  -13.931 0.3000000119
59153  21.692  -19.858  -14.304 0.3000000119
37718  18.918  -33.981  -12.676 0.3000000119
38962  18.548  -33.376  -12.358 0.3000000119
199367  17.760  -33.347  -12.312 0.3000000119
35232  22.836  -34.741  -13.774 0.4000000060
36475  22.284  -34.835  -14.273 0.4000000060
189762  22.112  -34.393  -14.680 0.4000000060
37797  20.742  -34.072  -16.086 0.4000000060
37813  20.962  -33.343  -16.191 0.3000000119
37781  22.224  -33.745  -14.836 0.4000000060
37795  21.768  -33.501  -15.423 0.4000000060
39027  21.647  -32.616  -15.715 0.4000000060
37868  24.877  -33.879  -19.043 0.3000000119
39012  22.145  -32.996  -15.213 0.4000000060
40241  20.287  -31.591  -16.782 0.3000000119
41466  20.098  -31.071  -16.669 0.3000000119
40228  21.245  -31.654  -16.146 0.4000000060
41455  19.021  -31.170  -16.532 0.3000000119
41468  18.927  -31.210  -16.921 0.3000000119
39029  18.835  -32.649  -15.687 0.3000000119
196615  21.515  -31.137  -15.889 0.4000000060
42599  19.897  -30.950  -16.430 0.3000000119
40230  19.201  -31.635  -15.841 0.3000000119
35246  21.768  -34.930  -14.732 0.4000000060
37782  21.745  -34.200  -15.106 0.4000000060
37798  18.558  -33.517  -15.385 0.3000000119
36450  23.462  -34.908  -13.180 0.3000000119
39030  18.196  -32.853  -15.929 0.3000000119
32702  26.848  -36.614  -14.610 0.3000000119
33911  24.223  -36.495  -12.497 0.4000000060
33926  26.596  -36.049  -13.518 0.4000000060
33928  25.520  -36.313  -12.782 0.4000000060
33944  26.673  -36.492  -13.930 0.3000000119
35197  23.915  -36.070  -12.595 0.4000000060
35212  26.281  -35.547  -13.236 0.4000000060
35247  21.226  -35.357  -14.949 0.4000000060
35269  27.101  -35.637  -15.500 0.4000000060
36426  25.256  -35.174  -12.836 0.4000000060
36473  27.026  -35.353  -14.371 0.3000000119
36489  21.300  -34.664  -15.256 0.4000000060
36534  26.683  -34.734  -16.869 0.4000000060
36557  26.081  -34.856  -17.806 0.4000000060
37764  26.978  -34.278  -14.072 0.4000000060
37767  22.519  -34.264  -14.322 0.5000000000
37796  21.278  -33.951  -15.660 0.4000000060
37812  26.797  -34.175  -16.532 0.4000000060
37833  26.194  -34.186  -17.627 0.4000000060
37869  24.552  -33.266  -19.337 0.3000000119
38959  20.798  -33.071  -12.656 0.5000000000
38996  21.047  -32.833  -13.637 0.6000000238
38997  20.554  -33.290  -13.706 0.6000000238
39015  19.152  -33.343  -15.098 0.3000000119
39026  27.274  -33.019  -15.068 0.6000000238
39060  26.540  -32.931  -17.232 0.6000000238
39084  24.824  -32.576  -19.205 0.5000000000
40129  20.895  -32.142  -11.906 0.6999999881
40168  21.296  -32.647  -13.159 0.6000000238
40184  21.387  -32.082  -13.938 0.6000000238
40211  19.846  -32.184  -15.277 0.4000000060
40225  27.337  -32.004  -15.840 0.6000000238
40227  21.723  -31.818  -15.797 0.4000000060
40229  19.843  -31.229  -15.682 0.3000000119
40231  18.470  -31.812  -16.323 0.3000000119
40240  20.917  -32.082  -16.406 0.3000000119
40250  26.682  -32.297  -17.017 0.6000000238
40272  25.020  -31.927  -18.987 0.6000000238
41360  19.995  -31.414  -11.674 0.6000000238
41379  22.068  -31.741  -12.551 0.6000000238
41388  26.495  -31.879  -13.598 0.6000000238
41392  22.501  -31.220  -12.930 0.6999999881
41410  21.359  -30.885  -14.578 0.5000000000
41452  21.104  -30.803  -16.005 0.4000000060
41453  20.022  -30.891  -16.038 0.4000000060
41454  19.578  -31.037  -16.257 0.3000000119
41465  20.658  -31.166  -16.452 0.4000000060
41467  19.515  -31.028  -16.796 0.3000000119
41501  24.114  -31.502  -19.581 0.6000000238
42506  22.258  -31.232  -11.676 0.6999999881
42507  21.150  -31.143  -11.440 0.6999999881
42577  22.269  -30.215  -15.264 0.6000000238
42579  21.006  -30.643  -15.607 0.6000000238
42596  21.856  -30.271  -15.454 0.6000000238
42598  20.500  -30.823  -16.063 0.4000000060
42609  26.932  -30.435  -16.434 0.8000000119
42611  20.548  -30.944  -16.279 0.4000000060
42624  25.689  -30.446  -18.080 0.8000000119
42632  24.770  -30.742  -19.012 0.8000000119
43710  22.638  -30.803  -11.422 0.8000000119
43714  18.890  -29.898  -11.973 0.5000000000
43740  18.377  -29.707  -12.318 0.5000000000
43836  25.322  -29.925  -18.318 0.8000000119
43851  21.194  -29.805  -20.558 0.5000000000
43864  18.719  -29.240  -21.531 0.6999999881
43885  18.848  -29.378  -21.723 0.6000000238
43918  19.150  -29.399  -22.000 0.6000000238
44838  23.569  -29.389  -10.876 0.8999999762
44964  27.145  -29.560  -15.444 0.8999999762
44984  26.744  -29.242  -16.438 0.8999999762
45073  18.770  -29.084  -20.864 0.6999999881
45136  19.362  -29.326  -22.125 0.5000000000
45959  24.424  -28.164  -10.855 0.8999999762
45963  21.349  -28.518  -10.623 0.8000000119
46158  24.145  -28.306  -18.718 0.8000000119
46167  23.165  -28.292  -19.420 0.8000000119
46172  19.304  -28.191  -20.373 0.8000000119
46184  18.887  -28.705  -20.771 0.6999999881
46185  18.564  -28.716  -21.204 0.6999999881
46200  18.519  -28.621  -21.393 0.6999999881
46218  19.380  -28.326  -22.221 0.5000000000
46232  21.415  -29.026  -22.348 0.5000000000
46235  19.159  -28.910  -22.122 0.5000000000
47035  24.136  -27.290  -10.045 0.8999999762
47037  22.809  -27.247  -9.932 0.6999999881
47056  23.212  -27.945  -9.975 1.0000000000
47057  21.570  -27.680  -10.305 0.6999999881
47058  20.988  -27.927  -10.617 0.6000000238
47103  18.811  -27.180  -12.464 0.4000000060
47129  18.330  -27.330  -12.986 0.4000000060
47226  25.342  -27.554  -17.248 0.8999999762
47243  24.454  -27.481  -18.004 0.8999999762
47244  23.897  -27.162  -18.206 0.8999999762
47325  21.765  -28.160  -22.057 0.5000000000
47329  18.779  -27.999  -22.068 0.6000000238
48179  21.816  -26.330  -10.177 0.6999999881
48207  20.268  -26.740  -11.004 0.6000000238
48383  23.349  -26.868  -18.470 0.8999999762
48385  21.893  -26.034  -18.838 0.8999999762
48404  21.550  -26.364  -19.148 0.8999999762
48444  18.143  -27.278  -21.719 0.8000000119
48459  21.849  -26.951  -21.752 0.6000000238
49240  23.907  -25.974  -9.819 0.8000000119
49430  22.560  -25.442  -18.212 0.8999999762
49471  19.408  -25.981  -20.226 0.8999999762
49511  17.706  -25.737  -22.078 0.8000000119
49523  18.135  -25.966  -22.325 0.8000000119
49524  17.604  -25.581  -22.339 0.8000000119
49529  17.767  -25.641  -22.441 0.8000000119
50339  22.059  -25.238  -10.161 0.6999999881
50344  24.967  -25.547  -10.017 0.8000000119
50346  21.103  -25.475  -10.497 0.6000000238
50347  20.613  -25.394  -10.938 0.6000000238
50384  19.180  -24.914  -12.724 0.4000000060
50499  23.054  -24.757  -17.512 0.8999999762
50595  17.978  -25.649  -21.290 0.8000000119
50604  17.601  -25.520  -21.918 0.8000000119
50612  19.676  -25.375  -22.389 0.6999999881
50621  18.095  -25.513  -22.658 0.8000000119
51555  21.051  -24.889  -10.771 0.5000000000
51717  22.872  -24.353  -17.707 0.8999999762
51764  20.977  -24.080  -19.485 0.8999999762
51785  20.052  -24.153  -20.058 0.8999999762
51806  17.329  -24.379  -22.043 0.8999999762
51820  21.397  -24.572  -22.335 0.6000000238
51833  20.942  -24.088  -22.795 0.6999999881
51835  19.070  -24.203  -22.806 0.6999999881
51836  18.297  -24.411  -22.778 0.6999999881
52780  24.209  -23.149  -10.503 0.5000000000
52790  21.446  -22.872  -11.430 0.4000000060
52800  20.270  -23.647  -12.194 0.4000000060
52815  27.868  -23.552  -13.023 0.6999999881
52831  18.607  -23.854  -13.975 0.3000000119
52871  25.828  -23.940  -16.773 1.0000000000
52873  24.585  -23.753  -16.849 1.0000000000
52887  24.861  -23.554  -17.232 1.0000000000
52888  24.271  -23.610  -17.204 1.0000000000
52890  23.129  -23.919  -17.529 1.0000000000
52910  22.148  -23.966  -18.281 0.8999999762
52964  18.103  -23.810  -21.199 0.8999999762
52979  17.400  -23.813  -21.800 0.8999999762
53007  18.020  -23.974  -22.763 0.6999999881
53986  25.291  -22.923  -10.675 0.6000000238
53987  24.702  -22.891  -10.628 0.5000000000
53988  22.767  -22.977  -10.847 0.5000000000
53989  21.988  -23.036  -10.997 0.4000000060
54001  21.949  -22.555  -11.389 0.4000000060
54002  20.979  -23.117  -11.785 0.4000000060
54011  20.617  -23.034  -12.265 0.4000000060
54039  19.465  -22.631  -13.439 0.4000000060
54070  29.154  -22.526  -15.734 0.6999999881
54085  28.838  -22.997  -16.051 0.8000000119
54109  27.658  -23.249  -18.096 0.8000000119
54128  28.385  -22.344  -18.452 0.8000000119
54130  26.852  -23.053  -18.867 0.8000000119
54131  26.125  -23.077  -18.929 0.8999999762
54132  24.296  -22.828  -18.602 1.0000000000
54133  23.777  -22.625  -18.871 1.0000000000
54134  22.518  -22.829  -18.867 1.0000000000
54149  27.519  -22.354  -19.282 0.8000000119
54170  21.064  -22.473  -20.266 1.0000000000
54195  17.234  -23.174  -22.420 0.8999999762
54202  20.092  -22.299  -23.170 0.6999999881
54214  23.292  -22.606  -24.356 0.6000000238
54216  20.812  -22.493  -23.435 0.6999999881
54218  18.037  -22.009  -22.583 0.8000000119
55276  24.887  -22.395  -10.887 0.5000000000
55277  23.755  -22.321  -11.021 0.4000000060
55432  27.007  -22.219  -19.656 0.8000000119
55434  25.578  -22.356  -19.946 0.8999999762
55436  23.433  -22.115  -19.697 1.0000000000
55438  22.185  -22.097  -19.985 1.0000000000
55439  21.671  -22.363  -19.952 1.0000000000
55487  17.705  -21.938  -22.188 0.8999999762
55511  22.625  -22.388  -24.063 0.6000000238
55512  21.955  -22.195  -23.722 0.6999999881
55516  18.069  -21.503  -22.689 0.8000000119
55538  22.971  -22.176  -24.259 0.6000000238
56522  23.991  -21.363  -11.693 0.4000000060
56537  23.693  -20.994  -12.203 0.4000000060
56576  19.105  -21.393  -14.090 0.3000000119
56635  29.876  -20.725  -17.468 0.6999999881
56663  28.993  -21.277  -18.654 0.6999999881
56678  28.067  -21.232  -19.601 0.8000000119
56693  27.270  -21.027  -20.366 0.8000000119
56694  26.543  -21.355  -20.459 0.8000000119
56695  25.765  -21.395  -20.697 0.8000000119
56704  19.204  -21.677  -21.371 0.8999999762
56719  26.166  -20.912  -20.961 0.8000000119
56721  24.877  -20.824  -21.279 0.8999999762
56722  23.763  -20.861  -21.340 0.8999999762
56723  23.108  -20.936  -21.257 0.8999999762
56724  22.476  -20.932  -21.158 1.0000000000
56725  21.536  -21.207  -20.842 1.0000000000
56728  19.269  -21.120  -21.602 0.8999999762
56729  18.479  -21.323  -21.676 0.8999999762
56748  17.871  -21.327  -22.366 0.8999999762
56765  17.982  -21.299  -22.517 0.8000000119
56784  21.561  -21.654  -23.632 0.6999999881
56786  20.352  -20.955  -23.667 0.6999999881
56789  18.306  -21.076  -22.772 0.8000000119
56807  21.793  -21.236  -23.848 0.6999999881
56808  21.303  -20.585  -24.090 0.6999999881
57910  23.207  -19.973  -13.498 0.4000000060
57915  20.031  -20.584  -14.179 0.3000000119
57930  21.001  -19.901  -14.357 0.3000000119
58017  27.855  -20.837  -20.036 0.6999999881
58032  27.565  -20.511  -20.504 0.8000000119
58044  26.452  -20.400  -21.220 0.8000000119
58046  23.980  -20.354  -21.752 0.8999999762
58053  18.815  -20.542  -21.934 0.8999999762
58069  23.574  -20.030  -21.958 0.8999999762
58075  18.100  -20.882  -22.248 0.8999999762
58090  18.588  -20.337  -22.906 0.8000000119
58113  20.014  -20.270  -23.776 0.6999999881
58114  19.307  -20.226  -23.692 0.6999999881
58115  18.565  -20.515  -23.032 0.8000000119
58129  24.131  -20.804  -24.455 0.6000000238
58130  21.533  -20.082  -24.382 0.6999999881
59195  28.434  -19.130  -14.941 0.5000000000
59295  25.948  -19.973  -21.591 0.8000000119
59314  19.119  -19.596  -22.572 0.8999999762
59315  18.814  -19.843  -22.716 0.8999999762
59347  24.499  -19.564  -24.022 0.5000000000
59349  19.448  -19.760  -23.796 0.6999999881
59368  21.075  -19.386  -24.474 0.8000000119
60418  24.903  -18.844  -14.821 0.3000000119
60419  24.166  -18.963  -14.751 0.3000000119
60547  26.253  -19.357  -21.796 0.8000000119
60557  27.442  -18.289  -21.976 0.6999999881
60561  23.810  -19.122  -22.423 0.8999999762
60566  19.027  -19.291  -22.890 0.8999999762
60595  18.993  -19.074  -23.155 0.8000000119
60615  25.995  -18.475  -24.095 0.5000000000
60618  23.130  -18.676  -24.666 0.6999999881
60621  20.890  -18.562  -24.700 0.6999999881
61709  23.523  -17.846  -16.234 0.3000000119
61801  30.530  -17.623  -20.827 0.4000000060
61812  29.714  -17.752  -21.513 0.5000000000
61816  27.223  -17.811  -22.381 0.6999999881
61817  26.165  -18.330  -22.335 0.6999999881
61820  23.537  -18.563  -22.661 0.8999999762
61832  24.066  -18.141  -22.786 0.8000000119
61834  22.402  -17.919  -23.054 0.8999999762
61835  21.561  -17.881  -23.135 0.8999999762
61851  20.034  -17.593  -24.594 0.8000000119
61852  19.851  -18.078  -24.384 0.8000000119
61862  27.490  -18.035  -24.238 0.5000000000
61865  25.666  -17.918  -24.439 0.6000000238
61866  24.243  -17.872  -24.658 0.6000000238
61868  22.586  -17.949  -24.980 0.6999999881
61870  20.722  -17.905  -25.004 0.8000000119
61888  21.299  -17.180  -25.401 0.6999999881
61890  20.800  -16.748  -25.247 0.8000000119
62893  22.520  -17.189  -16.668 0.3000000119
63010  30.334  -16.968  -21.648 0.4000000060
63015  26.567  -17.821  -22.563 0.6999999881
63034  21.057  -17.288  -23.618 0.8999999762
63035  20.362  -17.415  -23.849 0.8000000119
63062  25.956  -17.504  -24.756 0.6000000238
63063  25.358  -17.393  -24.896 0.6000000238
63086  20.940  -16.417  -25.532 0.8000000119
63101  26.821  -16.691  -25.912 0.5000000000
63103  21.783  -16.162  -26.190 0.6999999881
63104  21.099  -15.975  -26.008 0.6999999881
64334  31.161  -16.412  -21.124 0.4000000060
64349  29.611  -16.110  -22.523 0.4000000060
64353  26.730  -16.745  -23.177 0.6999999881
64371  25.684  -16.133  -23.668 0.6999999881
64401  23.264  -16.596  -25.819 0.6000000238
64403  21.036  -16.036  -25.786 0.8000000119
64421  25.716  -16.103  -26.458 0.6000000238
64423  24.206  -15.774  -26.327 0.6000000238
64425  22.131  -15.818  -26.318 0.6000000238
64426  21.439  -15.813  -26.236 0.8000000119
64445  28.704  -16.003  -27.572 0.5000000000
65593  30.840  -15.428  -21.951 0.4000000060
65594  30.216  -15.780  -22.280 0.4000000060
65603  27.808  -15.745  -23.319 0.5000000000
65638  24.264  -15.179  -24.554 0.8000000119
65639  22.112  -15.294  -25.272 0.8000000119
65640  21.572  -15.507  -25.625 0.8000000119
65655  21.318  -15.766  -25.974 0.8000000119
65667  24.195  -15.166  -26.427 0.6000000238
65669  21.748  -15.632  -26.128 0.6999999881
65686  29.804  -15.594  -27.947 0.4000000060
65688  28.232  -15.295  -27.892 0.6000000238
66910  29.684  -14.550  -23.381 0.4000000060
66911  29.056  -14.780  -23.600 0.4000000060
66912  28.402  -14.887  -23.781 0.4000000060
66913  27.744  -14.924  -23.934 0.5000000000
66914  23.576  -15.115  -24.710 0.8000000119
66915  22.796  -15.176  -24.950 0.8000000119
66934  25.989  -14.797  -24.660 0.8000000119
66961  23.214  -15.089  -25.816 0.6999999881
66962  22.625  -15.054  -25.750 0.8000000119
66970  25.884  -14.235  -27.185 0.6000000238
66972  24.582  -14.663  -26.420 0.6000000238
68222  31.343  -13.737  -22.346 0.3000000119
68252  25.842  -14.533  -25.142 0.6999999881
68253  25.180  -14.473  -25.352 0.6999999881
68262  29.660  -13.905  -25.238 0.3000000119
68280  24.964  -14.336  -26.466 0.6000000238
69735  30.243  -13.501  -24.806 0.3000000119
69774  31.157  -13.010  -28.472 0.3000000119
69783  27.879  -12.108  -29.132 0.4000000060
72428  28.201  -11.713  -29.163 0.4000000060
176316  30.743  -13.800  -23.161 0.3000000119
178869  21.558  -29.813  -22.709 0.4000000060
179528  27.198  -33.444  -14.700 0.5000000000
180806  25.875  -36.686  -13.081 0.4000000060
180807  18.957  -24.442  -20.676 0.8999999762
180813  21.191  -26.817  -19.509 0.8999999762
180869  25.140  -18.815  -22.274 0.6999999881
182748  25.730  -33.459  -13.055 0.5000000000
183152  18.830  -31.631  -12.010 0.4000000060
183252  23.242  -29.081  -10.433 1.0000000000
183804  22.621  -16.607  -17.086 0.3000000119
183948  19.754  -19.498  -22.386 1.0000000000
185222  25.153  -22.675  -19.464 1.0000000000
185282  21.782  -21.811  -12.255 0.4000000060
185488  26.185  -23.738  -17.335 1.0000000000
185852  17.569  -23.354  -22.655 0.6999999881
186123  23.340  -29.250  -19.704 0.8000000119
186337  22.475  -32.533  -15.088 0.5000000000
187394  20.312  -26.826  -22.118 0.6000000238
187438  23.639  -25.373  -9.871 0.6000000238
188249  20.583  -29.599  -22.446 0.4000000060
189018  26.861  -31.051  -16.721 0.8000000119
189048  21.361  -33.240  -15.823 0.4000000060
189777  21.834  -28.955  -10.575 0.6999999881
190037  18.107  -25.048  -22.731 0.6999999881
190089  17.282  -23.142  -22.107 0.8999999762
190397  23.804  -17.280  -25.179 0.6000000238
190623  27.412  -15.003  -27.849 0.6000000238
191168  24.683  -20.226  -21.752 0.8000000119
191169  23.166  -22.698  -18.731 1.0000000000
191231  27.043  -34.240  -15.848 0.4000000060
191502  19.749  -23.357  -12.974 0.4000000060
191717  21.810  -25.080  -21.927 0.6000000238
191907  17.355  -32.765  -12.272 0.3000000119
192158  20.418  -19.313  -22.351 1.0000000000
192331  25.450  -24.096  -10.240 0.8000000119
192992  24.460  -36.115  -12.535 0.4000000060
193095  24.738  -32.857  -13.173 0.5000000000
193770  27.149  -32.522  -16.014 0.5000000000
194274  19.336  -23.310  -20.860 0.8999999762
194322  25.416  -22.997  -18.952 1.0000000000
194502  18.892  -20.194  -23.456 0.6999999881
194507  29.982  -12.898  -26.137 0.4000000060
194662  27.207  -35.316  -14.980 0.3000000119
195299  26.369  -34.641  -17.324 0.4000000060
195415  17.489  -22.580  -22.283 0.8999999762
195638  24.679  -15.589  -24.150 0.8000000119
195854  22.906  -28.763  -19.753 0.8000000119
195975  24.182  -23.747  -10.282 0.6000000238
196297  24.080  -21.862  -24.705 0.6000000238
196315  18.500  -20.522  -22.107 0.8999999762
196381  23.115  -23.497  -10.524 0.6000000238
196404  21.312  -31.673  -11.729 0.6999999881
196739  30.703  -13.390  -23.858 0.3000000119
196797  26.389  -33.574  -17.472 0.5000000000
196911  17.697  -25.149  -21.449 0.8000000119
197471  31.777  -11.778  -27.143 0.3000000119
198159  23.302  -16.274  -23.878 0.8000000119
198410  26.987  -17.300  -22.761 0.6999999881
198641  23.598  -19.042  -14.725 0.4000000060
198654  26.922  -14.296  -28.062 0.6000000238
199639  23.713  -15.493  -26.273 0.6000000238
200404  21.078  -22.983  -23.350 0.6999999881
200720  19.876  -27.910  -22.173 0.6000000238
201621  22.475  -35.276  -13.872 0.4000000060
201710  19.892  -17.724  -24.108 0.8000000119
202500  20.808  -21.561  -23.557 0.6999999881
202549  25.570  -30.955  -18.272 0.6999999881
203741  19.782  -19.159  -24.118 0.8000000119
203810  25.143  -26.174  -10.273 0.8999999762
204033  31.392  -12.853  -27.936 0.3000000119
204405  20.949  -16.322  -25.549 0.8000000119
204430  20.889  -21.955  -20.501 0.8999999762
204466  20.663  -17.193  -25.044 0.8000000119
204690  26.740  -33.167  -13.730 0.6000000238
205031  25.687  -19.472  -21.898 0.8000000119
205894  19.353  -25.301  -12.450 0.4000000060
206882  20.945  -34.511  -15.666 0.4000000060
207204  26.936  -34.858  -14.039 0.4000000060
207707  29.072  -16.337  -22.627 0.4000000060
207774  26.234  -30.791  -17.447 0.6999999881
207855  20.486  -29.727  -20.776 0.5000000000
210529  24.362  -18.996  -24.182 0.6000000238
211095  27.380  -30.855  -15.537 0.8000000119
211184  18.832  -27.434  -20.587 0.8000000119
211300  21.930  -20.928  -21.113 1.0000000000
211505  27.172  -30.191  -14.613 0.8999999762
