#!ascii label  , from subject sub-06_ses-008 vox2ras=TkReg
1575
68568  18.731  -32.520  71.697 0.0000000000
73919  31.959  -28.981  74.989 0.0000000000
98020  41.416  -14.712  51.092 0.0000000000
90634  31.395  -19.727  59.839 0.0000000000
206838  36.918  -24.144  66.811 0.0000000000
108638  53.147  -7.441  46.644 0.0000000000
95484  40.215  -15.758  55.621 0.0000000000
94344  35.912  -16.598  54.348 0.0000000000
71420  13.919  -31.397  73.164 0.0000000000
73942  24.225  -28.963  73.821 0.0000000000
186859  27.749  -28.174  70.761 0.0000000000
199971  20.036  -30.481  69.254 0.0000000000
102728  46.784  -10.994  48.172 0.0000000000
67237  21.312  -32.498  75.450 0.0000000000
71335  17.225  -31.151  76.891 0.0000000000
99149  45.472  -13.692  51.300 0.0000000000
71304  12.906  -30.406  78.677 0.0000000000
71259  8.894  -30.851  80.814 0.0000000000
177073  34.367  -16.372  60.293 0.0000000000
87992  34.902  -21.145  62.953 0.0000000000
82688  32.359  -23.877  63.551 0.0000000000
80065  30.227  -25.215  68.245 0.0000000000
96651  40.460  -15.392  58.169 0.0000000000
193458  38.331  -16.353  55.310 0.0000000000
176923  37.554  -16.389  57.305 0.0000000000
97923  42.637  -14.779  58.482 0.0000000000
68582  17.147  -32.684  70.194 0.0000000000
68584  15.000  -33.220  71.003 0.0000000000
71435  16.176  -31.557  72.411 0.0000000000
71432  20.836  -31.517  72.406 0.0000000000
72750  20.999  -29.949  71.177 0.0000000000
177022  19.463  -32.141  70.233 0.0000000000
184062  17.865  -33.018  68.753 0.0000000000
99172  42.044  -13.617  49.462 0.0000000000
96735  43.066  -15.522  52.852 0.0000000000
98017  43.455  -14.373  51.501 0.0000000000
100358  43.642  -12.862  49.598 0.0000000000
68468  16.349  -31.841  79.392 0.0000000000
71316  14.970  -30.769  77.587 0.0000000000
69885  14.414  -31.441  80.437 0.0000000000
69823  10.647  -30.505  84.545 0.0000000000
71247  10.565  -30.675  82.127 0.0000000000
71239  9.055  -30.460  82.990 0.0000000000
71219  6.850  -31.133  84.123 0.0000000000
71172  6.750  -30.689  85.695 0.0000000000
89232  36.118  -20.994  65.788 0.0000000000
86666  36.288  -22.131  64.372 0.0000000000
84018  34.783  -23.487  61.991 0.0000000000
177571  34.464  -24.301  64.808 0.0000000000
76443  24.850  -27.678  68.421 0.0000000000
77650  29.337  -26.824  69.707 0.0000000000
77684  27.066  -26.673  67.647 0.0000000000
81351  28.465  -24.984  66.453 0.0000000000
181087  32.086  -17.134  60.687 0.0000000000
94308  31.716  -17.364  57.029 0.0000000000
90672  30.040  -19.598  57.329 0.0000000000
198836  56.432  -8.300  45.372 0.0000000000
107413  54.727  -8.658  45.294 0.0000000000
95549  40.926  -16.091  52.925 0.0000000000
95536  38.788  -16.366  52.955 0.0000000000
96703  43.088  -15.887  55.749 0.0000000000
71391  28.381  -29.678  74.190 0.0000000000
73955  29.991  -28.895  73.107 0.0000000000
72736  25.941  -28.589  72.428 0.0000000000
203561  23.060  -28.323  70.121 0.0000000000
75249  20.507  -28.979  67.647 0.0000000000
102708  48.419  -11.672  50.251 0.0000000000
103916  49.023  -10.232  49.182 0.0000000000
106221  49.650  -8.604  47.306 0.0000000000
107417  51.214  -8.628  45.438 0.0000000000
68541  20.328  -32.775  73.205 0.0000000000
71394  17.855  -31.550  74.196 0.0000000000
69962  19.048  -32.390  75.547 0.0000000000
72664  21.911  -30.829  74.801 0.0000000000
101552  46.119  -12.099  49.662 0.0000000000
72666  15.550  -30.329  74.890 0.0000000000
197740  13.220  -30.321  75.876 0.0000000000
71319  11.113  -31.055  76.718 0.0000000000
69874  12.748  -30.897  81.568 0.0000000000
72602  10.710  -30.635  79.841 0.0000000000
69766  4.653  -31.156  87.899 0.0000000000
176759  37.575  -16.311  61.018 0.0000000000
93054  32.968  -17.926  63.289 0.0000000000
90558  34.111  -19.490  64.266 0.0000000000
89287  32.827  -20.492  61.298 0.0000000000
197365  33.695  -22.809  60.733 0.0000000000
179464  32.589  -24.322  61.275 0.0000000000
82726  29.736  -24.065  61.743 0.0000000000
77621  31.328  -27.346  71.808 0.0000000000
208379  32.206  -25.327  70.030 0.0000000000
201229  33.954  -24.273  68.007 0.0000000000
82629  31.220  -23.923  66.211 0.0000000000
82692  28.958  -24.057  64.066 0.0000000000
94304  35.037  -17.058  57.402 0.0000000000
93174  33.017  -17.895  54.234 0.0000000000
96621  40.456  -15.434  59.302 0.0000000000
95469  38.759  -16.116  57.526 0.0000000000
95446  39.182  -15.933  59.318 0.0000000000
97887  41.486  -15.016  59.431 0.0000000000
70046  17.524  -32.201  70.864 0.0000000000
70047  16.701  -32.283  70.750 0.0000000000
70018  17.301  -31.811  72.144 0.0000000000
70031  19.716  -32.576  71.443 0.0000000000
70043  20.389  -31.676  71.184 0.0000000000
68581  18.874  -32.587  70.687 0.0000000000
68601  18.597  -32.455  70.062 0.0000000000
200649  41.703  -14.270  50.619 0.0000000000
96762  42.182  -15.400  52.271 0.0000000000
97992  43.120  -14.986  52.235 0.0000000000
98019  42.116  -14.666  51.365 0.0000000000
99161  42.574  -13.527  50.285 0.0000000000
71200  9.869  -30.188  84.610 0.0000000000
71228  10.080  -30.396  83.925 0.0000000000
71217  8.445  -30.306  84.000 0.0000000000
71230  7.861  -30.604  83.624 0.0000000000
177999  7.807  -30.404  84.525 0.0000000000
71203  7.208  -30.588  84.917 0.0000000000
86643  37.422  -22.124  65.686 0.0000000000
83962  36.970  -23.363  65.480 0.0000000000
82665  35.742  -24.230  64.442 0.0000000000
179346  35.936  -24.392  65.883 0.0000000000
75146  32.408  -28.341  74.580 0.0000000000
77677  23.085  -27.589  67.403 0.0000000000
77674  25.468  -27.148  67.998 0.0000000000
77700  24.390  -27.328  66.517 0.0000000000
188095  25.307  -26.643  66.142 0.0000000000
91847  31.545  -18.643  60.546 0.0000000000
195216  30.745  -18.395  59.154 0.0000000000
108630  52.094  -7.360  47.619 0.0000000000
191510  52.938  -6.962  48.503 0.0000000000
188206  54.286  -7.415  46.746 0.0000000000
107399  54.768  -8.257  45.833 0.0000000000
107400  54.103  -8.037  45.998 0.0000000000
95498  40.688  -16.442  54.449 0.0000000000
175720  40.103  -16.302  52.653 0.0000000000
95517  39.784  -16.549  53.771 0.0000000000
200767  37.128  -16.486  54.933 0.0000000000
95520  37.144  -16.348  53.744 0.0000000000
94357  35.926  -16.645  53.614 0.0000000000
96689  41.423  -15.578  56.783 0.0000000000
184025  41.389  -15.913  55.350 0.0000000000
180507  41.735  -16.310  53.645 0.0000000000
70020  14.283  -32.090  72.178 0.0000000000
187029  12.962  -31.696  73.878 0.0000000000
197933  25.742  -29.463  74.104 0.0000000000
72701  26.770  -29.179  73.343 0.0000000000
73957  24.683  -28.592  73.135 0.0000000000
72761  20.736  -30.306  70.045 0.0000000000
180529  22.077  -28.717  70.764 0.0000000000
182499  20.716  -29.696  69.605 0.0000000000
75234  21.332  -28.397  68.818 0.0000000000
72780  20.126  -30.125  68.650 0.0000000000
70088  19.259  -31.732  68.158 0.0000000000
85438  33.078  -23.274  59.234 0.0000000000
102718  47.524  -11.305  49.402 0.0000000000
103911  48.743  -10.718  49.404 0.0000000000
103918  47.844  -10.414  48.755 0.0000000000
106223  48.435  -9.316  47.045 0.0000000000
106230  49.174  -9.142  45.834 0.0000000000
107390  50.198  -8.427  46.718 0.0000000000
68528  20.814  -32.682  74.183 0.0000000000
68531  19.689  -32.614  74.080 0.0000000000
67238  20.732  -33.093  75.477 0.0000000000
69976  21.757  -31.443  75.688 0.0000000000
70001  21.167  -31.870  73.746 0.0000000000
100341  47.341  -12.816  50.822 0.0000000000
100343  46.029  -12.934  50.581 0.0000000000
101560  44.478  -12.151  48.748 0.0000000000
71353  17.549  -31.371  75.440 0.0000000000
71374  16.780  -30.883  74.574 0.0000000000
188050  16.656  -30.687  75.920 0.0000000000
71302  14.320  -30.770  78.238 0.0000000000
72627  13.960  -30.240  76.792 0.0000000000
72616  13.194  -30.231  77.527 0.0000000000
195015  12.226  -30.393  76.608 0.0000000000
72629  12.320  -30.252  77.405 0.0000000000
205641  12.371  -30.801  82.566 0.0000000000
179820  10.133  -30.757  81.591 0.0000000000
72589  10.465  -30.667  80.969 0.0000000000
72595  10.105  -30.685  80.311 0.0000000000
71291  9.752  -31.000  78.790 0.0000000000
94232  33.726  -16.945  63.804 0.0000000000
89257  35.257  -20.999  64.110 0.0000000000
89245  34.931  -20.124  64.968 0.0000000000
89258  34.801  -20.524  63.806 0.0000000000
90578  33.755  -19.831  63.054 0.0000000000
89276  33.831  -20.566  62.096 0.0000000000
88008  33.519  -21.496  61.116 0.0000000000
88007  34.131  -21.596  61.736 0.0000000000
82706  33.844  -23.938  63.151 0.0000000000
82722  33.597  -23.935  62.241 0.0000000000
82708  32.700  -24.096  62.477 0.0000000000
177084  31.370  -23.950  61.812 0.0000000000
83986  31.232  -23.529  63.268 0.0000000000
72745  28.753  -28.571  71.682 0.0000000000
75167  30.876  -27.882  72.414 0.0000000000
75197  29.815  -27.579  71.430 0.0000000000
78841  29.902  -25.958  69.070 0.0000000000
78825  30.842  -25.963  70.145 0.0000000000
80051  31.725  -24.955  69.170 0.0000000000
81314  32.931  -24.516  68.861 0.0000000000
81324  31.969  -24.433  68.102 0.0000000000
82613  32.164  -24.101  66.829 0.0000000000
81336  31.017  -24.304  67.382 0.0000000000
81361  26.442  -24.765  65.430 0.0000000000
82653  28.443  -24.299  65.258 0.0000000000
95427  36.311  -16.453  60.699 0.0000000000
95450  36.258  -16.556  58.766 0.0000000000
95452  34.627  -16.373  59.087 0.0000000000
208124  31.414  -18.428  55.340 0.0000000000
94323  32.717  -17.331  55.492 0.0000000000
107410  56.911  -8.424  45.080 0.0000000000
95475  40.094  -15.699  57.259 0.0000000000
95500  39.617  -15.985  55.289 0.0000000000
176881  38.792  -16.198  56.764 0.0000000000
95476  38.026  -16.437  56.477 0.0000000000
94319  36.739  -16.494  56.088 0.0000000000
97904  42.502  -14.700  59.454 0.0000000000
203805  41.247  -14.984  58.380 0.0000000000
196132  15.576  -33.226  70.513 0.0000000000
70034  15.548  -32.161  71.354 0.0000000000
71419  15.012  -31.123  72.797 0.0000000000
72704  21.460  -29.956  73.058 0.0000000000
75159  22.108  -29.000  72.584 0.0000000000
210588  20.905  -30.286  71.751 0.0000000000
71461  20.412  -31.420  70.565 0.0000000000
71478  19.555  -31.578  69.678 0.0000000000
70070  19.193  -31.909  68.896 0.0000000000
68626  18.225  -32.636  69.305 0.0000000000
68627  17.581  -33.089  69.183 0.0000000000
187827  45.867  -10.798  47.172 0.0000000000
65931  21.434  -32.760  77.073 0.0000000000
96747  43.907  -15.004  52.680 0.0000000000
98003  44.186  -14.593  51.972 0.0000000000
99150  44.725  -13.868  51.386 0.0000000000
100345  44.711  -13.053  50.457 0.0000000000
99160  43.616  -13.408  50.640 0.0000000000
99171  42.795  -13.322  49.627 0.0000000000
69927  16.541  -31.724  78.446 0.0000000000
71315  16.105  -31.065  77.510 0.0000000000
69929  15.355  -31.324  78.582 0.0000000000
71287  14.735  -31.190  78.694 0.0000000000
69902  14.027  -31.019  79.351 0.0000000000
69857  11.057  -30.784  83.246 0.0000000000
69849  10.581  -30.566  83.601 0.0000000000
180261  9.658  -30.495  82.700 0.0000000000
71249  8.989  -30.636  82.154 0.0000000000
71240  8.121  -30.760  82.557 0.0000000000
87975  35.997  -21.297  64.728 0.0000000000
86668  35.623  -21.717  63.649 0.0000000000
86686  35.286  -22.386  62.568 0.0000000000
84000  35.607  -23.460  63.160 0.0000000000
82704  35.238  -24.141  63.152 0.0000000000
82667  33.127  -24.014  64.423 0.0000000000
75218  26.145  -27.766  69.557 0.0000000000
75214  28.731  -27.573  70.349 0.0000000000
76421  27.295  -27.210  68.866 0.0000000000
77669  28.033  -26.383  68.379 0.0000000000
78849  28.451  -25.852  68.212 0.0000000000
80072  29.366  -25.050  67.621 0.0000000000
80075  27.546  -25.912  66.941 0.0000000000
184921  26.123  -25.759  65.725 0.0000000000
95431  33.024  -16.460  60.560 0.0000000000
95454  33.156  -16.575  59.085 0.0000000000
94289  31.560  -17.362  58.921 0.0000000000
93147  30.666  -18.073  57.113 0.0000000000
107386  55.827  -7.735  46.387 0.0000000000
107398  55.469  -8.192  45.901 0.0000000000
96763  41.492  -15.340  52.231 0.0000000000
96777  40.250  -15.207  51.318 0.0000000000
96753  40.435  -16.060  52.305 0.0000000000
95518  38.456  -16.525  54.149 0.0000000000
95552  38.053  -16.344  52.561 0.0000000000
97922  43.494  -14.549  58.427 0.0000000000
96664  44.217  -15.382  56.806 0.0000000000
95481  43.940  -16.094  55.073 0.0000000000
95514  42.800  -16.196  53.896 0.0000000000
95532  41.975  -15.757  53.028 0.0000000000
71388  29.924  -29.959  74.368 0.0000000000
73939  31.066  -29.074  73.816 0.0000000000
71429  29.202  -29.501  73.246 0.0000000000
72733  27.730  -28.899  72.115 0.0000000000
187080  26.679  -28.510  71.031 0.0000000000
75170  23.365  -28.274  71.848 0.0000000000
75185  24.282  -28.004  70.945 0.0000000000
75201  25.381  -27.933  70.034 0.0000000000
76407  23.817  -27.924  69.383 0.0000000000
76446  21.955  -28.035  67.780 0.0000000000
76461  21.343  -28.398  66.974 0.0000000000
105067  50.331  -9.929  49.640 0.0000000000
105076  48.348  -9.785  48.145 0.0000000000
106210  49.569  -9.318  48.547 0.0000000000
106208  50.605  -9.037  49.021 0.0000000000
107378  50.562  -8.035  47.920 0.0000000000
107389  51.170  -7.689  47.350 0.0000000000
182753  52.283  -8.020  45.697 0.0000000000
198104  52.795  -8.511  45.195 0.0000000000
68556  19.173  -32.628  72.448 0.0000000000
183301  18.136  -31.787  72.956 0.0000000000
70003  18.815  -32.226  73.095 0.0000000000
69978  18.928  -32.098  74.761 0.0000000000
69954  18.213  -31.833  76.641 0.0000000000
67226  20.007  -33.082  76.312 0.0000000000
191224  17.730  -31.773  77.816 0.0000000000
67194  17.179  -32.100  79.090 0.0000000000
71365  30.844  -29.967  75.062 0.0000000000
71347  29.200  -30.056  75.465 0.0000000000
71370  27.035  -29.862  75.114 0.0000000000
72661  25.504  -29.498  75.154 0.0000000000
72646  24.640  -29.712  76.017 0.0000000000
73922  22.660  -29.547  74.941 0.0000000000
71414  21.367  -31.342  73.825 0.0000000000
68553  20.581  -32.417  72.890 0.0000000000
101531  48.523  -12.540  51.064 0.0000000000
101550  47.293  -11.827  49.859 0.0000000000
209474  46.388  -11.672  49.178 0.0000000000
101545  45.323  -12.710  49.739 0.0000000000
101559  45.219  -12.142  48.843 0.0000000000
182337  45.888  -11.117  47.812 0.0000000000
71416  16.976  -31.501  73.318 0.0000000000
71397  15.840  -31.028  73.616 0.0000000000
72683  14.747  -30.677  73.855 0.0000000000
72637  15.344  -30.199  76.285 0.0000000000
72652  14.067  -30.213  75.606 0.0000000000
72685  13.336  -30.814  74.417 0.0000000000
71376  12.210  -31.341  74.994 0.0000000000
71355  11.790  -31.215  75.657 0.0000000000
175769  13.304  -31.031  81.046 0.0000000000
71276  12.647  -30.630  79.745 0.0000000000
71267  11.648  -30.638  80.877 0.0000000000
72608  11.637  -30.209  79.017 0.0000000000
176848  11.054  -30.325  78.511 0.0000000000
69777  5.967  -30.614  86.694 0.0000000000
95425  38.667  -15.891  60.718 0.0000000000
95398  34.786  -16.401  62.417 0.0000000000
95400  33.342  -16.682  61.869 0.0000000000
94249  32.315  -17.366  61.758 0.0000000000
91834  32.175  -18.603  61.697 0.0000000000
91814  33.631  -18.989  63.995 0.0000000000
90580  32.503  -19.265  62.472 0.0000000000
89288  32.452  -20.056  61.093 0.0000000000
88021  32.660  -21.083  60.669 0.0000000000
86705  32.953  -21.987  60.326 0.0000000000
84057  33.505  -23.178  60.117 0.0000000000
85391  34.296  -22.865  61.298 0.0000000000
82742  33.530  -23.660  60.903 0.0000000000
82759  33.099  -24.204  60.581 0.0000000000
82761  31.839  -24.849  60.561 0.0000000000
82763  30.429  -24.579  60.579 0.0000000000
176757  36.035  -24.346  67.944 0.0000000000
75155  31.615  -27.993  73.414 0.0000000000
77617  32.187  -27.229  72.634 0.0000000000
78809  32.522  -26.236  72.189 0.0000000000
77631  30.615  -27.080  71.032 0.0000000000
78817  31.563  -26.163  71.172 0.0000000000
81285  33.323  -25.174  71.405 0.0000000000
81300  33.752  -24.839  70.073 0.0000000000
82585  34.738  -24.414  68.441 0.0000000000
82598  34.890  -24.360  67.370 0.0000000000
82611  33.858  -24.282  66.782 0.0000000000
206968  33.107  -24.117  65.396 0.0000000000
82669  31.773  -24.014  64.770 0.0000000000
81348  30.254  -24.412  66.782 0.0000000000
82651  30.500  -24.185  65.523 0.0000000000
82690  31.151  -23.818  63.971 0.0000000000
84004  29.779  -23.685  63.010 0.0000000000
95448  37.670  -16.175  59.055 0.0000000000
94292  35.964  -16.790  57.507 0.0000000000
94320  35.384  -16.916  55.912 0.0000000000
209655  33.449  -16.800  57.009 0.0000000000
94321  34.004  -17.015  55.862 0.0000000000
94347  34.246  -17.292  53.927 0.0000000000
190133  53.775  -9.011  44.948 0.0000000000
202199  40.355  -15.345  59.893 0.0000000000
96622  39.856  -15.585  59.664 0.0000000000
95435  39.258  -15.763  60.184 0.0000000000
96611  40.937  -15.133  59.776 0.0000000000
68569  18.337  -32.382  70.976 0.0000000000
188478  17.906  -32.100  71.677 0.0000000000
68567  19.291  -32.758  71.687 0.0000000000
68580  19.274  -32.832  71.044 0.0000000000
204566  18.989  -32.780  71.179 0.0000000000
187272  41.027  -14.435  50.268 0.0000000000
98021  40.622  -14.792  50.847 0.0000000000
98005  41.791  -14.995  51.857 0.0000000000
98004  42.500  -15.010  51.982 0.0000000000
71201  9.050  -30.071  84.847 0.0000000000
71216  9.490  -30.224  84.162 0.0000000000
177068  8.798  -30.157  84.443 0.0000000000
71202  8.019  -30.276  84.768 0.0000000000
182895  37.342  -23.909  66.804 0.0000000000
83961  37.415  -23.125  65.818 0.0000000000
82642  36.767  -23.819  65.847 0.0000000000
82643  36.291  -24.219  65.522 0.0000000000
82623  36.455  -24.124  66.280 0.0000000000
73918  32.436  -28.746  75.216 0.0000000000
73925  32.166  -28.684  74.848 0.0000000000
77690  22.909  -27.569  66.729 0.0000000000
204726  23.504  -27.566  66.988 0.0000000000
77701  23.589  -27.442  66.389 0.0000000000
78869  23.956  -27.004  65.868 0.0000000000
90623  31.590  -19.258  60.217 0.0000000000
91873  30.844  -18.887  59.412 0.0000000000
108629  52.738  -7.082  47.299 0.0000000000
108618  52.445  -7.232  48.075 0.0000000000
109865  53.068  -6.948  47.728 0.0000000000
108628  53.621  -7.136  47.071 0.0000000000
108637  53.879  -7.585  46.462 0.0000000000
108643  53.430  -7.776  46.083 0.0000000000
180100  40.812  -15.943  55.128 0.0000000000
95516  40.469  -16.513  53.865 0.0000000000
95499  40.209  -16.010  54.980 0.0000000000
95503  36.512  -16.472  54.677 0.0000000000
95521  36.487  -16.417  53.971 0.0000000000
94358  35.394  -17.078  53.309 0.0000000000
94345  35.351  -16.913  54.008 0.0000000000
96706  40.930  -15.708  56.040 0.0000000000
96705  41.703  -15.638  55.934 0.0000000000
71438  14.403  -31.554  72.662 0.0000000000
197543  13.867  -32.566  72.227 0.0000000000
70005  13.734  -32.077  72.685 0.0000000000
71421  13.347  -31.802  73.312 0.0000000000
71398  13.472  -31.068  73.804 0.0000000000
73941  25.013  -29.300  74.050 0.0000000000
72703  25.542  -29.252  73.555 0.0000000000
72762  20.396  -30.677  69.791 0.0000000000
72771  20.424  -30.145  69.422 0.0000000000
74022  20.606  -29.579  69.002 0.0000000000
72789  19.700  -30.498  68.096 0.0000000000
71477  19.760  -30.753  68.770 0.0000000000
84058  33.292  -23.693  59.679 0.0000000000
102723  47.697  -10.828  49.052 0.0000000000
103919  47.393  -10.680  48.531 0.0000000000
106244  49.945  -9.029  45.555 0.0000000000
67250  21.027  -32.531  74.798 0.0000000000
67251  20.731  -32.815  74.749 0.0000000000
198322  21.012  -32.856  75.368 0.0000000000
68516  21.568  -31.971  75.753 0.0000000000
68517  21.354  -32.096  74.930 0.0000000000
99132  45.110  -14.074  51.758 0.0000000000
99148  46.194  -13.440  51.340 0.0000000000
100330  46.379  -13.141  51.112 0.0000000000
100331  45.800  -13.289  50.893 0.0000000000
175999  17.144  -31.047  76.086 0.0000000000
71354  17.006  -30.965  75.320 0.0000000000
71336  16.537  -30.811  76.727 0.0000000000
71303  13.571  -30.525  78.279 0.0000000000
71318  13.895  -30.486  77.685 0.0000000000
72617  12.816  -30.236  78.027 0.0000000000
175799  12.067  -30.214  78.347 0.0000000000
69855  12.200  -30.827  83.019 0.0000000000
71258  9.811  -30.664  80.986 0.0000000000
71269  9.393  -30.770  80.370 0.0000000000
72596  9.470  -30.852  79.843 0.0000000000
87984  35.112  -21.038  63.497 0.0000000000
89266  34.606  -20.714  63.142 0.0000000000
89267  34.096  -20.376  62.750 0.0000000000
89275  34.393  -20.804  62.536 0.0000000000
88000  34.040  -20.918  61.928 0.0000000000
87999  34.567  -21.305  62.406 0.0000000000
82707  32.956  -24.063  63.160 0.0000000000
178563  33.333  -23.946  62.560 0.0000000000
211854  32.431  -23.993  62.932 0.0000000000
84020  31.501  -23.662  62.658 0.0000000000
82709  31.925  -23.771  63.108 0.0000000000
73981  28.251  -28.382  71.257 0.0000000000
75184  29.479  -28.015  71.662 0.0000000000
75199  28.977  -27.952  71.096 0.0000000000
80053  30.484  -25.576  68.982 0.0000000000
80058  31.156  -25.197  68.910 0.0000000000
81316  31.528  -24.756  68.555 0.0000000000
81325  31.265  -24.601  67.934 0.0000000000
81326  30.637  -24.798  67.801 0.0000000000
95429  35.030  -16.266  60.460 0.0000000000
95439  35.478  -16.312  59.847 0.0000000000
95440  34.841  -16.342  59.739 0.0000000000
96669  40.581  -15.568  57.662 0.0000000000
191681  39.539  -15.815  56.680 0.0000000000
175879  39.437  -15.846  57.359 0.0000000000
95460  38.026  -16.314  57.810 0.0000000000
95470  38.100  -16.360  57.112 0.0000000000
176906  37.483  -16.435  56.836 0.0000000000
95477  37.407  -16.509  56.277 0.0000000000
94309  36.893  -16.481  56.683 0.0000000000
176602  43.203  -14.681  60.343 0.0000000000
96620  40.954  -15.256  59.090 0.0000000000
97906  41.380  -15.026  58.857 0.0000000000
96631  40.861  -15.093  58.507 0.0000000000
70033  16.313  -32.013  71.342 0.0000000000
71449  15.932  -31.730  71.845 0.0000000000
71450  15.375  -31.701  71.787 0.0000000000
71436  15.541  -31.418  72.329 0.0000000000
71431  21.147  -30.920  72.918 0.0000000000
72724  21.171  -30.193  72.364 0.0000000000
71446  20.884  -30.877  72.057 0.0000000000
70044  19.938  -31.879  70.802 0.0000000000
70059  19.891  -31.618  70.287 0.0000000000
71469  20.162  -31.171  70.028 0.0000000000
182772  19.217  -32.128  69.524 0.0000000000
70060  18.931  -32.373  69.761 0.0000000000
68602  17.848  -32.705  69.873 0.0000000000
68628  17.171  -33.163  69.589 0.0000000000
95530  43.504  -15.716  53.267 0.0000000000
96734  43.552  -15.270  52.859 0.0000000000
187357  43.054  -14.751  51.917 0.0000000000
192955  43.635  -14.679  51.939 0.0000000000
99134  44.102  -14.260  51.499 0.0000000000
99159  44.257  -13.583  50.941 0.0000000000
181668  43.784  -13.951  51.095 0.0000000000
68477  16.470  -31.750  78.923 0.0000000000
69928  15.769  -31.322  78.413 0.0000000000
69912  15.860  -31.568  79.027 0.0000000000
69913  15.200  -31.467  79.143 0.0000000000
69914  14.568  -31.334  79.338 0.0000000000
185549  14.178  -31.228  79.872 0.0000000000
69838  11.059  -30.777  84.232 0.0000000000
69848  11.084  -30.885  83.820 0.0000000000
71229  9.255  -30.337  83.663 0.0000000000
71238  9.887  -30.408  83.333 0.0000000000
71250  8.123  -30.933  81.716 0.0000000000
71218  7.522  -30.648  84.103 0.0000000000
204788  7.773  -30.791  83.132 0.0000000000
71188  6.675  -30.840  85.267 0.0000000000
86655  36.628  -21.967  64.819 0.0000000000
86644  36.981  -21.814  65.313 0.0000000000
86656  36.156  -21.698  64.543 0.0000000000
87982  35.744  -21.539  64.213 0.0000000000
86667  35.872  -21.960  64.057 0.0000000000
86679  35.746  -22.214  63.483 0.0000000000
85340  36.045  -22.561  63.954 0.0000000000
82666  35.271  -24.429  64.787 0.0000000000
82684  35.463  -24.092  63.812 0.0000000000
82685  34.831  -24.086  64.020 0.0000000000
82686  34.132  -23.949  63.731 0.0000000000
178150  33.926  -24.163  64.282 0.0000000000
177898  25.372  -27.839  68.778 0.0000000000
75230  27.107  -27.504  69.201 0.0000000000
76423  25.862  -27.653  68.684 0.0000000000
77685  26.576  -26.785  67.601 0.0000000000
77672  26.754  -26.940  68.034 0.0000000000
78850  27.496  -26.450  67.874 0.0000000000
78843  28.742  -26.137  68.661 0.0000000000
183674  27.932  -26.055  67.974 0.0000000000
78855  28.272  -25.699  67.740 0.0000000000
78857  27.290  -26.301  67.278 0.0000000000
78876  25.386  -26.081  65.617 0.0000000000
95417  32.523  -16.641  60.947 0.0000000000
95443  32.522  -16.842  59.566 0.0000000000
94277  31.974  -17.167  60.034 0.0000000000
91895  30.319  -18.607  58.184 0.0000000000
93139  30.659  -18.034  57.947 0.0000000000
91904  30.255  -18.531  57.468 0.0000000000
107412  55.224  -8.595  45.409 0.0000000000
106238  55.569  -8.824  44.830 0.0000000000
106239  54.979  -8.979  44.916 0.0000000000
96752  41.219  -15.709  52.572 0.0000000000
96764  40.723  -15.596  52.006 0.0000000000
176336  39.413  -16.344  52.561 0.0000000000
95550  39.549  -16.234  52.028 0.0000000000
95551  38.764  -16.305  52.214 0.0000000000
186977  38.947  -16.329  55.397 0.0000000000
95501  38.739  -16.476  54.821 0.0000000000
201675  38.165  -16.485  54.750 0.0000000000
208826  36.955  -16.362  52.735 0.0000000000
95538  37.417  -16.347  53.029 0.0000000000
95553  37.294  -16.428  52.279 0.0000000000
95563  37.319  -16.588  51.614 0.0000000000
178026  42.924  -14.522  59.054 0.0000000000
96687  42.851  -15.535  56.424 0.0000000000
96665  43.344  -15.264  56.993 0.0000000000
96686  43.589  -15.573  56.265 0.0000000000
203911  44.201  -15.599  56.093 0.0000000000
95482  43.265  -16.238  55.165 0.0000000000
95495  43.370  -16.270  54.512 0.0000000000
95496  42.716  -16.287  54.636 0.0000000000
95533  41.398  -16.153  53.295 0.0000000000
204971  41.799  -15.905  53.220 0.0000000000
95548  41.576  -15.774  52.985 0.0000000000
96751  41.860  -15.591  52.618 0.0000000000
181153  29.129  -29.797  74.277 0.0000000000
71410  29.888  -29.827  73.957 0.0000000000
71412  28.871  -29.639  73.827 0.0000000000
72722  26.421  -28.960  72.858 0.0000000000
72720  27.667  -28.992  72.674 0.0000000000
72735  26.602  -28.695  72.174 0.0000000000
192952  27.378  -28.813  71.760 0.0000000000
73967  26.171  -28.480  71.632 0.0000000000
75171  21.959  -28.953  72.032 0.0000000000
75158  22.713  -28.581  72.347 0.0000000000
75188  21.685  -29.103  71.336 0.0000000000
75204  22.360  -28.530  70.217 0.0000000000
180019  22.799  -28.365  70.703 0.0000000000
177065  23.594  -28.068  70.532 0.0000000000
74004  25.124  -27.947  70.737 0.0000000000
75203  23.771  -27.963  69.938 0.0000000000
76395  24.330  -27.829  69.640 0.0000000000
209761  23.297  -28.200  69.657 0.0000000000
75235  20.870  -28.581  68.099 0.0000000000
76427  22.030  -28.025  68.484 0.0000000000
76428  21.455  -28.254  68.191 0.0000000000
188762  21.785  -28.116  67.254 0.0000000000
75248  20.823  -28.622  67.341 0.0000000000
68652  18.280  -32.677  68.554 0.0000000000
70089  18.773  -32.291  68.203 0.0000000000
68653  18.008  -33.257  68.203 0.0000000000
101540  48.796  -11.873  50.715 0.0000000000
103910  49.535  -10.554  49.509 0.0000000000
103909  50.274  -10.406  49.709 0.0000000000
103915  49.740  -10.148  49.330 0.0000000000
105082  47.257  -10.225  46.732 0.0000000000
105077  47.832  -10.000  47.909 0.0000000000
106222  49.044  -9.017  46.912 0.0000000000
106217  48.652  -9.322  47.646 0.0000000000
106216  49.277  -9.095  47.831 0.0000000000
106209  50.101  -9.141  48.785 0.0000000000
106215  49.834  -8.830  48.081 0.0000000000
106214  50.295  -8.623  48.366 0.0000000000
107379  50.144  -8.301  47.599 0.0000000000
107404  50.742  -8.459  45.992 0.0000000000
180432  50.708  -8.032  46.886 0.0000000000
178787  51.390  -8.091  45.969 0.0000000000
107403  51.842  -7.672  46.526 0.0000000000
183817  19.779  -32.719  72.885 0.0000000000
68543  19.476  -32.559  73.315 0.0000000000
68518  19.540  -32.796  75.270 0.0000000000
68519  19.386  -32.494  74.734 0.0000000000
69979  18.579  -31.768  75.186 0.0000000000
200414  18.721  -32.115  76.319 0.0000000000
65933  20.771  -33.353  76.621 0.0000000000
67200  19.050  -32.736  77.907 0.0000000000
210617  18.133  -32.128  77.818 0.0000000000
67202  17.937  -32.174  78.500 0.0000000000
207054  17.383  -31.943  78.423 0.0000000000
183367  30.131  -30.120  75.473 0.0000000000
72660  26.258  -29.573  75.049 0.0000000000
72648  22.570  -30.388  75.759 0.0000000000
73915  23.014  -29.624  75.544 0.0000000000
73920  23.901  -29.371  75.682 0.0000000000
72679  22.146  -30.074  74.761 0.0000000000
72680  21.884  -30.291  74.246 0.0000000000
186531  21.734  -30.967  74.205 0.0000000000
68540  20.809  -32.675  73.550 0.0000000000
70002  20.969  -32.168  73.281 0.0000000000
68554  20.149  -32.605  72.434 0.0000000000
96778  39.544  -15.549  50.939 0.0000000000
101543  46.281  -12.494  50.250 0.0000000000
101542  46.988  -12.420  50.282 0.0000000000
101551  46.622  -12.063  49.940 0.0000000000
102719  46.785  -11.631  49.530 0.0000000000
100346  43.938  -12.992  50.359 0.0000000000
209912  45.038  -12.884  50.062 0.0000000000
100357  44.495  -12.671  49.873 0.0000000000
194095  44.172  -12.184  48.054 0.0000000000
102730  44.765  -11.840  48.293 0.0000000000
102725  45.469  -11.641  48.372 0.0000000000
102729  45.037  -11.536  47.641 0.0000000000
71433  17.503  -31.613  72.800 0.0000000000
71415  17.709  -31.532  73.469 0.0000000000
72681  16.103  -30.629  74.358 0.0000000000
71396  16.489  -31.244  73.841 0.0000000000
72705  15.227  -30.765  73.369 0.0000000000
72682  15.389  -30.576  74.076 0.0000000000
195788  15.463  -30.822  77.410 0.0000000000
71337  15.760  -30.547  76.891 0.0000000000
71338  14.983  -30.360  76.978 0.0000000000
72639  13.848  -30.082  76.160 0.0000000000
72638  14.545  -30.161  76.235 0.0000000000
211322  13.562  -30.317  75.615 0.0000000000
177002  14.232  -30.377  75.021 0.0000000000
72653  13.167  -30.611  75.410 0.0000000000
71375  12.890  -30.929  74.876 0.0000000000
196543  11.641  -30.581  76.989 0.0000000000
71339  11.682  -30.849  76.349 0.0000000000
71340  11.127  -31.348  76.076 0.0000000000
200459  10.503  -31.597  76.464 0.0000000000
71266  13.037  -30.807  80.386 0.0000000000
69887  12.503  -30.771  80.945 0.0000000000
191285  10.962  -30.652  82.623 0.0000000000
69866  11.194  -30.721  82.096 0.0000000000
72594  10.877  -30.645  80.555 0.0000000000
72593  11.370  -30.651  80.180 0.0000000000
72601  11.770  -30.452  79.659 0.0000000000
72609  11.114  -30.337  79.330 0.0000000000
176281  10.457  -30.651  79.065 0.0000000000
197437  6.328  -30.098  87.139 0.0000000000
71150  5.377  -30.574  88.079 0.0000000000
69772  4.981  -31.188  87.385 0.0000000000
199950  36.663  -16.427  61.880 0.0000000000
95383  34.599  -16.317  63.077 0.0000000000
95399  34.055  -16.544  62.124 0.0000000000
95384  34.097  -16.484  62.794 0.0000000000
94233  33.255  -17.292  63.348 0.0000000000
186277  32.795  -17.433  62.849 0.0000000000
94240  32.399  -17.470  62.435 0.0000000000
93065  32.220  -17.956  62.077 0.0000000000
91824  32.344  -18.627  62.317 0.0000000000
90551  34.357  -19.496  64.988 0.0000000000
89268  33.407  -20.144  62.432 0.0000000000
90579  33.077  -19.542  62.789 0.0000000000
90591  32.817  -19.799  62.092 0.0000000000
90605  32.632  -19.908  61.495 0.0000000000
89299  32.602  -20.608  60.899 0.0000000000
86704  33.379  -22.071  60.686 0.0000000000
88020  32.961  -21.498  60.687 0.0000000000
85403  33.265  -22.563  60.201 0.0000000000
85373  35.222  -23.029  62.089 0.0000000000
85390  34.859  -22.990  61.686 0.0000000000
85374  35.038  -23.213  61.807 0.0000000000
82743  33.257  -23.981  61.340 0.0000000000
202839  33.742  -23.676  61.432 0.0000000000
82760  32.458  -24.585  60.566 0.0000000000
207205  32.064  -24.671  61.091 0.0000000000
82725  30.494  -24.071  61.800 0.0000000000
82745  30.817  -24.357  61.053 0.0000000000
82746  30.061  -24.348  61.089 0.0000000000
82747  29.284  -24.346  61.096 0.0000000000
73940  30.525  -29.236  73.519 0.0000000000
73953  31.317  -28.533  73.660 0.0000000000
73954  30.771  -28.715  73.390 0.0000000000
76372  31.373  -27.554  72.216 0.0000000000
76371  31.775  -27.477  72.544 0.0000000000
77620  31.736  -27.206  72.168 0.0000000000
78806  32.737  -26.756  72.683 0.0000000000
197126  31.882  -26.736  72.054 0.0000000000
76405  28.744  -27.080  69.800 0.0000000000
76394  29.737  -27.195  70.872 0.0000000000
77642  29.662  -26.852  70.356 0.0000000000
80045  31.272  -25.561  70.176 0.0000000000
78818  31.136  -25.986  70.684 0.0000000000
80035  31.790  -25.604  70.469 0.0000000000
80033  32.702  -25.336  71.231 0.0000000000
80043  32.532  -25.332  70.419 0.0000000000
81295  33.235  -25.118  70.609 0.0000000000
81301  33.159  -25.022  69.884 0.0000000000
81322  33.466  -24.332  68.381 0.0000000000
81313  33.567  -24.472  68.912 0.0000000000
82586  34.078  -24.368  68.450 0.0000000000
194710  34.547  -24.349  67.929 0.0000000000
82610  34.749  -24.320  66.734 0.0000000000
179795  34.246  -24.298  67.434 0.0000000000
209257  32.594  -24.004  66.285 0.0000000000
82628  31.942  -23.960  66.096 0.0000000000
82648  32.181  -24.072  65.237 0.0000000000
82649  31.540  -24.045  65.448 0.0000000000
81340  28.561  -25.155  67.001 0.0000000000
81338  29.789  -24.638  67.288 0.0000000000
81350  29.067  -24.743  66.691 0.0000000000
82672  29.134  -24.232  64.783 0.0000000000
188187  29.850  -24.286  65.205 0.0000000000
82671  30.495  -24.188  64.733 0.0000000000
82691  29.803  -24.122  64.289 0.0000000000
83987  30.160  -23.718  63.647 0.0000000000
83988  29.404  -23.833  63.552 0.0000000000
95426  38.043  -16.135  60.504 0.0000000000
95437  37.884  -16.201  59.778 0.0000000000
176663  37.204  -16.354  59.606 0.0000000000
94293  35.406  -16.946  57.919 0.0000000000
95463  36.059  -16.683  58.106 0.0000000000
211168  35.531  -16.983  57.345 0.0000000000
94303  35.900  -16.929  56.976 0.0000000000
201323  35.192  -17.013  56.404 0.0000000000
94297  32.506  -16.895  57.995 0.0000000000
94296  33.356  -16.897  58.031 0.0000000000
94307  32.388  -17.113  57.261 0.0000000000
94336  32.824  -17.519  54.873 0.0000000000
94322  33.358  -17.197  55.743 0.0000000000
94335  33.484  -17.367  54.554 0.0000000000
94334  34.198  -17.142  54.617 0.0000000000
211962  33.872  -17.365  54.174 0.0000000000
107409  57.515  -8.273  45.367 0.0000000000
106235  57.802  -8.450  44.750 0.0000000000
194707  57.892  -8.772  44.158 0.0000000000
203569  53.222  -8.943  44.958 0.0000000000
106241  53.348  -9.447  44.654 0.0000000000
96632  40.427  -15.366  58.707 0.0000000000
95468  39.407  -15.827  57.945 0.0000000000
95458  39.354  -15.861  58.565 0.0000000000
95459  38.789  -16.167  58.187 0.0000000000
180500  38.222  -16.292  58.572 0.0000000000
70032  17.069  -31.885  71.388 0.0000000000
71448  16.611  -31.775  71.972 0.0000000000
70029  20.443  -32.002  71.731 0.0000000000
180439  20.061  -32.186  71.336 0.0000000000
70045  19.575  -32.434  70.920 0.0000000000
68600  19.162  -32.568  70.472 0.0000000000
193712  17.855  -32.413  70.436 0.0000000000
99162  41.459  -14.036  49.789 0.0000000000
96761  42.652  -15.320  52.302 0.0000000000
96749  42.816  -15.424  52.551 0.0000000000
98018  42.789  -14.478  51.475 0.0000000000
99151  43.106  -13.800  50.941 0.0000000000
99152  42.380  -14.049  50.868 0.0000000000
208779  42.004  -13.850  50.200 0.0000000000
67182  16.058  -32.027  79.908 0.0000000000
68469  15.678  -31.724  79.537 0.0000000000
68459  15.459  -31.883  80.045 0.0000000000
178553  8.437  -30.537  83.345 0.0000000000
71187  7.375  -30.471  85.235 0.0000000000
85303  37.434  -22.613  65.711 0.0000000000
83971  37.088  -22.809  65.194 0.0000000000
83972  36.731  -23.198  64.740 0.0000000000
83983  36.268  -23.061  64.274 0.0000000000
82663  36.505  -23.772  65.159 0.0000000000
82644  35.829  -24.413  65.172 0.0000000000
176526  35.476  -24.454  65.580 0.0000000000
184448  24.285  -27.523  68.013 0.0000000000
76442  25.387  -27.587  68.408 0.0000000000
77675  24.340  -27.456  67.591 0.0000000000
77688  24.799  -27.191  67.416 0.0000000000
77687  25.400  -26.894  67.464 0.0000000000
78858  26.352  -26.623  66.979 0.0000000000
78868  24.637  -26.871  66.027 0.0000000000
93102  31.402  -18.262  60.231 0.0000000000
194224  31.351  -18.018  59.896 0.0000000000
93119  31.028  -18.386  59.726 0.0000000000
91886  30.553  -18.782  58.801 0.0000000000
108619  51.840  -7.587  48.337 0.0000000000
206307  52.280  -7.844  49.347 0.0000000000
108636  54.860  -7.508  46.800 0.0000000000
107388  54.525  -7.857  46.410 0.0000000000
107414  54.140  -8.498  45.386 0.0000000000
205255  40.896  -16.404  53.394 0.0000000000
95534  40.347  -16.443  53.236 0.0000000000
178129  39.061  -16.450  53.630 0.0000000000
95502  37.738  -16.572  55.150 0.0000000000
192490  37.652  -16.581  54.385 0.0000000000
210186  36.975  -16.459  54.336 0.0000000000
95539  36.609  -16.383  53.183 0.0000000000
94371  36.620  -16.567  52.481 0.0000000000
96667  41.829  -15.379  57.339 0.0000000000
96666  42.556  -15.274  57.172 0.0000000000
96704  42.388  -15.802  55.861 0.0000000000
95497  42.180  -16.269  54.779 0.0000000000
189093  41.526  -16.339  54.537 0.0000000000
95515  41.136  -16.451  53.856 0.0000000000
70035  14.865  -32.567  71.353 0.0000000000
69991  12.869  -32.410  73.445 0.0000000000
71400  12.531  -31.516  74.385 0.0000000000
72677  26.893  -29.646  74.344 0.0000000000
191575  27.973  -29.621  73.745 0.0000000000
73927  26.457  -29.409  73.917 0.0000000000
72723  25.928  -28.927  73.104 0.0000000000
73968  25.058  -28.331  72.423 0.0000000000
73987  20.814  -29.771  70.591 0.0000000000
201171  21.278  -29.248  70.753 0.0000000000
75205  21.675  -28.865  70.257 0.0000000000
179611  21.439  -28.917  69.820 0.0000000000
75221  21.542  -28.580  69.417 0.0000000000
75222  21.088  -29.092  69.367 0.0000000000
177141  20.875  -28.989  68.700 0.0000000000
74033  20.418  -29.396  68.231 0.0000000000
72788  19.784  -30.293  67.395 0.0000000000
201888  19.642  -30.888  67.657 0.0000000000
85421  32.768  -22.665  59.269 0.0000000000
101549  47.986  -11.480  49.833 0.0000000000
179708  48.644  -11.183  49.839 0.0000000000
102717  48.144  -10.998  49.442 0.0000000000
102722  48.146  -10.629  49.154 0.0000000000
103917  48.368  -10.316  49.015 0.0000000000
106224  47.976  -9.536  46.744 0.0000000000
106231  48.493  -9.264  46.405 0.0000000000
178681  49.680  -8.695  46.384 0.0000000000
106229  50.283  -8.699  45.966 0.0000000000
106243  50.679  -8.996  45.368 0.0000000000
68529  20.501  -32.846  73.987 0.0000000000
68542  19.952  -32.808  73.603 0.0000000000
68530  20.108  -32.805  74.204 0.0000000000
188166  19.868  -32.779  74.749 0.0000000000
183632  20.101  -32.977  75.490 0.0000000000
208776  21.756  -31.373  75.114 0.0000000000
71393  21.686  -31.402  74.631 0.0000000000
69988  21.443  -31.762  74.420 0.0000000000
68527  21.056  -32.254  74.122 0.0000000000
100329  46.987  -13.158  51.209 0.0000000000
100342  46.614  -12.786  50.807 0.0000000000
101544  45.776  -12.747  49.894 0.0000000000
101554  44.035  -12.387  49.203 0.0000000000
71373  17.376  -31.343  74.729 0.0000000000
71395  17.181  -31.384  74.025 0.0000000000
72665  16.335  -30.407  75.270 0.0000000000
71317  14.459  -30.667  77.703 0.0000000000
72626  14.472  -30.499  77.180 0.0000000000
202076  14.086  -30.439  77.290 0.0000000000
72628  13.587  -30.181  77.080 0.0000000000
72640  13.373  -30.144  76.462 0.0000000000
176433  12.750  -30.397  76.210 0.0000000000
176889  12.899  -30.220  76.846 0.0000000000
69865  12.922  -31.025  82.120 0.0000000000
178666  12.069  -30.720  82.054 0.0000000000
71257  10.714  -30.793  81.529 0.0000000000
209013  10.284  -30.728  81.290 0.0000000000
72603  9.938  -30.795  79.508 0.0000000000
95372  34.185  -16.455  63.466 0.0000000000
94229  34.405  -16.609  64.211 0.0000000000
93045  33.334  -17.785  63.993 0.0000000000
89243  35.833  -21.052  65.173 0.0000000000
176380  35.549  -20.795  65.558 0.0000000000
89250  35.133  -20.578  64.462 0.0000000000
90557  34.639  -20.040  64.372 0.0000000000
90566  34.426  -19.940  63.835 0.0000000000
90567  33.934  -19.601  63.648 0.0000000000
89259  34.352  -20.130  63.321 0.0000000000
89286  33.440  -20.730  61.528 0.0000000000
88009  33.087  -20.911  61.092 0.0000000000
206928  33.670  -21.033  61.438 0.0000000000
86695  33.942  -22.200  61.175 0.0000000000
82705  34.560  -23.869  62.849 0.0000000000
82721  34.402  -23.771  62.292 0.0000000000
192165  33.990  -23.840  62.569 0.0000000000
82723  32.964  -24.069  61.918 0.0000000000
82724  32.471  -24.179  61.918 0.0000000000
178045  32.053  -24.428  61.577 0.0000000000
176251  32.090  -23.886  62.313 0.0000000000
84021  30.923  -23.645  62.585 0.0000000000
73966  29.628  -28.610  72.578 0.0000000000
73964  30.547  -28.380  72.835 0.0000000000
73978  29.817  -28.323  72.161 0.0000000000
75182  30.495  -27.751  71.920 0.0000000000
76383  30.605  -27.425  71.491 0.0000000000
78835  29.655  -26.392  69.353 0.0000000000
78826  30.412  -26.399  70.057 0.0000000000
190282  30.599  -25.933  69.622 0.0000000000
80052  31.114  -25.440  69.559 0.0000000000
80044  31.881  -25.237  69.776 0.0000000000
81302  32.578  -25.106  69.745 0.0000000000
81309  32.399  -24.777  69.297 0.0000000000
81315  32.212  -24.578  68.754 0.0000000000
81323  32.758  -24.392  68.245 0.0000000000
82599  33.400  -24.284  67.638 0.0000000000
81334  32.482  -24.318  67.514 0.0000000000
81335  31.704  -24.299  67.431 0.0000000000
82614  31.449  -23.991  66.827 0.0000000000
81360  27.227  -24.996  65.504 0.0000000000
81359  27.967  -24.927  65.862 0.0000000000
82654  27.654  -24.522  65.076 0.0000000000
82673  28.030  -24.241  64.646 0.0000000000
82693  28.134  -24.021  63.983 0.0000000000
83989  28.653  -23.723  63.415 0.0000000000
82694  27.338  -24.023  63.690 0.0000000000
176665  36.940  -16.414  60.851 0.0000000000
176604  36.757  -16.492  60.150 0.0000000000
95438  36.107  -16.390  59.983 0.0000000000
204473  35.018  -16.630  58.719 0.0000000000
94294  34.754  -16.988  57.935 0.0000000000
93155  31.509  -17.880  56.174 0.0000000000
185035  32.274  -17.267  56.610 0.0000000000
93166  31.718  -18.006  55.583 0.0000000000
106237  56.269  -8.683  44.735 0.0000000000
95474  40.183  -15.636  56.458 0.0000000000
200305  39.727  -15.786  55.991 0.0000000000
178564  39.149  -16.144  56.033 0.0000000000
95485  38.535  -16.402  55.992 0.0000000000
95486  37.890  -16.520  55.822 0.0000000000
95487  37.296  -16.518  55.638 0.0000000000
95488  36.609  -16.478  55.403 0.0000000000
94331  36.001  -16.707  55.081 0.0000000000
97884  43.148  -14.547  59.679 0.0000000000
201541  42.369  -14.772  58.970 0.0000000000
97886  42.047  -14.820  59.738 0.0000000000
97924  41.866  -14.900  58.548 0.0000000000
96668  41.161  -15.433  57.494 0.0000000000
96690  40.710  -15.519  56.974 0.0000000000
70049  15.320  -32.667  70.897 0.0000000000
70048  15.930  -32.478  70.781 0.0000000000
71451  15.057  -31.943  71.602 0.0000000000
71437  14.916  -31.626  72.096 0.0000000000
202545  14.465  -31.148  73.088 0.0000000000
73944  22.455  -29.034  73.662 0.0000000000
73943  23.364  -28.844  73.635 0.0000000000
73945  21.892  -29.253  73.096 0.0000000000
73958  21.530  -29.420  72.520 0.0000000000
73969  21.294  -29.597  71.884 0.0000000000
71447  20.703  -31.444  71.663 0.0000000000
71460  20.743  -31.191  70.891 0.0000000000
72751  20.828  -30.607  70.646 0.0000000000
71468  20.709  -30.952  70.279 0.0000000000
202025  19.784  -30.942  69.457 0.0000000000
184517  19.515  -31.383  68.883 0.0000000000
70071  18.745  -32.301  69.002 0.0000000000
103924  46.445  -10.652  47.489 0.0000000000
103923  47.102  -10.424  47.935 0.0000000000
103926  46.900  -10.389  47.180 0.0000000000
210017  21.253  -32.831  75.837 0.0000000000
67222  21.711  -32.482  77.089 0.0000000000
96722  44.563  -15.653  53.706 0.0000000000
96746  44.619  -15.136  52.740 0.0000000000
96748  43.339  -15.131  52.572 0.0000000000
97991  43.762  -14.814  52.253 0.0000000000
98002  44.745  -14.453  52.109 0.0000000000
100332  45.062  -13.362  50.911 0.0000000000
207697  43.121  -13.337  50.326 0.0000000000
100347  43.369  -13.168  49.929 0.0000000000
100359  43.012  -13.054  49.209 0.0000000000
69942  16.648  -31.438  77.948 0.0000000000
71314  16.781  -31.108  77.396 0.0000000000
208216  16.046  -31.252  77.974 0.0000000000
69943  15.560  -31.134  77.988 0.0000000000
71301  14.892  -31.012  78.137 0.0000000000
71288  14.168  -30.915  78.821 0.0000000000
71289  13.561  -30.726  79.020 0.0000000000
71237  10.397  -30.504  82.837 0.0000000000
71248  9.890  -30.615  82.137 0.0000000000
180813  9.418  -30.733  81.526 0.0000000000
181536  8.713  -30.839  81.455 0.0000000000
87958  36.733  -21.162  65.690 0.0000000000
87983  35.451  -21.335  63.848 0.0000000000
87991  35.371  -21.433  63.264 0.0000000000
87998  35.102  -21.665  62.792 0.0000000000
86680  35.518  -21.929  63.106 0.0000000000
85358  35.521  -23.089  62.686 0.0000000000
84001  35.364  -23.716  62.849 0.0000000000
83984  35.832  -23.369  63.776 0.0000000000
83985  35.519  -23.960  63.362 0.0000000000
84002  34.941  -23.736  62.586 0.0000000000
186436  34.561  -23.908  63.385 0.0000000000
82687  33.365  -24.050  63.767 0.0000000000
186957  32.696  -23.785  64.013 0.0000000000
200227  26.881  -27.936  70.075 0.0000000000
75200  28.436  -27.901  70.642 0.0000000000
75216  27.117  -27.814  69.922 0.0000000000
179123  27.798  -27.490  69.465 0.0000000000
76419  28.314  -26.964  69.221 0.0000000000
76441  26.217  -27.324  68.404 0.0000000000
76438  27.495  -26.989  68.653 0.0000000000
77659  29.044  -26.437  69.159 0.0000000000
78842  29.356  -26.009  68.902 0.0000000000
80059  29.791  -25.650  68.591 0.0000000000
80066  29.576  -25.329  68.066 0.0000000000
81327  30.009  -24.931  67.705 0.0000000000
78848  28.869  -25.389  67.976 0.0000000000
80073  28.718  -25.274  67.482 0.0000000000
80081  27.844  -25.398  66.617 0.0000000000
78867  26.771  -26.338  66.474 0.0000000000
80083  26.788  -25.882  66.144 0.0000000000
80090  26.896  -25.349  65.910 0.0000000000
80091  26.399  -25.212  65.748 0.0000000000
95430  33.775  -16.357  60.766 0.0000000000
188325  33.656  -16.482  59.528 0.0000000000
95442  33.129  -16.618  59.840 0.0000000000
94288  32.357  -16.857  58.801 0.0000000000
180659  31.845  -17.066  58.306 0.0000000000
93132  30.913  -17.914  58.702 0.0000000000
198369  31.229  -17.459  58.147 0.0000000000
93138  31.119  -17.556  57.431 0.0000000000
93156  30.895  -18.171  56.415 0.0000000000
107397  56.167  -8.037  45.884 0.0000000000
107387  55.135  -7.846  46.359 0.0000000000
107411  55.828  -8.453  45.376 0.0000000000
188378  55.930  -9.243  44.339 0.0000000000
98006  40.994  -14.949  51.670 0.0000000000
201974  39.286  -16.504  54.845 0.0000000000
186976  39.236  -16.633  54.333 0.0000000000
95519  37.884  -16.456  53.653 0.0000000000
95537  38.117  -16.381  53.133 0.0000000000
95562  37.949  -16.348  51.752 0.0000000000
97938  42.999  -14.886  57.770 0.0000000000
97937  43.856  -14.950  57.582 0.0000000000
194420  43.984  -16.111  54.421 0.0000000000
95513  43.431  -16.086  53.800 0.0000000000
95531  42.891  -15.876  53.273 0.0000000000
187300  42.188  -16.275  54.091 0.0000000000
176259  42.241  -15.992  53.373 0.0000000000
96736  42.443  -15.761  53.049 0.0000000000
96750  42.364  -15.593  52.580 0.0000000000
72674  31.076  -29.570  74.506 0.0000000000
72696  31.289  -29.214  74.327 0.0000000000
72675  30.732  -29.741  74.220 0.0000000000
186752  30.086  -29.649  73.638 0.0000000000
72699  29.662  -29.427  73.246 0.0000000000
71413  28.134  -29.360  73.172 0.0000000000
72718  28.757  -29.264  72.618 0.0000000000
188678  29.191  -29.174  72.731 0.0000000000
72731  28.768  -28.901  72.160 0.0000000000
72747  27.697  -28.664  71.596 0.0000000000
73983  27.163  -28.556  71.060 0.0000000000
75148  23.884  -28.553  73.184 0.0000000000
189651  24.305  -28.351  72.731 0.0000000000
75169  24.212  -28.306  72.067 0.0000000000
75187  22.513  -28.431  71.461 0.0000000000
177557  24.033  -28.255  71.487 0.0000000000
73986  24.900  -28.102  71.517 0.0000000000
73985  25.678  -28.233  71.176 0.0000000000
175834  25.773  -28.162  70.611 0.0000000000
74002  26.665  -28.214  70.493 0.0000000000
74021  25.782  -27.921  69.682 0.0000000000
75233  25.378  -27.880  69.317 0.0000000000
76425  23.686  -27.750  68.825 0.0000000000
76409  22.206  -28.242  69.215 0.0000000000
76426  22.842  -27.808  68.684 0.0000000000
76444  23.513  -27.618  68.131 0.0000000000
76445  22.633  -27.814  67.948 0.0000000000
76459  22.304  -27.639  67.188 0.0000000000
76460  21.808  -28.053  66.723 0.0000000000
89317  31.517  -20.479  60.102 0.0000000000
105066  50.850  -9.743  49.758 0.0000000000
103922  47.606  -10.273  48.252 0.0000000000
103921  48.082  -10.133  48.512 0.0000000000
105073  48.640  -9.943  48.757 0.0000000000
105080  48.101  -9.654  47.477 0.0000000000
105075  48.945  -9.513  48.364 0.0000000000
105072  49.284  -9.766  48.936 0.0000000000
105071  49.886  -9.591  49.180 0.0000000000
105070  50.409  -9.432  49.449 0.0000000000
106205  50.959  -9.433  49.590 0.0000000000
106207  51.118  -8.968  49.241 0.0000000000
107370  50.773  -8.540  48.638 0.0000000000
107377  51.029  -7.992  48.236 0.0000000000
108631  51.513  -7.627  47.879 0.0000000000
108640  51.768  -7.466  47.252 0.0000000000
108639  52.394  -7.416  46.873 0.0000000000
108644  52.702  -7.653  46.188 0.0000000000
107402  53.060  -8.042  45.629 0.0000000000
70016  18.444  -32.218  72.360 0.0000000000
70004  18.389  -31.720  73.668 0.0000000000
69989  19.068  -32.163  73.996 0.0000000000
69990  18.485  -31.797  74.443 0.0000000000
71372  18.010  -31.563  74.911 0.0000000000
71352  18.136  -31.558  75.526 0.0000000000
69955  17.707  -31.479  77.002 0.0000000000
67224  21.033  -33.057  75.958 0.0000000000
67225  20.532  -33.213  76.121 0.0000000000
68504  19.521  -32.846  75.940 0.0000000000
65919  19.684  -33.084  77.623 0.0000000000
68491  19.493  -32.959  76.687 0.0000000000
68505  19.073  -32.609  76.454 0.0000000000
68493  18.564  -32.251  77.098 0.0000000000
69940  17.923  -31.827  77.405 0.0000000000
69941  17.298  -31.430  77.654 0.0000000000
68483  17.054  -31.847  78.356 0.0000000000
68476  16.923  -31.932  78.828 0.0000000000
68467  16.877  -31.985  79.235 0.0000000000
67187  16.924  -32.106  79.315 0.0000000000
67181  16.750  -32.290  79.644 0.0000000000
72657  32.135  -29.136  75.387 0.0000000000
72659  31.200  -29.785  74.956 0.0000000000
71366  30.610  -30.013  75.037 0.0000000000
71367  29.698  -30.084  74.997 0.0000000000
178529  28.721  -29.899  75.249 0.0000000000
71349  28.185  -30.059  75.677 0.0000000000
71392  27.706  -29.734  74.504 0.0000000000
72678  26.196  -29.610  74.384 0.0000000000
176485  25.755  -29.545  74.628 0.0000000000
73929  24.250  -29.261  74.725 0.0000000000
72662  24.817  -29.570  75.282 0.0000000000
73921  23.408  -29.285  75.091 0.0000000000
73930  23.199  -29.154  74.338 0.0000000000
73931  22.197  -29.448  74.383 0.0000000000
188695  21.592  -30.569  73.637 0.0000000000
70013  21.023  -31.694  73.118 0.0000000000
70014  20.768  -32.037  72.646 0.0000000000
70015  20.486  -32.239  72.254 0.0000000000
68566  19.796  -32.596  71.923 0.0000000000
101530  49.201  -12.291  51.107 0.0000000000
190284  48.277  -12.217  50.635 0.0000000000
100340  47.950  -12.778  50.901 0.0000000000
101541  47.772  -12.221  50.291 0.0000000000
178691  47.021  -11.216  48.917 0.0000000000
100344  45.501  -13.045  50.276 0.0000000000
101553  44.835  -12.363  49.319 0.0000000000
187542  45.567  -12.465  49.346 0.0000000000
101558  45.820  -12.010  48.986 0.0000000000
102724  46.267  -11.503  48.534 0.0000000000
70017  17.856  -31.877  72.389 0.0000000000
71434  16.808  -31.617  72.625 0.0000000000
71417  16.238  -31.406  73.076 0.0000000000
184786  15.883  -31.371  72.670 0.0000000000
71418  15.599  -31.140  72.939 0.0000000000
72706  14.771  -30.907  73.330 0.0000000000
72707  14.216  -30.932  73.573 0.0000000000
72649  16.092  -30.326  76.156 0.0000000000
72650  15.679  -30.197  75.663 0.0000000000
204828  14.345  -30.301  76.679 0.0000000000
72651  14.854  -30.216  75.492 0.0000000000
72667  14.792  -30.453  74.603 0.0000000000
72684  14.012  -30.640  74.314 0.0000000000
71399  13.020  -31.148  74.281 0.0000000000
72654  12.596  -30.769  75.579 0.0000000000
71377  11.587  -31.795  75.008 0.0000000000
69886  13.801  -31.083  80.460 0.0000000000
69903  13.509  -30.849  79.739 0.0000000000
71290  12.985  -30.667  79.251 0.0000000000
69856  11.614  -30.771  82.772 0.0000000000
69875  12.080  -30.702  81.416 0.0000000000
71268  11.004  -30.715  81.101 0.0000000000
71277  12.171  -30.647  80.304 0.0000000000
72600  12.334  -30.342  79.125 0.0000000000
72618  11.463  -30.408  77.686 0.0000000000
72619  10.700  -30.694  77.725 0.0000000000
72610  10.231  -30.804  78.304 0.0000000000
71320  10.529  -31.105  77.103 0.0000000000
190700  6.746  -30.251  86.375 0.0000000000
69786  5.987  -30.911  86.098 0.0000000000
194573  5.242  -31.215  86.618 0.0000000000
69771  5.658  -30.653  87.337 0.0000000000
95424  39.342  -15.753  61.007 0.0000000000
176734  35.930  -16.513  61.292 0.0000000000
176733  35.228  -16.281  61.252 0.0000000000
176998  34.510  -16.246  60.992 0.0000000000
95415  33.943  -16.508  61.452 0.0000000000
95416  33.142  -16.508  61.189 0.0000000000
95401  32.632  -16.766  61.569 0.0000000000
95385  33.457  -16.675  62.558 0.0000000000
94239  32.769  -17.004  62.317 0.0000000000
94263  31.929  -17.535  61.098 0.0000000000
93081  31.658  -18.116  60.843 0.0000000000
91846  31.763  -18.605  61.167 0.0000000000
90607  31.716  -19.064  60.837 0.0000000000
91806  33.433  -18.396  64.248 0.0000000000
91815  33.165  -18.486  63.711 0.0000000000
90568  33.342  -19.211  63.407 0.0000000000
91823  32.787  -18.722  62.998 0.0000000000
90592  32.420  -19.260  61.809 0.0000000000
90606  32.168  -19.331  61.333 0.0000000000
89301  31.685  -19.898  60.367 0.0000000000
89300  32.066  -20.269  60.654 0.0000000000
88031  32.239  -20.976  60.349 0.0000000000
86706  32.569  -21.619  60.187 0.0000000000
86716  32.821  -22.291  59.838 0.0000000000
85420  33.191  -22.919  59.672 0.0000000000
86687  34.773  -21.969  62.221 0.0000000000
86694  34.615  -22.384  61.581 0.0000000000
84035  34.026  -23.422  61.284 0.0000000000
175761  34.054  -23.087  60.774 0.0000000000
84043  33.626  -23.296  60.560 0.0000000000
84044  33.425  -23.724  60.297 0.0000000000
194476  33.203  -24.273  60.034 0.0000000000
82782  32.908  -24.590  59.971 0.0000000000
81429  31.505  -25.134  60.118 0.0000000000
82744  31.521  -24.494  61.025 0.0000000000
81430  30.727  -25.068  60.230 0.0000000000
176964  36.668  -24.295  67.407 0.0000000000
73938  31.556  -28.701  74.115 0.0000000000
197812  31.900  -28.180  73.866 0.0000000000
76369  32.541  -27.645  73.522 0.0000000000
75156  31.055  -28.171  73.116 0.0000000000
76370  32.060  -27.611  73.060 0.0000000000
77616  32.632  -27.317  73.052 0.0000000000
80023  33.495  -25.463  72.064 0.0000000000
75198  29.319  -27.566  71.022 0.0000000000
76393  30.224  -27.308  71.186 0.0000000000
77630  31.028  -27.114  71.350 0.0000000000
77640  30.744  -26.624  70.714 0.0000000000
192886  31.183  -26.628  71.091 0.0000000000
77629  31.497  -26.862  71.641 0.0000000000
80025  32.436  -25.853  71.665 0.0000000000
80024  32.949  -25.694  71.837 0.0000000000
81284  33.939  -25.048  71.596 0.0000000000
81294  33.838  -24.909  70.849 0.0000000000
81307  33.658  -24.656  69.436 0.0000000000
82574  34.181  -24.447  68.980 0.0000000000
82573  34.849  -24.408  69.099 0.0000000000
82584  35.438  -24.399  68.516 0.0000000000
199619  35.302  -24.411  67.745 0.0000000000
176697  35.957  -24.391  67.190 0.0000000000
82609  35.425  -24.369  66.887 0.0000000000
82625  35.109  -24.370  66.081 0.0000000000
82626  34.361  -24.323  66.071 0.0000000000
82612  32.975  -24.205  66.835 0.0000000000
82627  33.400  -24.151  65.940 0.0000000000
82646  34.131  -24.298  65.449 0.0000000000
82647  33.564  -24.213  65.028 0.0000000000
82668  32.446  -23.901  64.563 0.0000000000
184901  32.064  -23.824  64.149 0.0000000000
81337  30.405  -24.488  67.326 0.0000000000
82630  30.672  -24.179  66.203 0.0000000000
82632  29.536  -24.383  66.075 0.0000000000
82631  30.173  -24.368  66.212 0.0000000000
82650  31.009  -24.021  65.673 0.0000000000
82670  31.103  -24.090  64.943 0.0000000000
199525  31.452  -23.940  64.342 0.0000000000
82689  31.716  -23.754  63.752 0.0000000000
84003  30.550  -23.581  63.126 0.0000000000
84022  30.151  -23.731  62.453 0.0000000000
84006  28.520  -23.678  62.923 0.0000000000
84024  28.720  -23.737  62.386 0.0000000000
82727  28.989  -24.040  61.720 0.0000000000
95436  38.558  -15.977  59.961 0.0000000000
95447  38.420  -16.275  59.235 0.0000000000
176758  37.455  -16.208  58.367 0.0000000000
95449  36.971  -16.357  58.905 0.0000000000
176732  36.721  -16.389  58.224 0.0000000000
95461  37.203  -16.354  57.722 0.0000000000
94310  36.292  -16.705  56.559 0.0000000000
179794  36.048  -16.591  55.866 0.0000000000
196255  35.572  -16.859  55.398 0.0000000000
95453  33.950  -16.496  59.044 0.0000000000
94295  34.071  -16.935  58.001 0.0000000000
94305  34.391  -16.991  57.443 0.0000000000
177041  32.832  -17.237  56.179 0.0000000000
176583  33.549  -16.967  56.429 0.0000000000
94313  34.196  -16.870  56.401 0.0000000000
176628  34.700  -16.906  55.996 0.0000000000
201528  34.769  -16.968  54.872 0.0000000000
94333  34.796  -17.074  54.311 0.0000000000
107415  53.452  -8.512  45.275 0.0000000000
106240  54.395  -9.035  44.936 0.0000000000
106253  54.029  -9.553  44.569 0.0000000000
65932  21.081  -33.118  76.668 0.0000000000
65934  20.372  -33.363  76.723 0.0000000000
65945  20.864  -33.225  76.145 0.0000000000
67173  15.808  -32.044  80.296 0.0000000000
67180  17.152  -32.516  79.714 0.0000000000
67211  19.871  -33.218  76.982 0.0000000000
67212  19.443  -33.015  77.295 0.0000000000
67223  21.319  -32.839  76.444 0.0000000000
67236  21.476  -32.480  76.188 0.0000000000
67239  20.370  -32.903  74.752 0.0000000000
68475  17.296  -32.094  78.756 0.0000000000
68555  19.583  -32.652  72.283 0.0000000000
69963  18.497  -31.743  75.896 0.0000000000
69964  17.795  -31.441  76.206 0.0000000000
69977  21.624  -31.590  75.092 0.0000000000
70019  14.642  -32.141  71.747 0.0000000000
70030  20.169  -32.386  71.830 0.0000000000
71368  29.162  -29.917  74.799 0.0000000000
71369  27.657  -30.010  75.354 0.0000000000
71371  22.008  -30.906  75.451 0.0000000000
71386  30.879  -29.842  74.726 0.0000000000
71387  30.497  -29.934  74.523 0.0000000000
71389  29.525  -29.946  74.361 0.0000000000
71390  28.764  -29.746  74.551 0.0000000000
71409  30.341  -29.842  74.028 0.0000000000
71411  29.392  -29.739  73.864 0.0000000000
71430  28.653  -29.468  73.144 0.0000000000
71488  19.543  -31.140  68.170 0.0000000000
72636  22.710  -30.452  76.345 0.0000000000
72647  23.260  -29.796  76.161 0.0000000000
72658  31.633  -29.536  75.223 0.0000000000
72663  22.360  -30.294  75.205 0.0000000000
72673  31.473  -29.368  74.796 0.0000000000
72676  27.449  -29.558  73.907 0.0000000000
72697  30.878  -29.476  73.981 0.0000000000
72698  30.492  -29.643  73.739 0.0000000000
72700  27.475  -29.313  73.300 0.0000000000
72702  26.143  -29.213  73.524 0.0000000000
72716  30.070  -29.371  73.396 0.0000000000
72717  29.564  -28.988  72.963 0.0000000000
72719  28.244  -29.093  72.646 0.0000000000
72721  27.015  -28.988  72.711 0.0000000000
72730  29.215  -28.738  72.238 0.0000000000
72732  28.271  -28.901  72.126 0.0000000000
72734  27.144  -28.830  72.045 0.0000000000
72737  20.773  -30.755  71.330 0.0000000000
72746  28.308  -28.640  71.702 0.0000000000
72748  27.097  -28.732  71.447 0.0000000000
72749  26.683  -28.633  71.505 0.0000000000
73926  31.713  -28.938  74.647 0.0000000000
73928  25.196  -29.445  74.644 0.0000000000
73932  21.776  -29.629  73.752 0.0000000000
73937  31.959  -28.561  74.445 0.0000000000
73956  25.405  -28.730  73.054 0.0000000000
73965  30.062  -28.513  72.704 0.0000000000
73979  29.464  -28.469  72.023 0.0000000000
73980  29.105  -28.357  71.661 0.0000000000
73982  27.730  -28.418  71.125 0.0000000000
73984  26.182  -28.415  71.136 0.0000000000
73999  28.673  -28.255  71.183 0.0000000000
74000  28.212  -28.126  70.844 0.0000000000
74001  27.242  -28.242  70.639 0.0000000000
74003  26.213  -28.235  70.597 0.0000000000
74005  20.985  -29.350  70.120 0.0000000000
74017  27.773  -27.848  70.302 0.0000000000
74018  27.229  -27.984  70.218 0.0000000000
74019  26.463  -27.861  69.927 0.0000000000
74020  26.152  -27.982  70.078 0.0000000000
74044  20.125  -29.580  67.519 0.0000000000
75143  32.678  -28.342  74.844 0.0000000000
75149  23.067  -28.677  73.049 0.0000000000
75150  22.487  -28.935  72.925 0.0000000000
75157  23.575  -28.418  72.542 0.0000000000
75166  31.446  -27.737  72.797 0.0000000000
75168  30.302  -28.150  72.292 0.0000000000
75183  29.986  -27.933  71.890 0.0000000000
75186  23.413  -28.264  71.146 0.0000000000
75202  24.491  -27.800  70.225 0.0000000000
75215  28.095  -27.634  70.002 0.0000000000
75217  26.680  -27.697  69.573 0.0000000000
75219  24.882  -27.778  69.653 0.0000000000
75220  22.667  -28.411  69.708 0.0000000000
75229  27.511  -27.390  69.192 0.0000000000
75231  26.644  -27.543  69.011 0.0000000000
75232  25.781  -27.857  69.132 0.0000000000
75247  26.278  -27.551  68.700 0.0000000000
75263  20.860  -28.768  66.675 0.0000000000
76364  32.777  -27.980  74.498 0.0000000000
76366  32.443  -27.969  74.072 0.0000000000
76367  32.093  -27.874  73.641 0.0000000000
76382  30.891  -27.577  71.840 0.0000000000
76404  29.245  -27.173  70.376 0.0000000000
76406  28.253  -27.367  69.602 0.0000000000
76408  23.079  -28.073  69.248 0.0000000000
76420  27.875  -27.010  68.949 0.0000000000
76422  26.981  -27.340  68.853 0.0000000000
76424  24.622  -27.811  69.015 0.0000000000
76439  27.095  -27.077  68.452 0.0000000000
76440  26.626  -27.326  68.545 0.0000000000
76447  21.361  -28.329  67.595 0.0000000000
76475  21.331  -28.447  66.370 0.0000000000
77641  30.208  -26.882  70.592 0.0000000000
77649  29.932  -26.612  69.903 0.0000000000
77651  28.812  -26.712  69.369 0.0000000000
77660  28.455  -26.595  68.910 0.0000000000
77661  27.919  -26.827  68.721 0.0000000000
77670  27.520  -26.764  68.298 0.0000000000
77671  27.195  -26.838  68.035 0.0000000000
77673  26.079  -27.020  67.986 0.0000000000
77676  23.825  -27.580  67.495 0.0000000000
77686  25.912  -26.842  67.577 0.0000000000
77689  24.090  -27.511  67.026 0.0000000000
77699  25.038  -27.020  66.674 0.0000000000
78807  32.146  -26.768  72.301 0.0000000000
78810  31.959  -26.310  71.817 0.0000000000
78834  30.176  -26.166  69.495 0.0000000000
78856  27.723  -26.009  67.519 0.0000000000
78859  25.726  -26.725  66.897 0.0000000000
78866  27.131  -26.182  66.664 0.0000000000
80034  32.134  -25.735  71.135 0.0000000000
80064  30.872  -25.036  68.391 0.0000000000
80074  28.070  -25.575  67.249 0.0000000000
80082  27.262  -25.752  66.381 0.0000000000
80099  26.077  -25.036  65.106 0.0000000000
81308  33.065  -24.746  69.351 0.0000000000
81339  29.174  -24.793  67.227 0.0000000000
81347  30.834  -24.160  66.818 0.0000000000
81349  29.703  -24.603  66.748 0.0000000000
82608  36.386  -24.280  66.827 0.0000000000
82621  37.648  -23.665  66.572 0.0000000000
82622  37.097  -23.890  66.440 0.0000000000
82624  35.572  -24.355  66.236 0.0000000000
82633  28.766  -24.467  66.040 0.0000000000
82641  37.297  -23.572  66.090 0.0000000000
82645  34.852  -24.406  65.438 0.0000000000
82652  29.101  -24.223  65.565 0.0000000000
82664  36.164  -23.757  64.435 0.0000000000
82674  27.418  -24.254  64.387 0.0000000000
82683  35.709  -23.932  63.940 0.0000000000
83960  37.833  -22.957  66.137 0.0000000000
83990  28.020  -23.746  63.258 0.0000000000
84005  29.063  -23.654  62.932 0.0000000000
84017  35.217  -23.368  62.275 0.0000000000
84019  34.213  -23.544  61.746 0.0000000000
84023  29.390  -23.746  62.371 0.0000000000
84034  34.557  -23.236  61.500 0.0000000000
85284  37.887  -22.472  66.086 0.0000000000
85304  37.107  -22.291  65.149 0.0000000000
85322  36.699  -22.558  64.580 0.0000000000
85357  35.713  -22.841  63.333 0.0000000000
85389  34.989  -22.598  62.011 0.0000000000
87966  36.868  -21.455  65.473 0.0000000000
87967  36.353  -21.275  65.300 0.0000000000
87974  36.475  -21.567  65.037 0.0000000000
87976  35.601  -21.226  64.323 0.0000000000
89244  35.397  -20.628  65.001 0.0000000000
89249  35.569  -20.966  64.616 0.0000000000
89277  33.112  -20.353  61.823 0.0000000000
90549  35.197  -20.258  65.513 0.0000000000
90622  31.883  -19.665  60.827 0.0000000000
90663  30.172  -19.212  57.834 0.0000000000
91859  31.296  -18.734  59.945 0.0000000000
91872  31.275  -19.228  59.727 0.0000000000
91905  30.130  -19.068  57.150 0.0000000000
93039  33.766  -18.058  64.570 0.0000000000
93055  32.488  -17.974  62.711 0.0000000000
93080  32.006  -17.991  61.454 0.0000000000
93118  31.133  -17.962  59.387 0.0000000000
93146  31.296  -17.787  56.775 0.0000000000
93154  32.110  -17.420  55.937 0.0000000000
93167  31.110  -18.274  55.795 0.0000000000
94278  31.643  -17.696  60.399 0.0000000000
94281  31.997  -17.138  59.400 0.0000000000
94282  31.583  -17.535  59.680 0.0000000000
94286  33.662  -16.862  58.535 0.0000000000
94287  32.969  -16.730  58.487 0.0000000000
94298  31.749  -17.217  57.678 0.0000000000
94301  37.002  -16.413  57.186 0.0000000000
94302  36.441  -16.664  57.079 0.0000000000
94306  33.061  -16.893  57.436 0.0000000000
94311  35.703  -16.907  56.449 0.0000000000
94312  34.694  -16.937  56.775 0.0000000000
94314  31.770  -17.474  56.497 0.0000000000
94332  35.348  -16.873  54.772 0.0000000000
95373  33.613  -16.698  63.162 0.0000000000
95413  35.616  -16.441  61.751 0.0000000000
95414  34.634  -16.390  61.708 0.0000000000
95428  35.687  -16.359  60.579 0.0000000000
95432  32.527  -16.829  60.264 0.0000000000
95441  34.214  -16.416  59.623 0.0000000000
95451  35.555  -16.713  58.610 0.0000000000
95462  36.544  -16.503  57.617 0.0000000000
95483  42.608  -16.232  55.266 0.0000000000
95535  39.621  -16.440  53.097 0.0000000000
96633  39.833  -15.634  59.012 0.0000000000
96648  42.213  -15.028  57.911 0.0000000000
96649  41.509  -15.135  57.977 0.0000000000
96650  40.995  -15.191  57.989 0.0000000000
96652  39.925  -15.552  58.343 0.0000000000
96670  40.037  -15.711  57.809 0.0000000000
96702  43.792  -15.859  55.652 0.0000000000
97905  41.944  -14.893  59.180 0.0000000000
99133  44.536  -14.253  51.751 0.0000000000
105065  51.290  -9.959  49.852 0.0000000000
107369  51.197  -8.404  48.859 0.0000000000
107401  53.655  -8.186  45.698 0.0000000000
108611  52.201  -7.584  48.856 0.0000000000
108626  55.202  -7.137  47.338 0.0000000000
108627  54.392  -6.999  47.171 0.0000000000
108635  55.490  -7.498  46.862 0.0000000000
175739  35.241  -16.366  59.171 0.0000000000
176127  22.042  -28.657  69.782 0.0000000000
176334  35.870  -16.511  59.290 0.0000000000
176603  36.530  -16.473  59.448 0.0000000000
176629  33.989  -16.780  56.921 0.0000000000
176664  37.400  -16.328  60.321 0.0000000000
176736  34.390  -16.866  55.303 0.0000000000
176850  36.144  -24.228  64.907 0.0000000000
176975  35.362  -17.035  56.898 0.0000000000
176993  35.945  -24.316  66.540 0.0000000000
177236  28.266  -29.852  74.916 0.0000000000
177343  33.758  -17.092  55.196 0.0000000000
177610  33.716  -16.882  57.484 0.0000000000
178004  32.939  -17.069  56.828 0.0000000000
178087  38.462  -16.491  53.497 0.0000000000
178242  13.586  -30.567  75.054 0.0000000000
178324  20.656  -31.886  72.123 0.0000000000
180494  35.043  -16.938  55.371 0.0000000000
180635  33.719  -16.457  60.100 0.0000000000
180679  25.592  -28.325  71.801 0.0000000000
180873  29.121  -25.708  68.399 0.0000000000
180901  30.076  -30.048  74.868 0.0000000000
181015  26.175  -27.698  69.154 0.0000000000
181215  27.578  -27.622  69.623 0.0000000000
181633  27.409  -25.347  66.085 0.0000000000
182005  19.998  -29.981  67.968 0.0000000000
182913  26.912  -26.482  67.104 0.0000000000
183480  24.854  -27.445  67.990 0.0000000000
185177  30.538  -18.316  58.588 0.0000000000
185284  24.235  -27.666  68.455 0.0000000000
185695  39.883  -16.423  54.485 0.0000000000
185907  24.996  -29.085  73.520 0.0000000000
186474  32.665  -24.121  65.645 0.0000000000
187067  25.802  -27.337  68.372 0.0000000000
188123  26.144  -26.431  66.200 0.0000000000
188387  25.205  -29.641  75.673 0.0000000000
190230  28.046  -28.492  71.414 0.0000000000
190232  34.453  -16.687  58.502 0.0000000000
190598  18.341  -32.423  70.385 0.0000000000
193834  30.559  -23.839  64.126 0.0000000000
194328  41.985  -16.121  55.268 0.0000000000
194912  55.841  -7.134  47.240 0.0000000000
195924  28.519  -24.121  64.546 0.0000000000
197353  30.230  -27.592  71.608 0.0000000000
199428  35.280  -24.331  66.475 0.0000000000
199683  32.837  -23.994  65.020 0.0000000000
200052  30.753  -23.632  63.625 0.0000000000
200404  32.828  -23.915  63.644 0.0000000000
201748  33.196  -17.011  62.853 0.0000000000
202138  32.299  -17.064  61.219 0.0000000000
203663  25.855  -28.053  70.192 0.0000000000
204773  29.673  -29.625  73.582 0.0000000000
205409  30.334  -28.753  73.158 0.0000000000
205449  28.448  -29.598  73.595 0.0000000000
205550  27.030  -29.413  73.744 0.0000000000
205573  35.070  -16.898  58.336 0.0000000000
205994  12.208  -30.704  76.071 0.0000000000
206541  33.194  -17.249  55.150 0.0000000000
207191  51.214  -7.788  46.676 0.0000000000
207457  42.891  -14.940  52.075 0.0000000000
207961  30.028  -24.246  65.785 0.0000000000
208272  11.206  -30.567  79.801 0.0000000000
209521  30.976  -24.008  64.444 0.0000000000
210292  35.605  -22.466  63.015 0.0000000000
211430  11.079  -30.742  77.237 0.0000000000
211648  26.555  -26.119  66.158 0.0000000000
211717  35.376  -24.238  64.252 0.0000000000
211813  38.823  -16.172  58.761 0.0000000000
