#!ascii label  , from subject sub-06_ses-008 vox2ras=TkReg
872
87644  20.030  -22.386  1.699 0.0000000000
98729  28.623  -15.951  -2.134 0.0000000000
112668  28.096  -5.382  -2.156 0.0000000000
108046  21.485  -8.550  -2.163 0.0000000000
177630  21.787  -27.627  3.575 0.0000000000
83618  24.910  -24.345  2.877 0.0000000000
91499  23.507  -19.420  0.148 0.0000000000
99906  21.905  -13.977  -1.781 0.0000000000
205180  29.419  -10.579  -1.404 0.0000000000
111642  32.723  -5.945  -6.036 0.0000000000
119572  27.497  -0.638  -4.596 0.0000000000
83621  21.257  -24.712  2.710 0.0000000000
81058  23.613  -26.073  2.701 0.0000000000
84987  22.861  -23.658  1.225 0.0000000000
98689  19.885  -15.079  0.387 0.0000000000
102168  18.755  -12.684  0.613 0.0000000000
109235  24.897  -7.652  -3.101 0.0000000000
105763  24.757  -9.862  -2.466 0.0000000000
109193  28.973  -7.861  -1.160 0.0000000000
201221  31.183  -8.452  -4.295 0.0000000000
111597  31.512  -5.733  -2.752 0.0000000000
121645  25.903  1.301  -4.692 0.0000000000
118512  25.718  -1.297  -4.347 0.0000000000
121652  27.490  1.613  -5.288 0.0000000000
95084  26.105  -17.398  -0.421 0.0000000000
90255  26.393  -20.835  -0.104 0.0000000000
92716  28.905  -18.830  -2.055 0.0000000000
112697  24.996  -4.887  -3.775 0.0000000000
99943  30.320  -14.407  -4.507 0.0000000000
91465  19.381  -19.246  1.407 0.0000000000
88951  21.432  -20.851  0.616 0.0000000000
179535  20.572  -18.269  0.474 0.0000000000
95099  22.952  -16.739  -1.004 0.0000000000
98717  25.639  -14.977  -0.975 0.0000000000
102208  21.418  -11.492  -1.765 0.0000000000
102191  25.236  -12.428  -1.666 0.0000000000
101074  29.242  -13.128  -1.711 0.0000000000
104622  29.637  -11.361  -5.911 0.0000000000
190269  25.628  -3.025  -4.386 0.0000000000
116167  28.060  -3.061  -3.327 0.0000000000
123755  29.584  2.540  -3.276 0.0000000000
119558  30.465  -0.067  -2.572 0.0000000000
116164  31.673  -2.660  -2.263 0.0000000000
114976  33.786  -3.245  -4.530 0.0000000000
188284  24.494  -22.210  0.573 0.0000000000
88915  18.971  -21.048  2.242 0.0000000000
86311  19.166  -22.601  2.339 0.0000000000
84970  20.452  -23.552  2.210 0.0000000000
83642  21.428  -24.191  1.993 0.0000000000
86327  21.417  -22.914  1.424 0.0000000000
110428  26.546  -6.292  -2.481 0.0000000000
109211  26.917  -7.495  -1.861 0.0000000000
111568  28.517  -6.476  -1.327 0.0000000000
110413  29.974  -6.910  -1.553 0.0000000000
112665  29.852  -5.109  -2.175 0.0000000000
184268  25.997  1.860  -4.884 0.0000000000
120601  26.361  1.022  -5.989 0.0000000000
123776  27.255  2.467  -5.654 0.0000000000
96323  27.570  -16.439  -1.137 0.0000000000
93933  27.778  -18.447  -1.358 0.0000000000
96322  28.862  -17.810  -2.557 0.0000000000
111616  24.183  -5.842  -3.521 0.0000000000
113775  23.927  -4.125  -3.667 0.0000000000
81041  20.339  -26.529  3.168 0.0000000000
78572  20.459  -27.460  4.009 0.0000000000
78550  22.199  -28.254  4.138 0.0000000000
78559  23.108  -27.606  4.470 0.0000000000
82288  24.117  -25.214  2.791 0.0000000000
203081  24.328  -25.718  3.944 0.0000000000
92686  20.262  -18.800  0.767 0.0000000000
93900  19.526  -17.680  0.877 0.0000000000
187024  20.698  -14.475  -0.377 0.0000000000
97499  21.096  -15.872  -0.646 0.0000000000
180978  22.108  -15.007  -1.191 0.0000000000
191749  24.152  -15.694  -1.093 0.0000000000
98731  23.523  -14.508  -2.333 0.0000000000
104574  19.693  -10.314  -0.723 0.0000000000
202948  21.179  -10.148  -2.138 0.0000000000
105732  26.902  -10.000  -1.128 0.0000000000
194874  25.329  -11.402  -1.966 0.0000000000
180405  27.500  -11.421  -1.068 0.0000000000
102188  27.390  -12.531  -1.275 0.0000000000
103397  29.293  -11.712  -1.381 0.0000000000
102225  29.996  -12.436  -3.612 0.0000000000
104600  30.082  -10.889  -2.870 0.0000000000
109255  31.883  -7.434  -5.419 0.0000000000
108109  31.241  -8.410  -5.811 0.0000000000
119573  26.718  -0.879  -5.533 0.0000000000
178461  25.788  -1.858  -4.382 0.0000000000
117356  26.533  -1.759  -4.297 0.0000000000
114964  26.511  -3.028  -3.951 0.0000000000
117354  28.018  -1.972  -3.664 0.0000000000
177986  30.627  -1.213  -2.192 0.0000000000
179076  32.371  -1.248  -2.415 0.0000000000
114940  32.857  -3.363  -3.012 0.0000000000
91481  22.206  -19.916  0.063 0.0000000000
88949  22.887  -21.212  0.382 0.0000000000
90257  24.213  -20.796  -0.108 0.0000000000
90253  27.137  -20.309  0.244 0.0000000000
88932  26.209  -21.701  0.547 0.0000000000
183959  19.798  -24.744  2.835 0.0000000000
204481  21.167  -25.647  2.719 0.0000000000
81039  22.644  -26.652  3.087 0.0000000000
82291  22.435  -25.713  2.119 0.0000000000
83640  23.242  -24.806  1.670 0.0000000000
205644  23.816  -24.374  1.378 0.0000000000
98674  18.619  -14.941  0.975 0.0000000000
201733  19.372  -14.175  0.562 0.0000000000
101053  20.621  -13.251  -0.630 0.0000000000
108061  23.151  -8.052  -3.072 0.0000000000
105766  23.178  -9.874  -3.192 0.0000000000
108059  25.200  -8.640  -2.526 0.0000000000
108029  26.869  -8.690  -1.634 0.0000000000
203798  29.308  -8.982  -1.229 0.0000000000
105761  30.684  -9.781  -2.772 0.0000000000
108042  30.116  -8.285  -1.791 0.0000000000
110443  31.830  -7.018  -3.497 0.0000000000
111628  32.578  -5.894  -4.199 0.0000000000
120578  24.752  0.151  -2.301 0.0000000000
119562  25.952  -0.130  -3.984 0.0000000000
119574  26.378  -0.406  -5.828 0.0000000000
120589  27.394  0.402  -5.229 0.0000000000
205544  24.372  -18.408  -0.117 0.0000000000
177147  24.798  -19.763  -0.261 0.0000000000
92699  26.429  -19.011  -0.233 0.0000000000
92697  27.543  -19.241  -0.838 0.0000000000
109227  21.818  -7.417  -2.314 0.0000000000
200764  23.773  -6.772  -3.371 0.0000000000
195933  24.963  -6.304  -3.631 0.0000000000
112684  26.581  -5.061  -3.245 0.0000000000
79755  24.098  -26.802  4.380 0.0000000000
98740  29.156  -15.913  -3.470 0.0000000000
193989  29.600  -17.514  -2.843 0.0000000000
88914  19.570  -21.016  1.867 0.0000000000
88934  21.021  -21.371  1.062 0.0000000000
90240  20.441  -19.987  1.391 0.0000000000
91483  21.146  -19.517  0.426 0.0000000000
92704  21.826  -18.556  -0.288 0.0000000000
95091  20.592  -16.967  0.150 0.0000000000
208790  22.025  -17.398  -0.351 0.0000000000
93923  23.369  -17.763  -0.367 0.0000000000
95097  24.156  -16.782  -0.626 0.0000000000
96325  25.931  -16.223  -0.572 0.0000000000
98715  27.535  -15.098  -1.329 0.0000000000
103374  19.945  -11.978  -0.599 0.0000000000
101080  21.579  -12.641  -1.967 0.0000000000
104603  23.017  -10.766  -3.073 0.0000000000
103401  23.530  -11.736  -2.400 0.0000000000
101078  23.738  -13.217  -2.114 0.0000000000
184013  25.802  -13.485  -1.189 0.0000000000
99903  27.957  -13.923  -1.113 0.0000000000
99916  29.023  -14.265  -1.712 0.0000000000
101093  29.471  -13.821  -3.818 0.0000000000
102231  29.246  -12.839  -5.574 0.0000000000
197034  30.382  -9.950  -4.505 0.0000000000
191093  25.350  -3.991  -3.716 0.0000000000
114948  26.656  -3.741  -3.349 0.0000000000
114946  28.616  -3.754  -2.838 0.0000000000
122687  28.267  1.860  -4.392 0.0000000000
120576  28.958  0.532  -3.489 0.0000000000
121633  29.990  1.131  -2.824 0.0000000000
119560  29.039  -0.731  -2.872 0.0000000000
118500  29.191  -1.588  -2.976 0.0000000000
189582  29.494  -2.894  -2.583 0.0000000000
113753  29.945  -4.007  -2.717 0.0000000000
113752  31.556  -4.615  -2.747 0.0000000000
113772  32.625  -4.544  -3.416 0.0000000000
113791  33.301  -4.330  -5.269 0.0000000000
87660  22.059  -22.035  1.012 0.0000000000
86324  23.826  -23.011  1.002 0.0000000000
84984  24.817  -23.407  1.372 0.0000000000
88946  25.403  -21.694  0.234 0.0000000000
86321  25.728  -22.817  0.922 0.0000000000
183329  19.182  -21.536  1.965 0.0000000000
87646  18.876  -21.697  2.315 0.0000000000
87645  19.356  -22.143  2.054 0.0000000000
86310  19.658  -22.767  2.138 0.0000000000
86309  20.253  -22.980  1.912 0.0000000000
86308  20.876  -23.207  1.781 0.0000000000
86328  20.667  -22.633  1.419 0.0000000000
111587  27.640  -5.873  -2.084 0.0000000000
110416  27.135  -6.339  -2.015 0.0000000000
111586  28.262  -5.896  -1.724 0.0000000000
111585  29.061  -5.975  -1.760 0.0000000000
112666  29.166  -5.301  -2.065 0.0000000000
122698  26.295  2.136  -5.687 0.0000000000
179040  28.269  -17.382  -1.582 0.0000000000
97509  28.526  -16.641  -2.026 0.0000000000
81040  21.090  -26.896  3.412 0.0000000000
79781  20.436  -26.995  3.682 0.0000000000
78571  21.039  -27.547  3.766 0.0000000000
185987  21.423  -28.203  3.885 0.0000000000
79758  22.336  -27.933  3.723 0.0000000000
206037  22.661  -28.021  4.076 0.0000000000
79780  22.439  -27.213  3.440 0.0000000000
83619  24.340  -24.729  2.492 0.0000000000
83601  24.486  -24.761  3.253 0.0000000000
83600  24.918  -24.382  3.690 0.0000000000
84928  25.362  -23.942  3.310 0.0000000000
93901  19.223  -18.184  1.238 0.0000000000
185844  18.986  -17.549  1.400 0.0000000000
189631  21.235  -14.493  -0.910 0.0000000000
208123  21.506  -14.985  -1.079 0.0000000000
205138  21.695  -14.501  -1.399 0.0000000000
98719  23.366  -14.962  -1.814 0.0000000000
98732  23.024  -14.524  -2.040 0.0000000000
186268  20.779  -9.588  -1.999 0.0000000000
105752  21.474  -9.702  -2.321 0.0000000000
184192  28.365  -10.485  -0.813 0.0000000000
104569  27.421  -10.722  -1.065 0.0000000000
104585  28.948  -11.009  -1.025 0.0000000000
103398  28.759  -11.604  -1.091 0.0000000000
104584  29.468  -11.073  -1.544 0.0000000000
182420  29.703  -11.415  -2.227 0.0000000000
104583  29.847  -10.600  -2.068 0.0000000000
110460  32.475  -6.438  -5.496 0.0000000000
109267  31.880  -7.444  -6.183 0.0000000000
118510  26.777  -1.235  -4.676 0.0000000000
177927  27.467  -1.322  -4.247 0.0000000000
117355  27.354  -1.797  -4.108 0.0000000000
119561  28.159  -0.858  -3.673 0.0000000000
119556  32.359  -0.513  -2.553 0.0000000000
185935  33.012  -0.541  -2.817 0.0000000000
118509  33.523  -1.207  -3.331 0.0000000000
91500  22.695  -19.293  0.067 0.0000000000
90275  23.003  -20.043  0.197 0.0000000000
90274  23.818  -20.169  0.039 0.0000000000
90238  27.002  -20.264  1.085 0.0000000000
204703  26.745  -20.489  1.684 0.0000000000
83623  19.975  -24.000  2.691 0.0000000000
83624  19.203  -24.306  2.860 0.0000000000
83622  20.452  -24.514  2.781 0.0000000000
82293  20.540  -25.116  2.926 0.0000000000
176862  21.876  -25.917  2.557 0.0000000000
82292  21.834  -25.389  2.230 0.0000000000
84968  21.988  -23.918  1.616 0.0000000000
83641  22.031  -24.444  1.777 0.0000000000
84967  22.582  -24.267  1.510 0.0000000000
183675  23.270  -24.204  1.337 0.0000000000
101046  18.574  -13.161  1.134 0.0000000000
183640  19.022  -13.699  0.814 0.0000000000
101045  19.217  -13.201  0.389 0.0000000000
99877  19.737  -13.755  0.336 0.0000000000
99889  20.010  -13.175  -0.081 0.0000000000
202719  24.484  -7.913  -3.122 0.0000000000
108077  24.262  -8.428  -2.819 0.0000000000
108076  24.820  -8.217  -2.764 0.0000000000
109195  27.559  -7.498  -1.486 0.0000000000
109196  27.176  -8.084  -1.684 0.0000000000
108028  27.723  -8.197  -1.303 0.0000000000
106847  27.929  -9.202  -1.055 0.0000000000
108026  29.143  -8.488  -1.205 0.0000000000
106845  29.733  -8.685  -1.459 0.0000000000
108043  29.617  -8.065  -1.399 0.0000000000
111598  31.026  -5.966  -2.216 0.0000000000
110426  31.016  -6.746  -2.278 0.0000000000
111613  31.814  -6.357  -3.205 0.0000000000
110442  32.114  -6.681  -3.731 0.0000000000
112695  31.957  -5.650  -3.269 0.0000000000
198380  25.336  1.320  -3.073 0.0000000000
121624  24.827  0.854  -2.063 0.0000000000
120577  25.443  0.411  -3.083 0.0000000000
119563  25.318  -0.279  -3.291 0.0000000000
120592  25.948  0.501  -4.329 0.0000000000
120591  26.230  0.484  -5.797 0.0000000000
120590  26.424  0.242  -5.958 0.0000000000
202160  26.809  -0.394  -5.673 0.0000000000
121642  28.003  1.070  -4.883 0.0000000000
195864  25.204  -17.919  -0.175 0.0000000000
189170  25.760  -18.405  -0.142 0.0000000000
179384  26.350  -18.421  -0.548 0.0000000000
93932  28.938  -18.832  -2.137 0.0000000000
92717  28.101  -18.754  -1.364 0.0000000000
211902  28.245  -18.834  -1.255 0.0000000000
92685  27.927  -19.164  -0.401 0.0000000000
181613  21.214  -6.907  -1.565 0.0000000000
195542  22.174  -6.968  -2.574 0.0000000000
109226  22.851  -7.181  -2.898 0.0000000000
110431  23.116  -6.602  -3.274 0.0000000000
176187  24.951  -5.566  -3.727 0.0000000000
111614  25.964  -5.473  -3.241 0.0000000000
112696  25.908  -4.929  -3.466 0.0000000000
81038  23.263  -26.430  2.831 0.0000000000
79779  23.219  -26.865  3.412 0.0000000000
81037  24.016  -26.576  2.988 0.0000000000
80999  24.661  -26.472  4.937 0.0000000000
98750  30.132  -15.388  -4.315 0.0000000000
91449  18.990  -19.511  1.823 0.0000000000
90241  19.635  -19.765  1.563 0.0000000000
88936  20.077  -20.381  1.746 0.0000000000
90262  20.616  -19.398  0.797 0.0000000000
191693  20.861  -18.925  0.350 0.0000000000
91502  21.428  -19.053  0.043 0.0000000000
192033  21.248  -18.441  0.107 0.0000000000
97485  19.339  -15.497  0.713 0.0000000000
181371  19.858  -16.818  0.556 0.0000000000
206237  19.776  -16.113  0.547 0.0000000000
96328  22.082  -16.226  -1.013 0.0000000000
96329  21.502  -16.296  -0.579 0.0000000000
96314  22.072  -16.752  -0.411 0.0000000000
93924  22.280  -18.072  -0.573 0.0000000000
95088  23.154  -17.288  -0.607 0.0000000000
95087  23.804  -17.303  -0.471 0.0000000000
95098  23.506  -16.792  -0.961 0.0000000000
186685  24.625  -15.003  -1.177 0.0000000000
97514  24.658  -15.578  -0.924 0.0000000000
97513  25.420  -15.638  -0.890 0.0000000000
97512  26.206  -15.581  -0.951 0.0000000000
98716  26.412  -14.911  -1.133 0.0000000000
104573  20.213  -10.763  -1.147 0.0000000000
103390  19.774  -11.165  -0.486 0.0000000000
103388  20.908  -11.696  -1.357 0.0000000000
102193  20.613  -12.130  -1.019 0.0000000000
200587  21.641  -12.065  -2.127 0.0000000000
105765  23.832  -9.798  -2.834 0.0000000000
204986  23.083  -10.245  -3.263 0.0000000000
105750  24.455  -10.437  -2.570 0.0000000000
103387  25.365  -11.920  -1.904 0.0000000000
103400  24.154  -11.399  -2.450 0.0000000000
102204  24.239  -12.023  -2.191 0.0000000000
102205  23.620  -12.443  -2.159 0.0000000000
185861  24.261  -12.688  -1.999 0.0000000000
101077  24.282  -13.437  -2.023 0.0000000000
179955  25.363  -13.009  -1.382 0.0000000000
101075  28.887  -12.962  -1.267 0.0000000000
101061  27.719  -13.242  -1.179 0.0000000000
101060  28.506  -13.454  -1.104 0.0000000000
99902  28.579  -14.064  -1.301 0.0000000000
198450  29.410  -13.837  -1.929 0.0000000000
99915  29.786  -14.100  -2.558 0.0000000000
101073  29.851  -13.461  -2.271 0.0000000000
103413  29.950  -11.822  -4.188 0.0000000000
194867  29.893  -12.658  -4.694 0.0000000000
103416  29.547  -12.157  -5.514 0.0000000000
102239  29.422  -12.473  -5.781 0.0000000000
103424  29.452  -11.944  -6.254 0.0000000000
108075  30.882  -8.739  -3.777 0.0000000000
188520  30.660  -9.781  -3.383 0.0000000000
106907  31.036  -9.027  -4.499 0.0000000000
119576  25.066  -0.935  -3.485 0.0000000000
117357  25.014  -1.645  -3.521 0.0000000000
178405  25.354  -2.429  -4.232 0.0000000000
116168  24.478  -2.223  -3.198 0.0000000000
116186  24.910  -2.952  -3.919 0.0000000000
116187  24.457  -3.395  -3.583 0.0000000000
114966  24.621  -3.778  -3.926 0.0000000000
178797  25.112  -3.468  -4.070 0.0000000000
114963  27.357  -2.800  -3.690 0.0000000000
114947  27.253  -3.374  -3.285 0.0000000000
175694  27.856  -3.812  -3.015 0.0000000000
123766  28.680  2.518  -3.767 0.0000000000
122677  29.002  1.833  -3.469 0.0000000000
121641  28.590  1.174  -3.761 0.0000000000
122676  29.794  1.763  -3.053 0.0000000000
120562  30.920  0.520  -2.455 0.0000000000
121632  30.604  1.175  -2.465 0.0000000000
120574  30.244  0.533  -2.706 0.0000000000
120575  29.596  0.560  -2.987 0.0000000000
119559  29.799  -0.051  -2.832 0.0000000000
181970  29.406  -1.006  -2.427 0.0000000000
118499  29.813  -0.715  -2.265 0.0000000000
117334  31.150  -1.934  -2.289 0.0000000000
117335  30.287  -1.947  -2.298 0.0000000000
186883  30.264  -3.071  -2.433 0.0000000000
114944  29.880  -3.510  -2.587 0.0000000000
114943  30.585  -3.757  -2.582 0.0000000000
206642  30.693  -4.398  -2.581 0.0000000000
200632  31.245  -3.742  -2.532 0.0000000000
116199  33.452  -3.134  -3.901 0.0000000000
114962  32.689  -3.983  -3.310 0.0000000000
114977  33.448  -3.792  -4.181 0.0000000000
113783  33.314  -4.385  -4.532 0.0000000000
114986  33.562  -3.820  -4.862 0.0000000000
87661  21.342  -22.139  1.211 0.0000000000
88933  21.742  -21.505  0.873 0.0000000000
87672  23.754  -22.051  0.641 0.0000000000
87673  23.088  -21.882  0.607 0.0000000000
86335  24.195  -22.530  0.759 0.0000000000
84985  24.398  -23.282  1.196 0.0000000000
86323  24.546  -22.795  0.894 0.0000000000
90271  26.043  -20.214  -0.111 0.0000000000
88958  24.903  -20.913  -0.133 0.0000000000
90256  25.674  -20.908  0.089 0.0000000000
88912  26.322  -21.677  1.244 0.0000000000
87657  25.971  -22.319  0.566 0.0000000000
87643  25.870  -22.130  1.575 0.0000000000
86306  25.640  -22.671  1.978 0.0000000000
84971  19.820  -23.345  2.380 0.0000000000
83643  20.766  -24.099  2.435 0.0000000000
181425  20.989  -23.713  2.010 0.0000000000
84969  21.454  -23.547  1.676 0.0000000000
84988  22.099  -23.368  1.261 0.0000000000
110429  25.951  -6.873  -2.540 0.0000000000
110418  25.671  -7.500  -2.372 0.0000000000
110417  26.659  -6.864  -2.098 0.0000000000
209668  27.627  -6.943  -1.429 0.0000000000
110400  28.775  -7.153  -1.107 0.0000000000
109210  29.521  -7.361  -1.247 0.0000000000
110414  29.316  -6.664  -1.346 0.0000000000
111583  30.393  -6.371  -1.978 0.0000000000
112664  30.516  -5.540  -2.041 0.0000000000
122689  25.765  1.902  -3.564 0.0000000000
121644  26.237  1.416  -5.621 0.0000000000
121654  26.508  1.638  -5.681 0.0000000000
122696  27.603  2.174  -5.270 0.0000000000
95083  26.704  -17.477  -0.856 0.0000000000
93921  26.728  -18.047  -0.879 0.0000000000
189018  27.267  -17.826  -1.275 0.0000000000
95096  28.199  -17.947  -1.563 0.0000000000
95095  29.391  -18.614  -2.601 0.0000000000
112698  24.192  -4.989  -3.548 0.0000000000
112708  24.482  -4.483  -3.760 0.0000000000
82275  19.267  -25.598  3.503 0.0000000000
81021  18.849  -26.176  3.951 0.0000000000
79782  19.739  -26.615  3.585 0.0000000000
79759  19.939  -27.089  4.156 0.0000000000
77403  21.906  -28.544  4.861 0.0000000000
78549  22.712  -28.174  4.729 0.0000000000
78548  23.265  -27.739  5.119 0.0000000000
82289  23.545  -25.482  2.522 0.0000000000
81036  24.207  -26.220  3.489 0.0000000000
82273  24.333  -25.418  3.489 0.0000000000
91466  18.891  -18.804  1.727 0.0000000000
91464  19.985  -19.318  1.139 0.0000000000
92677  19.578  -18.765  1.114 0.0000000000
92687  19.834  -18.227  0.752 0.0000000000
95073  20.165  -17.564  0.548 0.0000000000
98702  20.348  -15.092  -0.144 0.0000000000
97500  20.679  -15.728  -0.174 0.0000000000
190128  21.031  -15.184  -0.638 0.0000000000
97518  21.612  -15.652  -1.008 0.0000000000
199069  22.657  -16.198  -1.189 0.0000000000
96327  23.287  -16.107  -1.051 0.0000000000
97516  23.030  -15.546  -1.310 0.0000000000
202323  23.844  -14.848  -1.950 0.0000000000
98730  24.366  -14.635  -1.771 0.0000000000
105753  20.580  -10.279  -1.734 0.0000000000
104592  21.317  -10.762  -1.940 0.0000000000
105733  26.156  -10.057  -1.248 0.0000000000
104586  25.246  -10.863  -1.904 0.0000000000
211712  25.923  -10.527  -1.315 0.0000000000
103386  26.232  -11.279  -1.313 0.0000000000
188921  26.346  -11.816  -1.156 0.0000000000
102189  26.543  -12.424  -1.165 0.0000000000
103385  27.026  -11.895  -1.075 0.0000000000
102202  28.856  -12.239  -1.246 0.0000000000
102201  29.219  -12.431  -1.550 0.0000000000
102200  29.505  -12.693  -2.226 0.0000000000
102216  29.969  -12.210  -2.635 0.0000000000
103409  30.117  -11.640  -3.152 0.0000000000
104611  30.114  -11.038  -3.675 0.0000000000
109246  31.580  -7.908  -4.390 0.0000000000
108100  31.325  -8.588  -5.018 0.0000000000
109268  31.553  -7.892  -5.950 0.0000000000
197101  31.359  -7.912  -6.791 0.0000000000
179472  26.259  -0.885  -5.375 0.0000000000
118511  26.184  -1.344  -4.595 0.0000000000
116185  26.076  -2.453  -4.417 0.0000000000
116184  26.969  -2.340  -4.045 0.0000000000
116183  27.807  -2.376  -3.819 0.0000000000
116182  28.472  -2.437  -3.489 0.0000000000
119543  31.119  -0.128  -2.420 0.0000000000
192721  30.659  -0.561  -2.272 0.0000000000
118487  31.260  -0.711  -2.095 0.0000000000
118498  31.531  -1.315  -2.281 0.0000000000
117333  32.078  -1.933  -2.257 0.0000000000
191307  32.428  -3.072  -2.492 0.0000000000
117332  32.828  -1.927  -2.463 0.0000000000
116181  33.464  -2.422  -3.557 0.0000000000
90260  21.898  -20.364  0.283 0.0000000000
88950  22.162  -21.016  0.518 0.0000000000
90259  22.574  -20.574  0.215 0.0000000000
90258  23.392  -20.829  0.037 0.0000000000
182756  24.207  -21.675  0.478 0.0000000000
90254  26.754  -20.572  -0.052 0.0000000000
88944  26.495  -21.075  0.255 0.0000000000
88931  26.670  -21.065  0.966 0.0000000000
88911  26.576  -21.106  1.858 0.0000000000
82295  19.378  -24.901  3.127 0.0000000000
82294  19.852  -25.395  3.082 0.0000000000
81061  20.404  -25.874  2.985 0.0000000000
198101  21.858  -26.564  3.139 0.0000000000
81060  22.492  -26.199  2.666 0.0000000000
81059  22.957  -26.006  2.526 0.0000000000
82314  21.781  -24.749  2.165 0.0000000000
82312  22.819  -25.302  1.929 0.0000000000
82311  23.191  -25.249  2.074 0.0000000000
83620  23.709  -25.040  2.226 0.0000000000
83639  24.104  -24.640  1.735 0.0000000000
84949  24.714  -24.266  2.110 0.0000000000
99878  18.376  -14.346  0.770 0.0000000000
98690  19.304  -14.745  0.615 0.0000000000
99876  20.042  -14.440  0.257 0.0000000000
99887  20.949  -13.882  -0.743 0.0000000000
101065  21.097  -13.365  -1.237 0.0000000000
108062  22.629  -8.594  -2.924 0.0000000000
106887  22.340  -9.168  -2.942 0.0000000000
187334  23.101  -8.726  -2.919 0.0000000000
106884  24.017  -9.058  -2.594 0.0000000000
106883  25.003  -9.210  -2.458 0.0000000000
109212  25.902  -8.048  -2.194 0.0000000000
108030  26.175  -8.550  -1.989 0.0000000000
106866  25.802  -9.504  -1.454 0.0000000000
106848  27.210  -9.284  -1.119 0.0000000000
105730  28.531  -9.704  -0.829 0.0000000000
105729  29.185  -9.511  -1.132 0.0000000000
105745  30.404  -9.904  -2.130 0.0000000000
195720  30.328  -9.507  -1.883 0.0000000000
106863  30.508  -9.006  -2.687 0.0000000000
201052  30.949  -8.331  -3.288 0.0000000000
109209  30.089  -7.600  -1.608 0.0000000000
108057  31.312  -7.845  -3.043 0.0000000000
109234  31.602  -7.555  -3.600 0.0000000000
110454  32.006  -7.237  -4.083 0.0000000000
110453  32.306  -6.591  -4.279 0.0000000000
203403  32.774  -5.901  -5.277 0.0000000000
119575  25.848  -0.909  -4.445 0.0000000000
177194  26.191  -0.400  -5.466 0.0000000000
187577  27.686  -0.035  -4.606 0.0000000000
92701  23.960  -18.935  -0.109 0.0000000000
91498  24.234  -19.604  -0.124 0.0000000000
195219  24.813  -19.136  -0.477 0.0000000000
91497  25.394  -19.620  -0.067 0.0000000000
91495  26.715  -19.852  -0.443 0.0000000000
92718  27.130  -18.783  -0.984 0.0000000000
92698  27.330  -19.394  -0.762 0.0000000000
90270  26.722  -20.266  -0.291 0.0000000000
90269  27.015  -20.201  -0.233 0.0000000000
108063  22.023  -8.387  -2.563 0.0000000000
183712  22.435  -7.784  -2.829 0.0000000000
109225  23.629  -7.307  -3.062 0.0000000000
109236  24.351  -7.324  -3.253 0.0000000000
110445  23.555  -6.308  -3.501 0.0000000000
109237  24.316  -6.607  -3.549 0.0000000000
110444  24.949  -6.985  -3.383 0.0000000000
111600  25.998  -6.134  -2.981 0.0000000000
111599  26.530  -5.720  -2.909 0.0000000000
112683  27.531  -5.395  -2.578 0.0000000000
79756  23.554  -27.134  4.067 0.0000000000
208887  24.140  -26.493  3.923 0.0000000000
98741  29.082  -15.553  -2.696 0.0000000000
97526  28.724  -17.140  -2.417 0.0000000000
96347  29.606  -17.054  -3.346 0.0000000000
88913  19.846  -21.700  1.731 0.0000000000
87662  20.500  -21.947  1.325 0.0000000000
88935  20.351  -21.108  1.449 0.0000000000
90239  20.844  -20.614  0.942 0.0000000000
194293  20.838  -19.946  0.733 0.0000000000
90261  21.312  -20.169  0.497 0.0000000000
91482  21.658  -19.700  0.136 0.0000000000
91501  21.993  -19.162  -0.046 0.0000000000
92702  23.158  -18.771  -0.206 0.0000000000
95062  19.327  -17.106  0.991 0.0000000000
95074  19.718  -17.295  0.718 0.0000000000
203272  20.951  -17.709  0.167 0.0000000000
96315  20.952  -16.350  -0.188 0.0000000000
93925  21.639  -17.915  -0.187 0.0000000000
197716  22.833  -18.278  -0.603 0.0000000000
198140  23.585  -18.370  -0.364 0.0000000000
206222  24.069  -17.851  -0.195 0.0000000000
95086  24.581  -17.428  -0.446 0.0000000000
95085  25.317  -17.364  -0.365 0.0000000000
189524  23.850  -16.130  -0.854 0.0000000000
96313  24.823  -16.734  -0.286 0.0000000000
96312  25.569  -16.812  -0.504 0.0000000000
96324  26.790  -16.273  -0.693 0.0000000000
97510  27.852  -15.916  -1.475 0.0000000000
98714  28.160  -15.471  -1.717 0.0000000000
103363  18.819  -12.030  0.502 0.0000000000
102178  19.443  -12.517  -0.055 0.0000000000
102177  20.319  -12.610  -0.516 0.0000000000
101066  20.846  -12.755  -1.101 0.0000000000
101064  21.597  -13.330  -1.770 0.0000000000
105751  22.074  -9.772  -2.765 0.0000000000
104591  21.745  -10.454  -2.599 0.0000000000
104604  22.325  -11.039  -2.798 0.0000000000
104587  24.692  -11.010  -2.230 0.0000000000
104590  22.823  -11.356  -2.775 0.0000000000
103402  22.198  -11.693  -2.404 0.0000000000
102207  22.054  -12.389  -2.189 0.0000000000
200529  22.438  -12.881  -2.197 0.0000000000
99921  22.631  -13.999  -2.030 0.0000000000
99919  23.714  -14.070  -2.278 0.0000000000
99918  24.306  -14.071  -2.037 0.0000000000
203886  25.862  -14.171  -0.995 0.0000000000
180294  26.076  -12.952  -1.195 0.0000000000
183168  26.385  -13.601  -1.137 0.0000000000
192105  26.682  -14.242  -1.082 0.0000000000
195638  27.382  -14.392  -1.165 0.0000000000
186532  28.008  -14.595  -1.411 0.0000000000
98728  28.965  -15.213  -2.121 0.0000000000
98727  29.632  -14.741  -3.011 0.0000000000
196023  29.544  -15.191  -3.841 0.0000000000
99935  29.750  -14.486  -4.074 0.0000000000
101087  29.799  -13.079  -3.034 0.0000000000
177047  29.447  -13.778  -4.508 0.0000000000
99951  29.900  -13.609  -5.199 0.0000000000
105762  30.313  -10.334  -2.635 0.0000000000
104610  30.063  -10.418  -4.126 0.0000000000
106916  30.818  -9.204  -5.216 0.0000000000
105787  29.889  -10.531  -6.116 0.0000000000
114978  24.245  -4.007  -3.918 0.0000000000
113773  25.463  -4.637  -3.733 0.0000000000
114965  25.864  -3.603  -3.862 0.0000000000
113758  26.115  -4.302  -3.447 0.0000000000
113757  26.973  -4.458  -3.229 0.0000000000
113756  27.622  -4.432  -2.971 0.0000000000
113755  28.241  -4.366  -2.734 0.0000000000
123767  28.043  2.592  -4.906 0.0000000000
120588  28.233  0.501  -4.216 0.0000000000
119571  28.463  -0.160  -3.808 0.0000000000
121634  29.315  1.163  -3.187 0.0000000000
184109  29.258  0.019  -3.261 0.0000000000
118501  28.435  -1.511  -3.465 0.0000000000
117337  28.801  -2.018  -3.427 0.0000000000
211725  29.143  -2.010  -3.038 0.0000000000
180393  29.815  -1.428  -2.392 0.0000000000
117336  29.537  -2.033  -2.624 0.0000000000
189605  28.818  -2.997  -2.948 0.0000000000
114945  29.297  -3.573  -2.706 0.0000000000
113754  29.325  -4.138  -2.720 0.0000000000
113740  29.270  -4.670  -2.278 0.0000000000
113739  29.938  -4.488  -2.451 0.0000000000
113738  30.438  -4.919  -2.303 0.0000000000
112680  31.660  -5.220  -2.887 0.0000000000
114941  32.314  -3.719  -2.752 0.0000000000
113751  32.201  -4.333  -2.980 0.0000000000
202898  32.194  -5.002  -3.237 0.0000000000
112707  32.867  -5.409  -4.049 0.0000000000
111627  32.913  -5.541  -4.709 0.0000000000
111635  33.019  -5.430  -5.441 0.0000000000
114985  33.865  -3.206  -5.301 0.0000000000
192135  33.474  -3.813  -5.497 0.0000000000
113797  33.319  -4.214  -6.089 0.0000000000
112721  33.025  -4.859  -6.457 0.0000000000
86326  22.062  -22.621  1.168 0.0000000000
181726  22.678  -23.058  0.847 0.0000000000
87674  22.422  -21.678  0.658 0.0000000000
87659  22.631  -22.325  0.878 0.0000000000
201419  23.230  -23.240  0.909 0.0000000000
84986  23.707  -23.727  1.177 0.0000000000
84966  24.398  -24.014  1.443 0.0000000000
84965  24.985  -23.674  1.868 0.0000000000
90273  24.513  -20.244  -0.143 0.0000000000
87671  24.990  -22.073  0.299 0.0000000000
88945  26.023  -21.454  0.320 0.0000000000
87669  25.821  -22.345  0.189 0.0000000000
86334  25.224  -22.530  0.413 0.0000000000
86322  25.216  -22.898  0.871 0.0000000000
86307  25.259  -23.129  1.538 0.0000000000
84948  25.233  -23.854  2.579 0.0000000000
96339  29.055  -17.534  -2.623 0.0000000000
204186  29.429  -18.107  -2.744 0.0000000000
78560  21.886  -28.154  3.834 0.0000000000
79757  22.847  -27.389  3.884 0.0000000000
81019  24.365  -26.085  4.282 0.0000000000
81020  24.002  -26.769  3.469 0.0000000000
81042  19.772  -26.093  3.227 0.0000000000
81043  19.289  -26.245  3.635 0.0000000000
82274  24.057  -26.017  2.906 0.0000000000
82290  23.066  -25.640  2.333 0.0000000000
82313  22.379  -25.050  1.776 0.0000000000
83584  24.614  -24.813  3.882 0.0000000000
86325  23.296  -22.652  0.768 0.0000000000
87658  25.705  -22.614  0.235 0.0000000000
87670  25.686  -22.516  0.177 0.0000000000
88947  24.652  -21.333  0.085 0.0000000000
88948  23.470  -21.441  0.327 0.0000000000
90272  25.196  -20.239  -0.069 0.0000000000
91480  27.428  -19.827  -0.127 0.0000000000
91494  27.107  -19.867  -0.527 0.0000000000
91496  26.014  -19.464  -0.080 0.0000000000
92700  25.482  -19.016  -0.136 0.0000000000
92703  22.394  -18.645  -0.407 0.0000000000
93922  25.895  -17.890  -0.308 0.0000000000
95089  22.568  -17.248  -0.616 0.0000000000
95090  21.368  -17.056  -0.201 0.0000000000
95100  22.521  -16.621  -0.858 0.0000000000
96311  26.415  -16.876  -0.477 0.0000000000
96326  25.131  -16.182  -0.667 0.0000000000
96338  29.153  -17.523  -2.696 0.0000000000
97484  20.099  -15.622  0.267 0.0000000000
97511  27.071  -15.541  -1.024 0.0000000000
97515  23.712  -15.468  -1.391 0.0000000000
97517  22.352  -15.659  -1.248 0.0000000000
97525  28.938  -16.585  -2.556 0.0000000000
97536  29.080  -16.486  -3.002 0.0000000000
98675  17.689  -14.844  1.699 0.0000000000
98713  28.595  -14.846  -1.745 0.0000000000
98718  25.053  -14.503  -1.079 0.0000000000
98720  22.715  -15.026  -1.542 0.0000000000
98721  22.305  -14.528  -1.729 0.0000000000
99888  20.344  -13.824  -0.223 0.0000000000
99904  27.149  -13.702  -1.335 0.0000000000
99905  24.771  -14.095  -1.640 0.0000000000
99907  21.365  -13.955  -1.393 0.0000000000
99917  28.995  -13.627  -1.319 0.0000000000
99920  23.254  -14.252  -2.428 0.0000000000
99929  29.979  -14.423  -3.223 0.0000000000
99950  30.801  -14.474  -5.073 0.0000000000
101062  26.877  -13.079  -1.303 0.0000000000
101063  24.809  -13.539  -1.773 0.0000000000
101076  24.817  -12.868  -1.834 0.0000000000
101079  23.262  -13.628  -2.059 0.0000000000
101099  29.561  -13.294  -5.125 0.0000000000
101109  29.415  -12.963  -5.663 0.0000000000
102187  28.262  -12.706  -1.239 0.0000000000
102190  25.837  -12.311  -1.380 0.0000000000
102192  21.198  -12.241  -1.567 0.0000000000
102203  24.863  -12.246  -2.004 0.0000000000
102206  22.827  -12.179  -2.265 0.0000000000
102244  29.591  -12.002  -5.850 0.0000000000
103384  28.001  -11.939  -1.412 0.0000000000
103389  20.371  -11.501  -1.049 0.0000000000
103399  24.835  -11.683  -2.144 0.0000000000
104568  28.207  -11.210  -0.949 0.0000000000
104570  26.440  -10.708  -1.216 0.0000000000
104571  25.774  -11.006  -1.613 0.0000000000
104572  20.794  -11.088  -1.506 0.0000000000
104588  24.041  -10.758  -2.876 0.0000000000
104589  23.514  -11.036  -2.903 0.0000000000
104599  30.601  -10.353  -3.263 0.0000000000
104601  24.038  -10.351  -2.952 0.0000000000
104602  23.510  -10.437  -3.250 0.0000000000
104617  30.060  -11.241  -4.744 0.0000000000
104629  29.730  -11.218  -6.425 0.0000000000
105731  27.722  -9.898  -1.021 0.0000000000
105734  20.220  -9.381  -1.348 0.0000000000
105744  30.577  -9.469  -2.156 0.0000000000
105746  29.714  -9.976  -1.561 0.0000000000
105747  29.039  -10.225  -0.989 0.0000000000
105748  25.451  -10.231  -1.456 0.0000000000
105749  24.887  -10.332  -2.032 0.0000000000
105764  24.322  -10.038  -2.686 0.0000000000
105774  30.471  -9.960  -3.795 0.0000000000
105775  24.508  -9.521  -2.581 0.0000000000
106846  28.662  -8.966  -1.047 0.0000000000
106849  26.521  -9.397  -1.316 0.0000000000
106864  30.174  -8.923  -1.985 0.0000000000
106865  29.743  -9.262  -1.501 0.0000000000
106867  25.146  -9.511  -1.852 0.0000000000
106868  21.780  -9.124  -2.479 0.0000000000
106882  30.663  -9.235  -3.330 0.0000000000
106885  23.388  -9.222  -2.873 0.0000000000
106886  22.837  -9.248  -3.021 0.0000000000
106898  24.664  -8.826  -2.564 0.0000000000
108027  28.466  -8.313  -1.107 0.0000000000
108041  30.402  -8.504  -2.408 0.0000000000
108044  26.568  -8.088  -1.967 0.0000000000
108045  25.656  -8.575  -2.346 0.0000000000
108058  30.885  -8.155  -2.705 0.0000000000
108060  23.621  -8.606  -2.831 0.0000000000
108088  31.258  -8.141  -3.719 0.0000000000
108101  30.853  -8.852  -5.728 0.0000000000
109194  28.224  -7.674  -1.087 0.0000000000
109208  30.523  -7.879  -2.114 0.0000000000
109213  25.289  -7.995  -2.540 0.0000000000
109223  30.970  -7.493  -2.504 0.0000000000
109224  23.934  -7.972  -3.199 0.0000000000
109245  31.910  -7.440  -4.767 0.0000000000
109256  31.629  -7.934  -5.226 0.0000000000
110401  28.009  -6.965  -1.112 0.0000000000
110412  30.531  -7.161  -1.937 0.0000000000
110415  27.720  -6.439  -1.448 0.0000000000
110425  31.491  -7.065  -2.904 0.0000000000
110427  27.090  -5.841  -2.522 0.0000000000
110430  25.341  -7.279  -2.833 0.0000000000
111584  29.735  -6.321  -1.704 0.0000000000
111601  25.488  -6.619  -3.295 0.0000000000
111612  32.265  -6.129  -3.707 0.0000000000
111615  25.480  -5.887  -3.460 0.0000000000
111617  23.442  -5.709  -3.088 0.0000000000
111636  32.568  -6.199  -4.809 0.0000000000
111641  32.975  -5.311  -6.033 0.0000000000
112667  28.580  -4.878  -2.255 0.0000000000
112681  31.060  -5.167  -2.493 0.0000000000
112682  27.910  -4.894  -2.613 0.0000000000
112685  23.368  -4.423  -2.950 0.0000000000
112693  32.834  -5.011  -3.697 0.0000000000
112694  32.485  -5.528  -3.671 0.0000000000
112699  23.405  -5.138  -3.051 0.0000000000
112706  33.134  -4.978  -4.228 0.0000000000
112715  33.141  -4.911  -4.976 0.0000000000
113771  33.130  -4.373  -3.807 0.0000000000
113774  24.878  -4.291  -3.845 0.0000000000
114942  31.768  -3.431  -2.412 0.0000000000
114961  33.146  -3.623  -3.595 0.0000000000
116163  32.984  -2.630  -2.862 0.0000000000
116165  30.722  -2.551  -2.283 0.0000000000
116166  29.961  -2.474  -2.456 0.0000000000
117331  33.245  -1.861  -3.125 0.0000000000
118497  33.046  -1.212  -2.744 0.0000000000
119542  31.734  -0.306  -2.349 0.0000000000
119557  31.814  -0.804  -2.447 0.0000000000
120561  31.684  0.383  -2.214 0.0000000000
121622  31.398  1.196  -2.168 0.0000000000
121643  27.049  0.975  -5.581 0.0000000000
121653  26.823  1.472  -5.661 0.0000000000
122664  30.938  1.935  -2.371 0.0000000000
122675  30.309  1.653  -2.622 0.0000000000
122697  26.814  2.137  -5.706 0.0000000000
175207  20.095  -10.085  -1.183 0.0000000000
177334  27.284  -6.925  -1.766 0.0000000000
177427  28.616  -5.464  -1.941 0.0000000000
178665  25.780  -9.005  -2.030 0.0000000000
178776  27.326  -4.981  -3.031 0.0000000000
178842  29.711  -12.094  -1.865 0.0000000000
179668  18.913  -22.229  2.390 0.0000000000
179889  23.108  -12.944  -2.148 0.0000000000
180042  25.452  -5.218  -3.634 0.0000000000
180102  22.705  -9.759  -3.047 0.0000000000
180827  27.043  -5.407  -2.910 0.0000000000
180908  31.452  -6.352  -2.510 0.0000000000
181889  33.150  -4.843  -5.695 0.0000000000
182971  32.287  -6.908  -4.956 0.0000000000
183375  29.120  -2.377  -3.052 0.0000000000
183913  31.150  -4.113  -2.660 0.0000000000
184998  25.296  -13.780  -1.386 0.0000000000
185266  29.047  3.130  -3.590 0.0000000000
185814  30.703  -9.503  -4.708 0.0000000000
186132  20.369  -16.266  0.226 0.0000000000
186728  24.169  -15.213  -1.455 0.0000000000
188017  27.512  -8.734  -1.286 0.0000000000
188199  28.810  -4.363  -2.602 0.0000000000
188550  29.486  -13.388  -4.239 0.0000000000
189673  31.056  -3.211  -2.396 0.0000000000
189758  29.760  -5.801  -2.046 0.0000000000
190055  32.412  -2.448  -2.474 0.0000000000
190072  26.824  -11.303  -1.155 0.0000000000
190447  21.846  -11.160  -2.229 0.0000000000
190794  31.719  -4.014  -2.684 0.0000000000
191963  24.459  -16.188  -0.709 0.0000000000
192291  27.285  -17.125  -1.025 0.0000000000
192382  25.409  -8.970  -2.346 0.0000000000
192465  27.271  -3.926  -3.110 0.0000000000
195371  22.547  -10.345  -2.752 0.0000000000
196057  28.034  -8.653  -1.039 0.0000000000
196566  30.380  2.265  -2.935 0.0000000000
197204  30.594  -8.646  -3.094 0.0000000000
197482  21.325  -12.864  -1.485 0.0000000000
198344  33.192  -3.048  -3.376 0.0000000000
198649  26.256  -7.499  -2.153 0.0000000000
198800  32.157  -7.001  -5.653 0.0000000000
198862  22.769  -17.751  -0.516 0.0000000000
200126  23.929  -14.479  -2.223 0.0000000000
200589  21.048  -26.245  3.051 0.0000000000
200622  29.695  -13.762  -3.028 0.0000000000
200644  27.001  -14.809  -1.134 0.0000000000
201048  25.034  -15.120  -0.958 0.0000000000
201176  21.951  -12.930  -2.077 0.0000000000
201531  22.706  -13.391  -2.134 0.0000000000
201852  28.255  -16.756  -1.571 0.0000000000
202994  25.819  -11.622  -1.589 0.0000000000
203222  26.240  -9.000  -1.671 0.0000000000
203555  22.168  -13.427  -2.049 0.0000000000
203795  23.983  -21.169  0.275 0.0000000000
203945  22.097  -6.520  -2.383 0.0000000000
204330  31.292  -8.401  -6.490 0.0000000000
204487  32.149  -7.082  -4.510 0.0000000000
205292  29.443  -14.559  -2.267 0.0000000000
205315  26.831  -20.674  0.461 0.0000000000
206178  25.046  -18.460  -0.024 0.0000000000
206244  30.739  -9.448  -3.992 0.0000000000
206971  21.466  -26.081  2.890 0.0000000000
207454  27.337  -8.437  -1.555 0.0000000000
207830  21.802  -11.593  -2.127 0.0000000000
208878  20.454  -20.546  1.392 0.0000000000
209413  22.370  -23.793  1.398 0.0000000000
210515  29.495  -2.423  -2.625 0.0000000000
211329  24.674  -18.017  -0.138 0.0000000000
211919  33.302  -0.873  -2.998 0.0000000000
212129  32.723  -0.852  -2.611 0.0000000000
