#!ascii label  , from subject sub-04_ses-004 vox2ras=TkReg
1210
71777  -20.569  -32.216  78.621 0.0000000000
87607  -43.284  -22.598  66.032 0.0000000000
95833  -45.960  -17.229  58.620 0.0000000000
95919  -49.019  -16.717  52.678 0.0000000000
81748  -41.249  -26.666  67.514 0.0000000000
94756  -48.710  -18.028  56.204 0.0000000000
100584  -52.592  -13.652  47.117 0.0000000000
107109  -55.166  -9.913  44.033 0.0000000000
86440  -45.931  -23.823  65.394 0.0000000000
90027  -47.026  -21.070  61.769 0.0000000000
92389  -44.295  -19.451  61.985 0.0000000000
77950  -21.751  -30.047  80.575 0.0000000000
191959  -26.329  -29.147  79.202 0.0000000000
79178  -30.900  -29.040  77.032 0.0000000000
75474  -34.987  -31.369  74.539 0.0000000000
74319  -38.177  -31.432  71.769 0.0000000000
204464  -41.390  -29.909  69.797 0.0000000000
81738  -43.975  -26.674  67.693 0.0000000000
90060  -50.062  -21.207  59.071 0.0000000000
193768  -55.754  -8.145  42.196 0.0000000000
195491  -44.807  -22.142  66.661 0.0000000000
91180  -45.141  -20.412  65.067 0.0000000000
90006  -43.900  -20.986  63.993 0.0000000000
206758  -22.510  -30.485  77.917 0.0000000000
179571  -24.237  -30.208  79.684 0.0000000000
78072  -37.912  -29.941  70.250 0.0000000000
75555  -40.057  -30.420  70.806 0.0000000000
79280  -39.937  -28.764  69.875 0.0000000000
199315  -42.114  -24.377  66.160 0.0000000000
84101  -42.303  -25.231  68.979 0.0000000000
86382  -43.716  -23.707  68.054 0.0000000000
84148  -45.672  -24.994  66.414 0.0000000000
93618  -46.692  -18.710  61.374 0.0000000000
198798  -48.487  -20.881  60.187 0.0000000000
182180  -48.477  -17.809  59.304 0.0000000000
93715  -49.626  -18.007  53.999 0.0000000000
93704  -51.416  -18.160  55.052 0.0000000000
93726  -50.409  -18.413  53.220 0.0000000000
93744  -49.351  -18.592  52.055 0.0000000000
101706  -54.530  -13.254  48.357 0.0000000000
101672  -51.569  -13.622  50.220 0.0000000000
79339  -39.837  -28.263  68.061 0.0000000000
93742  -47.247  -18.521  51.959 0.0000000000
102861  -54.291  -12.093  45.847 0.0000000000
101737  -55.768  -13.275  46.403 0.0000000000
105062  -56.421  -11.372  41.431 0.0000000000
185730  -45.406  -24.537  63.424 0.0000000000
88825  -46.164  -21.824  63.670 0.0000000000
92383  -45.666  -19.402  63.138 0.0000000000
73035  -21.739  -31.678  80.721 0.0000000000
75424  -27.362  -30.623  77.905 0.0000000000
80392  -28.820  -28.446  78.035 0.0000000000
178136  -29.788  -30.744  76.460 0.0000000000
205025  -31.887  -32.652  76.008 0.0000000000
70549  -33.992  -33.337  74.971 0.0000000000
70579  -35.654  -33.725  73.216 0.0000000000
206840  -36.574  -31.617  73.094 0.0000000000
71894  -39.585  -32.664  70.227 0.0000000000
81718  -41.002  -26.961  69.578 0.0000000000
78106  -42.766  -28.419  68.643 0.0000000000
76932  -44.327  -29.829  66.297 0.0000000000
79376  -45.656  -28.331  65.281 0.0000000000
82995  -45.943  -26.458  64.841 0.0000000000
193440  -50.276  -17.949  57.566 0.0000000000
99352  -49.102  -14.257  49.982 0.0000000000
97093  -49.093  -15.914  51.601 0.0000000000
209695  -20.102  -32.083  80.799 0.0000000000
88789  -43.854  -21.621  66.406 0.0000000000
89982  -44.082  -21.202  65.896 0.0000000000
88801  -43.691  -21.469  65.096 0.0000000000
76886  -37.997  -29.901  69.219 0.0000000000
78074  -39.240  -29.449  70.326 0.0000000000
78104  -38.910  -29.119  69.333 0.0000000000
86439  -42.836  -23.281  65.800 0.0000000000
212099  -42.742  -23.885  67.796 0.0000000000
87580  -43.352  -23.059  67.191 0.0000000000
87582  -44.120  -22.915  67.590 0.0000000000
94698  -47.395  -18.030  60.250 0.0000000000
95825  -47.364  -16.887  59.080 0.0000000000
93725  -49.880  -17.683  53.282 0.0000000000
208146  -50.216  -17.252  53.682 0.0000000000
210704  -49.500  -17.546  52.877 0.0000000000
192582  -50.051  -18.948  52.995 0.0000000000
94809  -49.318  -17.298  52.233 0.0000000000
98283  -54.687  -15.193  47.613 0.0000000000
181446  -53.765  -14.923  49.343 0.0000000000
96009  -53.701  -16.335  47.871 0.0000000000
103986  -53.595  -11.355  43.567 0.0000000000
103968  -54.816  -11.238  45.033 0.0000000000
103960  -55.435  -11.859  46.321 0.0000000000
105019  -55.931  -11.293  44.976 0.0000000000
187993  -56.353  -12.462  44.527 0.0000000000
183381  -56.143  -10.675  44.001 0.0000000000
107160  -56.553  -9.650  41.601 0.0000000000
85312  -45.903  -24.408  64.627 0.0000000000
86471  -45.942  -23.195  63.441 0.0000000000
86452  -46.037  -23.043  64.460 0.0000000000
93587  -44.394  -19.373  63.490 0.0000000000
92379  -45.465  -19.613  63.701 0.0000000000
93601  -44.997  -18.756  62.944 0.0000000000
94678  -45.604  -18.582  62.023 0.0000000000
92397  -44.465  -19.158  61.352 0.0000000000
73037  -23.053  -32.068  80.229 0.0000000000
76693  -22.662  -30.786  80.582 0.0000000000
77964  -25.823  -29.584  79.357 0.0000000000
81663  -30.138  -27.895  76.539 0.0000000000
79177  -29.852  -28.844  77.421 0.0000000000
76740  -29.527  -29.643  77.404 0.0000000000
75428  -30.592  -30.232  76.994 0.0000000000
73059  -31.016  -31.660  75.959 0.0000000000
208699  -31.246  -30.887  76.632 0.0000000000
73095  -34.590  -32.202  74.808 0.0000000000
70565  -34.494  -33.466  74.302 0.0000000000
71843  -35.247  -32.463  74.034 0.0000000000
76835  -37.808  -30.408  72.018 0.0000000000
76833  -36.661  -30.795  72.331 0.0000000000
74318  -37.734  -31.687  72.359 0.0000000000
73146  -37.335  -32.673  72.479 0.0000000000
73161  -38.285  -32.596  71.727 0.0000000000
182685  -38.803  -33.408  70.718 0.0000000000
73163  -39.173  -31.798  70.907 0.0000000000
76859  -41.002  -30.069  70.440 0.0000000000
74368  -40.912  -31.380  69.773 0.0000000000
75595  -41.485  -30.539  69.303 0.0000000000
75596  -41.938  -30.249  68.913 0.0000000000
80502  -40.632  -27.246  69.217 0.0000000000
82944  -41.460  -26.435  68.932 0.0000000000
82946  -43.539  -25.981  68.503 0.0000000000
81727  -42.973  -26.796  69.109 0.0000000000
80514  -43.580  -27.567  68.054 0.0000000000
78121  -43.409  -28.569  67.679 0.0000000000
79342  -44.322  -28.037  67.104 0.0000000000
80540  -45.449  -27.458  66.421 0.0000000000
85296  -45.925  -24.377  65.679 0.0000000000
203483  -46.072  -26.178  65.337 0.0000000000
84183  -45.999  -25.060  65.119 0.0000000000
194546  -45.908  -25.691  64.343 0.0000000000
77967  -20.968  -30.174  78.991 0.0000000000
77948  -20.549  -30.021  80.194 0.0000000000
77935  -20.499  -29.894  81.652 0.0000000000
87664  -46.618  -22.241  61.848 0.0000000000
87665  -46.974  -21.990  61.347 0.0000000000
91231  -49.304  -20.720  59.596 0.0000000000
182193  -48.300  -17.335  56.856 0.0000000000
97016  -49.106  -16.726  57.468 0.0000000000
97023  -49.935  -17.244  56.688 0.0000000000
91282  -50.360  -19.961  55.037 0.0000000000
185301  -50.861  -19.429  56.120 0.0000000000
99341  -51.583  -14.447  50.648 0.0000000000
186345  -50.727  -13.806  50.336 0.0000000000
99339  -50.345  -14.361  51.324 0.0000000000
99329  -48.940  -14.954  51.683 0.0000000000
97105  -49.354  -15.794  50.928 0.0000000000
95957  -49.098  -16.780  51.106 0.0000000000
176888  -53.908  -8.518  42.581 0.0000000000
108226  -55.284  -8.777  43.401 0.0000000000
109399  -54.150  -7.943  41.941 0.0000000000
111574  -55.134  -6.719  41.027 0.0000000000
87609  -45.588  -22.548  65.741 0.0000000000
88803  -46.006  -21.962  64.909 0.0000000000
89984  -44.806  -21.081  66.110 0.0000000000
92356  -44.450  -20.341  64.701 0.0000000000
91197  -44.218  -20.127  63.180 0.0000000000
77968  -21.720  -30.168  79.198 0.0000000000
180238  -23.270  -30.130  79.782 0.0000000000
79168  -25.599  -29.115  78.678 0.0000000000
76836  -38.296  -30.361  71.635 0.0000000000
75554  -39.441  -30.738  71.209 0.0000000000
78062  -39.235  -29.853  70.901 0.0000000000
78076  -40.164  -29.330  70.557 0.0000000000
78077  -40.726  -29.196  70.363 0.0000000000
84161  -41.815  -25.598  66.574 0.0000000000
84115  -41.797  -25.566  68.876 0.0000000000
84130  -42.143  -24.918  67.912 0.0000000000
195057  -43.202  -24.770  68.733 0.0000000000
84131  -44.170  -25.165  68.000 0.0000000000
197873  -44.727  -26.153  67.120 0.0000000000
85266  -44.791  -24.249  67.306 0.0000000000
86414  -45.369  -23.756  66.391 0.0000000000
76736  -21.136  -30.516  77.824 0.0000000000
92392  -46.873  -19.808  61.782 0.0000000000
90033  -47.472  -21.344  61.155 0.0000000000
92399  -47.745  -19.583  60.499 0.0000000000
92407  -48.543  -19.230  59.752 0.0000000000
92421  -49.530  -19.888  59.290 0.0000000000
93702  -49.625  -18.191  54.676 0.0000000000
95890  -50.862  -17.441  55.506 0.0000000000
94785  -50.814  -17.381  54.593 0.0000000000
93716  -51.086  -18.202  54.059 0.0000000000
102846  -53.772  -12.928  48.118 0.0000000000
101717  -51.850  -13.630  48.397 0.0000000000
101675  -53.323  -13.905  49.381 0.0000000000
99353  -52.950  -14.871  49.942 0.0000000000
86450  -42.881  -23.434  64.528 0.0000000000
85303  -42.070  -24.482  64.975 0.0000000000
97012  -46.194  -16.708  57.554 0.0000000000
92477  -48.302  -19.276  54.834 0.0000000000
92490  -48.402  -19.043  53.984 0.0000000000
93723  -48.342  -18.444  52.825 0.0000000000
94808  -48.586  -17.540  52.839 0.0000000000
101735  -53.744  -13.025  46.289 0.0000000000
103948  -54.419  -12.349  47.390 0.0000000000
212431  -55.342  -13.424  47.367 0.0000000000
99410  -55.098  -14.764  46.666 0.0000000000
106053  -56.323  -10.306  42.945 0.0000000000
104005  -56.449  -11.781  42.131 0.0000000000
85327  -45.550  -23.544  62.889 0.0000000000
86472  -45.969  -22.503  63.034 0.0000000000
88837  -46.371  -21.707  62.906 0.0000000000
90007  -45.934  -20.891  64.674 0.0000000000
91193  -46.069  -20.415  63.665 0.0000000000
91199  -46.709  -20.196  62.333 0.0000000000
93612  -46.320  -18.919  61.969 0.0000000000
94696  -46.211  -18.081  60.804 0.0000000000
87650  -43.644  -22.172  62.443 0.0000000000
90032  -43.866  -21.370  61.577 0.0000000000
92418  -44.116  -19.730  59.759 0.0000000000
71746  -21.095  -31.856  79.908 0.0000000000
70476  -22.816  -32.658  78.980 0.0000000000
74255  -27.384  -30.908  75.992 0.0000000000
77991  -25.771  -29.074  77.378 0.0000000000
191007  -26.512  -28.462  77.965 0.0000000000
208267  -27.930  -28.362  78.640 0.0000000000
203903  -28.531  -30.339  77.064 0.0000000000
70545  -31.812  -33.101  75.063 0.0000000000
68088  -33.009  -33.906  73.977 0.0000000000
76819  -34.939  -30.902  73.567 0.0000000000
76821  -36.155  -30.806  72.791 0.0000000000
74297  -35.997  -31.903  73.814 0.0000000000
73134  -36.209  -32.527  73.275 0.0000000000
70599  -36.734  -33.811  72.361 0.0000000000
73178  -39.902  -31.949  70.167 0.0000000000
79315  -39.877  -28.318  69.400 0.0000000000
80483  -40.669  -27.992  70.027 0.0000000000
79283  -41.349  -28.528  69.993 0.0000000000
82923  -41.667  -26.239  69.528 0.0000000000
80492  -42.132  -27.343  69.763 0.0000000000
76874  -42.036  -29.320  69.282 0.0000000000
76903  -42.766  -29.400  68.074 0.0000000000
75608  -43.019  -29.925  67.548 0.0000000000
79392  -45.544  -28.850  64.424 0.0000000000
81757  -45.923  -27.065  65.958 0.0000000000
193195  -46.024  -27.481  64.835 0.0000000000
181219  -45.471  -28.108  63.851 0.0000000000
80592  -45.511  -27.471  63.731 0.0000000000
74198  -20.191  -31.145  81.871 0.0000000000
96998  -48.211  -16.715  58.891 0.0000000000
95829  -49.432  -17.772  58.798 0.0000000000
195506  -50.148  -19.479  58.735 0.0000000000
94758  -50.837  -18.103  56.514 0.0000000000
92449  -50.753  -19.761  57.237 0.0000000000
90069  -50.946  -21.225  58.227 0.0000000000
94815  -47.222  -17.371  51.290 0.0000000000
95931  -48.199  -16.337  52.469 0.0000000000
100569  -50.466  -14.134  48.442 0.0000000000
99373  -49.232  -14.471  48.667 0.0000000000
99336  -48.237  -15.070  50.605 0.0000000000
97066  -48.358  -15.843  52.133 0.0000000000
95933  -49.129  -16.659  52.424 0.0000000000
94826  -49.211  -17.332  51.525 0.0000000000
71761  -20.073  -31.856  79.239 0.0000000000
198185  -43.594  -21.965  66.279 0.0000000000
89981  -43.725  -21.485  65.788 0.0000000000
88800  -43.548  -22.053  65.546 0.0000000000
76899  -37.646  -30.314  68.981 0.0000000000
78103  -38.305  -29.468  69.453 0.0000000000
78116  -38.516  -29.563  68.954 0.0000000000
86427  -42.910  -22.951  66.450 0.0000000000
87592  -43.371  -22.494  66.758 0.0000000000
88788  -43.675  -21.993  66.703 0.0000000000
95824  -46.342  -17.261  59.299 0.0000000000
198305  -47.021  -17.219  59.533 0.0000000000
95834  -46.431  -16.956  58.489 0.0000000000
94801  -49.089  -17.179  52.799 0.0000000000
94810  -49.529  -17.608  52.726 0.0000000000
95920  -49.216  -17.139  52.578 0.0000000000
97154  -54.450  -15.627  47.311 0.0000000000
97142  -54.200  -15.668  47.881 0.0000000000
178124  -54.071  -9.980  43.617 0.0000000000
105017  -54.940  -10.791  44.526 0.0000000000
105007  -55.164  -11.227  45.390 0.0000000000
106047  -55.298  -10.490  44.377 0.0000000000
106040  -55.802  -10.831  44.489 0.0000000000
187852  -55.667  -10.310  44.037 0.0000000000
86451  -45.978  -23.748  64.863 0.0000000000
86462  -45.985  -23.532  64.201 0.0000000000
86441  -45.992  -23.192  65.046 0.0000000000
93586  -44.241  -19.289  63.178 0.0000000000
197542  -44.681  -19.008  63.421 0.0000000000
93608  -44.272  -19.211  62.789 0.0000000000
205435  -44.752  -18.727  62.135 0.0000000000
92390  -44.555  -18.972  61.990 0.0000000000
211944  -21.703  -30.035  80.933 0.0000000000
76699  -22.589  -30.215  80.500 0.0000000000
77955  -26.084  -29.789  79.616 0.0000000000
80414  -30.597  -28.207  76.510 0.0000000000
180470  -30.305  -28.219  76.857 0.0000000000
80398  -30.380  -28.704  77.074 0.0000000000
77980  -30.464  -29.182  77.232 0.0000000000
77981  -30.966  -29.299  77.081 0.0000000000
195214  -31.161  -30.305  76.872 0.0000000000
76755  -30.991  -29.937  76.990 0.0000000000
75484  -34.732  -30.771  74.644 0.0000000000
74275  -34.380  -31.936  74.917 0.0000000000
74276  -34.687  -31.732  74.691 0.0000000000
73106  -35.027  -32.281  74.296 0.0000000000
74288  -35.224  -31.622  74.234 0.0000000000
75535  -37.784  -31.024  72.082 0.0000000000
73148  -38.164  -32.005  71.931 0.0000000000
71893  -38.861  -32.541  71.033 0.0000000000
73162  -38.717  -31.858  71.469 0.0000000000
75570  -41.143  -30.167  70.113 0.0000000000
75583  -41.046  -30.605  69.856 0.0000000000
192320  -41.297  -30.182  69.715 0.0000000000
76887  -41.703  -29.907  69.393 0.0000000000
81735  -40.854  -27.121  68.110 0.0000000000
81736  -41.257  -26.472  68.382 0.0000000000
81737  -43.602  -26.589  68.094 0.0000000000
81728  -43.314  -26.514  68.639 0.0000000000
197421  -43.774  -27.049  67.885 0.0000000000
79341  -43.753  -28.056  67.587 0.0000000000
197415  -44.199  -27.003  67.549 0.0000000000
79361  -44.867  -28.052  66.509 0.0000000000
80526  -44.638  -27.337  67.085 0.0000000000
84171  -46.048  -24.920  65.568 0.0000000000
85304  -45.949  -24.403  65.245 0.0000000000
77958  -21.075  -30.132  79.697 0.0000000000
77957  -20.424  -30.096  79.479 0.0000000000
77949  -20.921  -30.070  80.290 0.0000000000
77943  -21.249  -29.946  80.977 0.0000000000
88849  -46.664  -21.837  62.099 0.0000000000
88850  -47.064  -21.609  61.618 0.0000000000
90049  -49.570  -21.266  59.398 0.0000000000
88867  -49.300  -21.938  59.456 0.0000000000
88876  -49.782  -22.199  59.107 0.0000000000
88883  -50.254  -22.105  58.667 0.0000000000
203324  -49.472  -17.199  56.720 0.0000000000
94757  -49.241  -17.391  56.499 0.0000000000
179947  -52.056  -14.024  47.144 0.0000000000
98248  -51.247  -14.714  50.648 0.0000000000
99340  -50.911  -14.315  51.001 0.0000000000
98236  -49.927  -14.618  51.445 0.0000000000
87593  -45.216  -22.541  66.221 0.0000000000
87608  -45.221  -21.768  66.106 0.0000000000
91185  -43.967  -20.955  64.650 0.0000000000
91177  -44.051  -20.953  65.086 0.0000000000
92367  -44.308  -20.339  63.967 0.0000000000
182888  -44.284  -20.223  63.609 0.0000000000
90021  -44.240  -20.714  63.301 0.0000000000
76727  -22.177  -30.354  78.548 0.0000000000
77976  -24.869  -29.611  77.803 0.0000000000
76871  -37.376  -30.178  69.941 0.0000000000
76856  -37.903  -30.235  70.916 0.0000000000
76845  -38.138  -30.330  71.449 0.0000000000
76846  -38.722  -30.173  71.310 0.0000000000
78061  -38.623  -29.982  70.946 0.0000000000
79298  -39.398  -29.027  69.860 0.0000000000
78075  -39.655  -29.466  70.624 0.0000000000
198247  -39.818  -29.070  70.333 0.0000000000
79281  -40.286  -28.644  70.045 0.0000000000
84146  -41.975  -24.885  66.711 0.0000000000
198902  -42.122  -24.712  67.358 0.0000000000
86381  -43.236  -23.827  68.210 0.0000000000
85250  -42.948  -24.292  68.441 0.0000000000
85251  -43.134  -24.159  68.507 0.0000000000
197659  -43.720  -24.428  68.280 0.0000000000
84132  -44.413  -24.649  67.660 0.0000000000
85265  -44.222  -23.816  67.783 0.0000000000
87583  -44.408  -22.466  67.220 0.0000000000
86398  -44.393  -23.152  67.462 0.0000000000
192217  -44.977  -22.981  66.762 0.0000000000
87594  -45.547  -23.168  66.078 0.0000000000
76737  -21.844  -30.411  77.908 0.0000000000
76726  -21.449  -30.269  78.473 0.0000000000
93613  -46.837  -19.231  61.571 0.0000000000
92398  -47.269  -19.868  61.087 0.0000000000
93619  -47.367  -19.004  60.862 0.0000000000
94707  -48.211  -18.073  59.570 0.0000000000
94699  -48.275  -18.621  59.780 0.0000000000
93627  -48.765  -18.878  59.509 0.0000000000
92420  -49.131  -19.432  59.482 0.0000000000
93635  -49.185  -18.875  59.284 0.0000000000
94784  -50.232  -17.750  54.993 0.0000000000
203181  -50.388  -17.369  54.009 0.0000000000
93727  -50.614  -17.877  53.755 0.0000000000
92505  -50.765  -18.762  53.613 0.0000000000
193463  -50.969  -18.983  54.061 0.0000000000
92504  -50.337  -19.445  53.315 0.0000000000
101705  -54.190  -13.073  48.443 0.0000000000
102828  -53.742  -13.253  48.670 0.0000000000
101690  -53.869  -13.695  48.971 0.0000000000
97109  -52.650  -15.587  49.852 0.0000000000
86449  -42.494  -23.998  64.755 0.0000000000
92518  -47.599  -18.937  52.477 0.0000000000
93735  -47.926  -18.129  52.396 0.0000000000
102872  -54.026  -11.906  45.001 0.0000000000
101759  -53.696  -12.593  44.659 0.0000000000
101736  -53.881  -12.628  45.567 0.0000000000
102860  -54.097  -12.448  46.364 0.0000000000
102854  -54.282  -12.325  46.984 0.0000000000
202918  -54.443  -12.171  46.473 0.0000000000
102856  -55.579  -12.314  46.481 0.0000000000
102855  -55.451  -12.733  47.027 0.0000000000
101729  -55.534  -13.282  46.996 0.0000000000
99411  -55.248  -14.228  46.950 0.0000000000
99423  -55.564  -14.215  46.338 0.0000000000
99422  -55.136  -14.863  45.879 0.0000000000
100594  -55.871  -13.747  45.751 0.0000000000
204679  -56.466  -12.391  43.820 0.0000000000
109371  -55.563  -8.484  42.840 0.0000000000
196140  -55.907  -9.494  43.320 0.0000000000
108228  -56.159  -9.118  42.856 0.0000000000
106087  -56.575  -10.024  41.580 0.0000000000
106080  -56.493  -10.291  42.067 0.0000000000
84199  -45.170  -25.248  63.028 0.0000000000
85326  -45.119  -24.308  62.537 0.0000000000
86463  -46.008  -22.785  63.782 0.0000000000
87641  -46.066  -22.163  63.332 0.0000000000
87652  -46.252  -22.080  62.572 0.0000000000
205427  -46.306  -21.413  63.440 0.0000000000
89985  -45.491  -20.724  65.137 0.0000000000
89998  -46.044  -21.477  64.618 0.0000000000
181993  -45.326  -19.268  63.405 0.0000000000
91192  -45.693  -20.087  63.992 0.0000000000
92380  -45.993  -20.160  63.395 0.0000000000
91198  -46.319  -20.490  63.036 0.0000000000
92384  -46.166  -19.726  62.812 0.0000000000
92391  -46.492  -19.446  62.196 0.0000000000
93603  -45.984  -19.130  62.566 0.0000000000
94685  -45.149  -18.578  61.190 0.0000000000
94686  -45.649  -18.438  61.371 0.0000000000
73034  -21.147  -31.758  80.753 0.0000000000
185552  -22.221  -32.288  79.605 0.0000000000
71733  -21.913  -32.003  80.411 0.0000000000
71736  -23.345  -32.194  80.069 0.0000000000
77961  -23.693  -30.143  79.680 0.0000000000
76708  -24.349  -30.348  79.857 0.0000000000
74236  -26.624  -31.585  77.123 0.0000000000
74237  -27.030  -31.057  77.534 0.0000000000
199189  -26.842  -31.333  76.446 0.0000000000
178302  -27.415  -30.898  76.809 0.0000000000
185192  -26.154  -28.929  76.928 0.0000000000
79187  -26.284  -28.638  77.479 0.0000000000
79172  -28.297  -28.470  78.472 0.0000000000
77973  -28.331  -29.067  78.435 0.0000000000
189310  -28.644  -28.807  78.224 0.0000000000
75441  -29.707  -30.509  76.934 0.0000000000
75426  -29.179  -30.076  77.091 0.0000000000
75440  -29.318  -30.460  76.703 0.0000000000
181722  -28.792  -30.576  76.488 0.0000000000
74257  -29.129  -30.769  75.904 0.0000000000
73074  -29.880  -31.229  75.670 0.0000000000
73060  -31.704  -32.212  76.035 0.0000000000
73076  -31.086  -32.012  75.678 0.0000000000
71813  -31.419  -32.638  75.728 0.0000000000
70544  -31.720  -32.977  74.894 0.0000000000
70524  -32.145  -33.044  75.586 0.0000000000
73093  -34.032  -32.763  75.372 0.0000000000
73080  -33.506  -32.490  75.449 0.0000000000
70527  -33.752  -33.278  75.242 0.0000000000
70547  -33.028  -33.210  75.062 0.0000000000
69298  -33.431  -33.524  74.721 0.0000000000
69317  -33.921  -33.976  74.125 0.0000000000
70578  -35.036  -33.537  73.703 0.0000000000
68105  -35.055  -34.025  73.262 0.0000000000
68120  -35.307  -34.441  72.883 0.0000000000
68136  -35.652  -34.754  72.620 0.0000000000
182932  -36.112  -34.495  72.581 0.0000000000
75514  -37.059  -31.286  72.824 0.0000000000
75513  -36.538  -31.350  73.083 0.0000000000
76809  -35.830  -31.349  73.372 0.0000000000
202379  -35.892  -32.008  73.609 0.0000000000
73120  -36.359  -31.999  73.212 0.0000000000
71870  -37.267  -33.291  72.170 0.0000000000
71869  -36.848  -33.201  72.646 0.0000000000
70600  -37.162  -33.928  71.762 0.0000000000
69368  -36.683  -34.401  72.077 0.0000000000
190432  -39.339  -33.368  70.303 0.0000000000
70619  -39.059  -33.974  70.321 0.0000000000
210450  -39.471  -33.807  69.987 0.0000000000
74335  -39.825  -30.868  70.848 0.0000000000
74350  -39.762  -31.382  70.605 0.0000000000
78118  -39.402  -28.677  68.234 0.0000000000
79326  -39.692  -28.235  68.689 0.0000000000
194965  -40.651  -27.295  69.775 0.0000000000
80490  -40.487  -27.587  69.754 0.0000000000
80491  -40.866  -27.124  69.771 0.0000000000
200813  -41.113  -27.995  70.070 0.0000000000
80484  -41.103  -27.410  69.943 0.0000000000
84100  -41.976  -25.528  68.993 0.0000000000
197495  -41.701  -25.939  69.309 0.0000000000
82933  -41.895  -25.782  69.239 0.0000000000
80504  -43.081  -27.428  69.009 0.0000000000
80503  -42.662  -27.415  69.393 0.0000000000
79316  -42.724  -27.972  69.112 0.0000000000
79301  -42.255  -28.121  69.609 0.0000000000
78105  -42.336  -28.659  69.178 0.0000000000
78119  -42.374  -29.161  68.671 0.0000000000
76917  -43.736  -29.499  66.966 0.0000000000
78132  -43.303  -29.156  67.578 0.0000000000
187061  -45.345  -28.693  65.532 0.0000000000
79384  -45.744  -28.554  64.849 0.0000000000
82956  -45.206  -25.582  66.816 0.0000000000
82968  -45.377  -26.229  66.672 0.0000000000
82969  -45.799  -25.723  66.351 0.0000000000
82996  -46.021  -26.162  65.090 0.0000000000
81771  -45.999  -26.721  65.029 0.0000000000
81781  -45.890  -27.038  64.565 0.0000000000
80568  -45.875  -27.673  64.510 0.0000000000
80580  -45.678  -27.569  64.185 0.0000000000
81792  -45.708  -26.960  64.130 0.0000000000
196996  -45.572  -25.447  63.781 0.0000000000
83031  -45.313  -26.074  63.402 0.0000000000
75393  -20.939  -30.674  81.681 0.0000000000
77930  -20.289  -30.029  81.758 0.0000000000
74199  -20.801  -31.134  81.488 0.0000000000
178514  -20.458  -31.653  81.132 0.0000000000
198055  -47.931  -21.095  60.674 0.0000000000
90034  -47.833  -21.568  60.684 0.0000000000
88859  -48.002  -21.946  60.310 0.0000000000
97013  -46.639  -16.603  57.517 0.0000000000
97004  -46.953  -16.509  57.989 0.0000000000
97008  -49.614  -17.001  57.686 0.0000000000
95844  -49.597  -17.166  58.337 0.0000000000
94729  -49.914  -17.836  58.269 0.0000000000
93646  -50.082  -18.930  58.577 0.0000000000
94718  -50.182  -18.532  58.150 0.0000000000
95899  -51.088  -17.388  55.113 0.0000000000
95891  -51.017  -17.474  55.417 0.0000000000
185420  -51.081  -18.208  55.965 0.0000000000
92455  -50.795  -19.458  56.691 0.0000000000
91253  -50.851  -20.555  57.243 0.0000000000
91248  -50.979  -20.833  57.754 0.0000000000
188576  -50.810  -21.295  57.398 0.0000000000
95945  -47.542  -16.776  52.053 0.0000000000
97080  -47.757  -16.116  51.950 0.0000000000
186525  -52.119  -13.506  48.979 0.0000000000
100555  -51.177  -13.828  48.460 0.0000000000
101702  -51.429  -13.529  49.035 0.0000000000
100525  -49.593  -14.054  50.400 0.0000000000
210518  -49.985  -13.995  49.074 0.0000000000
99362  -48.890  -14.455  49.280 0.0000000000
177968  -48.699  -14.645  48.782 0.0000000000
99361  -48.364  -14.760  49.235 0.0000000000
99350  -48.119  -15.001  49.776 0.0000000000
99351  -48.622  -14.613  50.128 0.0000000000
98225  -48.962  -15.477  51.815 0.0000000000
98224  -48.615  -15.406  51.846 0.0000000000
98212  -48.770  -15.772  52.144 0.0000000000
97067  -48.650  -16.049  52.352 0.0000000000
97068  -48.923  -16.066  52.249 0.0000000000
95946  -49.221  -16.606  51.923 0.0000000000
88778  -44.330  -21.803  66.950 0.0000000000
89983  -44.443  -21.171  66.094 0.0000000000
89997  -43.906  -21.134  65.219 0.0000000000
88813  -43.670  -21.415  64.432 0.0000000000
76872  -37.924  -29.862  69.719 0.0000000000
78073  -38.443  -29.806  70.472 0.0000000000
78090  -38.517  -29.428  69.949 0.0000000000
86426  -42.599  -23.657  66.466 0.0000000000
86411  -42.805  -23.772  67.372 0.0000000000
86412  -42.966  -23.145  66.828 0.0000000000
87571  -43.736  -23.481  67.847 0.0000000000
86397  -44.018  -23.326  67.774 0.0000000000
212523  -43.764  -22.694  67.473 0.0000000000
88762  -44.046  -22.175  67.336 0.0000000000
94697  -46.836  -18.004  60.523 0.0000000000
94689  -47.045  -18.451  60.717 0.0000000000
95820  -47.223  -17.518  60.071 0.0000000000
95821  -47.703  -17.790  59.755 0.0000000000
95827  -48.054  -17.537  59.383 0.0000000000
94802  -49.959  -17.556  53.355 0.0000000000
93737  -49.984  -18.174  52.828 0.0000000000
93736  -49.606  -18.091  52.366 0.0000000000
99375  -54.504  -14.212  48.235 0.0000000000
99364  -54.172  -14.241  48.702 0.0000000000
98271  -54.361  -15.033  48.254 0.0000000000
97134  -53.666  -16.034  48.900 0.0000000000
105026  -54.180  -11.297  44.022 0.0000000000
103967  -54.537  -11.681  45.427 0.0000000000
103958  -54.663  -11.920  46.156 0.0000000000
103959  -54.924  -11.593  45.759 0.0000000000
105008  -55.592  -11.538  45.582 0.0000000000
102862  -55.882  -12.352  45.919 0.0000000000
101746  -56.155  -12.835  45.240 0.0000000000
205275  -56.292  -11.973  44.710 0.0000000000
103979  -56.405  -11.597  44.224 0.0000000000
103980  -56.439  -11.138  43.733 0.0000000000
109400  -56.233  -7.712  41.562 0.0000000000
206945  -56.426  -9.095  42.064 0.0000000000
108268  -56.474  -8.604  41.210 0.0000000000
210903  -56.547  -9.146  41.178 0.0000000000
182979  -56.347  -10.958  40.838 0.0000000000
84190  -45.708  -24.887  64.168 0.0000000000
85319  -45.794  -24.017  63.821 0.0000000000
87632  -46.072  -22.387  64.048 0.0000000000
92369  -44.896  -19.716  64.262 0.0000000000
92370  -45.264  -19.841  64.196 0.0000000000
93588  -44.919  -19.355  63.718 0.0000000000
93589  -44.903  -18.957  63.343 0.0000000000
93602  -45.467  -18.957  62.892 0.0000000000
94666  -45.500  -18.644  62.459 0.0000000000
93610  -45.119  -18.621  62.377 0.0000000000
93617  -44.722  -18.799  61.641 0.0000000000
196426  -44.799  -18.790  61.095 0.0000000000
75395  -21.824  -30.859  81.018 0.0000000000
73036  -22.136  -32.030  80.458 0.0000000000
75396  -22.390  -30.953  80.907 0.0000000000
75397  -23.071  -30.890  80.472 0.0000000000
74206  -23.336  -31.309  80.373 0.0000000000
179643  -27.713  -30.185  78.112 0.0000000000
79173  -29.149  -28.945  77.911 0.0000000000
77979  -29.753  -29.262  77.529 0.0000000000
76741  -30.239  -29.659  77.294 0.0000000000
75427  -29.973  -30.148  77.038 0.0000000000
74240  -30.320  -31.045  76.335 0.0000000000
75442  -30.419  -30.726  76.752 0.0000000000
75443  -30.960  -30.857  76.583 0.0000000000
208178  -31.973  -31.972  76.084 0.0000000000
71832  -34.461  -32.706  75.200 0.0000000000
70564  -34.114  -33.442  74.801 0.0000000000
71841  -34.525  -32.900  74.916 0.0000000000
71842  -35.016  -32.941  73.976 0.0000000000
71849  -35.563  -33.163  73.584 0.0000000000
76843  -36.874  -30.650  71.748 0.0000000000
76834  -37.207  -30.706  72.103 0.0000000000
75534  -37.339  -30.911  72.379 0.0000000000
74307  -37.192  -31.577  72.781 0.0000000000
73136  -37.379  -32.034  72.691 0.0000000000
185119  -37.785  -33.325  71.559 0.0000000000
207638  -39.191  -32.819  70.555 0.0000000000
75568  -40.639  -30.324  70.568 0.0000000000
74351  -40.365  -30.736  70.514 0.0000000000
75569  -40.912  -30.443  70.349 0.0000000000
74385  -41.892  -30.826  68.733 0.0000000000
196325  -42.138  -30.559  68.451 0.0000000000
80524  -40.352  -27.740  67.891 0.0000000000
80512  -39.995  -27.847  68.464 0.0000000000
80513  -40.433  -27.442  68.609 0.0000000000
179948  -40.916  -26.920  68.862 0.0000000000
81726  -41.003  -26.917  69.502 0.0000000000
82935  -43.016  -25.991  68.995 0.0000000000
195666  -42.559  -26.273  69.325 0.0000000000
197411  -43.468  -27.122  68.577 0.0000000000
79327  -43.169  -27.760  68.617 0.0000000000
78120  -42.898  -28.792  68.093 0.0000000000
79328  -43.297  -28.194  68.145 0.0000000000
78133  -43.876  -28.709  67.118 0.0000000000
78151  -44.216  -29.157  66.585 0.0000000000
78134  -44.508  -28.629  66.578 0.0000000000
79375  -45.371  -28.186  65.859 0.0000000000
195066  -45.927  -24.790  65.900 0.0000000000
84163  -46.039  -25.300  65.907 0.0000000000
84172  -46.135  -25.606  65.398 0.0000000000
83010  -46.041  -25.826  64.897 0.0000000000
83009  -45.874  -26.412  64.512 0.0000000000
197970  -45.954  -25.190  64.670 0.0000000000
76725  -20.286  -30.233  78.730 0.0000000000
178510  -19.913  -29.953  79.987 0.0000000000
177877  -20.062  -29.915  80.750 0.0000000000
77936  -21.022  -29.991  81.346 0.0000000000
198354  -48.920  -20.705  59.834 0.0000000000
88866  -48.583  -21.949  59.828 0.0000000000
90041  -48.948  -21.299  59.764 0.0000000000
95872  -47.345  -17.187  56.873 0.0000000000
95854  -47.866  -16.749  57.265 0.0000000000
95873  -48.753  -16.862  56.965 0.0000000000
97022  -49.204  -16.966  57.096 0.0000000000
184408  -50.083  -17.334  57.282 0.0000000000
92479  -51.177  -19.055  55.296 0.0000000000
93692  -51.221  -18.541  55.686 0.0000000000
100528  -51.657  -13.851  50.384 0.0000000000
100527  -51.222  -13.747  50.532 0.0000000000
177329  -50.791  -13.998  50.923 0.0000000000
100526  -50.225  -14.021  50.773 0.0000000000
100514  -49.745  -14.232  51.273 0.0000000000
99337  -48.729  -14.656  51.186 0.0000000000
99330  -49.358  -14.561  51.493 0.0000000000
98235  -49.369  -15.170  51.638 0.0000000000
184820  -54.230  -9.164  43.476 0.0000000000
108219  -55.168  -9.030  43.644 0.0000000000
206781  -54.470  -8.674  43.350 0.0000000000
109370  -55.202  -8.472  43.094 0.0000000000
110426  -55.083  -7.534  41.989 0.0000000000
110440  -54.990  -7.059  41.189 0.0000000000
110434  -55.263  -7.056  41.304 0.0000000000
111569  -55.964  -7.056  40.964 0.0000000000
87622  -45.886  -23.217  65.578 0.0000000000
199225  -45.892  -22.586  65.218 0.0000000000
88802  -45.746  -21.863  65.486 0.0000000000
199059  -45.374  -21.154  65.617 0.0000000000
91166  -45.148  -20.836  65.472 0.0000000000
91164  -44.482  -20.913  65.673 0.0000000000
91178  -44.607  -20.565  65.240 0.0000000000
92357  -44.881  -20.083  64.769 0.0000000000
92368  -44.543  -19.803  64.088 0.0000000000
92376  -44.323  -19.423  63.366 0.0000000000
181820  -44.224  -19.685  62.484 0.0000000000
202481  -22.183  -30.178  79.624 0.0000000000
77951  -22.888  -30.191  79.953 0.0000000000
77960  -22.750  -30.156  79.692 0.0000000000
76718  -23.316  -30.121  79.291 0.0000000000
77962  -24.761  -30.000  79.338 0.0000000000
77971  -25.051  -29.573  78.848 0.0000000000
77972  -25.816  -29.269  79.139 0.0000000000
79169  -26.299  -28.723  78.810 0.0000000000
76796  -34.589  -30.725  74.400 0.0000000000
76844  -37.553  -30.470  71.634 0.0000000000
75536  -38.208  -30.736  71.708 0.0000000000
74333  -38.771  -31.106  71.462 0.0000000000
75553  -38.811  -30.515  71.475 0.0000000000
76847  -39.401  -30.222  71.223 0.0000000000
76857  -39.872  -29.895  70.779 0.0000000000
76858  -40.594  -29.882  70.634 0.0000000000
196478  -41.024  -29.603  70.454 0.0000000000
76860  -41.293  -29.690  70.095 0.0000000000
82967  -41.694  -26.120  67.130 0.0000000000
82954  -41.379  -25.847  67.958 0.0000000000
84129  -41.722  -25.385  68.321 0.0000000000
84116  -41.956  -25.004  68.580 0.0000000000
85235  -42.481  -24.742  68.844 0.0000000000
85264  -42.588  -24.323  67.739 0.0000000000
85249  -42.752  -24.417  68.423 0.0000000000
84102  -43.089  -25.348  69.087 0.0000000000
84117  -43.297  -25.413  68.863 0.0000000000
84118  -43.705  -25.281  68.444 0.0000000000
82947  -44.095  -26.022  67.821 0.0000000000
81749  -44.457  -26.666  67.388 0.0000000000
82955  -44.590  -25.435  67.380 0.0000000000
84147  -45.037  -24.881  67.052 0.0000000000
86413  -44.864  -23.696  67.101 0.0000000000
85282  -45.261  -24.331  66.697 0.0000000000
85283  -45.692  -24.372  66.104 0.0000000000
86428  -45.773  -23.820  65.852 0.0000000000
180589  -20.865  -30.283  78.414 0.0000000000
209581  -46.873  -20.687  62.049 0.0000000000
91204  -47.021  -20.424  61.682 0.0000000000
91210  -47.483  -20.722  61.179 0.0000000000
91211  -47.921  -20.316  60.463 0.0000000000
93625  -47.676  -18.563  60.286 0.0000000000
92406  -48.287  -19.696  60.087 0.0000000000
91219  -48.631  -20.279  60.013 0.0000000000
91220  -49.056  -20.321  59.744 0.0000000000
197663  -49.312  -20.112  59.534 0.0000000000
91232  -49.759  -20.544  59.327 0.0000000000
93691  -49.312  -18.290  55.407 0.0000000000
94772  -49.808  -17.728  55.776 0.0000000000
95898  -51.093  -17.287  54.827 0.0000000000
94786  -51.065  -17.367  54.788 0.0000000000
94796  -50.399  -17.482  54.062 0.0000000000
94797  -50.915  -17.516  54.286 0.0000000000
93717  -51.326  -17.765  54.533 0.0000000000
93703  -51.265  -18.784  54.527 0.0000000000
101728  -52.781  -13.452  47.452 0.0000000000
100571  -52.226  -13.750  47.563 0.0000000000
101719  -53.082  -13.264  47.876 0.0000000000
206932  -52.752  -13.524  48.898 0.0000000000
101674  -52.757  -13.808  49.728 0.0000000000
100531  -53.629  -14.091  49.306 0.0000000000
100530  -53.028  -14.237  49.815 0.0000000000
100529  -52.287  -13.815  50.027 0.0000000000
99342  -52.232  -14.701  50.224 0.0000000000
97108  -51.885  -15.401  49.953 0.0000000000
87621  -43.239  -22.877  65.159 0.0000000000
87631  -43.298  -22.819  64.289 0.0000000000
86461  -42.980  -23.408  63.803 0.0000000000
188458  -41.417  -26.832  66.398 0.0000000000
203956  -41.836  -25.794  65.956 0.0000000000
84162  -41.890  -25.111  65.912 0.0000000000
85295  -41.955  -24.531  65.524 0.0000000000
86438  -42.220  -23.899  65.533 0.0000000000
199395  -42.731  -23.515  65.158 0.0000000000
95841  -45.341  -17.469  57.379 0.0000000000
95843  -46.021  -17.011  58.059 0.0000000000
190628  -46.224  -16.940  57.087 0.0000000000
95871  -46.509  -17.156  56.704 0.0000000000
94755  -47.760  -17.905  56.622 0.0000000000
93677  -48.006  -18.623  56.352 0.0000000000
93690  -48.401  -18.882  55.659 0.0000000000
185163  -48.912  -18.698  55.016 0.0000000000
93701  -48.991  -18.650  54.367 0.0000000000
93714  -49.120  -18.381  53.686 0.0000000000
92503  -48.466  -18.734  53.364 0.0000000000
93724  -49.047  -17.984  53.144 0.0000000000
189587  -48.631  -16.737  52.784 0.0000000000
101745  -53.571  -13.216  45.696 0.0000000000
100585  -53.226  -13.296  46.890 0.0000000000
102853  -53.828  -12.741  46.942 0.0000000000
187328  -54.034  -12.587  47.519 0.0000000000
102837  -54.510  -12.840  48.108 0.0000000000
203485  -54.720  -12.270  47.082 0.0000000000
102849  -55.102  -12.748  47.427 0.0000000000
100556  -54.816  -13.592  48.168 0.0000000000
100572  -54.907  -13.959  47.735 0.0000000000
189220  -54.906  -14.681  47.219 0.0000000000
98295  -54.269  -15.799  46.613 0.0000000000
100604  -56.161  -13.306  45.169 0.0000000000
107116  -55.631  -9.824  43.706 0.0000000000
105033  -56.262  -10.623  43.483 0.0000000000
103988  -56.477  -11.397  43.048 0.0000000000
107150  -56.439  -9.650  42.096 0.0000000000
105038  -56.435  -10.853  42.575 0.0000000000
206820  -45.837  -22.832  62.759 0.0000000000
86481  -45.818  -22.865  62.092 0.0000000000
88838  -46.689  -21.425  62.289 0.0000000000
87623  -46.061  -22.548  64.671 0.0000000000
88814  -46.083  -21.936  64.316 0.0000000000
90008  -46.181  -21.301  64.086 0.0000000000
91187  -46.051  -20.613  64.170 0.0000000000
90022  -46.459  -21.186  62.960 0.0000000000
90023  -46.682  -20.881  62.414 0.0000000000
94679  -45.884  -18.640  62.068 0.0000000000
94687  -46.069  -18.499  61.584 0.0000000000
94688  -46.542  -18.314  61.210 0.0000000000
94716  -45.508  -17.605  58.632 0.0000000000
88823  -43.496  -22.085  63.988 0.0000000000
88824  -43.722  -21.398  63.688 0.0000000000
90026  -43.894  -21.585  62.180 0.0000000000
182391  -43.972  -20.633  62.338 0.0000000000
91203  -44.096  -20.006  61.762 0.0000000000
92396  -44.248  -19.695  61.214 0.0000000000
92405  -44.374  -19.452  60.525 0.0000000000
94728  -45.297  -17.673  58.006 0.0000000000
71762  -20.902  -31.873  79.288 0.0000000000
184192  -21.493  -32.277  78.897 0.0000000000
71779  -22.170  -32.549  78.481 0.0000000000
181865  -23.168  -30.436  80.340 0.0000000000
75400  -23.492  -30.725  80.271 0.0000000000
77977  -25.377  -29.227  77.955 0.0000000000
77978  -25.958  -28.806  78.105 0.0000000000
204579  -26.775  -28.661  78.831 0.0000000000
79167  -26.979  -29.090  78.920 0.0000000000
76739  -28.837  -29.663  77.716 0.0000000000
204396  -27.889  -30.317  77.584 0.0000000000
74238  -28.308  -30.515  76.791 0.0000000000
73058  -30.578  -31.463  75.952 0.0000000000
187376  -32.058  -31.002  76.383 0.0000000000
74242  -32.009  -31.688  76.180 0.0000000000
73078  -32.456  -32.348  75.901 0.0000000000
70525  -32.443  -33.240  75.270 0.0000000000
68104  -34.276  -34.075  73.679 0.0000000000
66892  -34.229  -34.624  73.308 0.0000000000
76807  -34.724  -30.780  74.134 0.0000000000
76797  -35.060  -30.994  74.297 0.0000000000
76832  -35.965  -30.919  72.514 0.0000000000
76820  -35.580  -31.063  73.188 0.0000000000
75496  -35.382  -31.248  73.913 0.0000000000
75486  -35.443  -31.610  74.016 0.0000000000
73107  -35.517  -32.116  73.972 0.0000000000
73119  -35.752  -32.520  73.672 0.0000000000
70589  -36.103  -33.467  73.157 0.0000000000
73135  -36.833  -32.473  72.921 0.0000000000
71858  -36.427  -33.126  73.032 0.0000000000
198563  -36.052  -33.877  72.946 0.0000000000
68138  -36.387  -34.601  72.344 0.0000000000
74334  -39.318  -31.276  71.090 0.0000000000
73177  -39.368  -32.141  70.548 0.0000000000
74367  -40.365  -31.314  70.134 0.0000000000
73192  -40.469  -31.997  69.838 0.0000000000
71895  -40.035  -32.517  69.935 0.0000000000
78117  -38.953  -29.146  68.454 0.0000000000
79314  -39.591  -28.817  69.553 0.0000000000
79299  -40.044  -28.440  69.804 0.0000000000
80501  -39.872  -27.801  68.881 0.0000000000
80489  -40.350  -27.766  69.724 0.0000000000
80482  -40.263  -28.044  69.775 0.0000000000
79282  -40.846  -28.550  70.043 0.0000000000
78091  -41.552  -29.075  69.884 0.0000000000
82945  -41.536  -25.876  68.682 0.0000000000
82922  -41.484  -26.454  69.426 0.0000000000
81719  -41.272  -26.817  69.708 0.0000000000
82924  -42.078  -26.209  69.471 0.0000000000
81720  -41.927  -26.794  69.741 0.0000000000
81713  -41.588  -27.171  69.929 0.0000000000
80485  -41.670  -27.841  70.022 0.0000000000
78092  -41.991  -28.902  69.590 0.0000000000
76873  -41.696  -29.499  69.672 0.0000000000
76888  -42.007  -29.696  68.964 0.0000000000
76902  -42.306  -29.917  68.361 0.0000000000
81750  -45.068  -26.765  66.936 0.0000000000
80541  -45.833  -27.743  65.623 0.0000000000
81765  -46.090  -26.562  65.584 0.0000000000
185489  -46.050  -27.278  65.309 0.0000000000
80557  -46.069  -27.950  65.062 0.0000000000
81801  -45.318  -27.268  63.125 0.0000000000
83022  -45.738  -26.256  63.964 0.0000000000
81802  -45.462  -26.810  63.600 0.0000000000
209668  -20.180  -31.420  81.490 0.0000000000
71731  -20.537  -31.978  80.406 0.0000000000
200743  -46.774  -16.643  58.347 0.0000000000
96997  -47.706  -16.575  58.708 0.0000000000
95836  -48.484  -17.222  59.107 0.0000000000
205908  -48.554  -16.508  57.711 0.0000000000
95837  -49.055  -17.163  58.805 0.0000000000
95828  -48.875  -17.798  59.098 0.0000000000
94709  -49.264  -18.361  59.089 0.0000000000
92432  -49.963  -19.984  59.075 0.0000000000
91241  -50.258  -20.605  58.922 0.0000000000
95874  -49.942  -17.611  56.026 0.0000000000
95876  -50.716  -17.623  56.065 0.0000000000
95857  -50.498  -17.877  57.145 0.0000000000
93668  -50.835  -19.008  56.896 0.0000000000
93667  -50.729  -19.129  57.484 0.0000000000
92448  -50.728  -19.645  57.771 0.0000000000
91242  -50.731  -20.575  58.365 0.0000000000
90061  -50.541  -21.218  58.691 0.0000000000
94816  -47.461  -17.684  51.910 0.0000000000
94807  -47.982  -17.091  52.561 0.0000000000
100570  -51.713  -13.826  47.990 0.0000000000
182756  -51.102  -14.123  48.097 0.0000000000
99390  -49.986  -14.489  48.229 0.0000000000
100542  -50.479  -13.841  49.423 0.0000000000
209393  -49.970  -14.263  48.514 0.0000000000
99374  -49.631  -14.483  48.385 0.0000000000
98245  -47.779  -15.546  49.953 0.0000000000
98233  -47.934  -15.533  50.992 0.0000000000
98234  -48.331  -15.098  51.448 0.0000000000
97092  -47.652  -16.074  51.277 0.0000000000
95932  -48.822  -16.388  52.593 0.0000000000
94818  -49.296  -17.966  51.843 0.0000000000
93743  -48.906  -18.672  51.520 0.0000000000
66911  -35.622  -35.022  72.508 0.0000000000
68121  -35.858  -34.618  72.630 0.0000000000
69299  -33.934  -33.568  74.691 0.0000000000
69300  -33.772  -33.721  74.917 0.0000000000
69314  -31.982  -33.243  74.535 0.0000000000
69318  -34.187  -33.724  74.350 0.0000000000
69319  -34.611  -33.806  73.810 0.0000000000
69337  -35.186  -33.988  73.245 0.0000000000
69338  -35.731  -34.243  72.840 0.0000000000
69354  -36.380  -34.208  72.510 0.0000000000
70523  -31.717  -33.020  75.539 0.0000000000
70526  -33.156  -33.042  75.170 0.0000000000
70548  -33.551  -33.325  75.006 0.0000000000
70590  -36.434  -33.672  72.774 0.0000000000
71730  -19.872  -32.044  80.403 0.0000000000
71732  -20.997  -31.936  80.317 0.0000000000
71747  -21.831  -31.899  79.962 0.0000000000
71748  -22.472  -32.152  79.919 0.0000000000
71750  -23.666  -31.986  79.907 0.0000000000
71763  -22.181  -32.537  79.234 0.0000000000
71764  -22.764  -32.554  79.501 0.0000000000
71801  -31.690  -32.841  75.798 0.0000000000
71814  -31.828  -33.062  75.835 0.0000000000
71816  -33.589  -32.674  75.406 0.0000000000
71830  -34.064  -32.857  75.280 0.0000000000
71831  -34.224  -33.063  75.177 0.0000000000
71857  -36.018  -32.996  73.352 0.0000000000
73018  -19.969  -31.153  81.957 0.0000000000
73025  -21.120  -31.493  80.916 0.0000000000
73026  -21.910  -31.328  80.859 0.0000000000
73027  -22.402  -31.629  80.623 0.0000000000
73028  -23.162  -31.491  80.413 0.0000000000
73033  -20.582  -31.967  80.889 0.0000000000
73061  -32.042  -32.348  76.031 0.0000000000
73075  -30.551  -31.568  75.710 0.0000000000
73077  -31.451  -32.342  75.975 0.0000000000
73104  -29.627  -31.374  75.111 0.0000000000
74202  -20.519  -31.225  81.407 0.0000000000
74203  -21.081  -31.180  81.069 0.0000000000
74204  -21.933  -31.114  80.961 0.0000000000
74205  -22.641  -31.253  80.562 0.0000000000
74207  -23.931  -30.781  80.149 0.0000000000
74210  -23.455  -31.656  80.223 0.0000000000
74239  -29.208  -30.549  76.565 0.0000000000
74241  -30.805  -31.122  76.360 0.0000000000
74306  -37.043  -32.100  72.989 0.0000000000
74352  -40.746  -30.844  70.134 0.0000000000
75392  -20.542  -30.615  81.872 0.0000000000
75439  -27.717  -30.596  77.295 0.0000000000
75444  -31.550  -30.675  76.430 0.0000000000
75445  -32.197  -31.066  76.232 0.0000000000
75473  -34.546  -31.372  74.785 0.0000000000
75485  -35.198  -31.321  74.357 0.0000000000
75497  -35.862  -31.741  73.500 0.0000000000
75515  -37.409  -31.324  72.525 0.0000000000
75533  -35.560  -30.950  72.193 0.0000000000
76685  -20.191  -30.334  81.973 0.0000000000
76686  -20.769  -30.265  81.877 0.0000000000
76687  -21.278  -30.343  81.466 0.0000000000
76691  -20.892  -29.956  81.512 0.0000000000
76698  -22.228  -29.988  80.906 0.0000000000
76732  -28.624  -29.310  78.032 0.0000000000
76742  -30.807  -29.712  77.145 0.0000000000
76808  -35.071  -30.898  73.797 0.0000000000
76822  -36.918  -30.901  72.667 0.0000000000
77944  -22.146  -30.028  80.329 0.0000000000
77945  -23.114  -30.149  80.012 0.0000000000
77952  -23.623  -30.234  79.878 0.0000000000
77959  -21.682  -30.202  79.949 0.0000000000
77963  -25.359  -29.732  79.359 0.0000000000
77974  -28.745  -29.038  78.083 0.0000000000
77975  -29.120  -29.296  77.815 0.0000000000
78078  -41.103  -29.152  70.109 0.0000000000
79189  -30.780  -28.536  76.763 0.0000000000
79300  -41.800  -28.514  69.860 0.0000000000
79325  -39.446  -28.780  68.950 0.0000000000
80397  -29.843  -28.371  77.165 0.0000000000
80413  -29.838  -28.028  76.944 0.0000000000
80525  -44.062  -27.475  67.550 0.0000000000
81684  -30.195  -27.807  76.080 0.0000000000
81721  -42.400  -26.748  69.565 0.0000000000
81756  -41.471  -26.628  66.837 0.0000000000
82932  -41.669  -25.899  69.199 0.0000000000
82934  -42.396  -25.766  69.181 0.0000000000
82984  -46.092  -25.927  65.805 0.0000000000
84145  -41.826  -25.337  67.427 0.0000000000
85236  -42.864  -24.840  68.958 0.0000000000
85281  -42.334  -24.265  66.954 0.0000000000
85311  -42.242  -24.515  64.292 0.0000000000
86396  -43.084  -23.617  67.652 0.0000000000
87570  -43.413  -23.534  67.777 0.0000000000
87581  -43.627  -22.867  67.406 0.0000000000
88760  -43.588  -22.228  66.925 0.0000000000
88761  -43.775  -22.185  67.212 0.0000000000
88776  -43.852  -21.820  66.855 0.0000000000
88777  -44.024  -21.688  66.995 0.0000000000
88790  -44.676  -21.524  66.542 0.0000000000
88812  -43.534  -22.110  64.755 0.0000000000
88836  -43.864  -21.440  62.872 0.0000000000
88895  -50.853  -21.855  57.802 0.0000000000
89969  -44.112  -21.489  66.521 0.0000000000
89970  -44.350  -21.404  66.564 0.0000000000
90015  -46.313  -20.919  63.604 0.0000000000
90040  -48.297  -21.489  60.239 0.0000000000
91165  -44.704  -20.781  65.718 0.0000000000
91179  -44.829  -20.411  65.218 0.0000000000
91186  -45.506  -20.341  64.588 0.0000000000
91254  -50.630  -20.051  56.750 0.0000000000
91270  -50.520  -20.082  56.277 0.0000000000
92358  -45.095  -20.214  64.713 0.0000000000
92377  -44.450  -19.659  63.719 0.0000000000
92378  -45.148  -19.473  63.776 0.0000000000
92382  -44.249  -19.350  62.965 0.0000000000
92442  -50.589  -19.857  58.240 0.0000000000
92478  -50.884  -19.508  54.924 0.0000000000
93600  -44.399  -19.041  63.112 0.0000000000
93609  -44.600  -18.841  62.603 0.0000000000
93611  -45.883  -18.762  62.286 0.0000000000
93624  -44.714  -18.955  60.563 0.0000000000
93626  -48.012  -19.069  60.211 0.0000000000
93636  -49.588  -19.422  59.144 0.0000000000
93645  -49.686  -18.915  58.978 0.0000000000
93659  -50.478  -19.195  58.100 0.0000000000
94677  -45.170  -18.643  61.817 0.0000000000
94680  -46.211  -18.630  61.770 0.0000000000
94708  -48.719  -18.345  59.376 0.0000000000
94717  -49.814  -18.399  58.743 0.0000000000
94741  -50.724  -18.382  57.074 0.0000000000
94742  -50.920  -18.367  56.458 0.0000000000
94759  -51.035  -18.103  56.062 0.0000000000
94773  -50.707  -17.516  55.302 0.0000000000
94774  -51.250  -17.732  55.457 0.0000000000
94787  -51.294  -17.495  54.976 0.0000000000
95826  -47.532  -17.289  59.511 0.0000000000
95835  -46.861  -16.932  58.856 0.0000000000
95842  -45.671  -17.249  57.978 0.0000000000
95845  -49.935  -17.370  57.810 0.0000000000
95855  -48.537  -16.640  57.319 0.0000000000
95856  -50.330  -17.303  56.694 0.0000000000
95875  -50.600  -17.470  56.047 0.0000000000
95877  -51.034  -17.556  55.505 0.0000000000
96008  -53.354  -16.904  48.290 0.0000000000
96993  -47.909  -16.982  59.168 0.0000000000
96996  -47.155  -16.504  58.540 0.0000000000
96999  -48.637  -16.763  58.750 0.0000000000
97003  -46.490  -16.665  57.950 0.0000000000
97005  -47.505  -16.393  58.102 0.0000000000
97006  -48.217  -16.483  58.285 0.0000000000
97007  -49.007  -16.725  58.169 0.0000000000
97017  -49.690  -17.123  57.149 0.0000000000
97141  -53.883  -15.928  48.420 0.0000000000
97153  -54.022  -16.046  47.224 0.0000000000
98223  -48.084  -15.634  51.661 0.0000000000
98226  -49.424  -14.855  51.536 0.0000000000
98238  -52.018  -15.127  50.109 0.0000000000
98249  -52.712  -15.257  49.990 0.0000000000
98262  -54.062  -14.898  48.883 0.0000000000
98270  -54.015  -15.522  48.727 0.0000000000
98296  -54.765  -15.290  46.986 0.0000000000
99331  -49.871  -14.466  51.514 0.0000000000
99338  -49.175  -14.338  50.879 0.0000000000
99363  -53.893  -14.402  49.151 0.0000000000
99372  -48.297  -14.941  48.643 0.0000000000
99389  -49.244  -14.748  48.216 0.0000000000
99392  -54.711  -14.540  47.717 0.0000000000
99393  -54.989  -14.226  47.352 0.0000000000
99408  -51.893  -14.322  46.985 0.0000000000
100515  -50.231  -14.276  51.351 0.0000000000
100516  -51.283  -14.098  50.710 0.0000000000
100517  -51.861  -14.226  50.430 0.0000000000
100518  -52.464  -14.397  50.163 0.0000000000
100540  -49.470  -14.087  49.322 0.0000000000
100541  -50.063  -13.899  49.868 0.0000000000
100543  -54.029  -13.870  48.877 0.0000000000
100544  -54.434  -13.718  48.568 0.0000000000
100553  -49.749  -14.197  48.694 0.0000000000
100554  -50.764  -13.788  48.941 0.0000000000
100557  -54.867  -13.072  47.865 0.0000000000
100573  -55.305  -13.785  47.283 0.0000000000
100583  -51.631  -14.093  47.596 0.0000000000
100586  -55.576  -13.755  46.749 0.0000000000
100593  -53.313  -13.558  46.161 0.0000000000
100602  -53.266  -13.661  45.455 0.0000000000
100603  -55.933  -13.847  44.965 0.0000000000
101671  -51.152  -13.518  49.830 0.0000000000
101673  -52.070  -13.700  50.033 0.0000000000
101687  -51.802  -13.481  49.688 0.0000000000
101688  -52.483  -13.568  49.502 0.0000000000
101689  -53.212  -13.595  49.099 0.0000000000
101691  -54.234  -13.466  48.655 0.0000000000
101703  -52.558  -13.505  48.350 0.0000000000
101704  -53.232  -13.324  48.514 0.0000000000
101718  -52.346  -13.606  47.865 0.0000000000
101720  -55.259  -13.116  47.427 0.0000000000
101730  -55.725  -12.810  46.479 0.0000000000
101738  -55.905  -12.826  45.863 0.0000000000
102847  -54.300  -12.621  47.929 0.0000000000
102848  -54.703  -12.555  47.601 0.0000000000
102873  -56.178  -12.369  45.303 0.0000000000
102882  -56.454  -12.004  44.076 0.0000000000
103949  -55.149  -12.320  46.976 0.0000000000
103952  -54.597  -12.189  46.798 0.0000000000
103953  -54.965  -11.861  46.512 0.0000000000
103969  -56.215  -11.534  44.777 0.0000000000
103978  -54.090  -11.389  44.194 0.0000000000
103987  -56.523  -11.752  43.543 0.0000000000
105016  -54.638  -10.848  44.266 0.0000000000
105018  -55.467  -10.998  44.963 0.0000000000
105027  -56.240  -11.136  44.432 0.0000000000
105034  -56.379  -10.875  43.148 0.0000000000
105053  -56.451  -11.173  42.105 0.0000000000
105063  -56.518  -10.768  41.658 0.0000000000
105070  -56.492  -10.700  41.256 0.0000000000
106039  -54.587  -10.193  43.819 0.0000000000
106052  -56.048  -10.122  43.517 0.0000000000
106065  -56.432  -10.186  42.425 0.0000000000
107113  -54.455  -9.595  43.717 0.0000000000
107114  -54.716  -9.673  43.770 0.0000000000
107115  -55.206  -9.819  43.972 0.0000000000
107119  -56.216  -9.689  42.959 0.0000000000
107132  -56.346  -9.352  42.486 0.0000000000
108218  -54.605  -9.147  43.589 0.0000000000
108220  -55.455  -9.320  43.592 0.0000000000
108225  -54.729  -8.756  43.386 0.0000000000
108227  -55.755  -8.954  43.142 0.0000000000
108247  -56.040  -8.600  42.634 0.0000000000
108248  -56.348  -8.796  42.362 0.0000000000
108262  -56.422  -8.533  41.757 0.0000000000
109369  -54.341  -8.274  42.974 0.0000000000
109390  -54.402  -7.826  42.441 0.0000000000
109391  -54.650  -7.956  42.441 0.0000000000
109392  -55.272  -8.033  42.344 0.0000000000
109393  -56.145  -8.264  42.051 0.0000000000
109405  -56.427  -8.114  41.257 0.0000000000
110425  -54.775  -7.703  41.934 0.0000000000
110427  -55.568  -7.559  41.774 0.0000000000
110428  -55.978  -7.703  41.833 0.0000000000
110432  -54.731  -7.529  41.589 0.0000000000
110433  -54.990  -7.197  41.413 0.0000000000
110435  -55.704  -7.205  41.330 0.0000000000
111568  -55.418  -6.800  41.040 0.0000000000
111573  -54.947  -6.797  40.902 0.0000000000
111575  -55.367  -6.521  40.866 0.0000000000
176764  -56.551  -10.170  40.781 0.0000000000
177455  -31.524  -31.140  76.371 0.0000000000
178058  -54.794  -7.240  41.025 0.0000000000
178525  -54.205  -8.376  43.083 0.0000000000
179838  -56.630  -9.640  41.170 0.0000000000
180993  -34.718  -32.519  74.613 0.0000000000
181262  -56.531  -9.116  41.648 0.0000000000
182705  -56.357  -9.830  42.564 0.0000000000
182982  -54.446  -11.339  44.668 0.0000000000
183170  -50.517  -18.661  57.666 0.0000000000
183450  -21.725  -31.980  79.401 0.0000000000
184254  -31.444  -31.465  76.183 0.0000000000
184391  -19.990  -31.954  81.207 0.0000000000
184837  -50.183  -14.040  48.756 0.0000000000
185856  -32.812  -33.425  74.795 0.0000000000
186222  -52.918  -13.751  46.601 0.0000000000
186617  -50.773  -19.551  54.366 0.0000000000
187037  -45.623  -28.181  64.288 0.0000000000
188959  -45.833  -21.302  65.107 0.0000000000
189426  -56.327  -12.900  44.653 0.0000000000
193415  -22.166  -30.222  79.980 0.0000000000
193950  -45.816  -26.360  66.152 0.0000000000
195125  -53.427  -13.005  47.472 0.0000000000
195139  -43.856  -21.078  64.732 0.0000000000
195982  -50.826  -20.227  57.746 0.0000000000
197170  -21.383  -31.179  81.034 0.0000000000
197383  -50.372  -20.081  58.710 0.0000000000
197604  -47.871  -18.238  59.901 0.0000000000
197616  -50.723  -21.817  58.419 0.0000000000
198198  -49.900  -21.748  59.100 0.0000000000
198202  -50.304  -21.670  58.798 0.0000000000
198625  -48.878  -19.820  59.785 0.0000000000
199354  -22.155  -30.526  77.432 0.0000000000
199512  -55.221  -11.574  45.959 0.0000000000
200527  -55.117  -13.490  47.669 0.0000000000
201239  -55.947  -13.252  45.831 0.0000000000
203867  -55.752  -11.943  45.961 0.0000000000
204976  -27.727  -28.863  78.724 0.0000000000
205029  -43.081  -23.917  68.204 0.0000000000
205145  -56.071  -11.804  45.384 0.0000000000
205519  -37.409  -30.224  70.491 0.0000000000
206551  -45.557  -26.757  66.490 0.0000000000
207600  -44.298  -19.334  62.545 0.0000000000
208469  -54.134  -15.541  48.336 0.0000000000
211044  -55.788  -13.653  46.284 0.0000000000
212134  -54.240  -14.577  48.502 0.0000000000
