#!ascii label  , from subject sub-04_ses-004 vox2ras=TkReg
693
211240  -20.434  -67.455  -1.390 0.6999999881
27280  -21.361  -66.694  -1.049 0.6000000238
203437  -21.143  -66.611  -1.906 0.6000000238
27323  -21.885  -66.012  -2.814 0.4000000060
24249  -19.829  -68.406  5.006 0.6999999881
26240  -19.822  -66.726  5.281 0.6999999881
24260  -19.710  -68.477  4.415 0.6999999881
26255  -19.563  -66.709  4.588 0.6000000238
24269  -19.601  -68.613  3.666 0.6999999881
204517  -19.806  -67.678  4.201 0.6000000238
25253  -19.944  -67.982  3.376 0.6000000238
25243  -19.777  -67.464  3.738 0.6000000238
24294  -19.984  -68.628  2.271 0.6000000238
190366  -20.165  -67.398  3.059 0.6000000238
26289  -20.204  -66.793  2.869 0.5000000000
212911  -20.656  -67.591  1.855 0.5000000000
26290  -20.738  -66.683  2.466 0.5000000000
26302  -21.169  -66.709  1.916 0.6000000238
189890  -20.968  -67.374  0.000 0.6000000238
26317  -21.447  -66.743  1.214 0.6000000238
26329  -21.679  -66.677  0.520 0.6000000238
27281  -21.859  -66.362  -0.279 0.6000000238
26241  -20.122  -66.723  5.989 0.6000000238
27205  -19.447  -65.568  4.941 0.6000000238
212459  -19.601  -66.213  4.919 0.6000000238
27217  -19.333  -66.056  4.222 0.6000000238
28164  -19.116  -65.563  3.675 0.6000000238
27230  -19.195  -66.270  3.376 0.6000000238
26278  -19.617  -66.807  3.287 0.6000000238
201297  -19.652  -65.806  2.898 0.6000000238
28175  -20.088  -65.467  2.639 0.6000000238
25265  -20.809  -67.157  2.159 0.6000000238
28176  -20.939  -65.570  2.637 0.6999999881
27252  -21.437  -65.687  2.147 0.6000000238
27261  -21.596  -66.153  1.688 0.6000000238
191476  -21.765  -66.209  -1.287 0.5000000000
27294  -22.047  -65.727  -1.757 0.5000000000
27206  -19.964  -65.506  5.621 0.6000000238
185346  -19.664  -64.948  5.183 0.6000000238
28140  -19.035  -64.862  4.578 0.6000000238
28153  -19.120  -65.382  4.293 0.6000000238
29091  -18.656  -64.408  4.035 0.6000000238
28152  -18.800  -64.958  3.942 0.6000000238
28163  -18.912  -65.006  3.284 0.6000000238
184270  -19.242  -65.750  3.156 0.6000000238
28173  -19.063  -64.716  2.694 0.6000000238
29116  -19.750  -64.847  2.481 0.6999999881
27262  -22.029  -65.853  1.130 0.6000000238
28190  -22.344  -65.157  1.147 0.6000000238
28214  -22.435  -65.347  -2.137 0.4000000060
28132  -20.828  -64.889  6.204 0.6000000238
180484  -20.426  -65.397  6.071 0.6000000238
29080  -20.091  -64.312  5.302 0.6000000238
29092  -19.075  -64.158  4.399 0.6000000238
30067  -18.515  -63.763  4.001 0.5000000000
29103  -18.367  -64.113  3.674 0.6000000238
29115  -18.504  -64.491  2.965 0.6999999881
29125  -20.122  -64.303  2.275 0.6000000238
28182  -20.611  -64.955  2.450 0.6000000238
28183  -21.450  -65.086  2.183 0.6000000238
28184  -22.029  -64.931  1.794 0.6000000238
28191  -22.683  -64.649  0.872 0.6000000238
28196  -22.245  -65.673  0.220 0.6000000238
189275  -22.488  -65.304  -1.303 0.4000000060
28206  -22.513  -65.318  -0.500 0.5000000000
28122  -20.934  -64.979  6.928 0.5000000000
29069  -20.978  -64.201  6.047 0.6000000238
29068  -20.618  -64.472  5.745 0.6000000238
30050  -20.295  -63.557  5.172 0.6000000238
30049  -19.633  -63.846  4.827 0.5000000000
30069  -19.867  -63.172  4.680 0.5000000000
30068  -19.201  -63.481  4.342 0.5000000000
31121  -18.359  -62.847  3.405 0.6000000238
32140  -17.861  -62.659  2.802 0.6000000238
31120  -17.845  -63.297  3.056 0.6999999881
30114  -18.122  -63.891  1.991 0.6999999881
29123  -18.577  -64.343  2.342 0.6999999881
30131  -19.044  -63.465  1.220 0.6000000238
29124  -19.313  -64.352  2.224 0.6999999881
30116  -19.591  -63.872  1.821 0.6000000238
30132  -19.889  -63.418  1.445 0.6000000238
29126  -20.980  -64.377  2.196 0.6000000238
30118  -21.213  -63.853  1.870 0.6000000238
30119  -21.917  -63.882  1.754 0.6000000238
29142  -23.066  -64.560  0.260 0.5000000000
29148  -22.940  -64.870  -0.717 0.4000000060
212706  -21.252  -63.879  6.394 0.6000000238
30031  -21.154  -63.629  5.894 0.6000000238
30051  -20.975  -63.318  5.394 0.5000000000
31086  -20.536  -62.878  5.017 0.6000000238
201469  -20.080  -62.519  4.559 0.5000000000
31105  -19.352  -62.746  4.317 0.6000000238
32143  -20.075  -61.726  3.677 0.5000000000
31122  -18.914  -62.291  3.843 0.6000000238
32142  -19.263  -61.662  3.733 0.5000000000
32141  -18.520  -62.235  3.079 0.5000000000
33272  -17.505  -61.691  1.856 0.5000000000
31134  -17.466  -62.985  2.536 0.6000000238
33288  -17.362  -60.979  0.935 0.5000000000
32168  -17.451  -62.135  1.576 0.5000000000
31149  -17.676  -63.296  1.752 0.6000000238
33298  -17.407  -60.990  0.877 0.4000000060
30130  -18.223  -63.475  1.346 0.6999999881
208439  -18.251  -61.519  0.437 0.4000000060
31173  -18.958  -62.435  0.523 0.5000000000
201735  -19.540  -63.194  1.130 0.6000000238
32191  -20.090  -61.887  0.396 0.5000000000
198571  -20.714  -62.639  1.363 0.6000000238
203889  -20.715  -61.834  0.771 0.5000000000
31150  -21.439  -63.436  1.718 0.6000000238
29143  -23.491  -64.117  0.463 0.5000000000
32178  -21.214  -62.195  1.180 0.6000000238
31151  -22.044  -63.248  1.738 0.6000000238
29134  -22.956  -64.113  1.070 0.6000000238
31072  -21.462  -63.059  5.793 0.5000000000
31106  -20.851  -62.324  4.724 0.5000000000
33239  -20.729  -61.534  3.966 0.4000000060
33254  -19.667  -61.198  3.327 0.4000000060
33253  -19.042  -61.340  3.132 0.5000000000
33273  -17.922  -61.321  2.181 0.5000000000
34435  -18.778  -60.398  2.170 0.5000000000
34482  -18.775  -60.131  0.008 0.4000000060
34467  -18.263  -60.479  0.441 0.4000000060
34468  -18.879  -60.806  0.002 0.4000000060
33311  -19.465  -60.615  -0.284 0.5000000000
32190  -19.244  -61.864  0.084 0.5000000000
33312  -19.929  -60.697  -0.272 0.5000000000
33301  -19.872  -61.385  -0.129 0.5000000000
33302  -20.601  -61.386  0.390 0.5000000000
31167  -23.404  -62.449  0.995 0.5000000000
30136  -23.426  -63.186  0.944 0.5000000000
31165  -22.020  -62.606  1.409 0.6000000238
30135  -22.984  -63.440  1.259 0.5000000000
33275  -19.329  -60.853  2.679 0.4000000060
34449  -19.037  -59.618  1.973 0.5000000000
34448  -18.195  -60.071  1.705 0.5000000000
35619  -18.598  -59.430  0.995 0.5000000000
34483  -19.327  -60.182  -0.366 0.4000000060
34485  -20.603  -60.407  -0.652 0.5000000000
32180  -22.960  -61.632  1.281 0.5000000000
34496  -20.812  -59.935  -1.132 0.5000000000
33303  -21.214  -60.985  0.356 0.5000000000
32179  -22.062  -61.812  1.143 0.5000000000
35611  -18.932  -59.015  1.729 0.4000000060
192684  -18.462  -59.944  0.511 0.4000000060
37903  -18.952  -58.197  0.927 0.4000000060
211229  -19.420  -58.180  -0.376 0.4000000060
36768  -18.855  -58.985  0.031 0.4000000060
210099  -20.024  -59.126  -0.840 0.4000000060
36770  -20.023  -58.484  -0.680 0.4000000060
36780  -20.601  -58.929  -1.099 0.5000000000
33292  -23.473  -61.097  1.144 0.4000000060
32181  -23.754  -61.748  1.040 0.4000000060
34469  -21.196  -60.528  -0.240 0.5000000000
34457  -22.437  -60.566  0.907 0.5000000000
188725  -21.181  -60.178  -0.787 0.5000000000
34470  -21.835  -60.641  0.293 0.5000000000
33290  -21.863  -61.062  0.823 0.5000000000
38999  -20.048  -56.960  -0.699 0.4000000060
37935  -20.509  -58.131  -1.079 0.4000000060
34471  -22.930  -60.268  0.431 0.4000000060
190392  -22.368  -60.399  0.192 0.5000000000
35652  -21.281  -59.199  -1.198 0.5000000000
34486  -21.862  -60.193  -0.406 0.5000000000
180357  -20.825  -57.060  -0.865 0.4000000060
35640  -22.985  -59.641  -0.731 0.4000000060
35641  -23.689  -59.589  -0.601 0.3000000119
36781  -21.194  -58.464  -1.358 0.5000000000
35638  -21.576  -59.754  -0.956 0.5000000000
35639  -22.283  -59.712  -0.846 0.5000000000
41128  -20.704  -55.865  -0.721 0.4000000060
35654  -22.707  -59.321  -1.297 0.3000000119
35655  -23.384  -59.371  -1.316 0.3000000119
181962  -21.098  -57.752  -1.175 0.4000000060
37936  -21.913  -58.068  -1.457 0.4000000060
36782  -21.869  -58.678  -1.472 0.5000000000
36797  -22.333  -58.435  -1.759 0.5000000000
42237  -21.657  -54.820  -0.985 0.4000000060
36799  -23.474  -58.597  -2.267 0.3000000119
197056  -24.162  -58.701  -2.470 0.3000000119
40066  -21.190  -56.471  -0.842 0.4000000060
39016  -23.012  -57.601  -1.865 0.4000000060
40067  -21.889  -56.344  -1.123 0.4000000060
37937  -22.506  -57.471  -1.419 0.4000000060
37947  -23.249  -58.108  -2.198 0.3000000119
37948  -23.975  -58.205  -2.610 0.4000000060
40092  -24.668  -57.107  -2.441 0.4000000060
37956  -24.579  -58.116  -2.931 0.4000000060
41139  -22.013  -55.565  -1.145 0.4000000060
40078  -22.925  -56.836  -1.741 0.5000000000
39017  -23.581  -57.385  -2.159 0.4000000060
41140  -22.805  -55.519  -1.424 0.5000000000
181690  -22.315  -56.786  -1.387 0.5000000000
40069  -23.022  -56.111  -1.689 0.5000000000
40079  -23.530  -56.439  -1.851 0.4000000060
41151  -24.133  -55.871  -1.786 0.4000000060
40081  -24.756  -56.392  -2.132 0.4000000060
39023  -24.850  -57.660  -2.977 0.3000000119
196316  -22.040  -54.181  -1.054 0.5000000000
42238  -22.456  -54.849  -1.270 0.5000000000
43350  -24.581  -54.333  -1.446 0.4000000060
43351  -25.231  -54.199  -1.695 0.3000000119
44437  -22.423  -52.906  -1.268 0.5000000000
42248  -24.348  -55.040  -1.685 0.4000000060
41152  -24.840  -55.587  -1.905 0.4000000060
189311  -25.397  -55.337  -1.952 0.4000000060
41154  -26.013  -55.423  -2.119 0.3000000119
43340  -22.289  -53.521  -1.109 0.5000000000
42239  -23.207  -54.846  -1.566 0.5000000000
42247  -23.781  -55.170  -1.621 0.5000000000
194025  -22.875  -53.402  -1.387 0.5000000000
44446  -24.717  -53.552  -1.672 0.4000000060
196260  -25.450  -53.574  -1.778 0.4000000060
190642  -22.083  -51.659  -1.415 0.5000000000
43352  -25.880  -54.137  -1.933 0.3000000119
44438  -22.926  -52.884  -1.492 0.5000000000
45584  -23.384  -52.560  -1.555 0.5000000000
190832  -23.974  -53.190  -1.470 0.5000000000
43349  -23.840  -54.470  -1.472 0.5000000000
190446  -23.489  -53.776  -1.420 0.5000000000
45593  -25.360  -52.607  -1.479 0.4000000060
47965  -22.012  -50.892  -1.607 0.5000000000
205537  -23.688  -50.940  -1.791 0.5000000000
45594  -25.836  -52.396  -1.569 0.3000000119
196680  -26.205  -53.500  -1.907 0.3000000119
47966  -22.608  -50.589  -1.867 0.5000000000
198459  -23.188  -50.830  -1.975 0.5000000000
47967  -23.401  -51.364  -1.753 0.5000000000
25310  -21.028  -67.135  -0.653 0.6000000238
26357  -21.153  -66.509  -2.578 0.5000000000
25254  -20.480  -67.559  2.427 0.6000000238
29114  -18.171  -64.135  3.227 0.6999999881
212813  -17.743  -63.726  2.364 0.6999999881
30134  -22.520  -63.673  1.625 0.6000000238
30115  -18.760  -63.965  1.781 0.6999999881
32189  -18.452  -62.028  0.561 0.5000000000
30133  -20.699  -63.238  1.603 0.6000000238
34434  -17.999  -60.707  1.847 0.5000000000
34456  -18.132  -60.121  1.064 0.5000000000
32175  -17.730  -62.410  0.843 0.4000000060
33289  -21.271  -61.520  0.811 0.5000000000
185056  -22.690  -62.417  1.242 0.5000000000
36769  -19.431  -58.905  -0.401 0.4000000060
34484  -20.026  -60.134  -0.618 0.5000000000
37913  -18.779  -58.533  0.428 0.4000000060
36798  -22.864  -58.493  -1.972 0.4000000060
40080  -24.171  -56.804  -2.102 0.4000000060
41153  -25.454  -56.054  -2.247 0.3000000119
181957  -22.720  -51.219  -1.818 0.5000000000
46796  -23.757  -51.925  -1.470 0.5000000000
15830  -18.914  -75.533  -3.480 0.5000000000
17660  -19.155  -74.208  -1.103 0.5000000000
16739  -19.011  -74.887  -2.299 0.5000000000
17632  -20.543  -73.826  0.149 0.5000000000
187498  -19.947  -73.797  0.336 0.5000000000
17641  -19.001  -74.114  -0.338 0.4000000060
193982  -18.761  -74.185  -4.431 0.5000000000
16740  -19.364  -74.504  -2.556 0.6000000238
16755  -19.385  -74.441  -3.280 0.6000000238
203690  -20.055  -73.667  -1.048 0.5000000000
17661  -19.705  -73.925  -1.420 0.5000000000
18580  -21.867  -73.184  0.036 0.4000000060
19553  -16.792  -72.683  -1.728 0.6999999881
18632  -16.894  -72.865  -2.524 0.6999999881
18672  -18.190  -73.438  -4.361 0.6999999881
18663  -19.324  -73.196  -3.764 0.5000000000
18673  -18.647  -73.114  -4.143 0.6999999881
18616  -20.668  -73.330  -1.560 0.5000000000
18633  -20.422  -73.138  -2.193 0.5000000000
17688  -19.896  -73.537  -2.613 0.5000000000
196899  -21.776  -72.292  -1.035 0.5000000000
18597  -21.373  -73.481  -0.287 0.5000000000
19494  -16.353  -72.307  1.289 0.5000000000
188396  -16.348  -72.450  0.655 0.6999999881
20477  -16.952  -71.798  0.406 0.6999999881
19525  -16.608  -72.401  -0.477 0.6999999881
19526  -16.953  -72.140  -0.795 0.6999999881
19579  -17.557  -72.657  -3.595 0.6000000238
19597  -19.068  -72.760  -3.783 0.6999999881
20538  -18.308  -71.805  -3.498 0.6000000238
18651  -20.625  -72.495  -2.543 0.5000000000
19567  -20.292  -72.333  -3.401 0.6000000238
18664  -19.759  -72.670  -3.618 0.6000000238
19543  -21.337  -72.641  -1.407 0.5000000000
21489  -22.001  -70.923  -1.222 0.5000000000
19478  -16.347  -72.103  2.040 0.5000000000
188491  -16.797  -71.846  1.463 0.6999999881
19542  -16.976  -72.075  -1.469 0.6999999881
186805  -17.575  -71.262  -0.185 0.6999999881
21454  -17.411  -71.413  0.435 0.6999999881
20537  -17.745  -72.019  -3.305 0.8000000119
21501  -17.606  -71.041  -2.573 0.6999999881
193259  -19.386  -71.499  -3.728 0.6000000238
21521  -18.336  -70.988  -3.414 0.6999999881
20541  -20.329  -71.803  -3.461 0.6999999881
20540  -19.948  -71.914  -3.717 0.6000000238
180026  -21.657  -71.217  -1.850 0.6000000238
177986  -21.039  -71.977  -2.509 0.6000000238
184844  -21.870  -70.252  -2.301 0.6000000238
19438  -16.198  -71.854  3.601 0.5000000000
21382  -17.638  -71.351  3.816 0.6000000238
20423  -16.510  -71.858  2.898 0.5000000000
20424  -17.279  -71.506  2.947 0.6000000238
20425  -17.693  -71.157  2.482 0.6000000238
21424  -17.633  -71.180  1.803 0.6999999881
22402  -18.274  -70.523  0.867 0.6999999881
22390  -18.466  -70.418  1.636 0.6000000238
21471  -17.551  -71.061  -0.881 0.6999999881
22420  -18.212  -70.311  0.040 0.6999999881
21512  -17.984  -70.598  -3.000 0.6999999881
188893  -20.190  -70.773  -3.432 0.6999999881
21513  -21.097  -70.757  -3.057 0.6999999881
21524  -20.879  -70.433  -3.508 0.6999999881
20388  -17.093  -71.384  4.355 0.5000000000
21383  -18.160  -70.938  3.761 0.6000000238
21408  -18.199  -70.730  2.706 0.6000000238
21425  -18.101  -70.780  2.079 0.6000000238
197469  -17.850  -70.389  -1.102 0.8000000119
23390  -19.032  -69.521  0.060 0.5000000000
22391  -18.776  -69.978  1.165 0.6000000238
191326  -18.199  -70.061  -2.796 0.6999999881
23419  -18.421  -69.012  -1.410 0.6999999881
23437  -19.488  -69.188  -3.402 0.6999999881
202401  -19.091  -68.699  -3.146 0.6999999881
22456  -21.837  -69.715  -3.227 0.5000000000
22465  -21.199  -69.730  -3.587 0.6999999881
190365  -21.601  -69.098  -3.740 0.5000000000
21338  -17.213  -71.234  5.166 0.5000000000
21339  -17.891  -70.946  5.213 0.5000000000
22322  -19.136  -69.856  5.197 0.6000000238
21361  -18.532  -70.664  4.236 0.6000000238
22345  -18.847  -70.203  4.005 0.6000000238
23336  -19.006  -69.975  3.517 0.6000000238
23326  -19.478  -69.123  4.236 0.6000000238
22362  -18.673  -70.260  2.953 0.6000000238
23337  -19.378  -69.399  3.584 0.6000000238
23405  -19.302  -69.008  -0.328 0.6000000238
23378  -19.518  -69.163  0.595 0.5000000000
23350  -19.613  -69.125  2.546 0.5000000000
24357  -19.438  -68.289  -1.649 0.6000000238
24343  -19.621  -68.431  -0.751 0.6000000238
24373  -19.541  -68.033  -2.988 0.6000000238
24366  -19.448  -68.070  -2.689 0.6000000238
26376  -20.958  -66.856  -3.120 0.5000000000
22321  -18.061  -70.494  6.278 0.5000000000
204984  -19.076  -69.855  5.750 0.6000000238
23311  -19.636  -68.947  4.927 0.6000000238
205688  -19.702  -68.991  1.289 0.5000000000
24281  -20.074  -68.004  2.678 0.5000000000
24344  -20.255  -68.134  -0.334 0.4000000060
24326  -20.430  -68.204  0.580 0.5000000000
24310  -20.321  -68.322  1.268 0.5000000000
25322  -20.307  -67.436  -2.018 0.6000000238
22306  -17.851  -70.168  6.765 0.5000000000
23289  -19.033  -69.693  6.401 0.6000000238
195786  -19.546  -69.233  6.159 0.6000000238
23290  -19.426  -69.377  5.481 0.6000000238
25293  -20.858  -67.643  0.679 0.5000000000
25280  -20.617  -67.873  1.297 0.4000000060
22295  -18.238  -69.744  7.159 0.5000000000
23256  -18.998  -69.056  7.326 0.5000000000
24217  -19.869  -68.692  6.529 0.6000000238
194631  -19.991  -67.375  5.727 0.6000000238
24199  -18.169  -68.690  7.644 0.5000000000
24200  -18.812  -68.593  7.758 0.5000000000
192265  -19.809  -67.879  7.489 0.6000000238
25207  -20.043  -68.070  6.147 0.6000000238
24185  -17.632  -68.271  7.911 0.5000000000
24187  -18.776  -68.046  8.158 0.5000000000
25158  -19.734  -67.407  8.013 0.5000000000
25174  -20.145  -67.311  7.332 0.6000000238
25192  -20.036  -68.025  6.916 0.6000000238
25156  -18.465  -67.721  8.506 0.5000000000
26190  -19.404  -66.971  8.502 0.5000000000
26168  -18.318  -66.553  9.005 0.5000000000
26225  -20.308  -66.699  6.760 0.5000000000
26169  -19.038  -66.436  8.876 0.5000000000
26206  -20.048  -66.937  7.866 0.5000000000
27162  -17.893  -65.967  9.130 0.5000000000
27163  -18.667  -65.928  9.150 0.5000000000
27172  -20.216  -65.882  8.323 0.5000000000
188135  -20.507  -66.084  7.016 0.4000000060
28093  -19.009  -65.315  9.245 0.5000000000
27165  -19.956  -65.601  8.820 0.5000000000
28101  -20.578  -64.817  8.316 0.4000000060
28121  -20.650  -65.503  7.315 0.4000000060
28094  -19.645  -65.197  9.156 0.4000000060
29037  -20.933  -64.178  8.352 0.4000000060
202511  -21.367  -64.042  7.809 0.4000000060
25309  -20.584  -67.530  -0.714 0.6000000238
26367  -20.816  -66.926  -2.850 0.5000000000
25340  -21.411  -67.441  -3.388 0.4000000060
23363  -19.658  -69.065  1.882 0.6000000238
29047  -21.156  -64.469  7.325 0.4000000060
30012  -21.429  -63.818  7.053 0.4000000060
203054  -17.306  -71.951  -2.487 0.6999999881
21488  -17.934  -70.087  -1.787 0.6999999881
21523  -19.597  -70.787  -3.510 0.6999999881
201124  -18.512  -70.126  -3.154 0.6999999881
23377  -19.054  -69.608  0.739 0.6000000238
22375  -18.859  -69.945  1.859 0.6000000238
22464  -20.582  -69.986  -3.621 0.6999999881
23404  -18.691  -69.209  -0.683 0.6999999881
23431  -18.850  -68.711  -2.792 0.6999999881
25333  -19.898  -67.865  -3.304 0.6000000238
211891  -21.159  -68.780  -3.788 0.6000000238
15819  -18.788  -75.411  -2.725 0.5000000000
16720  -18.710  -74.597  -1.569 0.5000000000
16721  -19.271  -74.316  -1.865 0.5000000000
16754  -19.186  -75.060  -3.018 0.5000000000
16766  -19.129  -75.046  -3.762 0.5000000000
16767  -19.149  -74.382  -3.992 0.6000000238
16774  -18.838  -74.867  -4.414 0.5000000000
17631  -19.495  -73.902  0.084 0.5000000000
17633  -21.102  -73.788  -0.075 0.5000000000
17642  -19.681  -73.842  -0.608 0.5000000000
17643  -20.447  -73.675  -0.530 0.5000000000
17644  -20.944  -73.536  -0.615 0.5000000000
17662  -20.610  -73.496  -1.128 0.5000000000
17674  -19.684  -73.977  -2.155 0.5000000000
17675  -20.238  -73.643  -1.751 0.5000000000
17687  -19.593  -73.840  -3.147 0.5000000000
17697  -19.405  -73.828  -3.656 0.5000000000
17706  -18.590  -73.628  -4.351 0.5000000000
17707  -19.074  -73.747  -4.096 0.6999999881
18564  -15.968  -72.865  1.042 0.5000000000
18578  -16.064  -72.931  0.299 0.6999999881
18596  -16.292  -72.936  -0.472 0.6999999881
18598  -21.540  -72.912  -0.670 0.5000000000
18617  -21.046  -73.186  -1.042 0.5000000000
18634  -20.921  -72.835  -1.807 0.5000000000
18648  -17.152  -72.881  -3.233 0.6999999881
18649  -19.712  -73.302  -3.367 0.5000000000
18650  -20.205  -72.928  -3.057 0.6000000238
18662  -17.908  -73.085  -4.125 0.6999999881
18674  -18.954  -73.166  -3.974 0.6999999881
19477  -15.982  -72.600  1.637 0.5000000000
19509  -16.406  -72.431  0.034 0.6999999881
19527  -21.980  -72.515  -0.341 0.4000000060
19541  -16.692  -72.576  -1.023 0.6999999881
19554  -17.061  -72.217  -2.220 0.6999999881
19555  -21.092  -72.404  -2.004 0.5000000000
19556  -21.463  -71.967  -1.799 0.6000000238
19566  -17.269  -72.288  -2.900 0.6999999881
19568  -20.642  -72.021  -3.043 0.6999999881
19580  -18.212  -72.511  -3.809 0.6000000238
19581  -18.741  -72.228  -3.739 0.6000000238
19582  -19.557  -72.372  -3.704 0.6000000238
19583  -19.972  -72.192  -3.701 0.6000000238
19595  -18.329  -72.945  -4.188 0.6999999881
19596  -18.746  -72.678  -3.912 0.6000000238
20402  -16.930  -71.618  3.616 0.6000000238
20446  -17.090  -71.618  2.162 0.5000000000
20464  -16.664  -71.998  0.853 0.6999999881
20465  -17.157  -71.656  0.958 0.6999999881
20476  -16.788  -71.988  -0.160 0.6999999881
20492  -17.243  -71.673  -0.623 0.6999999881
20507  -17.236  -71.503  -1.315 0.6999999881
20508  -21.902  -71.648  -1.206 0.5000000000
20520  -17.272  -71.588  -2.101 0.6999999881
20521  -21.259  -71.361  -2.460 0.6000000238
20527  -17.495  -71.684  -2.764 0.8000000119
20528  -17.859  -71.297  -3.149 0.6999999881
20529  -20.804  -71.498  -2.980 0.6000000238
20539  -18.866  -71.632  -3.681 0.6999999881
20550  -19.221  -72.239  -3.746 0.6999999881
21323  -17.583  -70.905  5.857 0.5000000000
21324  -18.246  -70.614  5.627 0.5000000000
21340  -18.467  -70.740  4.939 0.5000000000
21360  -17.896  -71.086  4.497 0.6000000238
21384  -18.591  -70.466  3.597 0.6000000238
21407  -17.854  -71.146  3.186 0.6000000238
21443  -17.632  -71.123  1.064 0.6999999881
21444  -18.026  -70.805  1.501 0.6000000238
21455  -17.825  -70.870  0.319 0.6999999881
21472  -17.851  -70.640  -0.391 0.6999999881
21487  -17.537  -70.828  -1.747 0.6999999881
21502  -17.798  -70.359  -2.430 0.6999999881
21503  -21.484  -70.716  -2.430 0.6000000238
21514  -21.571  -70.218  -2.907 0.6000000238
21522  -18.964  -70.825  -3.544 0.6999999881
22294  -17.627  -69.749  7.046 0.5000000000
22296  -18.434  -70.014  6.691 0.5000000000
22333  -18.946  -70.186  4.649 0.6000000238
22374  -18.542  -70.357  2.293 0.6000000238
22403  -18.664  -69.975  0.411 0.6000000238
22421  -18.546  -69.783  -0.302 0.5000000000
22438  -18.273  -69.444  -0.860 0.6999999881
22447  -18.182  -69.870  -2.335 0.6999999881
22454  -18.916  -69.285  -3.038 0.6999999881
22455  -21.368  -70.037  -3.340 0.6999999881
22462  -19.230  -70.041  -3.287 0.6999999881
22463  -19.905  -70.057  -3.553 0.6999999881
23254  -18.008  -69.236  7.249 0.5000000000
23255  -18.532  -69.223  7.426 0.5000000000
23270  -19.344  -69.178  6.850 0.6000000238
23310  -19.355  -69.560  4.757 0.6000000238
23325  -19.229  -69.776  4.110 0.6000000238
23349  -19.285  -69.571  2.174 0.6000000238
23362  -19.248  -69.461  1.401 0.5000000000
23418  -18.081  -69.675  -1.263 0.8000000119
23420  -18.957  -68.707  -1.123 0.6000000238
23424  -18.231  -69.422  -1.920 0.6999999881
23425  -18.610  -68.816  -2.218 0.6999999881
23430  -18.560  -69.445  -2.626 0.6999999881
23438  -20.186  -69.447  -3.654 0.6999999881
23439  -20.792  -69.185  -3.699 0.6999999881
24186  -18.288  -68.234  8.159 0.5000000000
24188  -19.302  -68.007  7.828 0.5000000000
24201  -19.562  -68.562  7.309 0.6000000238
24233  -19.922  -68.745  5.677 0.6000000238
24280  -19.754  -68.556  2.947 0.6000000238
24295  -20.345  -68.109  1.926 0.5000000000
24309  -20.013  -68.628  1.598 0.5000000000
24325  -19.874  -68.613  0.131 0.6000000238
24356  -18.902  -68.529  -1.890 0.6000000238
24358  -20.050  -67.902  -1.363 0.6999999881
24365  -19.026  -68.381  -2.520 0.6999999881
24372  -19.236  -68.323  -2.897 0.6999999881
24380  -19.447  -68.362  -3.251 0.6000000238
24381  -20.623  -68.379  -3.541 0.6000000238
24382  -21.415  -68.261  -3.570 0.5000000000
25157  -19.092  -67.591  8.368 0.5000000000
25208  -20.220  -67.399  6.503 0.6000000238
25221  -19.946  -67.988  5.374 0.6999999881
25231  -19.871  -67.884  4.629 0.6999999881
25281  -21.028  -67.300  1.417 0.4000000060
25294  -21.296  -67.168  0.633 0.6000000238
25321  -19.716  -67.782  -2.320 0.6000000238
25328  -19.814  -67.692  -2.901 0.6000000238
25329  -20.284  -67.369  -2.707 0.6000000238
25334  -20.347  -67.354  -3.055 0.5000000000
25339  -20.646  -67.569  -3.326 0.5000000000
26189  -18.740  -67.078  8.662 0.5000000000
26191  -20.087  -66.432  8.063 0.5000000000
26207  -20.265  -66.588  7.474 0.6000000238
26266  -19.390  -66.778  3.851 0.6000000238
26291  -21.084  -66.160  2.307 0.6000000238
26340  -21.390  -66.930  -0.121 0.6000000238
26349  -20.723  -66.948  -2.375 0.6000000238
26350  -20.724  -67.028  -1.452 0.6000000238
26368  -21.286  -66.459  -2.855 0.4000000060
26377  -21.533  -66.368  -3.131 0.4000000060
27164  -19.368  -65.807  9.041 0.5000000000
27171  -19.667  -66.260  8.562 0.5000000000
27178  -20.425  -66.014  7.719 0.4000000060
27188  -20.327  -66.026  6.202 0.6000000238
27197  -19.914  -66.115  5.476 0.6000000238
27242  -19.508  -66.321  2.989 0.6000000238
27243  -20.334  -66.158  2.679 0.6000000238
27253  -21.929  -65.498  1.793 0.6000000238
27270  -21.951  -66.208  0.546 0.6000000238
27293  -21.541  -66.152  -2.105 0.5000000000
27306  -21.517  -66.158  -2.644 0.5000000000
27307  -21.963  -65.816  -2.450 0.4000000060
28092  -18.249  -65.360  9.233 0.5000000000
28095  -20.183  -65.003  8.934 0.4000000060
28109  -20.626  -65.471  8.022 0.4000000060
28110  -20.826  -64.965  7.617 0.4000000060
28141  -20.262  -64.939  5.697 0.6000000238
28174  -19.417  -65.256  2.856 0.6000000238
28197  -22.683  -65.067  0.230 0.5000000000
28205  -22.166  -65.758  -0.838 0.5000000000
29057  -21.131  -64.383  6.646 0.5000000000
29079  -19.453  -64.436  4.878 0.6000000238
29104  -18.550  -64.496  3.540 0.6000000238
29127  -21.719  -64.440  1.930 0.6000000238
29133  -22.364  -64.414  1.530 0.6000000238
29135  -23.342  -63.731  0.900 0.5000000000
30030  -20.748  -63.944  5.538 0.5000000000
30032  -21.490  -63.384  6.404 0.4000000060
30085  -18.122  -63.747  3.467 0.6000000238
30086  -18.217  -63.369  3.683 0.6000000238
30100  -17.884  -63.737  2.892 0.6999999881
30117  -20.413  -63.776  1.947 0.6000000238
30120  -22.586  -63.036  1.575 0.6000000238
31104  -18.642  -63.056  4.044 0.6000000238
31135  -17.502  -63.350  2.487 0.6999999881
31148  -17.488  -62.788  1.991 0.6000000238
31159  -17.560  -62.602  1.261 0.6000000238
31160  -17.801  -62.944  1.097 0.6999999881
31161  -18.375  -62.869  0.824 0.5000000000
31162  -19.214  -62.959  0.775 0.6000000238
31163  -20.005  -62.856  1.152 0.6000000238
31164  -21.359  -62.890  1.511 0.6000000238
31166  -23.022  -62.897  1.174 0.5000000000
32109  -21.274  -62.684  5.233 0.5000000000
32124  -19.641  -62.129  4.117 0.6000000238
32125  -20.416  -62.032  4.207 0.5000000000
32126  -21.047  -61.881  4.370 0.5000000000
32154  -17.472  -62.394  2.222 0.6000000238
32155  -17.870  -61.967  2.524 0.6000000238
32156  -18.488  -61.583  2.850 0.5000000000
32174  -17.567  -61.866  1.173 0.5000000000
32176  -19.642  -62.390  0.616 0.5000000000
32177  -20.397  -62.276  0.952 0.6000000238
32188  -17.841  -61.557  0.902 0.4000000060
33274  -18.600  -61.030  2.490 0.5000000000
33280  -17.492  -61.431  1.251 0.5000000000
33281  -17.481  -61.071  1.474 0.5000000000
33287  -17.472  -61.217  1.046 0.4000000060
33291  -22.445  -61.200  1.088 0.5000000000
33299  -18.061  -61.054  0.498 0.4000000060
33300  -19.306  -61.208  -0.189 0.5000000000
33313  -20.538  -60.863  -0.067 0.5000000000
34455  -17.621  -60.620  1.217 0.5000000000
34458  -23.204  -60.600  0.937 0.4000000060
34466  -17.514  -60.669  0.765 0.4000000060
34487  -22.620  -60.005  -0.230 0.5000000000
35625  -18.667  -59.535  0.233 0.4000000060
35626  -23.286  -59.787  0.007 0.4000000060
35635  -19.103  -59.582  -0.258 0.4000000060
35636  -19.715  -59.613  -0.614 0.4000000060
35637  -20.351  -59.577  -0.968 0.5000000000
35653  -22.026  -59.265  -1.272 0.5000000000
36757  -18.777  -58.761  1.102 0.4000000060
36763  -18.710  -59.078  0.553 0.4000000060
36783  -22.484  -58.813  -1.589 0.5000000000
36784  -23.097  -58.940  -1.775 0.3000000119
36785  -23.755  -59.008  -1.877 0.3000000119
37923  -19.001  -58.348  -0.042 0.4000000060
37924  -19.855  -57.678  -0.574 0.4000000060
37946  -22.669  -58.099  -1.780 0.4000000060
37949  -24.631  -58.502  -2.951 0.4000000060
39011  -21.684  -57.150  -1.188 0.4000000060
39018  -24.300  -57.579  -2.552 0.4000000060
40057  -20.366  -56.418  -0.659 0.4000000060
40068  -22.502  -56.182  -1.456 0.5000000000
40093  -25.244  -56.964  -2.527 0.3000000119
41138  -21.459  -55.932  -0.830 0.4000000060
41141  -23.424  -55.646  -1.647 0.5000000000
42249  -25.012  -54.866  -1.732 0.4000000060
42250  -25.649  -54.785  -1.878 0.3000000119
43341  -22.808  -54.119  -1.438 0.5000000000
43342  -24.142  -53.868  -1.389 0.5000000000
44447  -25.054  -53.063  -1.695 0.4000000060
44448  -25.742  -53.025  -1.549 0.3000000119
45583  -22.635  -52.356  -1.387 0.5000000000
46795  -23.015  -51.843  -1.527 0.5000000000
47972  -23.064  -50.328  -2.005 0.5000000000
176819  -18.682  -61.462  0.084 0.4000000060
181058  -19.527  -60.140  2.500 0.4000000060
181241  -19.340  -68.187  -2.226 0.6000000238
181356  -18.122  -70.022  -0.644 0.8000000119
182560  -20.506  -71.099  -3.262 0.6999999881
182565  -19.458  -73.766  0.731 0.5000000000
183220  -18.776  -70.279  5.375 0.5000000000
184585  -18.634  -70.215  6.053 0.5000000000
185485  -20.130  -71.419  -3.445 0.6000000238
186161  -19.268  -72.782  -3.716 0.6999999881
186704  -17.264  -71.500  1.492 0.6999999881
186960  -20.005  -68.665  0.923 0.5000000000
188267  -18.515  -59.580  1.569 0.5000000000
189466  -19.808  -71.430  -3.565 0.6000000238
191004  -20.605  -67.755  0.066 0.4000000060
191455  -19.920  -68.025  4.017 0.6999999881
191783  -21.525  -66.814  -3.324 0.4000000060
191997  -19.621  -67.285  4.330 0.6000000238
192006  -19.249  -69.675  2.902 0.6000000238
193297  -17.172  -71.614  -0.024 0.6999999881
193361  -19.764  -67.324  4.981 0.6999999881
193471  -20.003  -68.685  -3.554 0.6000000238
193733  -21.854  -70.665  -1.878 0.6000000238
196410  -20.983  -64.508  7.877 0.4000000060
197614  -21.173  -55.358  -0.818 0.4000000060
197657  -19.500  -69.065  3.122 0.6000000238
197712  -20.536  -67.115  2.642 0.5000000000
198325  -19.572  -74.070  -2.736 0.6000000238
199130  -18.909  -69.962  2.441 0.6000000238
199242  -20.603  -65.484  6.618 0.6000000238
199277  -17.951  -67.139  8.635 0.5000000000
199383  -22.905  -60.995  1.119 0.5000000000
201856  -20.441  -57.524  -0.934 0.4000000060
201928  -18.064  -64.136  2.628 0.6999999881
202469  -18.760  -69.542  7.074 0.5000000000
204195  -18.876  -61.754  3.444 0.5000000000
204637  -20.325  -65.371  8.523 0.5000000000
204944  -21.965  -69.896  -2.781 0.6000000238
205808  -21.756  -66.339  1.037 0.6000000238
206094  -17.473  -71.428  3.385 0.6000000238
206329  -17.109  -71.871  -1.038 0.6999999881
207102  -18.467  -74.055  -4.547 0.5000000000
207489  -21.678  -69.553  -3.529 0.5000000000
207633  -23.321  -53.159  -1.496 0.5000000000
208110  -20.018  -73.778  -0.104 0.5000000000
208895  -20.781  -59.454  -1.113 0.5000000000
209966  -23.301  -54.286  -1.617 0.5000000000
210020  -19.651  -71.972  -3.742 0.6000000238
210470  -21.456  -66.427  -1.603 0.6000000238
211945  -18.271  -70.676  3.230 0.6000000238
212023  -16.601  -72.119  0.356 0.6999999881
212734  -19.273  -69.538  5.949 0.6000000238
212785  -19.802  -66.823  8.224 0.5000000000
