#!ascii label  , from subject sub-04_ses-004 vox2ras=TkReg
256
200149  28.137  -6.392  -8.675 0.0000000000
97100  25.633  -14.510  -4.871 0.0000000000
202128  27.668  -2.057  -10.677 0.0000000000
123448  26.028  5.758  -10.917 0.0000000000
94707  24.051  -16.306  -5.081 0.0000000000
116020  29.107  -0.205  -8.975 0.0000000000
119183  28.800  2.036  -9.384 0.0000000000
104920  26.686  -8.632  -9.425 0.0000000000
101520  26.688  -10.771  -7.387 0.0000000000
104899  28.055  -8.711  -7.311 0.0000000000
110591  29.113  -4.361  -7.718 0.0000000000
107197  29.457  -6.473  -6.866 0.0000000000
110629  27.652  -4.312  -9.774 0.0000000000
113894  29.241  -2.323  -8.321 0.0000000000
197256  26.972  4.466  -11.027 0.0000000000
122272  28.680  4.529  -9.643 0.0000000000
99464  26.374  -12.067  -4.918 0.0000000000
211630  28.186  1.414  -9.967 0.0000000000
120254  28.475  2.573  -9.930 0.0000000000
106027  27.324  -7.648  -9.668 0.0000000000
103742  27.490  -9.010  -8.481 0.0000000000
106009  28.458  -7.480  -7.898 0.0000000000
95959  24.544  -15.384  -4.937 0.0000000000
112840  27.774  -3.140  -10.398 0.0000000000
111750  28.178  -3.506  -9.179 0.0000000000
113909  28.207  -2.204  -9.496 0.0000000000
196720  29.754  0.761  -8.793 0.0000000000
115998  29.957  -0.573  -8.293 0.0000000000
124561  25.379  5.990  -10.375 0.0000000000
122276  25.906  4.160  -10.899 0.0000000000
123447  26.656  5.336  -11.132 0.0000000000
125673  28.900  7.331  -11.411 0.0000000000
124568  28.951  6.179  -10.706 0.0000000000
124560  28.628  5.640  -10.372 0.0000000000
123432  29.871  5.285  -9.919 0.0000000000
206748  29.889  4.442  -9.201 0.0000000000
102549  27.146  -10.347  -5.530 0.0000000000
101501  26.395  -11.159  -6.173 0.0000000000
93502  23.128  -16.591  -4.679 0.0000000000
115003  28.261  -1.208  -9.809 0.0000000000
116021  28.241  -0.042  -9.909 0.0000000000
118119  28.815  0.955  -9.418 0.0000000000
119182  29.720  2.043  -9.037 0.0000000000
101527  26.171  -11.083  -8.464 0.0000000000
102585  26.849  -10.116  -8.537 0.0000000000
103728  27.070  -9.536  -7.313 0.0000000000
103702  27.868  -9.465  -5.546 0.0000000000
109480  28.714  -5.335  -8.397 0.0000000000
195270  28.971  -6.425  -7.508 0.0000000000
108369  29.377  -5.939  -7.149 0.0000000000
107231  27.261  -7.058  -9.827 0.0000000000
109519  26.996  -5.088  -10.340 0.0000000000
109506  28.173  -5.386  -9.642 0.0000000000
110615  28.307  -4.012  -8.539 0.0000000000
111728  28.922  -3.492  -8.169 0.0000000000
113873  29.761  -2.446  -7.846 0.0000000000
114973  28.765  -1.133  -8.703 0.0000000000
114951  30.112  -1.307  -8.042 0.0000000000
121258  27.040  3.592  -11.040 0.0000000000
124570  27.286  5.819  -11.363 0.0000000000
123445  28.020  5.363  -10.812 0.0000000000
122273  27.948  4.319  -10.227 0.0000000000
120255  28.172  3.110  -10.253 0.0000000000
121249  29.106  3.446  -9.461 0.0000000000
121247  30.494  3.441  -9.124 0.0000000000
98292  25.154  -13.305  -6.094 0.0000000000
180527  25.886  -11.664  -7.623 0.0000000000
105999  29.096  -7.362  -6.639 0.0000000000
104885  29.015  -8.106  -5.851 0.0000000000
119196  27.628  1.894  -10.615 0.0000000000
193820  27.987  2.502  -10.557 0.0000000000
107230  27.773  -7.050  -9.431 0.0000000000
106019  27.922  -7.712  -9.053 0.0000000000
106018  28.313  -7.435  -8.538 0.0000000000
92250  22.541  -17.829  -4.157 0.0000000000
203289  23.018  -17.342  -3.965 0.0000000000
95970  24.890  -14.774  -5.163 0.0000000000
112853  27.547  -2.597  -10.782 0.0000000000
112827  28.027  -2.970  -9.711 0.0000000000
113910  27.838  -2.454  -10.223 0.0000000000
119172  30.407  1.642  -8.847 0.0000000000
118106  30.221  1.002  -8.593 0.0000000000
123437  25.139  5.439  -10.387 0.0000000000
197958  25.927  5.174  -10.982 0.0000000000
124559  29.441  5.753  -10.318 0.0000000000
123431  30.637  5.270  -10.050 0.0000000000
102548  27.669  -10.075  -5.302 0.0000000000
101487  27.043  -10.924  -5.194 0.0000000000
95983  24.089  -15.014  -6.179 0.0000000000
115004  27.962  -0.872  -10.287 0.0000000000
117091  27.878  0.448  -10.287 0.0000000000
118130  28.525  1.435  -9.583 0.0000000000
118118  29.175  1.401  -9.237 0.0000000000
126763  25.605  7.099  -10.457 0.0000000000
103744  26.574  -9.813  -9.109 0.0000000000
103752  26.795  -9.194  -9.219 0.0000000000
104908  27.805  -8.500  -8.033 0.0000000000
103735  27.494  -9.059  -7.708 0.0000000000
103727  27.530  -9.121  -6.916 0.0000000000
103717  27.654  -9.249  -6.193 0.0000000000
104887  28.054  -8.744  -6.533 0.0000000000
93501  23.712  -16.547  -4.560 0.0000000000
93490  23.802  -16.695  -4.010 0.0000000000
109479  29.076  -5.034  -7.805 0.0000000000
108388  28.987  -5.737  -7.720 0.0000000000
110570  29.398  -4.732  -7.274 0.0000000000
106035  26.785  -7.653  -10.046 0.0000000000
110640  27.260  -4.471  -10.123 0.0000000000
109518  27.628  -4.970  -9.859 0.0000000000
108422  27.625  -5.723  -9.861 0.0000000000
203187  28.099  -4.799  -9.582 0.0000000000
181241  28.498  -4.898  -9.106 0.0000000000
110628  28.018  -4.196  -9.263 0.0000000000
112826  28.439  -2.852  -9.109 0.0000000000
111729  28.534  -3.333  -8.692 0.0000000000
112807  28.871  -2.847  -8.526 0.0000000000
112806  29.338  -2.921  -8.017 0.0000000000
115002  28.402  -0.704  -9.614 0.0000000000
114990  28.455  -1.133  -9.250 0.0000000000
194881  28.788  -0.668  -9.069 0.0000000000
114950  30.721  -1.503  -7.702 0.0000000000
122275  26.716  4.047  -11.138 0.0000000000
121259  26.372  3.589  -11.129 0.0000000000
125666  28.461  6.683  -11.077 0.0000000000
125674  27.961  6.871  -11.866 0.0000000000
125667  27.724  6.279  -11.485 0.0000000000
188206  27.742  5.797  -11.081 0.0000000000
123433  29.023  5.171  -9.931 0.0000000000
123434  28.259  4.976  -10.216 0.0000000000
121257  27.714  3.667  -10.519 0.0000000000
122264  28.513  3.775  -9.818 0.0000000000
120246  28.719  3.126  -9.791 0.0000000000
122263  29.273  4.103  -9.171 0.0000000000
122261  30.527  4.392  -9.309 0.0000000000
122262  30.050  3.985  -9.034 0.0000000000
192622  30.762  3.944  -9.185 0.0000000000
120243  30.887  2.952  -8.985 0.0000000000
98293  24.632  -13.597  -6.678 0.0000000000
102579  26.644  -10.731  -8.183 0.0000000000
100494  25.859  -11.489  -8.259 0.0000000000
101513  26.297  -11.333  -6.969 0.0000000000
100462  26.346  -11.361  -5.370 0.0000000000
100477  26.026  -11.727  -6.157 0.0000000000
99465  25.815  -12.535  -5.375 0.0000000000
107198  29.131  -6.964  -7.061 0.0000000000
107169  29.382  -6.973  -6.426 0.0000000000
118131  27.721  0.913  -10.330 0.0000000000
187575  27.878  1.401  -10.302 0.0000000000
119195  28.183  1.929  -10.121 0.0000000000
104919  27.309  -8.233  -9.335 0.0000000000
104914  27.297  -8.888  -9.055 0.0000000000
104913  27.734  -8.413  -8.768 0.0000000000
106010  28.216  -8.005  -8.386 0.0000000000
104907  28.365  -8.157  -7.634 0.0000000000
94706  24.405  -16.075  -4.789 0.0000000000
94695  24.487  -15.991  -3.795 0.0000000000
94694  24.811  -15.477  -4.230 0.0000000000
95926  25.505  -15.287  -3.155 0.0000000000
110590  29.459  -3.958  -7.261 0.0000000000
110569  29.768  -4.415  -6.766 0.0000000000
194444  27.387  -3.778  -10.309 0.0000000000
111751  27.829  -3.656  -9.767 0.0000000000
113895  28.705  -2.277  -8.828 0.0000000000
117068  29.398  0.317  -8.827 0.0000000000
115999  29.485  -0.144  -8.524 0.0000000000
117067  30.002  0.284  -8.428 0.0000000000
123436  26.391  4.650  -11.056 0.0000000000
206102  26.988  4.932  -11.029 0.0000000000
125665  29.176  6.730  -10.984 0.0000000000
122271  29.453  4.761  -9.392 0.0000000000
123426  30.230  4.869  -9.523 0.0000000000
122270  30.922  4.719  -9.775 0.0000000000
102564  26.900  -10.173  -6.170 0.0000000000
101512  26.661  -10.737  -6.568 0.0000000000
101500  26.680  -10.733  -5.782 0.0000000000
92263  22.751  -17.181  -4.467 0.0000000000
93517  23.142  -16.275  -5.240 0.0000000000
94718  24.207  -16.096  -5.541 0.0000000000
95971  24.308  -15.273  -5.605 0.0000000000
97114  25.214  -14.206  -5.391 0.0000000000
196420  27.617  -1.489  -10.832 0.0000000000
113924  27.989  -1.701  -10.163 0.0000000000
203937  28.652  -0.258  -9.356 0.0000000000
195230  28.270  0.852  -9.913 0.0000000000
117084  28.803  0.352  -9.337 0.0000000000
118107  29.323  0.837  -9.135 0.0000000000
185897  29.770  1.269  -8.945 0.0000000000
119181  30.553  2.362  -8.732 0.0000000000
125662  25.039  6.475  -10.192 0.0000000000
125668  25.801  6.422  -10.878 0.0000000000
102586  26.278  -10.626  -8.962 0.0000000000
102578  26.922  -10.170  -7.765 0.0000000000
103743  27.206  -9.549  -8.865 0.0000000000
103736  27.307  -9.666  -8.236 0.0000000000
102573  26.843  -10.126  -6.935 0.0000000000
102572  27.115  -9.597  -6.538 0.0000000000
102563  27.373  -9.802  -5.867 0.0000000000
102547  28.097  -9.732  -4.956 0.0000000000
107211  28.431  -6.823  -8.175 0.0000000000
108389  28.503  -6.066  -8.218 0.0000000000
108368  29.712  -5.944  -6.551 0.0000000000
109461  29.668  -5.265  -6.813 0.0000000000
192584  29.985  -5.437  -6.289 0.0000000000
108344  30.065  -5.865  -5.976 0.0000000000
107229  27.935  -6.423  -9.260 0.0000000000
108423  27.003  -6.350  -9.790 0.0000000000
108411  28.069  -5.973  -9.625 0.0000000000
108403  28.031  -5.727  -8.912 0.0000000000
109497  28.910  -4.624  -8.377 0.0000000000
110614  28.922  -4.048  -8.125 0.0000000000
179806  29.145  -3.850  -7.748 0.0000000000
111710  29.423  -3.438  -7.688 0.0000000000
112796  29.788  -2.997  -7.665 0.0000000000
114991  28.317  -1.576  -9.571 0.0000000000
113908  28.316  -1.616  -8.881 0.0000000000
188127  28.952  -1.682  -8.498 0.0000000000
197667  29.278  -0.651  -8.648 0.0000000000
114972  29.462  -1.173  -8.397 0.0000000000
113893  29.582  -1.777  -8.101 0.0000000000
113872  30.222  -1.991  -7.745 0.0000000000
120256  27.505  3.070  -10.687 0.0000000000
125676  26.247  6.313  -11.775 0.0000000000
124577  26.980  6.131  -11.926 0.0000000000
124571  26.703  5.819  -11.379 0.0000000000
192735  27.025  5.618  -11.190 0.0000000000
123446  27.352  5.380  -11.045 0.0000000000
123435  27.539  4.780  -10.745 0.0000000000
122274  27.287  4.114  -10.926 0.0000000000
120245  29.211  2.790  -9.353 0.0000000000
121248  29.690  3.450  -9.133 0.0000000000
120244  30.084  2.849  -9.030 0.0000000000
97126  24.854  -13.889  -5.961 0.0000000000
98280  25.336  -13.577  -5.526 0.0000000000
100495  25.439  -12.167  -7.605 0.0000000000
99484  25.735  -12.265  -6.459 0.0000000000
99485  25.341  -12.577  -6.996 0.0000000000
98291  25.495  -12.719  -6.164 0.0000000000
98279  25.699  -13.147  -5.114 0.0000000000
107199  28.763  -7.039  -7.566 0.0000000000
106000  28.705  -7.571  -7.142 0.0000000000
104898  28.465  -8.267  -6.875 0.0000000000
105979  29.249  -7.526  -6.093 0.0000000000
105980  28.809  -7.829  -6.431 0.0000000000
104886  28.570  -8.433  -6.188 0.0000000000
103716  28.290  -9.005  -5.911 0.0000000000
93516  23.634  -16.398  -5.107 0.0000000000
100463  26.049  -11.968  -5.479 0.0000000000
100486  25.762  -11.933  -6.970 0.0000000000
101486  27.512  -10.582  -5.109 0.0000000000
101521  26.354  -11.236  -7.839 0.0000000000
101528  25.647  -11.276  -9.008 0.0000000000
104865  28.772  -8.701  -5.597 0.0000000000
107221  28.206  -7.020  -8.945 0.0000000000
108412  27.702  -6.420  -9.617 0.0000000000
190716  25.441  -13.022  -5.615 0.0000000000
211506  29.303  -5.406  -7.356 0.0000000000
