#!ascii label  , from subject sub-01_ses-009 vox2ras=TkReg
1326
171902  41.802  37.718  28.690 0.0000000000
174035  50.445  40.479  33.488 0.0000000000
167944  48.364  33.913  22.696 0.0000000000
168688  36.075  34.722  30.424 0.0000000000
167059  37.569  33.299  28.686 0.0000000000
235689  45.235  42.182  29.007 0.0000000000
173994  46.774  40.368  36.701 0.0000000000
176423  44.388  42.886  31.418 0.0000000000
200340  50.699  30.764  27.780 0.0000000000
163593  45.324  29.765  27.573 0.0000000000
171874  46.959  38.404  30.337 0.0000000000
170347  44.259  36.570  24.558 0.0000000000
170305  51.032  36.615  27.586 0.0000000000
167080  46.105  33.190  27.895 0.0000000000
180447  43.319  46.668  28.366 0.0000000000
227640  48.966  43.595  29.725 0.0000000000
166219  42.092  32.602  28.262 0.0000000000
170289  38.872  36.348  29.865 0.0000000000
167877  35.229  34.474  28.338 0.0000000000
169521  39.275  35.918  27.888 0.0000000000
173353  44.036  39.811  30.181 0.0000000000
172658  39.695  38.616  29.551 0.0000000000
174022  43.577  40.085  34.046 0.0000000000
163564  51.528  30.037  30.718 0.0000000000
226982  49.449  28.504  27.615 0.0000000000
233082  48.284  28.122  29.978 0.0000000000
180461  44.075  46.581  24.640 0.0000000000
172617  49.369  39.032  31.340 0.0000000000
171124  49.397  37.203  28.887 0.0000000000
171102  50.142  37.112  30.962 0.0000000000
169478  44.315  35.465  31.489 0.0000000000
168694  45.687  35.007  29.930 0.0000000000
166197  44.523  32.664  30.320 0.0000000000
165353  46.387  31.242  30.426 0.0000000000
175558  47.937  42.359  32.901 0.0000000000
177244  46.616  44.155  30.919 0.0000000000
176395  49.611  42.542  32.055 0.0000000000
175598  48.085  41.565  30.576 0.0000000000
170385  46.254  36.189  22.351 0.0000000000
167926  42.161  34.677  24.696 0.0000000000
167121  44.673  33.567  24.809 0.0000000000
165346  36.209  32.100  31.615 0.0000000000
164458  38.002  30.857  31.946 0.0000000000
176513  47.014  43.051  26.921 0.0000000000
176506  43.671  42.990  28.104 0.0000000000
174752  48.626  40.580  36.165 0.0000000000
171814  48.383  38.613  33.542 0.0000000000
178858  39.257  44.966  31.567 0.0000000000
209924  41.751  45.159  30.969 0.0000000000
203531  45.341  40.861  33.112 0.0000000000
166253  49.933  31.867  24.164 0.0000000000
235740  46.542  31.918  25.410 0.0000000000
163606  48.450  29.769  25.974 0.0000000000
160973  46.436  27.269  25.980 0.0000000000
171118  44.769  37.595  29.864 0.0000000000
171166  43.139  36.865  27.093 0.0000000000
170307  46.114  36.786  28.108 0.0000000000
170330  47.744  36.796  26.020 0.0000000000
169563  49.080  36.481  23.913 0.0000000000
169486  48.438  35.895  30.459 0.0000000000
169528  47.932  35.493  27.499 0.0000000000
167101  47.608  33.384  25.589 0.0000000000
165389  48.499  31.608  27.403 0.0000000000
164465  49.545  31.257  30.540 0.0000000000
236980  42.361  48.354  26.568 0.0000000000
179730  45.112  45.809  27.037 0.0000000000
178887  46.360  45.645  29.658 0.0000000000
233052  47.903  44.369  27.315 0.0000000000
176467  48.120  42.694  28.827 0.0000000000
174083  45.944  40.426  30.397 0.0000000000
169547  39.828  35.430  25.291 0.0000000000
167058  39.804  32.750  29.002 0.0000000000
163566  39.599  30.055  30.812 0.0000000000
164510  44.080  31.003  27.991 0.0000000000
171134  40.412  37.744  28.567 0.0000000000
169513  38.713  35.782  28.897 0.0000000000
171147  40.392  37.197  28.064 0.0000000000
171888  42.609  38.224  29.852 0.0000000000
173355  41.837  39.380  30.146 0.0000000000
171903  40.735  38.320  28.999 0.0000000000
171120  39.531  37.588  29.573 0.0000000000
163558  51.165  29.909  31.844 0.0000000000
162715  50.008  29.147  30.155 0.0000000000
162706  49.178  28.943  31.204 0.0000000000
161829  36.758  28.057  32.777 0.0000000000
173314  50.481  39.749  32.428 0.0000000000
172631  50.186  37.999  31.291 0.0000000000
172600  50.512  38.519  32.441 0.0000000000
168667  43.075  34.559  32.083 0.0000000000
209970  44.123  34.318  30.965 0.0000000000
175526  49.190  41.953  34.065 0.0000000000
176381  49.028  42.713  32.917 0.0000000000
175556  49.874  42.010  32.573 0.0000000000
174825  49.902  41.270  31.856 0.0000000000
168762  47.497  35.429  22.127 0.0000000000
168754  44.673  34.691  23.036 0.0000000000
167946  46.184  33.836  23.109 0.0000000000
168691  33.745  34.460  30.600 0.0000000000
167871  34.003  34.467  29.904 0.0000000000
167074  36.204  33.598  27.954 0.0000000000
167038  35.864  33.127  29.762 0.0000000000
167037  36.675  32.754  30.520 0.0000000000
226606  36.995  31.329  32.053 0.0000000000
203700  37.981  32.273  30.703 0.0000000000
176487  45.708  42.780  28.015 0.0000000000
176515  45.324  43.072  27.043 0.0000000000
176488  44.881  42.539  28.477 0.0000000000
169480  37.247  35.595  31.673 0.0000000000
169482  35.787  35.017  31.971 0.0000000000
174006  47.162  40.499  35.935 0.0000000000
173267  48.226  40.014  36.694 0.0000000000
173262  47.083  39.834  37.095 0.0000000000
174009  44.601  40.058  34.905 0.0000000000
174038  44.051  40.317  33.491 0.0000000000
174019  45.884  40.406  34.608 0.0000000000
174776  47.244  40.903  34.187 0.0000000000
165397  50.462  31.253  26.249 0.0000000000
163611  49.659  30.375  25.097 0.0000000000
209337  50.463  29.783  26.195 0.0000000000
160943  48.171  27.809  27.775 0.0000000000
160971  47.676  27.643  26.807 0.0000000000
160023  46.921  26.933  26.226 0.0000000000
171884  45.858  38.288  30.147 0.0000000000
171141  44.997  36.870  28.907 0.0000000000
232341  46.777  37.424  29.230 0.0000000000
171138  50.255  37.032  27.947 0.0000000000
171152  48.882  37.104  27.492 0.0000000000
171164  49.224  37.029  26.159 0.0000000000
171181  49.292  37.078  24.810 0.0000000000
204261  49.777  36.232  26.007 0.0000000000
171073  47.547  37.615  32.732 0.0000000000
171091  48.704  37.080  32.156 0.0000000000
200694  47.709  36.288  31.487 0.0000000000
167875  45.714  34.446  28.666 0.0000000000
169520  47.068  35.402  28.548 0.0000000000
168721  46.614  34.543  27.598 0.0000000000
168726  47.302  34.850  26.406 0.0000000000
167092  46.906  33.069  26.765 0.0000000000
166236  47.512  32.536  26.521 0.0000000000
165390  46.984  32.074  27.832 0.0000000000
164441  47.233  31.136  32.124 0.0000000000
164479  47.919  30.998  30.043 0.0000000000
180451  42.756  47.077  27.419 0.0000000000
180454  43.250  46.599  26.393 0.0000000000
179726  43.657  46.259  27.765 0.0000000000
177249  42.900  44.021  31.086 0.0000000000
178869  42.928  45.426  30.496 0.0000000000
177247  44.537  44.152  30.814 0.0000000000
178061  47.787  44.328  30.656 0.0000000000
178865  46.454  45.090  30.217 0.0000000000
178880  47.456  44.861  29.587 0.0000000000
178892  47.121  45.143  28.258 0.0000000000
178087  48.243  44.256  28.521 0.0000000000
177295  48.279  43.479  27.989 0.0000000000
176483  48.678  43.102  28.823 0.0000000000
213385  47.567  40.180  31.161 0.0000000000
174838  47.254  41.245  30.661 0.0000000000
172636  46.434  39.209  30.676 0.0000000000
226732  45.363  38.659  30.214 0.0000000000
170334  43.697  36.888  25.830 0.0000000000
170336  41.507  36.842  25.955 0.0000000000
170350  41.777  36.397  24.570 0.0000000000
167902  42.588  33.796  26.555 0.0000000000
167904  40.895  33.984  26.437 0.0000000000
166220  40.915  32.581  28.585 0.0000000000
165366  39.801  31.578  30.227 0.0000000000
165374  41.148  31.279  29.384 0.0000000000
236061  46.198  30.965  26.836 0.0000000000
165403  45.400  31.754  26.753 0.0000000000
201288  44.899  30.195  27.756 0.0000000000
169492  37.930  35.608  30.544 0.0000000000
168698  36.093  34.743  29.583 0.0000000000
168696  37.542  35.118  29.252 0.0000000000
168707  37.521  35.108  28.456 0.0000000000
167897  37.091  34.529  27.400 0.0000000000
213835  44.684  40.772  29.910 0.0000000000
170283  38.736  36.811  30.355 0.0000000000
163576  51.442  30.443  29.007 0.0000000000
228622  50.687  29.343  27.658 0.0000000000
162723  50.769  29.380  29.015 0.0000000000
230797  48.552  28.076  29.032 0.0000000000
172634  48.010  38.793  30.859 0.0000000000
230242  47.807  37.784  29.780 0.0000000000
171871  49.604  38.067  30.644 0.0000000000
171880  50.091  37.402  30.309 0.0000000000
171113  50.609  36.474  29.819 0.0000000000
170273  45.339  36.561  31.914 0.0000000000
169476  46.106  36.070  31.159 0.0000000000
168685  45.071  35.087  30.581 0.0000000000
226219  44.925  34.388  29.828 0.0000000000
167057  45.256  33.305  29.040 0.0000000000
209185  46.034  32.236  28.766 0.0000000000
165364  45.170  31.769  30.265 0.0000000000
165340  45.609  31.142  31.472 0.0000000000
165309  46.756  31.554  33.342 0.0000000000
181085  42.535  47.398  29.031 0.0000000000
175582  45.930  42.314  31.831 0.0000000000
177227  45.677  43.441  31.082 0.0000000000
176420  47.009  43.243  31.618 0.0000000000
177214  48.319  43.437  31.936 0.0000000000
177223  49.092  43.385  31.089 0.0000000000
237099  48.992  42.517  30.196 0.0000000000
174836  49.282  41.930  31.053 0.0000000000
174072  48.617  40.868  31.271 0.0000000000
170363  44.629  36.569  23.631 0.0000000000
170379  42.715  36.141  23.556 0.0000000000
168767  43.878  35.485  22.892 0.0000000000
167937  43.609  34.399  24.661 0.0000000000
167094  43.583  33.246  26.321 0.0000000000
161888  44.400  28.391  27.303 0.0000000000
162751  43.918  28.884  27.791 0.0000000000
165315  34.742  31.461  33.188 0.0000000000
167052  34.399  34.063  29.441 0.0000000000
166173  35.216  32.163  31.955 0.0000000000
164434  35.723  30.739  33.345 0.0000000000
164432  36.703  30.642  32.924 0.0000000000
163553  37.352  29.813  32.741 0.0000000000
162689  37.842  29.484  32.363 0.0000000000
177342  46.291  43.440  25.740 0.0000000000
177333  44.178  43.568  26.802 0.0000000000
174004  49.738  40.527  35.580 0.0000000000
197961  49.861  38.933  33.735 0.0000000000
173273  49.140  39.794  35.628 0.0000000000
171815  47.651  38.567  33.814 0.0000000000
223018  46.660  38.139  33.419 0.0000000000
171839  45.309  37.871  33.342 0.0000000000
171097  44.017  36.990  32.601 0.0000000000
178856  40.763  44.929  31.467 0.0000000000
177231  42.260  43.745  31.449 0.0000000000
175585  43.357  42.297  31.719 0.0000000000
175562  44.871  41.807  32.058 0.0000000000
175542  46.752  41.558  32.990 0.0000000000
174775  47.933  41.538  33.980 0.0000000000
166274  49.270  32.603  23.488 0.0000000000
166277  47.456  32.914  23.343 0.0000000000
214983  48.480  31.625  23.836 0.0000000000
233025  47.589  30.679  25.860 0.0000000000
163599  47.089  29.733  26.748 0.0000000000
161897  49.134  28.649  26.882 0.0000000000
161899  47.986  28.536  26.706 0.0000000000
161886  45.859  28.618  27.050 0.0000000000
171900  43.435  37.542  29.548 0.0000000000
171145  42.107  37.334  28.114 0.0000000000
171143  43.572  36.942  28.622 0.0000000000
230457  44.334  36.536  27.670 0.0000000000
228747  44.910  36.322  26.467 0.0000000000
171126  47.296  37.335  28.774 0.0000000000
221827  46.521  36.570  27.013 0.0000000000
170346  45.539  36.151  25.159 0.0000000000
170361  46.535  36.488  23.616 0.0000000000
169573  48.250  36.430  22.782 0.0000000000
224956  48.418  35.294  22.870 0.0000000000
171855  49.913  37.766  32.185 0.0000000000
170279  49.922  36.060  30.575 0.0000000000
169508  49.798  35.599  29.156 0.0000000000
169500  46.906  35.614  30.075 0.0000000000
169510  47.937  35.504  28.976 0.0000000000
169527  49.026  35.721  27.046 0.0000000000
169546  47.959  35.412  25.845 0.0000000000
168736  48.278  34.864  24.158 0.0000000000
167118  48.670  33.572  23.940 0.0000000000
167108  48.468  33.070  24.882 0.0000000000
165412  49.359  31.975  25.880 0.0000000000
164508  50.060  31.188  27.485 0.0000000000
165370  47.544  31.323  29.018 0.0000000000
237063  48.552  31.270  29.018 0.0000000000
164488  50.110  31.100  29.126 0.0000000000
164463  51.366  31.187  30.294 0.0000000000
180463  42.837  47.108  25.360 0.0000000000
179736  44.556  45.958  25.948 0.0000000000
179734  46.539  45.837  25.811 0.0000000000
178064  45.366  44.580  30.562 0.0000000000
179720  44.536  46.112  28.972 0.0000000000
179723  45.897  45.728  27.859 0.0000000000
178898  46.764  45.528  27.503 0.0000000000
222182  48.027  44.757  25.940 0.0000000000
177329  47.900  43.610  26.494 0.0000000000
176502  47.347  42.939  27.528 0.0000000000
228359  46.334  42.425  28.928 0.0000000000
175606  47.568  41.877  30.114 0.0000000000
175607  46.908  41.834  29.899 0.0000000000
175609  45.803  41.585  29.674 0.0000000000
173352  44.775  39.973  30.123 0.0000000000
172645  44.272  38.708  30.145 0.0000000000
171159  40.662  36.893  26.966 0.0000000000
169538  38.976  35.429  26.334 0.0000000000
167906  37.814  34.190  26.650 0.0000000000
168739  40.554  35.097  24.358 0.0000000000
236866  39.117  33.891  26.542 0.0000000000
167071  38.919  33.222  28.701 0.0000000000
166188  38.752  32.187  30.545 0.0000000000
163559  38.734  30.092  31.607 0.0000000000
167110  45.710  32.844  25.145 0.0000000000
166238  44.402  32.603  26.751 0.0000000000
165394  43.120  32.093  27.980 0.0000000000
163586  43.118  29.806  28.571 0.0000000000
200153  41.715  31.100  29.123 0.0000000000
160906  47.470  27.962  31.362 0.0000000000
160925  46.520  27.478  29.679 0.0000000000
171133  41.092  37.880  28.530 0.0000000000
171148  40.027  37.203  28.520 0.0000000000
171146  40.854  37.506  28.021 0.0000000000
217741  42.179  37.893  29.363 0.0000000000
171889  41.851  38.327  29.781 0.0000000000
213534  41.473  38.077  29.210 0.0000000000
162695  49.771  29.363  31.593 0.0000000000
173305  50.584  39.993  32.983 0.0000000000
172614  50.603  38.924  32.440 0.0000000000
172573  50.645  39.255  33.287 0.0000000000
174772  49.952  41.390  34.153 0.0000000000
175525  49.684  41.827  33.809 0.0000000000
174785  50.101  41.373  33.289 0.0000000000
174055  50.372  40.592  32.752 0.0000000000
167953  47.950  34.625  22.333 0.0000000000
206868  46.924  34.059  22.590 0.0000000000
212348  47.168  33.578  23.046 0.0000000000
168690  34.300  34.679  30.326 0.0000000000
168689  35.190  34.733  30.388 0.0000000000
167060  36.716  33.302  28.555 0.0000000000
167050  36.671  33.102  29.573 0.0000000000
166200  37.401  32.688  30.210 0.0000000000
167049  37.487  33.076  29.472 0.0000000000
175643  45.737  42.457  28.659 0.0000000000
175627  44.685  42.006  29.130 0.0000000000
169494  36.673  35.111  31.072 0.0000000000
169481  36.503  35.280  31.845 0.0000000000
168678  35.939  34.845  31.207 0.0000000000
168679  35.100  34.727  31.229 0.0000000000
173993  47.533  40.203  36.800 0.0000000000
173977  46.950  40.029  37.162 0.0000000000
174008  45.418  40.202  35.219 0.0000000000
174020  45.082  40.216  34.361 0.0000000000
174007  46.296  40.400  35.590 0.0000000000
164507  50.368  31.026  27.118 0.0000000000
230423  50.666  30.443  25.694 0.0000000000
231577  50.829  30.262  26.650 0.0000000000
160955  47.706  27.245  27.010 0.0000000000
171883  46.536  38.121  30.077 0.0000000000
171899  46.152  37.845  29.802 0.0000000000
171898  46.691  37.720  29.657 0.0000000000
171150  50.836  36.880  27.350 0.0000000000
231748  50.593  37.034  27.132 0.0000000000
171162  50.605  36.874  26.782 0.0000000000
170329  49.855  36.717  25.694 0.0000000000
170316  50.380  36.586  26.532 0.0000000000
171093  47.104  37.142  32.417 0.0000000000
170258  47.404  36.553  32.017 0.0000000000
170259  46.624  36.800  32.010 0.0000000000
167883  45.715  33.734  28.395 0.0000000000
168714  46.112  34.420  28.183 0.0000000000
201487  46.187  33.879  27.732 0.0000000000
167891  46.549  33.993  27.247 0.0000000000
167093  46.514  33.435  27.325 0.0000000000
166226  46.613  32.766  27.511 0.0000000000
165325  47.724  31.385  32.633 0.0000000000
181096  42.473  47.664  28.402 0.0000000000
181809  42.308  48.195  27.965 0.0000000000
215606  42.814  47.109  28.102 0.0000000000
231355  43.133  46.708  27.769 0.0000000000
177229  44.067  43.455  31.103 0.0000000000
177248  43.671  44.021  30.882 0.0000000000
177228  44.834  43.469  31.117 0.0000000000
178060  48.471  44.128  30.281 0.0000000000
178073  47.775  44.526  30.028 0.0000000000
178072  48.495  44.160  29.684 0.0000000000
178078  48.070  44.478  29.309 0.0000000000
178077  48.573  43.801  29.002 0.0000000000
177294  48.590  43.346  28.556 0.0000000000
177276  48.836  43.327  29.067 0.0000000000
172635  47.095  38.925  30.709 0.0000000000
173338  46.859  39.785  30.900 0.0000000000
172642  46.426  38.638  30.435 0.0000000000
202100  44.277  36.617  25.494 0.0000000000
201931  43.073  36.912  25.360 0.0000000000
170349  43.047  36.694  24.604 0.0000000000
167096  42.046  33.434  27.096 0.0000000000
233679  41.643  33.284  27.550 0.0000000000
167068  41.527  32.986  28.195 0.0000000000
166208  41.058  31.948  29.024 0.0000000000
166207  41.677  32.199  28.638 0.0000000000
163592  45.846  29.959  27.346 0.0000000000
164509  45.379  30.559  27.476 0.0000000000
163594  44.751  29.592  27.780 0.0000000000
170290  38.472  35.996  30.211 0.0000000000
169505  37.469  35.146  30.071 0.0000000000
169503  38.699  35.775  29.598 0.0000000000
169522  38.703  35.646  28.205 0.0000000000
169523  38.113  35.369  28.372 0.0000000000
168715  37.416  35.035  27.738 0.0000000000
169532  37.919  35.317  27.653 0.0000000000
222842  44.240  40.398  30.018 0.0000000000
174085  43.638  40.385  30.055 0.0000000000
173354  43.289  39.784  30.317 0.0000000000
172650  40.674  39.142  29.659 0.0000000000
223465  41.732  39.942  30.159 0.0000000000
170288  39.230  36.958  29.780 0.0000000000
163570  51.441  30.586  29.646 0.0000000000
162713  51.075  29.904  29.401 0.0000000000
162714  50.753  29.477  29.748 0.0000000000
161852  48.735  28.407  30.240 0.0000000000
161851  49.312  28.664  29.852 0.0000000000
161863  48.696  28.234  29.613 0.0000000000
160933  48.092  27.784  28.569 0.0000000000
161864  48.032  27.880  29.394 0.0000000000
181109  43.208  47.572  24.770 0.0000000000
181833  43.096  48.411  24.205 0.0000000000
225264  48.442  39.190  31.227 0.0000000000
172633  48.999  38.638  30.981 0.0000000000
171866  50.211  37.740  31.407 0.0000000000
221934  50.085  37.806  30.851 0.0000000000
171870  50.164  37.319  30.787 0.0000000000
171114  50.495  36.879  29.656 0.0000000000
171109  50.418  36.683  30.445 0.0000000000
170274  44.712  36.086  31.792 0.0000000000
222348  44.895  35.705  31.325 0.0000000000
169491  44.672  35.266  30.941 0.0000000000
167862  44.391  33.950  30.574 0.0000000000
167869  44.729  34.188  30.105 0.0000000000
167047  44.653  33.414  30.080 0.0000000000
167868  45.002  33.880  29.611 0.0000000000
167046  44.996  33.238  29.604 0.0000000000
166195  45.307  32.289  29.708 0.0000000000
237598  44.858  32.288  30.110 0.0000000000
218448  45.155  31.487  31.002 0.0000000000
164443  45.743  31.307  32.239 0.0000000000
164442  46.522  31.182  32.226 0.0000000000
165310  45.651  31.504  32.997 0.0000000000
175559  47.319  42.244  32.612 0.0000000000
176400  46.484  42.728  31.734 0.0000000000
176399  47.160  42.760  32.078 0.0000000000
176396  49.221  42.923  32.261 0.0000000000
176397  48.680  43.093  32.423 0.0000000000
176418  48.945  43.397  31.844 0.0000000000
177224  48.550  43.626  31.337 0.0000000000
176417  49.312  43.006  31.571 0.0000000000
176441  49.267  42.981  30.847 0.0000000000
175581  49.505  42.476  31.381 0.0000000000
174065  49.808  40.505  31.776 0.0000000000
174826  49.342  41.215  31.443 0.0000000000
230031  48.844  39.701  31.400 0.0000000000
235670  48.110  39.756  31.280 0.0000000000
205025  45.083  36.436  22.987 0.0000000000
169574  44.019  36.048  22.922 0.0000000000
169583  44.468  35.631  22.667 0.0000000000
167935  44.993  33.860  24.077 0.0000000000
167948  44.450  34.372  23.670 0.0000000000
167924  44.065  33.933  25.106 0.0000000000
167913  43.296  34.017  25.754 0.0000000000
167112  43.762  33.721  25.623 0.0000000000
165332  34.368  31.946  32.891 0.0000000000
227052  34.578  32.318  32.093 0.0000000000
168699  35.281  34.680  29.033 0.0000000000
167878  34.880  34.489  28.764 0.0000000000
167063  34.778  34.328  28.770 0.0000000000
166190  35.927  32.795  30.594 0.0000000000
167039  35.120  33.237  30.181 0.0000000000
165347  35.820  32.046  31.906 0.0000000000
165330  35.652  31.675  32.422 0.0000000000
164446  36.158  31.087  32.838 0.0000000000
165329  36.367  31.597  32.149 0.0000000000
197363  37.531  31.380  31.812 0.0000000000
164444  37.417  30.877  32.248 0.0000000000
163552  37.825  30.228  32.325 0.0000000000
162690  37.306  29.134  32.638 0.0000000000
177330  47.463  43.312  26.361 0.0000000000
177331  46.642  43.205  26.354 0.0000000000
176516  44.629  43.173  27.239 0.0000000000
177332  44.912  43.449  26.620 0.0000000000
177316  43.956  43.333  27.472 0.0000000000
234239  43.391  43.373  27.640 0.0000000000
174751  49.144  40.660  35.965 0.0000000000
173272  49.863  39.904  35.311 0.0000000000
173265  49.206  40.241  35.939 0.0000000000
197339  47.981  39.402  35.178 0.0000000000
171816  46.942  38.494  33.969 0.0000000000
171076  44.926  37.411  32.921 0.0000000000
179689  39.244  45.821  30.719 0.0000000000
178857  40.020  44.842  31.593 0.0000000000
177233  41.144  43.751  31.752 0.0000000000
175587  42.195  42.917  31.790 0.0000000000
176425  43.007  42.882  31.592 0.0000000000
174037  44.806  40.405  33.635 0.0000000000
174788  44.533  40.803  32.999 0.0000000000
174808  44.243  41.303  32.354 0.0000000000
174807  45.077  41.278  32.503 0.0000000000
174806  45.910  41.373  32.636 0.0000000000
174787  46.110  40.981  33.308 0.0000000000
174767  47.545  40.728  35.223 0.0000000000
233829  47.891  41.160  34.755 0.0000000000
174766  48.288  40.993  35.534 0.0000000000
174774  49.066  41.554  34.781 0.0000000000
166262  49.728  32.245  23.858 0.0000000000
165443  48.703  32.175  23.356 0.0000000000
165430  49.701  31.733  23.902 0.0000000000
164524  48.696  30.256  25.410 0.0000000000
164534  48.986  30.804  24.822 0.0000000000
225752  47.911  30.276  25.876 0.0000000000
164526  47.244  30.457  26.324 0.0000000000
163598  47.732  29.794  26.366 0.0000000000
161872  50.127  28.871  27.824 0.0000000000
161884  49.784  28.804  27.139 0.0000000000
208533  49.036  28.350  27.208 0.0000000000
160972  47.158  27.260  26.218 0.0000000000
161900  47.295  28.119  26.654 0.0000000000
162762  46.523  28.816  26.895 0.0000000000
161901  46.605  27.961  26.565 0.0000000000
161902  45.829  27.928  26.595 0.0000000000
160974  45.534  27.466  25.932 0.0000000000
171119  44.020  37.675  29.781 0.0000000000
171130  43.821  37.188  29.272 0.0000000000
171129  44.526  37.183  29.412 0.0000000000
170299  45.398  36.720  28.397 0.0000000000
170300  44.738  36.630  28.199 0.0000000000
170308  45.389  36.521  27.807 0.0000000000
170319  45.192  36.410  27.133 0.0000000000
171116  48.533  37.557  29.571 0.0000000000
171897  47.477  37.596  29.436 0.0000000000
171125  48.248  37.321  28.865 0.0000000000
171165  47.994  36.982  26.640 0.0000000000
235701  47.362  36.894  27.071 0.0000000000
170331  46.932  36.558  25.955 0.0000000000
170332  46.079  36.326  25.793 0.0000000000
170344  46.892  36.539  25.173 0.0000000000
198640  46.817  36.499  24.390 0.0000000000
199658  47.739  36.841  24.423 0.0000000000
169553  49.614  36.782  24.549 0.0000000000
170359  48.513  36.915  23.758 0.0000000000
170373  48.735  36.589  23.350 0.0000000000
169572  48.460  36.046  22.778 0.0000000000
204973  48.799  36.028  23.266 0.0000000000
172588  49.232  38.594  33.404 0.0000000000
213244  49.948  38.477  33.076 0.0000000000
171835  48.803  38.023  33.007 0.0000000000
203614  48.571  36.338  31.347 0.0000000000
171104  49.068  36.720  31.646 0.0000000000
170280  49.000  36.135  30.785 0.0000000000
170287  50.196  35.822  30.192 0.0000000000
169497  49.658  35.596  29.876 0.0000000000
169489  46.148  35.703  30.718 0.0000000000
169488  46.792  35.733  30.654 0.0000000000
169529  47.124  35.259  27.857 0.0000000000
169519  47.818  35.462  28.232 0.0000000000
169518  48.866  35.614  27.970 0.0000000000
169535  48.973  35.816  26.216 0.0000000000
169536  47.906  35.500  26.690 0.0000000000
167911  47.475  34.020  25.446 0.0000000000
168731  47.534  34.701  25.645 0.0000000000
218315  47.800  34.575  24.954 0.0000000000
167923  47.984  34.163  24.468 0.0000000000
167109  47.907  33.650  24.846 0.0000000000
165400  47.894  32.040  27.050 0.0000000000
166235  48.365  32.210  26.243 0.0000000000
165399  48.813  31.717  26.642 0.0000000000
165388  49.396  31.468  27.091 0.0000000000
165362  46.552  31.492  29.675 0.0000000000
165371  46.931  31.490  29.025 0.0000000000
165361  47.355  31.235  29.567 0.0000000000
164466  48.640  31.077  30.545 0.0000000000
164490  48.149  31.176  29.368 0.0000000000
164478  48.766  31.082  29.894 0.0000000000
164477  49.740  31.146  29.899 0.0000000000
164476  50.824  31.146  29.751 0.0000000000
213001  42.276  48.897  27.137 0.0000000000
183287  42.536  50.302  27.360 0.0000000000
182551  42.491  49.301  26.485 0.0000000000
181107  42.503  47.664  26.158 0.0000000000
179731  44.409  45.946  26.640 0.0000000000
179737  43.858  46.157  26.161 0.0000000000
201944  45.033  45.882  26.366 0.0000000000
179735  45.447  45.893  25.714 0.0000000000
204099  45.770  45.828  26.454 0.0000000000
214556  46.307  43.766  31.099 0.0000000000
177245  45.917  44.126  30.865 0.0000000000
178063  46.198  44.629  30.562 0.0000000000
224688  46.556  45.356  29.900 0.0000000000
178882  46.121  45.452  29.987 0.0000000000
225597  45.832  45.655  29.815 0.0000000000
179712  45.779  45.785  29.452 0.0000000000
179719  44.965  45.984  28.600 0.0000000000
214780  46.169  45.593  29.128 0.0000000000
222154  47.756  44.584  28.031 0.0000000000
178897  47.528  44.978  27.412 0.0000000000
178909  47.432  45.210  26.669 0.0000000000
178908  47.988  44.562  26.673 0.0000000000
178101  48.045  43.953  26.851 0.0000000000
176484  48.327  43.103  28.289 0.0000000000
176501  47.943  43.193  27.683 0.0000000000
176485  47.702  42.839  28.164 0.0000000000
176486  46.636  42.756  28.256 0.0000000000
176468  47.147  42.528  28.844 0.0000000000
175597  48.855  41.997  30.538 0.0000000000
220143  48.471  42.218  30.090 0.0000000000
174839  46.501  40.963  30.496 0.0000000000
174847  46.882  41.468  30.272 0.0000000000
175608  46.371  41.493  30.019 0.0000000000
174848  45.832  41.054  30.125 0.0000000000
174084  45.312  40.562  30.132 0.0000000000
173351  45.505  39.838  30.336 0.0000000000
171885  45.174  38.107  30.022 0.0000000000
172644  44.821  38.660  30.195 0.0000000000
171886  44.485  38.167  30.026 0.0000000000
171887  43.321  38.026  29.821 0.0000000000
171156  42.642  37.110  27.607 0.0000000000
171158  41.214  37.340  27.488 0.0000000000
171169  41.257  37.125  26.790 0.0000000000
170337  40.337  36.029  25.715 0.0000000000
170324  40.249  36.332  26.459 0.0000000000
169537  39.708  35.706  26.031 0.0000000000
168728  37.843  34.655  26.510 0.0000000000
167919  38.352  34.273  26.197 0.0000000000
168758  42.188  35.374  23.816 0.0000000000
169566  41.047  35.190  23.889 0.0000000000
168738  41.250  34.835  24.356 0.0000000000
167084  40.159  33.365  27.622 0.0000000000
167905  39.919  33.988  26.317 0.0000000000
167085  39.500  33.362  27.892 0.0000000000
210782  38.885  33.610  27.453 0.0000000000
167070  39.461  33.164  28.557 0.0000000000
166198  38.839  32.582  29.850 0.0000000000
166210  39.473  32.525  29.474 0.0000000000
164469  40.011  30.959  30.345 0.0000000000
210400  39.559  31.270  30.638 0.0000000000
164457  39.162  30.451  31.224 0.0000000000
162698  38.708  29.445  31.568 0.0000000000
162697  39.191  29.743  31.232 0.0000000000
166256  46.945  32.202  24.787 0.0000000000
220851  46.386  32.647  24.815 0.0000000000
166257  46.203  32.315  25.305 0.0000000000
165392  44.436  31.547  27.600 0.0000000000
166237  45.131  32.465  26.420 0.0000000000
166227  44.100  32.203  27.337 0.0000000000
166228  43.499  32.403  27.536 0.0000000000
165393  43.739  31.748  27.950 0.0000000000
161875  43.225  28.853  27.916 0.0000000000
162736  43.501  29.353  28.195 0.0000000000
162737  42.856  29.256  28.385 0.0000000000
170294  39.499  37.096  29.308 0.0000000000
170295  39.138  36.397  29.286 0.0000000000
203128  39.615  36.842  28.816 0.0000000000
170301  39.815  36.621  28.135 0.0000000000
172646  43.723  39.114  30.238 0.0000000000
225561  42.990  39.226  30.353 0.0000000000
172648  42.323  38.892  30.142 0.0000000000
172649  41.430  38.891  29.857 0.0000000000
172657  40.284  38.708  29.348 0.0000000000
171905  39.730  38.065  29.391 0.0000000000
171904  40.096  38.204  29.113 0.0000000000
171135  39.853  37.585  29.022 0.0000000000
237724  51.515  30.023  31.277 0.0000000000
162704  50.847  29.542  30.467 0.0000000000
162694  50.816  29.621  31.251 0.0000000000
161842  48.689  28.488  30.870 0.0000000000
173323  49.764  39.620  31.634 0.0000000000
172616  50.099  38.690  31.599 0.0000000000
173322  50.334  39.164  32.004 0.0000000000
172615  50.451  38.370  31.904 0.0000000000
171854  50.291  38.046  31.991 0.0000000000
168677  43.585  35.143  31.747 0.0000000000
168676  44.148  34.841  31.219 0.0000000000
167856  43.634  34.279  31.526 0.0000000000
167036  44.327  33.224  30.734 0.0000000000
175540  48.269  42.079  33.402 0.0000000000
176382  48.470  42.636  32.943 0.0000000000
175539  48.816  42.315  33.510 0.0000000000
175557  49.584  42.524  32.741 0.0000000000
175580  49.835  41.955  31.938 0.0000000000
174805  50.100  41.324  32.384 0.0000000000
174064  50.148  40.554  32.180 0.0000000000
169580  46.760  35.937  22.101 0.0000000000
168765  44.904  35.114  22.554 0.0000000000
167955  46.286  34.444  22.319 0.0000000000
207232  45.436  33.931  23.470 0.0000000000
167934  45.720  33.458  23.874 0.0000000000
167075  35.681  34.084  27.984 0.0000000000
167062  35.307  34.048  28.520 0.0000000000
167061  35.899  33.519  28.678 0.0000000000
166181  36.369  32.378  31.114 0.0000000000
165345  36.855  31.828  31.567 0.0000000000
166180  36.967  32.243  31.059 0.0000000000
165357  37.628  31.897  31.254 0.0000000000
176503  46.420  42.946  27.521 0.0000000000
176514  46.111  43.037  26.938 0.0000000000
237232  45.685  42.891  27.409 0.0000000000
176504  45.081  42.871  27.670 0.0000000000
197691  44.144  42.670  28.426 0.0000000000
232155  37.371  35.992  32.165 0.0000000000
169467  36.282  35.480  32.520 0.0000000000
168669  35.032  34.867  32.038 0.0000000000
168681  33.396  34.588  31.202 0.0000000000
174005  47.930  40.476  36.144 0.0000000000
173991  48.684  40.247  36.343 0.0000000000
173992  48.199  40.100  36.651 0.0000000000
173268  47.575  39.852  36.940 0.0000000000
174021  44.318  40.091  34.159 0.0000000000
174036  45.576  40.570  33.823 0.0000000000
174777  46.389  40.649  33.993 0.0000000000
174018  46.741  40.515  34.857 0.0000000000
165421  50.042  31.547  24.797 0.0000000000
164532  50.103  31.181  24.637 0.0000000000
197016  50.316  30.931  25.283 0.0000000000
163604  50.229  30.105  25.635 0.0000000000
163605  49.319  29.855  25.688 0.0000000000
160954  48.315  27.881  27.174 0.0000000000
160014  47.349  27.089  26.454 0.0000000000
232977  46.874  27.116  25.889 0.0000000000
230310  45.233  37.688  29.786 0.0000000000
171128  45.289  37.337  29.439 0.0000000000
171117  45.641  37.777  29.754 0.0000000000
171127  46.103  37.420  29.372 0.0000000000
199903  46.495  37.121  28.788 0.0000000000
171139  49.114  37.139  28.172 0.0000000000
171151  50.072  37.152  27.390 0.0000000000
199430  48.717  37.055  26.913 0.0000000000
200242  48.491  36.989  25.962 0.0000000000
171174  48.523  37.009  25.353 0.0000000000
171173  49.177  37.053  25.450 0.0000000000
170341  49.806  36.855  25.016 0.0000000000
169544  49.630  36.515  25.173 0.0000000000
171836  47.974  38.089  33.111 0.0000000000
171072  48.332  37.553  32.613 0.0000000000
171092  47.870  37.041  32.321 0.0000000000
170270  48.198  36.587  31.889 0.0000000000
170281  48.063  36.092  30.970 0.0000000000
168705  45.724  34.736  29.286 0.0000000000
169512  46.228  35.363  29.595 0.0000000000
168704  46.343  34.973  28.828 0.0000000000
168713  46.634  34.917  28.205 0.0000000000
168720  47.214  35.030  27.166 0.0000000000
168727  46.778  34.403  26.845 0.0000000000
167912  47.015  34.173  26.160 0.0000000000
167102  46.998  33.553  26.065 0.0000000000
237408  47.294  33.058  26.155 0.0000000000
166225  47.165  32.403  27.188 0.0000000000
234546  47.400  32.040  27.453 0.0000000000
164468  46.910  30.948  30.921 0.0000000000
164480  47.113  31.013  30.212 0.0000000000
164467  47.702  30.936  30.734 0.0000000000
164453  48.294  31.147  31.274 0.0000000000
233431  42.172  48.920  27.741 0.0000000000
181813  42.370  48.294  27.426 0.0000000000
181105  42.511  47.670  26.986 0.0000000000
180455  42.729  47.074  26.625 0.0000000000
180450  43.182  46.585  27.157 0.0000000000
179732  43.733  46.147  26.923 0.0000000000
179725  44.335  45.946  27.387 0.0000000000
178049  42.305  44.290  31.166 0.0000000000
178870  42.299  45.245  30.689 0.0000000000
178067  42.742  44.765  30.860 0.0000000000
178066  43.951  44.657  30.636 0.0000000000
178048  47.390  44.056  31.116 0.0000000000
178062  47.016  44.553  30.534 0.0000000000
178881  47.013  44.970  30.002 0.0000000000
178886  46.930  45.258  29.577 0.0000000000
214258  46.737  45.331  29.046 0.0000000000
178891  47.511  44.902  28.936 0.0000000000
209921  48.246  43.947  27.692 0.0000000000
178086  48.458  43.707  28.319 0.0000000000
212879  47.854  40.911  31.051 0.0000000000
174073  47.015  40.627  30.945 0.0000000000
174074  46.455  40.335  30.708 0.0000000000
173339  46.142  39.768  30.607 0.0000000000
172643  45.815  39.067  30.425 0.0000000000
170322  42.977  36.970  26.199 0.0000000000
171168  41.856  37.167  26.564 0.0000000000
171175  42.221  37.089  26.067 0.0000000000
197234  41.447  36.509  25.203 0.0000000000
170352  40.387  35.806  24.887 0.0000000000
232283  42.352  34.474  25.397 0.0000000000
167927  41.645  34.475  25.113 0.0000000000
167903  41.751  34.032  26.537 0.0000000000
167083  41.014  33.376  27.637 0.0000000000
167069  40.163  32.990  28.452 0.0000000000
232111  39.920  32.379  29.292 0.0000000000
166221  40.370  32.342  29.068 0.0000000000
165375  40.627  31.759  29.402 0.0000000000
163565  40.072  30.331  30.451 0.0000000000
165401  46.584  31.519  25.853 0.0000000000
165415  46.085  31.923  25.810 0.0000000000
164519  45.724  31.174  27.078 0.0000000000
165391  45.104  31.356  27.338 0.0000000000
168687  36.808  34.874  30.281 0.0000000000
220099  35.385  34.736  29.757 0.0000000000
168697  36.829  34.934  29.369 0.0000000000
168709  36.097  34.745  28.583 0.0000000000
169514  38.177  35.397  29.115 0.0000000000
168708  36.850  34.874  28.499 0.0000000000
168717  36.272  34.552  27.891 0.0000000000
167885  36.652  34.242  27.538 0.0000000000
167884  37.216  33.986  27.508 0.0000000000
174849  44.632  41.384  29.515 0.0000000000
174851  43.349  40.893  29.812 0.0000000000
221748  42.461  39.710  30.310 0.0000000000
171891  39.360  38.136  29.739 0.0000000000
171121  39.067  37.564  29.987 0.0000000000
169479  37.749  35.880  31.204 0.0000000000
169493  37.343  35.322  30.849 0.0000000000
174010  43.833  39.983  34.733 0.0000000000
173995  44.934  40.120  35.760 0.0000000000
164497  51.116  30.562  28.297 0.0000000000
163591  50.877  30.116  27.178 0.0000000000
162722  51.198  29.977  28.624 0.0000000000
162734  50.740  29.340  28.260 0.0000000000
161861  50.080  28.860  28.639 0.0000000000
162724  50.004  28.997  29.427 0.0000000000
161862  49.256  28.452  29.047 0.0000000000
161874  48.700  28.138  28.406 0.0000000000
160944  47.633  27.410  27.908 0.0000000000
171873  47.627  38.400  30.422 0.0000000000
171882  47.277  37.991  29.984 0.0000000000
171872  48.554  38.245  30.577 0.0000000000
171881  49.146  37.722  30.172 0.0000000000
172632  49.859  38.363  31.106 0.0000000000
171115  49.738  37.281  29.611 0.0000000000
171123  50.262  36.983  28.917 0.0000000000
171122  50.812  36.611  28.928 0.0000000000
170298  51.043  36.518  28.314 0.0000000000
170260  45.861  36.949  32.188 0.0000000000
170272  46.044  36.483  31.673 0.0000000000
169490  45.409  35.605  30.911 0.0000000000
169502  45.638  35.227  30.450 0.0000000000
168686  44.578  34.642  30.608 0.0000000000
168695  45.108  34.732  30.152 0.0000000000
168706  45.226  34.520  29.616 0.0000000000
167876  45.337  34.123  29.052 0.0000000000
167067  45.674  32.884  28.462 0.0000000000
166217  46.328  32.514  28.165 0.0000000000
166205  45.488  32.579  29.089 0.0000000000
165372  45.919  31.997  29.380 0.0000000000
165363  45.819  31.656  29.974 0.0000000000
212106  45.718  31.355  30.615 0.0000000000
165354  46.141  31.003  31.108 0.0000000000
164455  46.722  30.983  31.597 0.0000000000
165326  46.997  31.382  32.741 0.0000000000
165308  47.446  31.544  33.250 0.0000000000
180448  42.915  47.057  28.757 0.0000000000
175583  45.309  42.325  31.789 0.0000000000
176422  45.099  42.873  31.431 0.0000000000
176421  45.797  42.807  31.501 0.0000000000
200230  46.370  43.320  31.408 0.0000000000
212145  47.373  43.631  31.489 0.0000000000
176398  47.950  42.876  32.401 0.0000000000
176419  47.633  43.294  31.837 0.0000000000
177225  47.907  43.709  31.493 0.0000000000
177243  48.182  43.989  30.972 0.0000000000
177242  48.820  43.693  30.609 0.0000000000
177241  49.188  43.308  30.329 0.0000000000
176455  49.171  43.185  29.806 0.0000000000
175605  49.191  42.932  30.214 0.0000000000
175596  49.245  42.524  30.683 0.0000000000
174837  48.673  41.371  30.957 0.0000000000
209922  49.630  41.829  31.525 0.0000000000
173324  48.306  40.329  31.316 0.0000000000
173337  47.638  39.425  31.043 0.0000000000
170365  43.115  36.502  23.799 0.0000000000
170378  43.551  36.243  23.331 0.0000000000
169575  43.358  35.901  23.209 0.0000000000
168757  42.778  35.140  23.757 0.0000000000
168766  44.326  35.117  22.742 0.0000000000
168744  43.816  34.629  23.938 0.0000000000
168737  42.911  34.545  24.721 0.0000000000
167914  42.777  34.188  25.887 0.0000000000
167104  43.208  33.693  26.196 0.0000000000
167081  42.705  33.085  27.219 0.0000000000
162749  45.248  29.095  27.495 0.0000000000
162750  44.598  28.957  27.646 0.0000000000
161889  43.630  28.438  27.468 0.0000000000
165300  34.528  31.103  33.701 0.0000000000
168700  34.600  34.594  29.511 0.0000000000
167053  33.988  34.261  29.886 0.0000000000
167040  34.280  33.594  30.265 0.0000000000
166192  34.796  32.991  30.837 0.0000000000
166182  34.725  32.583  31.443 0.0000000000
165331  34.920  31.850  32.577 0.0000000000
165314  35.389  31.304  32.998 0.0000000000
164426  35.463  30.408  33.836 0.0000000000
163546  35.922  30.216  33.576 0.0000000000
164445  36.812  30.990  32.481 0.0000000000
163544  36.837  30.106  33.076 0.0000000000
211999  45.737  43.349  26.473 0.0000000000
177343  45.282  43.666  25.987 0.0000000000
175628  44.165  42.282  28.865 0.0000000000
176489  43.620  42.591  28.704 0.0000000000
174763  50.008  40.910  34.829 0.0000000000
173287  50.494  39.658  33.982 0.0000000000
173271  50.293  39.915  34.691 0.0000000000
172575  49.361  39.394  34.566 0.0000000000
205766  48.809  38.960  34.130 0.0000000000
173274  48.429  39.748  35.893 0.0000000000
172576  48.080  39.059  34.341 0.0000000000
171837  47.260  38.095  33.302 0.0000000000
171074  46.825  37.734  32.885 0.0000000000
171075  45.611  37.427  32.745 0.0000000000
171095  45.164  37.019  32.366 0.0000000000
170261  44.784  36.625  32.130 0.0000000000
169462  44.147  36.399  32.264 0.0000000000
178051  41.401  44.821  31.337 0.0000000000
178052  40.483  44.504  31.705 0.0000000000
221823  40.995  44.380  31.615 0.0000000000
178050  41.679  44.187  31.454 0.0000000000
215939  42.743  43.423  31.457 0.0000000000
177230  43.348  43.452  31.270 0.0000000000
174789  43.757  40.760  32.909 0.0000000000
175563  43.730  41.774  32.008 0.0000000000
237567  44.321  41.879  31.936 0.0000000000
213433  44.656  42.340  31.719 0.0000000000
175561  45.625  41.756  32.050 0.0000000000
175560  46.514  42.026  32.167 0.0000000000
175541  47.588  41.845  33.205 0.0000000000
226180  46.755  41.022  33.541 0.0000000000
174786  47.280  41.326  33.526 0.0000000000
175527  48.643  41.870  34.111 0.0000000000
174773  49.592  41.531  34.557 0.0000000000
167128  48.660  33.170  22.952 0.0000000000
167129  48.142  33.359  22.758 0.0000000000
166276  48.418  32.739  23.075 0.0000000000
166264  47.775  32.202  23.739 0.0000000000
165432  47.679  31.635  24.472 0.0000000000
164541  49.271  31.225  24.024 0.0000000000
165422  48.333  31.192  24.548 0.0000000000
165414  47.255  31.092  25.773 0.0000000000
164517  46.670  31.049  26.424 0.0000000000
199183  46.541  30.363  26.875 0.0000000000
162748  45.867  29.308  27.331 0.0000000000
162758  50.743  29.893  26.677 0.0000000000
228664  50.096  29.394  26.354 0.0000000000
162769  49.013  29.327  26.154 0.0000000000
161898  48.485  28.292  26.937 0.0000000000
162759  48.751  28.809  26.563 0.0000000000
162760  48.264  29.240  26.419 0.0000000000
162761  47.150  29.011  26.773 0.0000000000
161887  45.146  28.498  27.197 0.0000000000
171901  42.872  37.725  29.459 0.0000000000
171132  42.500  37.480  28.871 0.0000000000
171144  42.884  37.133  28.378 0.0000000000
171155  43.325  36.831  27.877 0.0000000000
171142  44.270  36.814  28.827 0.0000000000
171154  43.994  36.671  28.113 0.0000000000
170310  43.807  36.676  27.396 0.0000000000
170321  43.723  36.792  26.631 0.0000000000
203144  44.289  36.572  26.236 0.0000000000
170333  44.725  36.328  25.893 0.0000000000
228658  47.040  37.048  28.131 0.0000000000
171140  47.992  37.215  28.153 0.0000000000
170306  46.803  36.783  27.408 0.0000000000
170318  45.991  36.490  27.256 0.0000000000
198635  45.615  36.271  26.548 0.0000000000
229102  45.262  36.175  25.882 0.0000000000
198602  44.864  36.288  25.268 0.0000000000
198107  45.097  36.415  24.407 0.0000000000
170362  45.542  36.433  23.597 0.0000000000
170376  46.141  36.419  22.851 0.0000000000
170375  47.246  36.699  22.902 0.0000000000
170384  46.960  36.369  22.457 0.0000000000
169579  48.085  36.122  22.257 0.0000000000
168753  48.183  35.381  22.420 0.0000000000
235793  48.266  34.660  22.595 0.0000000000
172587  50.421  38.755  33.045 0.0000000000
171833  50.254  38.219  32.567 0.0000000000
171089  50.083  37.485  31.598 0.0000000000
171856  49.181  37.597  32.429 0.0000000000
171103  49.848  36.893  31.328 0.0000000000
170268  50.138  36.526  30.721 0.0000000000
170286  50.469  36.144  30.334 0.0000000000
169496  50.345  35.836  29.608 0.0000000000
169507  50.578  35.946  28.707 0.0000000000
170271  46.862  36.279  31.495 0.0000000000
170282  47.275  35.976  31.076 0.0000000000
169487  47.543  35.747  30.585 0.0000000000
169511  46.995  35.532  29.306 0.0000000000
169499  47.888  35.666  29.876 0.0000000000
169498  48.816  35.836  30.012 0.0000000000
169509  48.808  35.682  29.446 0.0000000000
169517  49.966  35.749  28.305 0.0000000000
169526  49.882  35.869  27.486 0.0000000000
169534  49.920  36.028  26.583 0.0000000000
169545  49.056  35.860  25.375 0.0000000000
169555  48.281  35.296  24.883 0.0000000000
169564  48.766  35.761  23.912 0.0000000000
168743  48.519  35.136  23.366 0.0000000000
167943  48.423  34.411  22.917 0.0000000000
167932  48.745  33.533  23.053 0.0000000000
167117  49.112  33.012  23.555 0.0000000000
233432  49.184  33.049  24.120 0.0000000000
166255  49.427  32.615  24.529 0.0000000000
167100  47.972  32.781  25.845 0.0000000000
166246  48.871  32.442  25.389 0.0000000000
166245  49.761  32.106  25.038 0.0000000000
165398  49.794  31.600  26.380 0.0000000000
226078  50.132  31.312  26.831 0.0000000000
166216  46.644  31.881  28.528 0.0000000000
165380  47.405  31.561  28.410 0.0000000000
165369  48.106  31.332  28.748 0.0000000000
165379  48.256  31.408  28.093 0.0000000000
164500  49.036  31.278  28.637 0.0000000000
164499  50.125  31.113  28.325 0.0000000000
164498  50.893  30.837  28.570 0.0000000000
164487  50.901  31.042  29.200 0.0000000000
164475  51.339  30.952  29.757 0.0000000000
163563  51.586  30.721  30.351 0.0000000000
222123  51.779  30.534  31.044 0.0000000000
180462  43.479  46.805  25.051 0.0000000000
180458  42.747  47.040  25.924 0.0000000000
180457  43.307  46.603  25.692 0.0000000000
179745  44.041  46.226  25.372 0.0000000000
201453  44.781  45.987  25.387 0.0000000000
180440  42.913  46.873  29.315 0.0000000000
180439  43.429  46.608  29.069 0.0000000000
177246  45.282  44.000  30.913 0.0000000000
179715  44.057  46.234  29.426 0.0000000000
179721  43.860  46.295  28.634 0.0000000000
208891  44.367  46.067  28.183 0.0000000000
179724  45.089  45.883  27.864 0.0000000000
232833  45.485  45.776  27.459 0.0000000000
178893  46.372  45.462  28.444 0.0000000000
179729  45.944  45.743  27.150 0.0000000000
178910  46.676  45.697  26.594 0.0000000000
178924  47.406  45.409  25.892 0.0000000000
178117  48.222  43.980  25.966 0.0000000000
177315  47.672  43.252  27.019 0.0000000000
177314  47.932  43.605  27.302 0.0000000000
215782  45.779  42.074  29.207 0.0000000000
175624  48.901  42.797  29.713 0.0000000000
175625  48.214  42.490  29.555 0.0000000000
175626  47.400  42.257  29.472 0.0000000000
200997  46.505  42.060  29.472 0.0000000000
228868  45.206  41.747  29.414 0.0000000000
206965  45.225  41.192  29.811 0.0000000000
219405  45.128  39.225  30.251 0.0000000000
218829  44.471  39.236  30.204 0.0000000000
212038  43.831  38.392  30.021 0.0000000000
171909  41.435  37.558  28.066 0.0000000000
198406  40.718  37.230  27.514 0.0000000000
170312  39.754  36.284  27.439 0.0000000000
170323  40.843  36.620  26.229 0.0000000000
170325  39.685  36.009  26.748 0.0000000000
169530  39.134  35.681  27.140 0.0000000000
169540  37.741  35.071  26.971 0.0000000000
167896  37.422  34.213  27.019 0.0000000000
167072  37.752  33.569  28.125 0.0000000000
202278  42.460  36.461  24.134 0.0000000000
169556  40.668  35.509  24.342 0.0000000000
169557  40.104  35.310  24.755 0.0000000000
225985  40.402  34.443  25.326 0.0000000000
167917  39.670  34.515  25.563 0.0000000000
168733  38.907  34.639  25.719 0.0000000000
206561  38.498  33.852  26.788 0.0000000000
167895  38.155  33.793  27.167 0.0000000000
200404  38.328  33.229  28.764 0.0000000000
167048  38.230  32.972  29.385 0.0000000000
166199  38.140  32.645  30.074 0.0000000000
165356  38.454  31.764  31.094 0.0000000000
216459  39.398  32.142  30.121 0.0000000000
232432  38.869  31.746  30.830 0.0000000000
165343  38.601  30.839  31.575 0.0000000000
163560  38.340  29.780  32.023 0.0000000000
167130  46.519  33.188  23.654 0.0000000000
167119  46.058  32.985  24.368 0.0000000000
211192  45.086  33.220  25.206 0.0000000000
166247  45.651  32.398  25.767 0.0000000000
166248  45.155  32.974  25.787 0.0000000000
167111  44.451  33.374  25.542 0.0000000000
233060  44.005  32.967  26.416 0.0000000000
166240  43.228  32.810  27.158 0.0000000000
166218  42.595  32.425  28.015 0.0000000000
162735  44.144  29.457  28.013 0.0000000000
163585  43.714  29.949  28.306 0.0000000000
235974  43.802  30.541  28.255 0.0000000000
162738  42.182  29.168  28.521 0.0000000000
164501  43.498  31.075  28.269 0.0000000000
202948  42.842  31.066  28.508 0.0000000000
165383  42.700  31.761  28.309 0.0000000000
200442  42.280  32.081  28.401 0.0000000000
164482  40.519  30.591  30.055 0.0000000000
161834  48.567  28.570  31.524 0.0000000000
160915  47.625  27.936  30.703 0.0000000000
222893  47.115  27.686  30.214 0.0000000000
230620  47.777  27.891  30.068 0.0000000000
161841  49.314  28.779  30.545 0.0000000000
161843  48.098  28.247  31.134 0.0000000000
161853  48.214  28.166  30.511 0.0000000000
161873  49.435  28.443  28.216 0.0000000000
161876  42.565  28.743  28.092 0.0000000000
161885  48.844  28.205  27.704 0.0000000000
162686  50.367  29.676  32.072 0.0000000000
162703  51.347  30.084  30.044 0.0000000000
162705  49.965  29.270  30.858 0.0000000000
162733  50.993  29.924  27.849 0.0000000000
162746  50.791  29.595  27.189 0.0000000000
162747  50.446  29.144  27.279 0.0000000000
162768  49.818  29.537  26.050 0.0000000000
163583  51.282  30.363  28.398 0.0000000000
163584  44.321  30.219  28.038 0.0000000000
163603  50.643  30.122  26.131 0.0000000000
163610  50.207  30.712  25.146 0.0000000000
164433  36.309  30.447  33.257 0.0000000000
164454  47.466  31.000  31.449 0.0000000000
164456  46.135  31.061  31.723 0.0000000000
164470  39.594  30.722  30.785 0.0000000000
164471  39.029  31.252  31.048 0.0000000000
164481  40.944  30.778  29.711 0.0000000000
164486  51.285  30.667  28.819 0.0000000000
164489  49.055  31.148  29.319 0.0000000000
164492  41.486  30.569  29.372 0.0000000000
164506  50.797  30.534  27.010 0.0000000000
164515  50.806  30.491  26.288 0.0000000000
164516  50.697  30.800  26.476 0.0000000000
164518  45.972  30.535  27.164 0.0000000000
164523  50.603  30.828  25.924 0.0000000000
164525  48.022  30.794  25.336 0.0000000000
164533  49.796  30.938  24.565 0.0000000000
164540  49.849  31.349  24.217 0.0000000000
165344  38.168  31.387  31.573 0.0000000000
165355  39.252  31.729  30.602 0.0000000000
165365  40.477  31.280  29.867 0.0000000000
165373  41.551  31.574  28.966 0.0000000000
165378  49.203  31.361  27.839 0.0000000000
165381  46.361  31.744  29.043 0.0000000000
165382  43.178  31.565  28.240 0.0000000000
165384  42.161  31.398  28.672 0.0000000000
165402  46.044  31.504  26.438 0.0000000000
165404  44.806  32.038  27.082 0.0000000000
165410  50.334  31.202  25.569 0.0000000000
165411  50.072  31.603  25.629 0.0000000000
165413  47.661  31.298  25.109 0.0000000000
165416  45.654  31.991  26.208 0.0000000000
165423  47.087  31.631  25.249 0.0000000000
165429  49.982  31.556  24.272 0.0000000000
165431  49.098  31.764  23.659 0.0000000000
165442  49.231  32.193  23.557 0.0000000000
166189  37.341  32.354  30.763 0.0000000000
166191  35.549  32.537  31.231 0.0000000000
166196  44.822  32.775  29.810 0.0000000000
166206  45.110  32.822  29.407 0.0000000000
166209  40.030  31.998  29.652 0.0000000000
166211  38.881  32.944  29.251 0.0000000000
166229  42.977  32.612  27.612 0.0000000000
166239  43.707  32.767  26.866 0.0000000000
166249  44.531  32.989  26.189 0.0000000000
166254  49.832  32.186  24.302 0.0000000000
166263  49.575  32.671  23.959 0.0000000000
166265  46.816  32.648  24.108 0.0000000000
166275  48.874  32.670  23.196 0.0000000000
167051  35.141  33.763  29.153 0.0000000000
167073  36.805  33.548  27.784 0.0000000000
167082  42.205  32.967  27.740 0.0000000000
167086  38.806  33.479  28.019 0.0000000000
167087  37.968  33.730  27.685 0.0000000000
167095  43.184  33.216  26.691 0.0000000000
167097  41.317  33.628  27.054 0.0000000000
167103  43.544  33.584  25.982 0.0000000000
167120  45.356  33.288  24.581 0.0000000000
167127  48.935  32.943  23.140 0.0000000000
167870  34.386  34.402  29.306 0.0000000000
167886  36.151  34.079  27.737 0.0000000000
167887  35.603  34.477  27.977 0.0000000000
167892  40.524  33.648  27.017 0.0000000000
167893  39.822  33.686  26.972 0.0000000000
167894  39.344  33.632  27.247 0.0000000000
167901  46.736  33.752  26.717 0.0000000000
167907  37.499  34.595  26.782 0.0000000000
167915  42.109  34.287  25.908 0.0000000000
167916  41.165  34.192  25.660 0.0000000000
167918  39.040  34.226  25.935 0.0000000000
167925  43.428  34.204  25.247 0.0000000000
167928  40.801  34.630  24.893 0.0000000000
167929  40.112  34.944  24.991 0.0000000000
167933  48.492  34.297  23.495 0.0000000000
167936  44.285  34.143  24.429 0.0000000000
167945  47.731  34.024  22.520 0.0000000000
167947  44.984  34.231  23.422 0.0000000000
167954  47.181  34.576  22.163 0.0000000000
167956  45.432  34.473  22.839 0.0000000000
168680  34.228  34.663  31.214 0.0000000000
168710  35.313  34.557  28.421 0.0000000000
168716  36.910  34.731  27.840 0.0000000000
168722  37.401  34.846  27.168 0.0000000000
168732  39.498  35.048  25.244 0.0000000000
168745  43.117  34.740  24.074 0.0000000000
168746  42.463  34.950  24.200 0.0000000000
168747  41.659  35.026  23.944 0.0000000000
168755  44.018  34.859  23.155 0.0000000000
168756  43.341  35.229  23.422 0.0000000000
168763  46.537  35.174  22.023 0.0000000000
168764  45.662  35.086  22.261 0.0000000000
169466  36.940  35.789  32.321 0.0000000000
169475  46.661  35.972  31.020 0.0000000000
169477  45.413  36.128  31.423 0.0000000000
169485  49.429  35.835  30.356 0.0000000000
169501  46.213  35.488  30.255 0.0000000000
169504  38.094  35.446  29.840 0.0000000000
169516  50.897  36.233  27.843 0.0000000000
169525  50.786  36.401  27.153 0.0000000000
169531  38.500  35.505  27.445 0.0000000000
169539  38.266  35.216  26.672 0.0000000000
169548  39.111  35.161  25.692 0.0000000000
169549  38.462  34.838  26.163 0.0000000000
169554  49.206  36.198  24.511 0.0000000000
169565  41.620  35.483  23.729 0.0000000000
169576  42.691  35.675  23.470 0.0000000000
169581  45.970  35.754  22.245 0.0000000000
169582  45.179  35.687  22.482 0.0000000000
170269  49.473  36.409  31.086 0.0000000000
170284  38.236  36.264  30.812 0.0000000000
170293  50.708  36.314  29.231 0.0000000000
170302  39.217  36.190  28.565 0.0000000000
170309  44.802  36.487  27.580 0.0000000000
170311  40.280  36.823  27.538 0.0000000000
170315  50.865  36.714  27.114 0.0000000000
170317  47.059  36.692  26.703 0.0000000000
170320  44.412  36.502  27.023 0.0000000000
170335  42.019  36.824  25.392 0.0000000000
170342  49.633  36.940  24.714 0.0000000000
170343  47.735  36.766  25.261 0.0000000000
170345  46.225  36.301  25.018 0.0000000000
170348  43.663  36.755  25.051 0.0000000000
170351  40.950  36.155  24.611 0.0000000000
170358  49.233  36.850  24.221 0.0000000000
170360  47.593  36.816  23.605 0.0000000000
170364  43.864  36.525  23.742 0.0000000000
170366  41.945  36.047  23.890 0.0000000000
170367  41.287  35.756  24.099 0.0000000000
170374  48.113  36.726  23.077 0.0000000000
170377  44.266  36.415  23.105 0.0000000000
170380  42.166  35.798  23.629 0.0000000000
170383  47.762  36.513  22.541 0.0000000000
170386  45.534  36.105  22.622 0.0000000000
170387  44.703  36.141  22.727 0.0000000000
171090  49.525  37.238  31.897 0.0000000000
171096  44.531  37.018  32.486 0.0000000000
171131  43.178  37.315  29.057 0.0000000000
171137  51.141  36.780  28.098 0.0000000000
171153  47.766  37.060  27.423 0.0000000000
171157  41.884  37.292  27.289 0.0000000000
171163  50.118  36.825  26.150 0.0000000000
171167  42.464  37.134  26.806 0.0000000000
171172  49.749  36.880  25.470 0.0000000000
171180  49.590  37.015  25.007 0.0000000000
171182  48.654  37.031  24.544 0.0000000000
171817  46.242  38.401  33.891 0.0000000000
171834  49.646  38.039  32.789 0.0000000000
171879  50.415  36.884  30.204 0.0000000000
171890  41.278  38.445  29.495 0.0000000000
172556  48.602  39.410  34.940 0.0000000000
172574  50.352  39.172  33.694 0.0000000000
172599  50.686  38.901  32.806 0.0000000000
172647  43.135  38.651  30.108 0.0000000000
172656  40.842  38.751  29.407 0.0000000000
173261  47.645  39.990  37.023 0.0000000000
173266  48.791  40.101  36.265 0.0000000000
173286  50.662  39.798  33.505 0.0000000000
173288  50.043  39.538  34.323 0.0000000000
173304  50.718  39.360  32.913 0.0000000000
174003  50.121  40.268  35.041 0.0000000000
174017  50.422  40.263  34.290 0.0000000000
174066  49.126  40.386  31.500 0.0000000000
174764  49.474  41.128  35.356 0.0000000000
174765  48.914  41.139  35.578 0.0000000000
175538  49.327  42.239  33.367 0.0000000000
175584  44.016  42.303  31.659 0.0000000000
176424  43.698  42.875  31.452 0.0000000000
176465  48.989  43.155  29.337 0.0000000000
176466  48.663  42.885  29.195 0.0000000000
176505  44.388  42.912  27.896 0.0000000000
177226  46.861  43.726  31.295 0.0000000000
177232  41.717  43.541  31.677 0.0000000000
178068  42.017  44.745  31.083 0.0000000000
178866  45.810  45.088  30.240 0.0000000000
178873  39.631  45.368  31.144 0.0000000000
179713  45.171  45.914  29.216 0.0000000000
179718  45.650  45.789  28.692 0.0000000000
181103  42.534  47.665  27.765 0.0000000000
181131  43.610  47.648  23.899 0.0000000000
197439  40.795  33.150  28.181 0.0000000000
197640  47.691  31.730  27.700 0.0000000000
197683  39.343  32.983  29.050 0.0000000000
198207  45.934  36.318  24.381 0.0000000000
198583  42.849  34.432  25.322 0.0000000000
198653  45.738  37.016  28.851 0.0000000000
199773  46.304  31.435  32.834 0.0000000000
200801  48.482  41.413  34.802 0.0000000000
201516  40.173  36.486  27.052 0.0000000000
201569  43.569  36.655  24.337 0.0000000000
201942  40.397  34.161  25.808 0.0000000000
202354  49.565  29.097  26.548 0.0000000000
202772  46.331  36.481  26.571 0.0000000000
202924  49.924  37.062  26.739 0.0000000000
203131  50.190  40.890  34.032 0.0000000000
203242  38.410  33.440  28.296 0.0000000000
203898  44.705  30.824  27.723 0.0000000000
204648  37.203  30.458  32.688 0.0000000000
206910  50.369  29.340  26.747 0.0000000000
207248  50.187  39.904  31.971 0.0000000000
207274  38.325  30.356  31.925 0.0000000000
207503  46.449  29.609  27.118 0.0000000000
207781  43.310  30.441  28.520 0.0000000000
208908  40.881  36.360  25.395 0.0000000000
210216  47.451  36.150  22.212 0.0000000000
211964  48.119  37.967  30.092 0.0000000000
212009  46.118  31.585  33.439 0.0000000000
212862  42.476  36.802  24.921 0.0000000000
214519  51.054  30.404  27.748 0.0000000000
214621  43.918  33.292  25.996 0.0000000000
216177  43.335  44.533  30.850 0.0000000000
216825  43.444  45.085  30.614 0.0000000000
217506  42.586  47.458  25.622 0.0000000000
221093  49.185  31.127  30.230 0.0000000000
222691  50.557  36.050  29.932 0.0000000000
225207  42.546  37.065  25.559 0.0000000000
226518  50.614  30.991  28.807 0.0000000000
229864  48.921  35.603  28.737 0.0000000000
230441  47.619  29.240  26.615 0.0000000000
230448  49.749  42.043  33.154 0.0000000000
230956  51.340  30.751  29.310 0.0000000000
232065  48.337  35.514  28.500 0.0000000000
232802  45.639  31.152  31.042 0.0000000000
233006  46.173  30.102  27.153 0.0000000000
233883  42.389  48.165  26.024 0.0000000000
233887  41.647  37.419  27.715 0.0000000000
233911  42.648  32.804  27.679 0.0000000000
234172  34.486  32.143  32.507 0.0000000000
234342  43.995  35.799  31.876 0.0000000000
234397  49.301  38.952  33.950 0.0000000000
234541  50.605  30.152  25.932 0.0000000000
235439  43.639  47.044  24.458 0.0000000000
236748  40.957  37.181  27.179 0.0000000000
237587  38.587  31.345  31.369 0.0000000000
