#!ascii label  , from subject sub-02_ses-006.long.sub-02 vox2ras=TkReg
555
119118  -29.348  9.907  -35.926 0.0000000000
123810  -29.348  13.174  -39.314 0.0000000000
211153  -27.689  25.131  -35.716 0.0000000000
134959  -28.326  21.044  -40.457 0.0000000000
200414  -32.927  18.752  -40.203 0.0000000000
128213  -32.009  16.656  -35.626 0.0000000000
142373  -26.153  26.429  -34.402 0.0000000000
132785  -30.253  19.878  -40.919 0.0000000000
130552  -29.894  17.612  -39.451 0.0000000000
121459  -29.457  11.078  -38.291 0.0000000000
125906  -30.418  14.675  -37.821 0.0000000000
123767  -30.499  13.801  -35.475 0.0000000000
111227  -25.869  4.303  -35.184 0.0000000000
197898  -28.027  8.544  -37.576 0.0000000000
149553  -25.562  32.773  -32.966 0.0000000000
147340  -26.723  31.015  -33.885 0.0000000000
146342  -27.925  29.373  -36.558 0.0000000000
143509  -27.227  27.474  -38.373 0.0000000000
141360  -25.614  25.500  -39.786 0.0000000000
137208  -27.921  23.162  -37.715 0.0000000000
138300  -26.980  23.670  -41.247 0.0000000000
137223  -30.071  23.074  -40.655 0.0000000000
136077  -31.868  21.962  -38.438 0.0000000000
134947  -34.262  20.689  -37.099 0.0000000000
127094  -31.858  14.916  -40.102 0.0000000000
130536  -32.976  18.016  -37.929 0.0000000000
131665  -28.954  18.372  -38.514 0.0000000000
129420  -27.412  16.911  -38.076 0.0000000000
121448  -29.346  11.121  -37.155 0.0000000000
122653  -29.948  12.298  -36.975 0.0000000000
196675  -30.021  12.034  -35.391 0.0000000000
105044  -26.138  0.616  -32.811 0.0000000000
106306  -26.578  1.441  -33.012 0.0000000000
108793  -26.663  2.555  -33.452 0.0000000000
119148  -28.043  9.738  -37.911 0.0000000000
117006  -26.541  8.435  -36.684 0.0000000000
201521  -27.838  30.418  -34.390 0.0000000000
141294  -27.312  25.727  -34.573 0.0000000000
211762  -27.759  27.021  -35.618 0.0000000000
141333  -27.654  26.143  -37.007 0.0000000000
141352  -26.364  26.086  -39.090 0.0000000000
140313  -27.430  25.018  -38.087 0.0000000000
136081  -27.404  21.973  -39.754 0.0000000000
138287  -26.912  23.110  -40.082 0.0000000000
137233  -27.638  22.380  -41.187 0.0000000000
138303  -28.767  23.229  -41.268 0.0000000000
136102  -29.089  21.833  -41.701 0.0000000000
132780  -31.353  19.300  -40.286 0.0000000000
134971  -31.303  20.608  -40.488 0.0000000000
134962  -32.536  20.752  -39.707 0.0000000000
134950  -33.065  21.039  -38.073 0.0000000000
133888  -34.151  19.815  -39.191 0.0000000000
124874  -27.666  14.071  -38.984 0.0000000000
127092  -29.514  15.122  -39.860 0.0000000000
125926  -30.056  14.019  -39.743 0.0000000000
213988  -31.063  15.773  -36.581 0.0000000000
128236  -31.666  16.291  -38.042 0.0000000000
194571  -32.614  17.422  -36.365 0.0000000000
131633  -34.388  18.793  -37.094 0.0000000000
130506  -33.742  18.123  -35.729 0.0000000000
112404  -27.207  4.752  -34.375 0.0000000000
112425  -26.271  5.293  -35.736 0.0000000000
113563  -27.814  5.732  -35.007 0.0000000000
114735  -28.440  6.632  -35.802 0.0000000000
133886  -28.441  20.444  -39.211 0.0000000000
133896  -29.346  20.634  -40.972 0.0000000000
132777  -29.304  19.466  -40.209 0.0000000000
205628  -30.214  18.586  -40.257 0.0000000000
224900  -31.200  17.845  -40.038 0.0000000000
122681  -29.828  12.084  -38.766 0.0000000000
124867  -30.672  13.695  -39.250 0.0000000000
123786  -30.408  13.013  -38.543 0.0000000000
124840  -30.368  14.066  -36.432 0.0000000000
125884  -31.184  14.964  -35.416 0.0000000000
110013  -27.421  3.925  -33.708 0.0000000000
122680  -28.588  11.985  -38.379 0.0000000000
120335  -28.988  10.407  -38.919 0.0000000000
119150  -29.072  10.011  -38.228 0.0000000000
118040  -28.630  9.173  -36.947 0.0000000000
151642  -26.077  34.228  -33.699 0.0000000000
148463  -24.422  31.682  -33.030 0.0000000000
211498  -26.068  32.025  -33.617 0.0000000000
149581  -28.193  32.097  -35.645 0.0000000000
147380  -28.145  30.649  -37.569 0.0000000000
218896  -27.186  29.825  -38.103 0.0000000000
144478  -27.623  28.105  -35.001 0.0000000000
144485  -27.758  28.586  -37.507 0.0000000000
144503  -26.778  28.884  -39.033 0.0000000000
144501  -25.528  28.207  -40.199 0.0000000000
227743  -24.929  26.535  -40.707 0.0000000000
141372  -25.394  25.911  -41.239 0.0000000000
138262  -28.071  23.859  -36.540 0.0000000000
139310  -26.776  24.258  -39.449 0.0000000000
140331  -26.198  24.630  -41.213 0.0000000000
140332  -27.399  24.946  -41.334 0.0000000000
140333  -28.345  24.996  -40.994 0.0000000000
138281  -30.448  23.992  -39.069 0.0000000000
200785  -30.543  21.453  -41.013 0.0000000000
136083  -30.986  22.069  -39.373 0.0000000000
128257  -28.406  16.408  -38.991 0.0000000000
194807  -30.259  16.189  -39.932 0.0000000000
129436  -32.189  16.710  -39.961 0.0000000000
127085  -31.637  14.775  -39.673 0.0000000000
195076  -32.357  16.251  -39.646 0.0000000000
130555  -33.722  18.077  -39.186 0.0000000000
131662  -34.981  19.295  -38.423 0.0000000000
132727  -35.003  20.031  -36.224 0.0000000000
115910  -27.630  7.549  -37.310 0.0000000000
116992  -28.598  7.962  -36.768 0.0000000000
118020  -29.207  8.860  -35.381 0.0000000000
120297  -29.273  10.425  -36.714 0.0000000000
121438  -29.207  11.153  -36.185 0.0000000000
121439  -29.606  11.417  -35.460 0.0000000000
119119  -29.431  10.625  -35.526 0.0000000000
198019  -27.291  0.779  -32.356 0.0000000000
106284  -27.167  1.241  -32.719 0.0000000000
140277  -27.373  25.130  -34.997 0.0000000000
141308  -27.689  25.748  -35.212 0.0000000000
210194  -27.561  25.564  -36.880 0.0000000000
203523  -27.431  25.629  -37.559 0.0000000000
140308  -27.681  25.054  -37.274 0.0000000000
210290  -28.253  20.987  -38.619 0.0000000000
204943  -28.197  21.508  -38.019 0.0000000000
136089  -27.672  21.368  -40.114 0.0000000000
136088  -27.444  21.845  -40.669 0.0000000000
136096  -27.847  21.436  -41.059 0.0000000000
136100  -27.892  21.861  -41.530 0.0000000000
134975  -28.069  21.549  -41.667 0.0000000000
199223  -32.276  19.416  -40.225 0.0000000000
133893  -32.581  20.181  -40.142 0.0000000000
132781  -33.127  19.537  -40.069 0.0000000000
133887  -33.356  20.228  -39.598 0.0000000000
132773  -33.804  19.443  -39.596 0.0000000000
123809  -28.337  13.460  -38.836 0.0000000000
206498  -29.156  14.341  -39.270 0.0000000000
124876  -29.572  13.533  -39.715 0.0000000000
128224  -31.462  16.373  -36.074 0.0000000000
215161  -31.822  16.680  -37.037 0.0000000000
129389  -32.120  16.958  -36.287 0.0000000000
130505  -33.052  17.824  -35.990 0.0000000000
129377  -32.542  17.212  -35.567 0.0000000000
129378  -33.164  17.713  -35.252 0.0000000000
128207  -32.945  17.063  -34.729 0.0000000000
112417  -27.559  5.234  -34.681 0.0000000000
132766  -28.214  19.711  -38.039 0.0000000000
132776  -28.791  19.873  -39.709 0.0000000000
196895  -28.543  19.085  -38.305 0.0000000000
130551  -29.288  17.675  -38.850 0.0000000000
131666  -29.639  18.370  -39.178 0.0000000000
131667  -30.092  18.166  -39.773 0.0000000000
131672  -30.640  17.976  -40.029 0.0000000000
130553  -30.437  17.490  -39.908 0.0000000000
121470  -29.485  11.515  -38.580 0.0000000000
122682  -30.062  12.552  -38.941 0.0000000000
122667  -29.908  11.817  -38.326 0.0000000000
200195  -30.097  12.957  -36.607 0.0000000000
124830  -30.258  13.502  -36.265 0.0000000000
125883  -30.758  14.518  -35.845 0.0000000000
125876  -30.932  14.368  -34.931 0.0000000000
105063  -24.995  0.005  -33.106 0.0000000000
103838  -24.716  -0.745  -32.990 0.0000000000
213109  -26.990  3.562  -33.735 0.0000000000
111203  -27.917  4.107  -33.366 0.0000000000
121468  -28.087  11.432  -38.074 0.0000000000
118054  -27.879  8.829  -37.518 0.0000000000
119149  -28.572  9.766  -38.148 0.0000000000
205338  -28.135  9.301  -37.610 0.0000000000
118056  -28.787  9.661  -37.615 0.0000000000
118055  -28.272  9.223  -37.528 0.0000000000
150647  -25.084  32.525  -32.333 0.0000000000
150648  -25.563  33.297  -32.535 0.0000000000
150649  -26.111  33.498  -33.299 0.0000000000
149559  -26.022  32.680  -33.595 0.0000000000
147339  -25.919  31.008  -33.671 0.0000000000
148469  -25.684  31.563  -33.431 0.0000000000
148470  -26.276  31.521  -33.788 0.0000000000
149560  -26.479  32.533  -34.222 0.0000000000
211806  -27.875  32.231  -34.305 0.0000000000
149567  -28.113  32.223  -34.776 0.0000000000
148478  -28.178  31.733  -34.349 0.0000000000
146338  -27.924  29.559  -35.737 0.0000000000
223851  -28.623  30.528  -36.103 0.0000000000
214842  -28.203  29.928  -37.105 0.0000000000
204818  -27.287  30.442  -38.188 0.0000000000
145414  -27.971  29.248  -37.310 0.0000000000
142358  -26.629  26.974  -34.316 0.0000000000
143510  -27.596  27.428  -37.674 0.0000000000
225347  -27.622  27.934  -37.341 0.0000000000
208986  -27.498  28.063  -38.009 0.0000000000
144492  -27.279  28.771  -38.287 0.0000000000
144491  -27.017  28.159  -38.697 0.0000000000
144502  -26.285  28.207  -39.329 0.0000000000
143523  -26.568  27.504  -38.991 0.0000000000
141351  -25.424  26.118  -39.749 0.0000000000
210155  -25.021  26.320  -40.311 0.0000000000
141359  -24.949  25.662  -40.298 0.0000000000
141371  -25.023  26.009  -41.012 0.0000000000
141365  -24.984  25.458  -40.772 0.0000000000
137198  -28.237  22.530  -36.935 0.0000000000
137203  -28.166  23.152  -36.906 0.0000000000
138268  -27.973  23.797  -37.292 0.0000000000
139311  -27.176  24.278  -38.507 0.0000000000
138280  -27.157  23.520  -39.174 0.0000000000
138294  -26.823  23.439  -41.016 0.0000000000
138286  -26.623  23.553  -40.569 0.0000000000
139324  -26.629  24.127  -41.184 0.0000000000
229639  -26.401  24.567  -41.534 0.0000000000
139325  -26.925  24.286  -41.373 0.0000000000
140339  -27.711  24.420  -41.274 0.0000000000
138296  -29.478  23.444  -40.955 0.0000000000
139321  -29.095  24.002  -40.930 0.0000000000
138288  -29.718  23.902  -40.200 0.0000000000
223006  -30.114  24.124  -39.526 0.0000000000
138289  -30.384  23.597  -39.749 0.0000000000
133897  -29.988  20.455  -41.238 0.0000000000
134968  -29.443  21.083  -41.360 0.0000000000
133898  -30.568  20.379  -41.259 0.0000000000
134961  -31.611  21.029  -39.795 0.0000000000
136091  -31.119  21.517  -39.758 0.0000000000
218811  -31.306  22.239  -38.742 0.0000000000
137217  -30.955  22.729  -38.879 0.0000000000
137211  -31.307  22.619  -38.073 0.0000000000
134946  -33.414  21.100  -37.277 0.0000000000
134936  -34.181  20.680  -36.341 0.0000000000
127084  -26.809  15.701  -38.575 0.0000000000
205840  -31.310  14.730  -40.350 0.0000000000
127093  -30.154  15.387  -40.127 0.0000000000
194659  -31.234  15.386  -40.361 0.0000000000
128266  -31.692  16.379  -40.094 0.0000000000
128260  -32.188  16.069  -39.891 0.0000000000
124853  -30.651  13.794  -38.261 0.0000000000
125905  -31.146  14.230  -39.196 0.0000000000
127067  -30.708  15.256  -38.470 0.0000000000
129406  -32.105  16.848  -37.884 0.0000000000
129422  -32.409  16.489  -38.863 0.0000000000
129407  -32.670  17.208  -38.419 0.0000000000
129423  -32.891  16.819  -39.407 0.0000000000
130546  -33.369  17.587  -38.974 0.0000000000
131661  -34.608  18.813  -38.646 0.0000000000
130547  -34.049  18.240  -38.531 0.0000000000
131617  -34.717  19.369  -35.788 0.0000000000
131634  -34.797  19.472  -36.711 0.0000000000
132728  -35.001  19.801  -35.313 0.0000000000
115868  -28.912  6.934  -35.387 0.0000000000
115883  -28.623  7.146  -36.021 0.0000000000
115884  -28.925  7.606  -35.528 0.0000000000
116982  -28.932  8.231  -35.900 0.0000000000
116971  -29.160  8.188  -35.067 0.0000000000
131660  -28.295  18.331  -37.728 0.0000000000
130545  -28.692  17.635  -38.164 0.0000000000
129427  -28.893  17.032  -38.830 0.0000000000
122652  -29.745  11.713  -37.529 0.0000000000
122644  -29.999  12.502  -36.020 0.0000000000
123759  -30.453  13.218  -35.012 0.0000000000
201096  -30.122  11.601  -34.721 0.0000000000
103840  -26.215  -0.296  -32.533 0.0000000000
225356  -26.221  2.595  -33.704 0.0000000000
107603  -26.788  2.102  -33.154 0.0000000000
108780  -27.377  2.492  -33.117 0.0000000000
119147  -27.220  10.109  -37.445 0.0000000000
119146  -26.567  9.688  -36.966 0.0000000000
204631  -27.434  9.305  -37.314 0.0000000000
117007  -27.342  8.412  -37.420 0.0000000000
149551  -24.429  32.167  -32.419 0.0000000000
209346  -26.180  30.443  -33.895 0.0000000000
147349  -28.034  31.074  -34.246 0.0000000000
146325  -27.045  29.923  -34.064 0.0000000000
145398  -27.229  29.358  -34.259 0.0000000000
145408  -27.706  29.164  -35.133 0.0000000000
207229  -27.235  26.943  -34.642 0.0000000000
142387  -27.839  26.423  -35.474 0.0000000000
216835  -27.807  26.734  -36.338 0.0000000000
142421  -27.386  26.859  -38.037 0.0000000000
142420  -26.813  26.834  -38.699 0.0000000000
141342  -27.046  26.361  -38.390 0.0000000000
141353  -27.271  25.710  -38.560 0.0000000000
207217  -26.534  25.442  -39.228 0.0000000000
137209  -27.905  22.543  -38.037 0.0000000000
201454  -27.280  22.699  -39.461 0.0000000000
137222  -27.251  22.499  -40.300 0.0000000000
137227  -27.400  22.402  -40.900 0.0000000000
138301  -27.374  23.039  -41.246 0.0000000000
139327  -28.353  23.634  -41.264 0.0000000000
137234  -27.926  22.387  -41.397 0.0000000000
225888  -28.728  22.165  -41.718 0.0000000000
137229  -29.759  22.327  -41.204 0.0000000000
132786  -30.802  19.952  -40.704 0.0000000000
133899  -30.952  20.368  -40.864 0.0000000000
132787  -31.626  20.075  -40.430 0.0000000000
206453  -31.981  20.543  -40.132 0.0000000000
134955  -32.175  21.315  -39.126 0.0000000000
134949  -32.468  21.390  -38.480 0.0000000000
134956  -32.993  20.967  -39.080 0.0000000000
133883  -33.729  20.390  -38.743 0.0000000000
133879  -34.036  20.553  -37.900 0.0000000000
127091  -28.524  15.091  -39.476 0.0000000000
224815  -29.576  14.630  -39.684 0.0000000000
127054  -30.536  15.349  -37.184 0.0000000000
127055  -31.066  15.834  -37.621 0.0000000000
217115  -31.430  16.174  -37.016 0.0000000000
129390  -32.346  17.398  -37.235 0.0000000000
130537  -33.704  18.398  -37.508 0.0000000000
130518  -32.987  17.936  -36.886 0.0000000000
130519  -33.743  18.206  -36.542 0.0000000000
130507  -34.305  18.629  -35.406 0.0000000000
131618  -34.884  19.135  -34.975 0.0000000000
130498  -33.796  18.031  -35.082 0.0000000000
111228  -26.616  4.450  -34.807 0.0000000000
112415  -26.402  4.821  -35.369 0.0000000000
112416  -26.964  5.003  -34.989 0.0000000000
113577  -27.372  5.865  -35.663 0.0000000000
114734  -27.805  6.368  -36.117 0.0000000000
113578  -28.110  6.181  -35.423 0.0000000000
114718  -28.868  6.310  -35.293 0.0000000000
133882  -28.226  20.361  -38.400 0.0000000000
133891  -28.570  20.504  -40.035 0.0000000000
222201  -28.883  20.781  -40.606 0.0000000000
133892  -29.058  20.167  -40.454 0.0000000000
132772  -29.165  19.136  -39.180 0.0000000000
131671  -29.664  18.803  -39.947 0.0000000000
132778  -29.899  19.278  -40.521 0.0000000000
132779  -30.564  19.209  -40.537 0.0000000000
131673  -31.086  18.478  -40.070 0.0000000000
131674  -32.088  18.579  -40.177 0.0000000000
123800  -29.721  12.610  -39.189 0.0000000000
123811  -29.781  13.200  -39.564 0.0000000000
123775  -30.074  12.719  -37.637 0.0000000000
124839  -30.368  13.440  -37.261 0.0000000000
124854  -30.372  14.170  -37.256 0.0000000000
125893  -30.340  14.742  -36.733 0.0000000000
127044  -31.044  15.804  -35.608 0.0000000000
128212  -31.474  16.283  -35.190 0.0000000000
128206  -32.287  16.558  -35.011 0.0000000000
127036  -31.553  15.423  -34.991 0.0000000000
124823  -30.793  13.617  -34.467 0.0000000000
102574  -25.163  -0.944  -32.597 0.0000000000
110023  -25.482  3.654  -34.767 0.0000000000
108807  -26.499  3.023  -33.868 0.0000000000
219532  -26.518  3.593  -34.107 0.0000000000
111216  -26.245  3.892  -34.569 0.0000000000
111218  -27.631  4.387  -33.906 0.0000000000
112393  -28.276  4.628  -33.644 0.0000000000
123799  -28.856  12.707  -38.777 0.0000000000
197268  -28.859  10.998  -38.824 0.0000000000
120336  -29.184  10.878  -38.742 0.0000000000
119159  -28.567  10.145  -38.650 0.0000000000
120324  -28.964  10.149  -38.709 0.0000000000
120325  -29.280  10.388  -38.712 0.0000000000
120308  -29.404  10.414  -37.923 0.0000000000
227620  -29.155  10.022  -37.507 0.0000000000
119131  -29.011  9.759  -36.807 0.0000000000
150643  -25.608  33.195  -32.211 0.0000000000
226566  -23.906  31.864  -32.539 0.0000000000
148464  -24.975  31.665  -33.427 0.0000000000
149558  -25.559  32.172  -33.295 0.0000000000
150653  -26.840  33.238  -34.428 0.0000000000
147353  -28.411  30.954  -35.503 0.0000000000
147381  -28.430  31.201  -37.013 0.0000000000
148524  -27.703  31.813  -37.966 0.0000000000
147419  -27.019  31.137  -38.743 0.0000000000
220705  -26.790  30.598  -38.766 0.0000000000
146348  -26.530  30.401  -39.120 0.0000000000
144477  -27.177  28.166  -34.599 0.0000000000
211536  -27.645  28.605  -35.249 0.0000000000
143480  -27.707  27.528  -35.307 0.0000000000
144481  -27.712  28.107  -35.630 0.0000000000
204159  -27.666  28.824  -36.760 0.0000000000
145417  -27.497  29.290  -37.919 0.0000000000
145421  -27.002  29.450  -38.518 0.0000000000
218935  -26.539  29.723  -39.344 0.0000000000
145428  -25.055  29.080  -40.448 0.0000000000
143534  -24.947  27.782  -40.661 0.0000000000
142434  -26.085  26.807  -39.352 0.0000000000
142445  -25.019  27.026  -40.391 0.0000000000
138248  -27.280  23.790  -35.224 0.0000000000
139295  -27.887  24.498  -36.149 0.0000000000
139305  -27.753  24.404  -37.697 0.0000000000
140319  -26.942  24.921  -38.901 0.0000000000
140318  -26.430  24.951  -39.739 0.0000000000
138279  -26.659  23.685  -39.959 0.0000000000
139315  -26.352  24.284  -40.315 0.0000000000
140325  -26.011  24.960  -40.285 0.0000000000
140330  -25.665  25.131  -41.021 0.0000000000
141373  -26.042  25.550  -41.377 0.0000000000
139316  -29.276  24.538  -40.227 0.0000000000
139312  -30.001  24.487  -38.991 0.0000000000
139307  -30.248  24.299  -38.271 0.0000000000
134967  -28.695  21.192  -41.171 0.0000000000
134977  -29.427  21.405  -41.579 0.0000000000
137230  -30.466  22.299  -40.877 0.0000000000
134970  -30.805  20.756  -41.146 0.0000000000
136090  -30.791  21.882  -40.254 0.0000000000
137224  -30.653  22.744  -39.847 0.0000000000
138290  -30.687  23.362  -39.063 0.0000000000
136078  -32.342  21.768  -37.824 0.0000000000
128252  -27.740  16.482  -38.472 0.0000000000
207428  -28.884  15.724  -39.618 0.0000000000
128258  -29.341  16.302  -39.494 0.0000000000
129429  -30.279  16.901  -39.887 0.0000000000
129434  -30.903  16.848  -39.958 0.0000000000
130558  -31.984  17.651  -40.060 0.0000000000
130559  -32.874  17.882  -40.067 0.0000000000
124877  -30.119  13.580  -39.647 0.0000000000
219447  -31.496  14.325  -39.988 0.0000000000
127068  -31.398  15.625  -38.813 0.0000000000
128253  -31.942  15.972  -39.275 0.0000000000
127095  -32.102  15.577  -39.938 0.0000000000
129430  -32.450  16.508  -39.724 0.0000000000
130554  -33.238  17.530  -39.560 0.0000000000
131675  -33.385  18.277  -39.757 0.0000000000
131668  -33.881  18.748  -39.438 0.0000000000
132767  -34.521  19.253  -39.088 0.0000000000
133880  -34.892  20.254  -37.617 0.0000000000
132747  -35.147  19.993  -37.214 0.0000000000
133870  -34.840  20.311  -36.824 0.0000000000
115909  -27.025  7.683  -37.266 0.0000000000
117008  -27.704  8.095  -37.570 0.0000000000
114749  -28.189  6.789  -36.508 0.0000000000
115896  -28.400  7.377  -36.699 0.0000000000
118039  -28.305  8.523  -37.209 0.0000000000
116993  -28.720  8.654  -36.487 0.0000000000
118029  -29.041  9.248  -36.128 0.0000000000
119106  -29.337  9.476  -35.409 0.0000000000
102573  -24.366  -1.097  -32.851 0.0000000000
105043  -25.661  -0.007  -32.947 0.0000000000
106285  -27.640  1.259  -32.443 0.0000000000
108794  -27.077  3.102  -33.361 0.0000000000
108806  -25.773  2.663  -34.028 0.0000000000
110012  -25.935  3.331  -34.244 0.0000000000
111217  -26.961  4.072  -34.180 0.0000000000
111238  -25.878  4.798  -35.631 0.0000000000
112426  -26.849  5.328  -35.527 0.0000000000
112427  -27.316  5.394  -35.218 0.0000000000
115895  -27.918  7.158  -36.994 0.0000000000
117009  -28.117  7.821  -37.363 0.0000000000
118053  -26.836  9.038  -36.842 0.0000000000
120323  -27.811  10.289  -38.327 0.0000000000
120334  -28.398  10.530  -38.730 0.0000000000
121449  -29.663  11.783  -36.375 0.0000000000
121469  -29.349  11.769  -38.717 0.0000000000
122632  -30.355  12.201  -34.612 0.0000000000
122668  -30.170  12.271  -38.490 0.0000000000
123758  -30.312  12.645  -35.183 0.0000000000
123766  -30.212  13.137  -35.718 0.0000000000
123801  -30.143  13.068  -39.321 0.0000000000
124875  -28.791  13.932  -38.954 0.0000000000
125927  -30.759  14.022  -39.783 0.0000000000
127043  -30.895  15.146  -36.207 0.0000000000
127086  -31.996  15.215  -39.763 0.0000000000
128256  -27.798  15.807  -38.916 0.0000000000
128259  -31.906  15.604  -40.177 0.0000000000
128265  -31.036  16.205  -40.177 0.0000000000
129421  -28.169  17.003  -38.339 0.0000000000
129428  -29.700  16.951  -39.264 0.0000000000
129431  -32.734  17.064  -39.823 0.0000000000
129435  -31.272  17.270  -39.994 0.0000000000
130544  -27.816  17.611  -37.923 0.0000000000
131616  -34.298  18.725  -36.199 0.0000000000
131654  -34.572  18.801  -38.056 0.0000000000
131655  -34.937  19.404  -37.649 0.0000000000
131676  -33.430  18.947  -39.862 0.0000000000
132763  -35.055  19.800  -37.935 0.0000000000
132768  -34.691  19.905  -38.501 0.0000000000
132771  -28.526  19.777  -38.844 0.0000000000
132784  -29.634  19.917  -40.845 0.0000000000
134918  -33.598  21.121  -35.823 0.0000000000
134954  -28.203  20.949  -39.536 0.0000000000
134960  -30.997  21.156  -40.444 0.0000000000
134969  -30.165  20.976  -41.405 0.0000000000
134976  -28.760  21.479  -41.727 0.0000000000
136082  -27.834  21.542  -38.995 0.0000000000
136084  -31.428  21.637  -39.142 0.0000000000
136095  -27.683  21.841  -41.284 0.0000000000
136097  -29.900  21.683  -41.364 0.0000000000
136101  -28.337  21.840  -41.712 0.0000000000
137197  -28.027  22.624  -36.448 0.0000000000
137204  -28.086  22.698  -37.379 0.0000000000
137215  -27.699  23.018  -38.595 0.0000000000
137216  -27.627  22.268  -38.839 0.0000000000
137221  -26.944  22.944  -40.733 0.0000000000
137228  -29.213  22.681  -41.344 0.0000000000
137235  -28.417  22.530  -41.532 0.0000000000
138249  -27.709  23.864  -35.852 0.0000000000
138273  -27.671  23.710  -38.160 0.0000000000
138282  -30.560  23.712  -38.485 0.0000000000
138295  -27.241  22.850  -40.999 0.0000000000
138302  -27.984  23.039  -41.379 0.0000000000
139301  -27.944  24.458  -36.907 0.0000000000
139314  -26.004  24.764  -40.798 0.0000000000
139320  -26.416  24.108  -40.873 0.0000000000
139326  -28.378  24.247  -41.163 0.0000000000
140301  -27.741  25.102  -36.507 0.0000000000
140324  -25.453  25.160  -40.707 0.0000000000
140334  -28.988  25.122  -40.353 0.0000000000
140337  -25.420  25.456  -41.151 0.0000000000
140338  -26.060  25.028  -41.322 0.0000000000
141321  -27.752  25.832  -36.141 0.0000000000
141343  -27.466  26.273  -37.807 0.0000000000
141370  -24.830  25.952  -40.728 0.0000000000
142375  -27.523  26.350  -34.881 0.0000000000
142406  -27.663  26.816  -37.296 0.0000000000
142433  -25.323  26.845  -39.865 0.0000000000
142456  -24.995  26.477  -40.950 0.0000000000
143473  -27.426  27.540  -34.834 0.0000000000
143488  -27.745  27.497  -36.037 0.0000000000
143497  -27.720  27.429  -36.883 0.0000000000
143522  -25.896  27.505  -39.696 0.0000000000
143535  -25.216  27.434  -40.141 0.0000000000
144483  -27.632  28.183  -36.570 0.0000000000
144530  -24.597  28.452  -40.896 0.0000000000
145411  -27.661  28.825  -35.941 0.0000000000
145420  -26.063  28.974  -39.804 0.0000000000
146324  -26.478  29.972  -33.997 0.0000000000
146333  -27.550  29.920  -34.274 0.0000000000
146335  -27.921  29.874  -34.854 0.0000000000
146339  -28.316  30.225  -35.563 0.0000000000
146343  -28.430  30.560  -36.753 0.0000000000
146346  -27.877  29.838  -37.767 0.0000000000
146349  -26.867  30.083  -38.607 0.0000000000
147338  -25.089  31.168  -33.733 0.0000000000
147341  -27.444  30.625  -34.062 0.0000000000
147350  -28.276  31.627  -35.124 0.0000000000
147352  -28.143  30.617  -34.840 0.0000000000
147362  -28.577  31.070  -36.276 0.0000000000
147399  -27.775  31.200  -38.190 0.0000000000
147400  -28.148  31.316  -37.647 0.0000000000
148471  -26.848  31.646  -33.973 0.0000000000
148472  -27.638  31.545  -34.057 0.0000000000
148490  -28.455  31.497  -35.795 0.0000000000
148504  -28.346  31.648  -36.365 0.0000000000
149552  -25.043  32.145  -32.921 0.0000000000
149561  -27.121  32.130  -34.188 0.0000000000
149580  -27.904  32.753  -35.386 0.0000000000
150661  -27.396  33.328  -34.814 0.0000000000
204922  -26.521  24.886  -41.635 0.0000000000
206178  -30.575  14.553  -40.033 0.0000000000
207365  -27.565  23.702  -41.307 0.0000000000
210548  -25.207  25.379  -40.397 0.0000000000
210878  -26.540  31.979  -33.956 0.0000000000
211226  -28.935  24.645  -40.836 0.0000000000
211362  -27.383  28.806  -34.719 0.0000000000
213194  -27.616  26.956  -35.084 0.0000000000
213939  -26.784  30.384  -33.955 0.0000000000
214357  -34.172  18.605  -38.963 0.0000000000
216358  -27.583  29.421  -34.553 0.0000000000
216960  -28.722  7.643  -36.189 0.0000000000
217025  -27.955  32.171  -36.386 0.0000000000
217272  -30.026  12.115  -37.834 0.0000000000
218115  -28.298  29.997  -36.326 0.0000000000
223444  -33.462  17.577  -34.768 0.0000000000
226484  -26.780  0.900  -32.624 0.0000000000
226618  -29.007  8.755  -35.973 0.0000000000
226726  -29.710  10.469  -34.822 0.0000000000
228244  -31.121  14.096  -39.650 0.0000000000
229017  -28.197  31.207  -34.766 0.0000000000
