#!ascii label  , from subject sub-02_ses-006 vox2ras=TkReg
1635
151325  -50.570  6.671  35.683 0.0000000000
169352  -43.292  23.847  23.384 0.0000000000
210340  -41.919  18.224  30.775 0.0000000000
229668  -50.807  15.978  29.952 0.0000000000
169371  -48.549  24.154  23.344 0.0000000000
169228  -47.772  24.186  30.064 0.0000000000
165004  -49.044  20.898  28.319 0.0000000000
159080  -46.895  14.052  27.284 0.0000000000
146392  -44.176  2.577  32.473 0.0000000000
151321  -46.059  6.868  34.421 0.0000000000
173569  -43.561  29.274  22.697 0.0000000000
171495  -47.574  27.496  19.475 0.0000000000
167688  -50.638  22.922  18.547 0.0000000000
157479  -46.652  12.378  33.677 0.0000000000
168363  -41.891  23.662  32.180 0.0000000000
162707  -47.264  18.419  32.073 0.0000000000
155898  -51.256  11.402  32.153 0.0000000000
156728  -47.487  11.606  27.336 0.0000000000
157616  -44.310  13.255  21.867 0.0000000000
151349  -48.144  6.896  33.345 0.0000000000
166776  -50.593  22.716  24.067 0.0000000000
198608  -49.894  23.623  26.392 0.0000000000
166762  -48.747  21.804  25.938 0.0000000000
202846  -47.194  20.257  27.711 0.0000000000
195323  -45.390  4.731  33.258 0.0000000000
152356  -43.373  7.592  33.355 0.0000000000
174203  -42.854  29.566  25.517 0.0000000000
170140  -49.600  25.535  18.632 0.0000000000
157498  -43.876  12.551  33.440 0.0000000000
159797  -44.371  14.816  31.954 0.0000000000
208207  -40.577  24.431  24.518 0.0000000000
169274  -43.183  24.221  27.692 0.0000000000
231346  -50.137  19.749  31.427 0.0000000000
165849  -47.946  21.440  32.106 0.0000000000
231538  -50.061  17.665  32.448 0.0000000000
159054  -49.668  14.234  32.696 0.0000000000
158295  -51.736  12.736  30.588 0.0000000000
155922  -50.097  11.175  29.785 0.0000000000
156741  -51.450  12.163  26.784 0.0000000000
159137  -46.260  13.998  23.503 0.0000000000
169368  -46.053  23.955  23.389 0.0000000000
169297  -45.694  23.896  26.939 0.0000000000
230867  -48.445  24.767  27.064 0.0000000000
167597  -49.609  22.555  28.898 0.0000000000
162734  -50.050  18.385  29.179 0.0000000000
216936  -49.274  14.135  27.821 0.0000000000
162007  -48.300  17.252  28.621 0.0000000000
161286  -45.778  16.763  28.307 0.0000000000
145339  -47.149  1.531  34.210 0.0000000000
148293  -48.132  4.008  34.669 0.0000000000
215527  -48.423  6.549  35.711 0.0000000000
173538  -39.036  28.953  25.967 0.0000000000
172118  -39.999  27.753  23.046 0.0000000000
170806  -42.009  26.036  20.864 0.0000000000
169392  -44.102  24.762  19.869 0.0000000000
168489  -46.720  23.374  20.253 0.0000000000
167648  -49.960  22.659  21.145 0.0000000000
165098  -50.897  20.979  21.889 0.0000000000
204251  -51.223  18.814  20.072 0.0000000000
155094  -43.811  10.137  33.979 0.0000000000
155096  -46.507  9.864  34.024 0.0000000000
154228  -49.361  9.521  35.098 0.0000000000
165871  -41.993  21.505  31.135 0.0000000000
222007  -45.000  24.196  31.009 0.0000000000
165861  -44.585  21.920  31.573 0.0000000000
162726  -44.619  18.420  30.985 0.0000000000
159773  -47.122  14.490  32.475 0.0000000000
224811  -49.192  12.676  33.795 0.0000000000
154243  -50.469  9.145  34.359 0.0000000000
154280  -48.360  9.703  32.284 0.0000000000
155136  -46.096  10.222  29.911 0.0000000000
155930  -44.235  10.577  27.602 0.0000000000
157574  -49.439  12.829  24.111 0.0000000000
156773  -45.914  11.577  24.417 0.0000000000
155956  -42.475  10.396  24.718 0.0000000000
149296  -50.841  4.916  35.797 0.0000000000
149304  -50.241  5.148  34.667 0.0000000000
151340  -49.571  6.786  34.565 0.0000000000
165947  -49.495  21.621  23.674 0.0000000000
166767  -49.606  22.012  25.291 0.0000000000
165917  -48.475  21.516  25.145 0.0000000000
165906  -47.514  21.298  25.996 0.0000000000
161267  -42.896  16.721  31.211 0.0000000000
169351  -42.043  24.106  23.743 0.0000000000
221024  -50.784  18.128  30.286 0.0000000000
163444  -49.967  18.660  32.315 0.0000000000
161253  -50.764  16.607  31.463 0.0000000000
159799  -50.748  15.218  31.341 0.0000000000
222901  -50.958  14.748  29.917 0.0000000000
158300  -51.612  12.624  28.988 0.0000000000
159078  -50.601  13.831  28.643 0.0000000000
214738  -47.314  24.243  23.598 0.0000000000
169330  -46.917  24.537  25.227 0.0000000000
192502  -48.647  24.997  25.131 0.0000000000
166754  -49.335  22.172  27.571 0.0000000000
168438  -49.631  23.316  27.654 0.0000000000
198816  -49.438  21.238  28.754 0.0000000000
164993  -49.888  20.077  29.369 0.0000000000
164224  -49.323  19.614  29.073 0.0000000000
162739  -49.372  17.943  28.623 0.0000000000
209029  -48.733  19.497  28.786 0.0000000000
208233  -46.374  17.865  28.320 0.0000000000
150328  -45.783  6.130  33.940 0.0000000000
148300  -47.067  4.103  33.945 0.0000000000
149293  -47.247  5.496  34.681 0.0000000000
149282  -48.614  5.353  35.600 0.0000000000
151323  -47.084  6.724  34.962 0.0000000000
173560  -43.747  29.619  23.958 0.0000000000
192584  -41.711  28.991  24.101 0.0000000000
172825  -41.908  28.630  22.835 0.0000000000
171475  -40.837  26.748  21.828 0.0000000000
172836  -42.921  28.321  21.451 0.0000000000
172160  -46.217  28.073  19.852 0.0000000000
172158  -44.689  27.065  20.016 0.0000000000
170815  -45.673  26.352  19.472 0.0000000000
168493  -45.534  23.832  19.933 0.0000000000
229398  -47.275  25.650  18.947 0.0000000000
195587  -50.104  24.591  18.112 0.0000000000
168497  -49.145  23.501  19.286 0.0000000000
167665  -50.523  22.325  20.163 0.0000000000
166824  -50.793  22.162  21.580 0.0000000000
165999  -51.256  21.286  20.156 0.0000000000
164294  -51.260  19.773  20.984 0.0000000000
193961  -51.195  20.964  19.438 0.0000000000
158284  -39.580  13.207  32.962 0.0000000000
156691  -39.490  11.844  33.730 0.0000000000
157472  -40.979  12.063  33.858 0.0000000000
155092  -42.187  10.403  33.832 0.0000000000
156673  -42.833  11.736  34.024 0.0000000000
157500  -45.073  12.625  33.471 0.0000000000
212598  -45.295  11.261  33.956 0.0000000000
155871  -46.981  10.717  33.914 0.0000000000
155083  -47.746  9.913  34.668 0.0000000000
155854  -48.240  10.825  34.400 0.0000000000
225641  -40.816  23.498  31.742 0.0000000000
166700  -40.305  22.735  33.253 0.0000000000
166703  -42.050  23.049  33.777 0.0000000000
194831  -46.949  24.260  28.620 0.0000000000
168427  -45.558  23.868  28.523 0.0000000000
169226  -46.532  24.147  30.498 0.0000000000
230817  -47.534  19.894  31.973 0.0000000000
165863  -46.721  21.470  31.755 0.0000000000
221627  -46.024  19.645  31.390 0.0000000000
164979  -45.024  20.130  31.002 0.0000000000
162706  -45.771  17.962  31.476 0.0000000000
204768  -45.603  16.676  31.385 0.0000000000
161251  -47.097  16.607  31.856 0.0000000000
158290  -50.989  12.923  32.379 0.0000000000
158267  -49.821  13.352  33.142 0.0000000000
156692  -50.733  11.575  33.277 0.0000000000
155874  -50.282  10.705  34.391 0.0000000000
155123  -50.777  10.527  33.095 0.0000000000
154275  -49.431  9.517  32.794 0.0000000000
155127  -49.980  10.255  32.070 0.0000000000
156721  -48.607  11.487  28.257 0.0000000000
155920  -48.080  11.275  29.661 0.0000000000
155927  -46.598  11.047  28.505 0.0000000000
155924  -44.716  10.430  28.635 0.0000000000
194153  -45.490  11.160  27.129 0.0000000000
159082  -48.319  13.818  27.317 0.0000000000
158324  -49.384  13.252  25.984 0.0000000000
159126  -47.949  13.653  25.690 0.0000000000
158403  -45.694  13.624  22.103 0.0000000000
211635  -46.919  12.980  23.171 0.0000000000
157583  -45.040  12.216  22.817 0.0000000000
156771  -44.454  11.091  24.151 0.0000000000
156801  -43.721  11.690  23.337 0.0000000000
156784  -41.686  11.535  23.533 0.0000000000
145334  -51.709  2.529  35.063 0.0000000000
213909  -47.204  7.270  32.723 0.0000000000
168455  -50.421  23.717  23.601 0.0000000000
169333  -49.763  24.787  25.304 0.0000000000
167616  -50.267  23.053  25.263 0.0000000000
166764  -49.751  22.733  26.440 0.0000000000
165903  -49.138  21.914  27.391 0.0000000000
164222  -48.318  19.953  28.421 0.0000000000
165901  -47.791  21.339  26.816 0.0000000000
147388  -45.190  3.232  32.682 0.0000000000
149322  -44.369  5.110  32.676 0.0000000000
151336  -44.592  7.279  33.742 0.0000000000
174847  -45.364  31.469  23.757 0.0000000000
171506  -48.977  27.516  18.873 0.0000000000
199517  -49.978  24.537  17.300 0.0000000000
166877  -50.511  22.487  17.364 0.0000000000
212890  -42.680  12.594  33.572 0.0000000000
159048  -44.274  13.830  32.667 0.0000000000
159020  -45.427  13.536  33.103 0.0000000000
168412  -42.367  23.935  29.650 0.0000000000
167574  -48.824  22.610  31.741 0.0000000000
167572  -47.740  23.249  32.316 0.0000000000
165851  -48.986  20.939  32.351 0.0000000000
164180  -48.755  19.711  32.431 0.0000000000
162696  -48.751  17.946  32.500 0.0000000000
208749  -48.789  16.046  32.445 0.0000000000
213861  -49.681  15.970  32.355 0.0000000000
159067  -50.625  14.335  31.818 0.0000000000
156703  -51.758  11.972  31.438 0.0000000000
155907  -50.761  10.950  31.124 0.0000000000
156710  -51.515  11.924  29.833 0.0000000000
226734  -50.928  11.706  27.938 0.0000000000
223236  -49.589  11.579  26.226 0.0000000000
159132  -46.965  13.923  24.675 0.0000000000
164200  -40.352  19.385  30.758 0.0000000000
169354  -44.537  23.800  23.445 0.0000000000
169313  -44.482  24.118  25.893 0.0000000000
169328  -45.471  24.235  25.182 0.0000000000
169299  -47.162  24.462  27.073 0.0000000000
213377  -48.121  24.417  28.760 0.0000000000
225594  -49.520  24.120  26.719 0.0000000000
169282  -49.012  24.231  27.913 0.0000000000
168417  -48.844  23.343  29.334 0.0000000000
166733  -49.474  21.639  30.167 0.0000000000
164215  -50.482  19.172  30.209 0.0000000000
162002  -50.378  17.526  29.471 0.0000000000
159804  -50.171  15.239  29.154 0.0000000000
161281  -49.844  16.787  28.986 0.0000000000
161280  -48.564  15.930  28.608 0.0000000000
159808  -47.544  14.863  28.204 0.0000000000
163481  -47.593  18.839  28.428 0.0000000000
162006  -46.953  17.409  28.451 0.0000000000
147377  -46.353  3.223  33.263 0.0000000000
230451  -47.598  2.543  34.388 0.0000000000
146367  -48.877  2.537  34.966 0.0000000000
147352  -50.073  3.512  35.889 0.0000000000
148275  -50.173  4.853  36.165 0.0000000000
151307  -50.245  6.979  36.351 0.0000000000
172108  -37.710  27.723  24.748 0.0000000000
172817  -39.626  28.480  24.199 0.0000000000
171464  -38.690  26.787  23.629 0.0000000000
170798  -39.534  26.084  22.899 0.0000000000
170122  -41.108  25.053  22.114 0.0000000000
169377  -42.077  24.533  21.935 0.0000000000
173577  -44.060  29.225  21.640 0.0000000000
172148  -43.500  27.301  20.413 0.0000000000
170130  -43.330  25.344  20.163 0.0000000000
168469  -43.831  23.953  21.688 0.0000000000
168481  -44.874  23.606  21.584 0.0000000000
168472  -46.221  23.374  21.745 0.0000000000
168474  -47.779  23.326  22.206 0.0000000000
168500  -48.152  24.151  18.984 0.0000000000
167675  -48.147  23.009  20.139 0.0000000000
168476  -49.435  23.393  22.469 0.0000000000
212111  -50.466  22.934  22.629 0.0000000000
166799  -50.455  22.118  23.274 0.0000000000
164284  -49.692  19.825  21.837 0.0000000000
164293  -49.467  19.271  21.407 0.0000000000
166015  -50.905  20.983  18.203 0.0000000000
153325  -43.774  8.566  33.711 0.0000000000
221123  -45.237  8.370  34.031 0.0000000000
156674  -43.910  11.692  33.985 0.0000000000
197283  -45.268  10.191  33.985 0.0000000000
153285  -46.452  8.100  34.587 0.0000000000
152328  -47.406  7.884  35.211 0.0000000000
153279  -49.096  8.484  35.781 0.0000000000
221612  -50.255  8.335  36.039 0.0000000000
209178  -42.050  19.892  30.618 0.0000000000
169276  -44.527  23.991  27.371 0.0000000000
192511  -43.751  23.805  29.423 0.0000000000
168380  -43.723  24.114  31.623 0.0000000000
168353  -46.216  23.466  32.513 0.0000000000
167552  -44.712  23.441  32.961 0.0000000000
167569  -43.560  23.198  33.438 0.0000000000
165873  -43.456  21.619  31.160 0.0000000000
209152  -43.446  20.055  30.797 0.0000000000
217444  -43.284  17.771  30.820 0.0000000000
204151  -44.612  16.367  31.251 0.0000000000
159772  -45.837  14.732  32.218 0.0000000000
218277  -46.717  13.691  33.069 0.0000000000
159774  -48.430  14.569  32.526 0.0000000000
159023  -48.184  13.654  33.173 0.0000000000
157481  -48.221  12.467  33.884 0.0000000000
156662  -49.311  11.208  34.400 0.0000000000
155077  -50.418  9.376  35.337 0.0000000000
153288  -50.227  8.039  34.957 0.0000000000
153307  -49.494  8.098  33.835 0.0000000000
153341  -48.374  8.888  32.960 0.0000000000
154272  -47.326  8.983  32.164 0.0000000000
155906  -49.167  10.718  30.916 0.0000000000
155132  -47.807  10.063  31.292 0.0000000000
153349  -45.802  9.140  30.981 0.0000000000
154287  -44.562  9.497  30.178 0.0000000000
154289  -43.360  9.356  28.945 0.0000000000
158305  -50.716  13.050  26.941 0.0000000000
157560  -50.139  12.181  25.315 0.0000000000
156763  -48.497  11.735  25.133 0.0000000000
158379  -48.315  13.481  23.327 0.0000000000
156775  -47.842  12.053  24.001 0.0000000000
194573  -46.696  11.502  25.362 0.0000000000
155946  -44.790  10.923  25.887 0.0000000000
155159  -43.380  10.267  26.106 0.0000000000
150321  -50.750  5.558  35.826 0.0000000000
149295  -50.659  5.352  35.520 0.0000000000
150320  -50.455  6.043  35.528 0.0000000000
150330  -49.522  5.668  34.363 0.0000000000
151324  -50.235  6.757  35.154 0.0000000000
165946  -48.853  21.218  23.788 0.0000000000
165933  -48.695  21.329  24.410 0.0000000000
214433  -42.444  16.491  31.301 0.0000000000
162725  -42.496  17.705  30.893 0.0000000000
169338  -42.826  23.865  23.989 0.0000000000
169325  -42.533  23.965  25.035 0.0000000000
169326  -43.300  23.944  24.695 0.0000000000
209707  -50.870  17.002  30.301 0.0000000000
231734  -50.844  17.743  30.880 0.0000000000
160519  -50.885  16.033  30.341 0.0000000000
217086  -50.884  15.539  30.641 0.0000000000
209901  -50.834  15.362  30.053 0.0000000000
159075  -50.872  14.037  29.202 0.0000000000
159805  -50.465  14.635  29.186 0.0000000000
169358  -48.055  24.390  23.792 0.0000000000
169344  -48.337  24.714  24.479 0.0000000000
169345  -49.038  24.940  24.680 0.0000000000
165896  -49.138  21.574  27.951 0.0000000000
165897  -49.323  21.785  28.269 0.0000000000
164999  -49.369  20.971  28.650 0.0000000000
164998  -49.209  20.426  28.782 0.0000000000
164223  -48.776  20.048  28.807 0.0000000000
146393  -44.858  2.446  32.819 0.0000000000
150316  -46.238  6.277  34.291 0.0000000000
149302  -46.634  5.716  34.408 0.0000000000
150317  -46.844  6.173  34.662 0.0000000000
150318  -47.484  6.126  35.014 0.0000000000
151322  -46.516  6.764  34.649 0.0000000000
173565  -43.649  29.445  23.348 0.0000000000
173563  -42.326  29.027  23.217 0.0000000000
173564  -42.989  29.149  23.028 0.0000000000
172830  -41.893  28.283  22.212 0.0000000000
172832  -43.397  28.951  21.986 0.0000000000
172860  -48.225  28.868  19.806 0.0000000000
173604  -47.817  29.119  19.936 0.0000000000
172161  -47.581  28.323  19.732 0.0000000000
171493  -46.140  26.978  19.508 0.0000000000
171494  -46.779  27.057  19.414 0.0000000000
170816  -46.160  25.812  19.287 0.0000000000
171504  -47.227  26.744  19.195 0.0000000000
226162  -50.533  23.588  18.092 0.0000000000
167687  -50.441  23.402  18.778 0.0000000000
167679  -50.593  22.628  19.333 0.0000000000
166845  -50.808  21.990  19.816 0.0000000000
209273  -50.933  21.562  19.452 0.0000000000
166855  -50.767  22.130  18.961 0.0000000000
214320  -39.665  13.683  32.543 0.0000000000
219117  -41.000  12.771  33.484 0.0000000000
157494  -40.602  12.412  33.643 0.0000000000
157495  -41.353  12.473  33.670 0.0000000000
156672  -42.139  11.694  33.953 0.0000000000
157501  -45.847  12.547  33.565 0.0000000000
156677  -45.709  11.633  33.819 0.0000000000
216352  -46.409  11.734  33.805 0.0000000000
155872  -47.626  11.123  34.193 0.0000000000
231273  -47.064  11.978  33.926 0.0000000000
219151  -41.435  23.686  30.612 0.0000000000
168378  -41.379  23.567  31.408 0.0000000000
220977  -41.056  23.317  33.322 0.0000000000
168348  -41.701  23.572  33.479 0.0000000000
213630  -47.525  24.202  29.533 0.0000000000
197302  -46.903  24.210  29.714 0.0000000000
169227  -47.252  24.181  30.303 0.0000000000
201205  -47.658  19.023  32.050 0.0000000000
164189  -47.143  19.983  31.904 0.0000000000
213187  -46.860  18.873  31.879 0.0000000000
208574  -46.112  18.663  31.647 0.0000000000
204855  -46.572  18.096  31.813 0.0000000000
161979  -46.814  17.290  31.754 0.0000000000
161980  -47.449  17.193  31.996 0.0000000000
157511  -51.224  12.363  32.488 0.0000000000
158268  -50.594  12.880  32.807 0.0000000000
156700  -51.214  11.765  32.632 0.0000000000
155897  -50.923  10.869  32.355 0.0000000000
155122  -50.568  10.303  32.535 0.0000000000
155901  -50.624  10.668  31.871 0.0000000000
156729  -48.338  11.634  27.536 0.0000000000
155928  -47.321  11.150  28.659 0.0000000000
156719  -47.055  11.405  28.034 0.0000000000
155933  -46.449  11.283  27.985 0.0000000000
156727  -46.692  11.433  27.443 0.0000000000
159081  -47.554  13.929  27.287 0.0000000000
159110  -48.052  13.603  26.629 0.0000000000
158402  -45.252  13.467  21.983 0.0000000000
197148  -45.389  12.773  22.270 0.0000000000
157600  -44.749  12.705  22.311 0.0000000000
156802  -44.276  12.132  22.881 0.0000000000
157599  -43.575  12.195  22.780 0.0000000000
157598  -42.886  12.334  22.595 0.0000000000
157615  -43.551  12.666  22.148 0.0000000000
146361  -51.614  3.155  35.947 0.0000000000
207785  -47.787  6.356  33.098 0.0000000000
151362  -47.521  6.821  32.876 0.0000000000
167619  -50.738  23.097  24.042 0.0000000000
212341  -50.522  23.914  24.490 0.0000000000
167618  -50.609  23.265  24.497 0.0000000000
166766  -49.104  21.831  25.472 0.0000000000
166768  -49.947  22.543  25.722 0.0000000000
166763  -49.462  22.157  26.083 0.0000000000
166759  -49.471  22.307  26.913 0.0000000000
166758  -49.005  22.002  26.673 0.0000000000
165902  -48.581  21.642  27.124 0.0000000000
193797  -48.256  21.721  26.402 0.0000000000
165900  -47.032  21.116  26.540 0.0000000000
210746  -43.771  5.379  32.339 0.0000000000
151348  -44.603  6.704  33.551 0.0000000000
152357  -43.948  7.450  33.536 0.0000000000
228909  -45.318  30.972  24.011 0.0000000000
169406  -49.955  24.970  17.425 0.0000000000
168516  -49.895  24.187  17.093 0.0000000000
169423  -48.831  24.437  16.542 0.0000000000
159796  -43.772  14.837  31.878 0.0000000000
159768  -43.342  14.441  32.285 0.0000000000
159769  -44.018  14.378  32.411 0.0000000000
229959  -44.691  13.822  32.701 0.0000000000
159770  -44.729  14.255  32.440 0.0000000000
170112  -39.478  25.004  24.268 0.0000000000
169256  -42.370  24.337  28.520 0.0000000000
165875  -49.401  21.373  31.260 0.0000000000
166706  -48.709  22.185  32.308 0.0000000000
164966  -49.527  20.497  32.330 0.0000000000
162698  -50.006  18.082  32.396 0.0000000000
163443  -49.562  18.928  32.519 0.0000000000
211625  -49.462  18.489  32.533 0.0000000000
215002  -48.924  18.505  32.507 0.0000000000
162697  -49.310  17.948  32.551 0.0000000000
161234  -49.617  16.748  32.439 0.0000000000
161235  -49.969  16.716  32.260 0.0000000000
159070  -50.966  14.294  31.088 0.0000000000
159068  -51.128  13.583  31.582 0.0000000000
158293  -51.356  12.922  31.901 0.0000000000
157514  -51.800  12.244  31.021 0.0000000000
156706  -51.704  11.865  30.807 0.0000000000
157516  -51.724  12.091  30.284 0.0000000000
157522  -51.628  12.142  27.813 0.0000000000
156724  -51.611  11.967  28.088 0.0000000000
156732  -51.294  11.802  27.454 0.0000000000
192750  -49.811  11.569  27.780 0.0000000000
156739  -50.864  11.668  26.641 0.0000000000
216956  -45.486  23.900  23.609 0.0000000000
169355  -44.947  23.961  23.784 0.0000000000
197218  -45.499  24.105  24.280 0.0000000000
169316  -47.632  24.674  25.727 0.0000000000
169315  -46.898  24.452  25.908 0.0000000000
169300  -48.001  24.874  26.978 0.0000000000
169279  -47.630  24.576  27.600 0.0000000000
169280  -48.289  24.678  27.451 0.0000000000
169318  -49.790  24.170  26.107 0.0000000000
169317  -49.638  24.630  25.885 0.0000000000
167602  -49.420  23.008  28.316 0.0000000000
168428  -49.268  23.705  28.076 0.0000000000
201085  -49.081  23.512  28.663 0.0000000000
220648  -48.611  23.765  28.971 0.0000000000
167593  -49.426  22.788  29.375 0.0000000000
166735  -49.432  22.474  30.072 0.0000000000
166736  -49.729  22.256  29.465 0.0000000000
164219  -49.852  19.458  29.452 0.0000000000
164214  -50.104  19.592  29.801 0.0000000000
163473  -50.141  18.968  29.672 0.0000000000
230982  -50.529  18.184  29.762 0.0000000000
162735  -50.290  18.265  29.472 0.0000000000
162001  -50.286  17.191  29.203 0.0000000000
207404  -50.171  17.838  29.132 0.0000000000
162738  -48.585  17.786  28.602 0.0000000000
162008  -49.002  17.260  28.632 0.0000000000
204451  -48.444  16.670  28.631 0.0000000000
160526  -48.015  15.448  28.388 0.0000000000
164221  -47.488  19.695  28.178 0.0000000000
199653  -48.132  19.365  28.445 0.0000000000
162005  -46.099  17.319  28.325 0.0000000000
148307  -45.331  4.050  32.908 0.0000000000
147376  -45.766  3.254  33.014 0.0000000000
148308  -45.963  4.131  33.248 0.0000000000
148301  -47.604  3.859  34.323 0.0000000000
147367  -47.389  3.180  34.087 0.0000000000
147368  -47.885  3.216  34.532 0.0000000000
146366  -48.107  2.490  34.686 0.0000000000
147362  -48.608  3.298  34.886 0.0000000000
147363  -49.580  3.042  35.350 0.0000000000
147351  -49.232  3.671  35.453 0.0000000000
150304  -48.783  6.070  35.819 0.0000000000
149283  -49.378  4.994  36.075 0.0000000000
213358  -49.158  5.597  36.061 0.0000000000
149278  -50.346  5.345  36.248 0.0000000000
151306  -49.657  6.797  36.368 0.0000000000
195872  -38.584  29.030  26.523 0.0000000000
173531  -37.363  28.891  26.942 0.0000000000
173537  -37.727  28.752  26.279 0.0000000000
172104  -36.976  27.758  25.634 0.0000000000
172812  -38.049  28.258  24.996 0.0000000000
174198  -43.109  29.828  26.059 0.0000000000
173548  -41.999  29.596  25.415 0.0000000000
172821  -40.363  28.280  23.350 0.0000000000
173552  -40.391  28.849  24.358 0.0000000000
172820  -39.770  28.080  23.558 0.0000000000
172111  -38.577  27.634  24.039 0.0000000000
172117  -39.389  27.460  23.262 0.0000000000
170797  -38.955  26.391  23.216 0.0000000000
171471  -39.886  26.719  22.653 0.0000000000
171478  -41.344  26.750  21.411 0.0000000000
170801  -40.528  26.120  21.993 0.0000000000
170125  -41.360  25.446  21.509 0.0000000000
169376  -41.704  24.726  22.296 0.0000000000
170126  -41.977  24.982  21.344 0.0000000000
172838  -44.297  28.742  21.132 0.0000000000
172845  -44.597  28.260  20.627 0.0000000000
170813  -44.169  25.884  19.689 0.0000000000
171490  -43.960  26.335  19.905 0.0000000000
170132  -43.836  25.302  19.819 0.0000000000
169386  -43.056  24.775  20.545 0.0000000000
230374  -43.754  24.078  20.565 0.0000000000
168480  -44.362  23.768  21.411 0.0000000000
168486  -44.627  23.654  20.806 0.0000000000
168494  -46.263  23.774  19.752 0.0000000000
168482  -45.718  23.464  21.038 0.0000000000
194056  -46.300  23.396  20.932 0.0000000000
168473  -47.007  23.356  22.006 0.0000000000
168484  -47.574  23.122  21.490 0.0000000000
219309  -49.343  26.062  18.746 0.0000000000
170820  -48.673  26.153  18.951 0.0000000000
169402  -48.995  24.721  18.709 0.0000000000
167663  -49.534  22.718  20.373 0.0000000000
167676  -48.813  23.026  19.827 0.0000000000
167662  -48.812  22.802  20.517 0.0000000000
167646  -48.700  22.848  21.277 0.0000000000
167636  -49.860  22.987  21.962 0.0000000000
168477  -50.126  23.339  22.686 0.0000000000
231528  -50.304  23.040  22.298 0.0000000000
165980  -51.302  21.378  21.668 0.0000000000
202802  -50.825  21.946  22.080 0.0000000000
165970  -50.864  21.535  22.179 0.0000000000
165958  -50.183  21.602  23.034 0.0000000000
165081  -49.705  20.968  22.715 0.0000000000
165097  -50.005  20.589  22.110 0.0000000000
164304  -51.386  19.577  20.231 0.0000000000
224257  -50.380  19.420  21.206 0.0000000000
197917  -51.075  18.991  20.686 0.0000000000
164303  -50.062  18.824  20.821 0.0000000000
163547  -50.429  18.574  20.169 0.0000000000
202999  -50.702  21.737  17.654 0.0000000000
155115  -41.803  9.824  33.464 0.0000000000
155093  -42.965  10.342  33.976 0.0000000000
154239  -43.192  9.529  33.864 0.0000000000
154240  -43.811  9.266  33.849 0.0000000000
153302  -44.183  8.283  33.777 0.0000000000
200479  -44.419  8.948  33.866 0.0000000000
157497  -43.279  12.642  33.599 0.0000000000
225966  -43.014  12.235  33.853 0.0000000000
157475  -43.590  12.203  33.797 0.0000000000
224222  -45.809  10.426  33.879 0.0000000000
200122  -45.919  9.917  33.989 0.0000000000
153304  -45.645  8.782  34.231 0.0000000000
154224  -46.215  9.295  34.279 0.0000000000
153286  -46.976  8.201  34.859 0.0000000000
194052  -46.817  8.823  34.711 0.0000000000
154227  -48.465  9.621  35.003 0.0000000000
154216  -48.284  8.907  35.346 0.0000000000
154217  -49.040  9.152  35.419 0.0000000000
153280  -49.924  8.412  36.046 0.0000000000
199822  -49.815  9.005  35.647 0.0000000000
166717  -41.036  22.658  33.058 0.0000000000
164975  -40.946  20.605  30.895 0.0000000000
193409  -45.142  24.017  26.478 0.0000000000
169296  -44.296  24.113  26.623 0.0000000000
200108  -45.160  23.918  27.112 0.0000000000
168400  -45.223  24.015  30.060 0.0000000000
168426  -44.704  23.815  28.722 0.0000000000
168399  -44.422  24.100  30.799 0.0000000000
168398  -43.798  23.870  30.430 0.0000000000
168381  -44.512  24.281  31.871 0.0000000000
167556  -47.807  22.680  32.473 0.0000000000
229816  -47.065  23.498  32.343 0.0000000000
166704  -47.094  22.316  32.278 0.0000000000
194544  -45.917  21.902  31.843 0.0000000000
201557  -45.804  22.676  32.276 0.0000000000
167571  -44.990  22.983  32.692 0.0000000000
167551  -43.966  23.385  33.213 0.0000000000
200421  -43.891  22.856  32.902 0.0000000000
166720  -43.277  22.840  33.075 0.0000000000
166731  -43.824  22.285  31.949 0.0000000000
229622  -44.541  18.904  30.994 0.0000000000
164204  -43.938  19.488  30.916 0.0000000000
163465  -44.042  18.872  30.970 0.0000000000
204447  -43.417  19.239  30.888 0.0000000000
211131  -43.952  18.149  30.920 0.0000000000
161996  -43.945  17.425  30.891 0.0000000000
161976  -44.505  17.168  31.032 0.0000000000
201549  -46.650  15.787  31.808 0.0000000000
160476  -45.864  15.347  31.840 0.0000000000
160477  -46.483  14.954  32.224 0.0000000000
208075  -46.312  14.330  32.535 0.0000000000
159050  -46.907  13.968  32.805 0.0000000000
160481  -49.339  15.220  32.418 0.0000000000
160480  -48.872  15.264  32.471 0.0000000000
159775  -48.993  14.554  32.567 0.0000000000
157502  -49.452  12.993  33.484 0.0000000000
159024  -48.886  13.597  33.225 0.0000000000
158244  -49.030  12.979  33.722 0.0000000000
158243  -48.610  12.921  33.780 0.0000000000
157482  -48.798  12.478  33.956 0.0000000000
156680  -48.797  11.703  34.132 0.0000000000
156681  -49.294  11.989  33.975 0.0000000000
201022  -50.473  10.141  34.438 0.0000000000
155857  -50.196  10.114  34.671 0.0000000000
154244  -50.546  9.607  34.610 0.0000000000
153289  -50.636  8.776  35.422 0.0000000000
153308  -50.466  8.709  34.647 0.0000000000
152348  -50.068  7.943  34.527 0.0000000000
153329  -50.170  9.012  33.910 0.0000000000
154265  -49.137  9.075  33.124 0.0000000000
154274  -48.712  9.438  32.707 0.0000000000
153340  -47.688  8.612  32.597 0.0000000000
154273  -48.004  9.240  32.461 0.0000000000
155914  -50.449  11.056  30.421 0.0000000000
194457  -50.002  10.820  30.831 0.0000000000
155913  -49.642  10.849  30.257 0.0000000000
155911  -46.708  10.575  29.802 0.0000000000
155131  -47.876  10.450  30.732 0.0000000000
155137  -46.658  10.218  30.372 0.0000000000
155130  -46.626  9.822  30.872 0.0000000000
155129  -46.075  9.925  30.472 0.0000000000
154282  -45.081  9.168  30.625 0.0000000000
155135  -45.527  9.913  30.077 0.0000000000
194119  -44.679  10.762  28.002 0.0000000000
155146  -44.134  10.127  28.690 0.0000000000
211226  -44.136  10.388  28.180 0.0000000000
155144  -43.019  9.708  27.692 0.0000000000
155148  -43.658  10.237  27.685 0.0000000000
159811  -49.667  15.004  28.778 0.0000000000
159812  -50.064  14.384  28.710 0.0000000000
159083  -49.662  13.715  27.470 0.0000000000
158349  -49.307  13.136  25.102 0.0000000000
158350  -49.875  12.963  25.379 0.0000000000
157559  -49.812  12.418  24.869 0.0000000000
156764  -49.772  11.967  25.023 0.0000000000
156776  -48.659  12.205  24.185 0.0000000000
194506  -46.372  14.005  24.254 0.0000000000
159149  -46.949  13.863  23.193 0.0000000000
157585  -46.108  12.421  23.216 0.0000000000
198892  -46.377  11.855  24.165 0.0000000000
156761  -47.278  11.652  24.652 0.0000000000
156760  -45.983  11.419  25.018 0.0000000000
155947  -45.959  11.322  25.707 0.0000000000
156772  -45.431  11.298  24.695 0.0000000000
155971  -43.734  10.765  24.476 0.0000000000
155958  -43.767  10.512  25.254 0.0000000000
155957  -43.143  10.372  24.892 0.0000000000
226131  -42.744  10.069  25.890 0.0000000000
148285  -51.126  4.392  36.061 0.0000000000
148304  -51.397  4.303  35.179 0.0000000000
148302  -50.071  4.758  34.014 0.0000000000
166786  -50.188  22.130  24.019 0.0000000000
166775  -50.301  22.535  24.564 0.0000000000
165934  -49.561  21.829  24.449 0.0000000000
165918  -49.100  21.694  24.930 0.0000000000
223278  -48.095  21.568  25.733 0.0000000000
161247  -42.878  16.040  31.315 0.0000000000
160501  -43.472  15.449  31.408 0.0000000000
193213  -41.509  24.143  24.181 0.0000000000
192947  -41.706  23.908  24.819 0.0000000000
192786  -43.256  24.129  26.367 0.0000000000
164208  -50.355  19.257  31.260 0.0000000000
209819  -50.064  19.573  32.076 0.0000000000
163455  -50.488  18.729  31.695 0.0000000000
161981  -50.717  17.693  31.669 0.0000000000
212541  -50.617  17.171  31.911 0.0000000000
161236  -50.362  16.663  31.969 0.0000000000
160516  -50.901  16.026  31.091 0.0000000000
159801  -50.932  14.932  30.524 0.0000000000
159073  -51.172  14.220  30.292 0.0000000000
158297  -51.614  12.661  29.790 0.0000000000
159076  -51.334  13.387  29.393 0.0000000000
158299  -51.179  13.286  28.745 0.0000000000
158307  -51.403  12.557  27.588 0.0000000000
169357  -46.742  24.193  23.793 0.0000000000
169356  -46.118  24.092  24.054 0.0000000000
197237  -47.495  24.461  24.185 0.0000000000
192946  -47.750  24.752  24.977 0.0000000000
170105  -48.290  24.995  26.251 0.0000000000
166760  -49.741  22.666  27.127 0.0000000000
168445  -49.759  23.510  27.012 0.0000000000
166755  -49.466  22.607  27.777 0.0000000000
205970  -49.535  21.841  28.784 0.0000000000
165885  -49.603  21.183  29.198 0.0000000000
195274  -49.633  20.693  29.070 0.0000000000
199921  -49.566  20.003  29.106 0.0000000000
164225  -49.675  19.353  29.319 0.0000000000
219823  -49.872  18.167  28.844 0.0000000000
163484  -49.688  18.819  29.128 0.0000000000
210403  -48.903  18.393  28.640 0.0000000000
215592  -46.693  19.129  28.216 0.0000000000
146384  -46.748  1.752  33.887 0.0000000000
149312  -45.774  5.075  33.559 0.0000000000
148299  -46.380  4.651  33.757 0.0000000000
149301  -46.168  5.541  34.002 0.0000000000
203865  -46.828  5.066  34.225 0.0000000000
148292  -47.491  4.657  34.577 0.0000000000
149294  -48.199  4.759  35.052 0.0000000000
220102  -47.837  5.479  35.136 0.0000000000
150303  -48.116  6.055  35.472 0.0000000000
151311  -47.780  6.767  35.466 0.0000000000
193211  -39.361  29.217  26.528 0.0000000000
173555  -43.162  29.424  24.429 0.0000000000
194007  -41.877  29.275  24.734 0.0000000000
173554  -42.421  29.180  24.307 0.0000000000
224390  -41.600  28.763  23.376 0.0000000000
172823  -40.560  28.005  22.844 0.0000000000
172125  -40.269  27.364  22.578 0.0000000000
172134  -41.193  27.797  22.097 0.0000000000
172135  -41.643  27.779  21.737 0.0000000000
204824  -42.567  27.691  21.128 0.0000000000
173592  -46.593  29.778  20.497 0.0000000000
172149  -44.951  27.732  20.223 0.0000000000
172150  -45.616  27.946  20.030 0.0000000000
171492  -45.071  26.665  19.651 0.0000000000
170134  -45.079  25.143  19.498 0.0000000000
169389  -44.894  23.968  20.136 0.0000000000
170135  -45.860  24.931  19.272 0.0000000000
169395  -46.246  24.348  19.384 0.0000000000
169396  -46.874  24.203  19.324 0.0000000000
169403  -49.866  25.010  18.387 0.0000000000
168501  -49.593  24.180  18.679 0.0000000000
168498  -49.872  23.476  19.077 0.0000000000
167664  -50.105  22.515  20.468 0.0000000000
192580  -50.398  22.666  21.857 0.0000000000
167649  -50.509  22.372  21.013 0.0000000000
166835  -51.041  21.918  20.768 0.0000000000
165989  -51.379  21.261  21.045 0.0000000000
165111  -51.327  20.662  21.317 0.0000000000
165121  -51.410  20.466  20.645 0.0000000000
165133  -51.413  20.463  19.988 0.0000000000
205740  -51.325  20.144  19.394 0.0000000000
159065  -39.415  14.186  32.034 0.0000000000
159042  -38.974  13.546  32.570 0.0000000000
231832  -39.008  13.038  33.086 0.0000000000
157493  -39.821  12.294  33.526 0.0000000000
155091  -41.432  10.432  33.762 0.0000000000
155866  -41.803  11.052  33.850 0.0000000000
155867  -42.573  11.085  34.055 0.0000000000
155868  -43.492  11.116  34.084 0.0000000000
157499  -44.444  12.530  33.447 0.0000000000
157476  -44.192  12.128  33.749 0.0000000000
156676  -45.143  11.748  33.901 0.0000000000
194074  -46.120  11.008  33.802 0.0000000000
195359  -46.410  10.291  33.677 0.0000000000
154225  -47.018  9.660  34.509 0.0000000000
226853  -47.383  10.052  34.430 0.0000000000
155082  -47.646  10.420  34.298 0.0000000000
218472  -48.730  10.556  34.488 0.0000000000
168347  -40.711  22.983  33.244 0.0000000000
166702  -41.445  23.026  33.795 0.0000000000
166718  -41.787  22.667  33.149 0.0000000000
231975  -46.278  24.044  27.641 0.0000000000
168436  -45.343  23.835  27.967 0.0000000000
168416  -46.245  24.103  28.517 0.0000000000
169241  -46.113  24.114  29.861 0.0000000000
169225  -45.701  24.178  30.725 0.0000000000
164965  -47.970  20.891  31.817 0.0000000000
229797  -47.018  21.952  32.016 0.0000000000
215378  -47.244  20.741  31.671 0.0000000000
164964  -46.506  20.716  31.559 0.0000000000
218730  -45.328  20.730  31.303 0.0000000000
165874  -44.650  20.951  31.084 0.0000000000
164206  -45.383  19.541  31.115 0.0000000000
163466  -45.028  18.955  31.085 0.0000000000
162727  -45.374  18.477  31.267 0.0000000000
162705  -45.016  17.749  31.169 0.0000000000
161978  -46.090  17.349  31.548 0.0000000000
161250  -46.376  16.602  31.487 0.0000000000
160478  -47.313  15.127  32.085 0.0000000000
158288  -50.031  13.767  32.776 0.0000000000
159025  -49.496  13.733  33.092 0.0000000000
227251  -50.174  13.175  32.986 0.0000000000
226307  -50.037  12.840  33.217 0.0000000000
197768  -49.616  12.504  33.661 0.0000000000
228229  -49.816  11.900  33.879 0.0000000000
156682  -50.317  11.410  33.929 0.0000000000
155891  -50.671  10.772  33.735 0.0000000000
155119  -50.602  10.128  33.869 0.0000000000
154266  -49.966  9.355  33.242 0.0000000000
155118  -50.466  9.969  33.215 0.0000000000
155117  -49.976  9.874  32.680 0.0000000000
155121  -49.147  9.922  32.307 0.0000000000
156713  -48.899  11.354  28.811 0.0000000000
210479  -48.771  11.289  29.417 0.0000000000
156712  -48.158  11.274  28.877 0.0000000000
155919  -47.559  11.115  29.240 0.0000000000
155918  -46.816  10.859  29.162 0.0000000000
155142  -45.545  10.142  29.458 0.0000000000
221799  -46.163  10.801  28.846 0.0000000000
155931  -45.326  10.940  27.785 0.0000000000
198356  -44.763  10.855  27.312 0.0000000000
159821  -48.687  14.210  27.863 0.0000000000
159112  -49.523  13.427  26.773 0.0000000000
159111  -48.794  13.457  26.714 0.0000000000
158323  -48.696  13.428  25.848 0.0000000000
158348  -48.623  13.361  24.847 0.0000000000
159161  -45.806  13.721  22.411 0.0000000000
159163  -46.904  13.586  22.798 0.0000000000
209219  -45.912  13.373  22.306 0.0000000000
157584  -45.677  12.499  22.650 0.0000000000
156788  -45.402  11.874  23.422 0.0000000000
219144  -44.952  11.136  24.400 0.0000000000
156787  -44.550  11.621  23.521 0.0000000000
156786  -43.857  11.169  23.880 0.0000000000
221105  -43.263  10.952  24.075 0.0000000000
155982  -41.964  10.948  24.023 0.0000000000
156785  -42.442  11.445  23.603 0.0000000000
156799  -42.261  11.997  23.067 0.0000000000
145344  -51.297  2.120  34.341 0.0000000000
169360  -49.739  24.458  23.894 0.0000000000
169346  -49.689  24.777  24.554 0.0000000000
169361  -50.269  24.218  24.105 0.0000000000
168450  -50.373  23.808  25.082 0.0000000000
168448  -50.100  23.695  25.749 0.0000000000
206914  -50.004  22.335  25.066 0.0000000000
165895  -48.882  21.338  27.792 0.0000000000
164997  -48.704  20.627  28.232 0.0000000000
165003  -47.875  20.426  27.891 0.0000000000
165008  -47.298  20.871  27.268 0.0000000000
147387  -44.649  3.189  32.405 0.0000000000
148318  -44.672  4.085  32.518 0.0000000000
149323  -44.907  4.862  32.990 0.0000000000
150346  -44.109  5.955  32.883 0.0000000000
221499  -44.634  5.552  33.066 0.0000000000
149311  -45.169  5.520  33.352 0.0000000000
150337  -45.221  6.282  33.652 0.0000000000
151337  -45.050  6.851  33.809 0.0000000000
151338  -45.626  6.707  34.067 0.0000000000
174205  -44.140  29.987  25.081 0.0000000000
174210  -43.963  29.854  24.522 0.0000000000
202002  -44.482  30.082  24.061 0.0000000000
214896  -44.830  30.579  23.225 0.0000000000
171496  -48.430  27.565  19.323 0.0000000000
170823  -49.962  26.079  17.850 0.0000000000
169404  -50.098  25.123  17.792 0.0000000000
168504  -50.201  24.671  17.634 0.0000000000
168507  -50.383  24.103  17.507 0.0000000000
214832  -50.754  22.486  18.274 0.0000000000
167699  -50.248  23.717  17.261 0.0000000000
197127  -49.835  23.600  16.901 0.0000000000
159047  -43.659  13.870  32.676 0.0000000000
159018  -43.954  13.355  32.869 0.0000000000
158261  -44.927  13.099  33.198 0.0000000000
158262  -45.646  13.084  33.341 0.0000000000
158263  -46.442  12.979  33.381 0.0000000000
202278  -41.809  23.786  30.005 0.0000000000
168396  -42.603  23.850  30.395 0.0000000000
168383  -48.094  23.806  31.011 0.0000000000
168382  -47.674  23.890  31.433 0.0000000000
167573  -48.304  22.898  32.242 0.0000000000
227878  -48.329  22.315  32.454 0.0000000000
165850  -48.500  21.235  32.235 0.0000000000
164182  -49.629  19.861  32.422 0.0000000000
206958  -48.883  20.089  32.456 0.0000000000
164953  -48.410  20.324  32.205 0.0000000000
163453  -48.026  19.732  32.084 0.0000000000
214341  -48.464  19.103  32.291 0.0000000000
162695  -48.093  18.342  32.264 0.0000000000
161963  -48.174  17.455  32.296 0.0000000000
161964  -49.005  17.380  32.512 0.0000000000
210399  -49.280  16.008  32.436 0.0000000000
159777  -49.803  15.062  32.355 0.0000000000
160482  -50.079  15.964  32.064 0.0000000000
159778  -50.364  15.166  31.999 0.0000000000
159055  -50.158  14.333  32.327 0.0000000000
158292  -50.713  13.604  32.312 0.0000000000
157512  -51.565  12.394  31.999 0.0000000000
155903  -51.526  11.570  31.543 0.0000000000
155902  -51.131  11.119  31.667 0.0000000000
155909  -51.628  11.680  31.077 0.0000000000
155915  -51.168  11.376  30.610 0.0000000000
156708  -50.886  11.416  29.983 0.0000000000
157518  -51.628  12.119  29.392 0.0000000000
156716  -51.310  11.754  29.495 0.0000000000
156715  -50.639  11.486  29.226 0.0000000000
156722  -49.368  11.443  28.343 0.0000000000
156730  -49.140  11.559  27.620 0.0000000000
156737  -48.167  11.652  26.729 0.0000000000
159125  -47.153  13.850  25.570 0.0000000000
197290  -46.482  13.864  26.196 0.0000000000
159131  -45.994  13.881  25.062 0.0000000000
192722  -45.655  13.969  24.244 0.0000000000
159147  -45.786  14.024  23.161 0.0000000000
193467  -45.146  14.204  22.497 0.0000000000
158419  -45.030  13.983  21.974 0.0000000000
158418  -44.739  13.907  21.600 0.0000000000
169353  -44.009  23.729  23.415 0.0000000000
169327  -44.124  23.978  24.571 0.0000000000
169340  -44.365  23.914  23.909 0.0000000000
224742  -45.121  24.170  25.813 0.0000000000
194523  -45.889  24.153  26.230 0.0000000000
169329  -46.255  24.437  25.558 0.0000000000
230533  -46.421  24.330  26.047 0.0000000000
169298  -46.330  24.037  27.102 0.0000000000
191864  -46.864  24.278  27.623 0.0000000000
169243  -47.658  24.412  28.839 0.0000000000
169244  -47.936  24.234  29.322 0.0000000000
169332  -49.254  24.996  25.207 0.0000000000
170097  -49.260  24.827  26.132 0.0000000000
170087  -49.110  24.633  26.653 0.0000000000
168437  -49.398  23.894  27.428 0.0000000000
192139  -49.090  24.372  27.253 0.0000000000
169281  -48.659  24.526  27.724 0.0000000000
169261  -48.483  24.324  28.335 0.0000000000
169245  -48.277  24.108  29.006 0.0000000000
197664  -48.185  23.987  30.272 0.0000000000
167585  -48.846  22.858  30.712 0.0000000000
166732  -49.108  22.106  30.969 0.0000000000
165876  -49.836  20.888  30.636 0.0000000000
165878  -49.770  21.087  29.767 0.0000000000
164986  -50.031  20.282  29.985 0.0000000000
164207  -50.240  19.702  30.557 0.0000000000
163474  -50.530  18.586  29.930 0.0000000000
215891  -50.548  17.792  29.764 0.0000000000
200222  -50.645  16.271  29.517 0.0000000000
160523  -50.612  15.515  29.488 0.0000000000
161274  -50.399  16.533  29.229 0.0000000000
160529  -49.781  15.949  28.979 0.0000000000
160528  -49.210  15.541  28.712 0.0000000000
162009  -49.847  17.411  28.763 0.0000000000
210735  -49.308  16.506  28.766 0.0000000000
159810  -49.110  14.746  28.317 0.0000000000
159809  -48.332  14.762  28.219 0.0000000000
159820  -47.915  14.231  27.887 0.0000000000
159819  -47.140  14.376  27.790 0.0000000000
163482  -48.469  18.883  28.560 0.0000000000
208691  -48.156  18.265  28.455 0.0000000000
212145  -46.864  18.325  28.406 0.0000000000
228192  -47.465  18.100  28.476 0.0000000000
204452  -47.719  16.930  28.596 0.0000000000
146382  -45.492  2.299  33.148 0.0000000000
222884  -46.027  2.578  33.316 0.0000000000
210555  -46.457  2.391  33.725 0.0000000000
148309  -46.573  3.858  33.483 0.0000000000
147378  -46.866  3.158  33.679 0.0000000000
146375  -47.093  2.240  34.114 0.0000000000
145342  -48.814  1.558  34.691 0.0000000000
145332  -49.677  2.145  34.984 0.0000000000
146369  -50.498  2.601  35.599 0.0000000000
146359  -50.321  2.869  35.886 0.0000000000
210945  -50.717  3.286  36.297 0.0000000000
148282  -48.959  4.518  35.565 0.0000000000
148283  -49.789  4.289  35.889 0.0000000000
148284  -50.685  4.092  36.218 0.0000000000
148276  -50.679  4.834  36.029 0.0000000000
149279  -50.676  5.480  36.128 0.0000000000
151308  -50.602  6.338  36.133 0.0000000000
173545  -39.433  28.959  25.390 0.0000000000
173547  -41.275  29.385  25.131 0.0000000000
173551  -39.886  28.933  24.847 0.0000000000
172813  -39.137  28.693  24.763 0.0000000000
172815  -38.290  27.925  24.514 0.0000000000
172110  -38.034  27.307  24.279 0.0000000000
170791  -38.206  26.097  24.341 0.0000000000
170792  -38.581  25.671  24.251 0.0000000000
170115  -39.426  25.309  23.647 0.0000000000
170116  -40.040  24.936  23.662 0.0000000000
170799  -40.068  26.104  22.443 0.0000000000
170121  -40.406  25.469  22.307 0.0000000000
169349  -40.711  24.688  23.252 0.0000000000
169363  -41.366  24.591  22.808 0.0000000000
169364  -42.162  24.357  22.636 0.0000000000
169365  -42.968  24.046  22.774 0.0000000000
173570  -44.100  29.440  22.304 0.0000000000
172837  -43.626  28.519  21.336 0.0000000000
172143  -43.218  27.880  20.932 0.0000000000
220289  -42.885  27.347  20.679 0.0000000000
205554  -44.270  27.542  20.333 0.0000000000
171483  -43.540  26.519  20.193 0.0000000000
170809  -42.522  26.001  20.498 0.0000000000
169382  -42.547  24.878  20.937 0.0000000000
169383  -43.107  24.208  21.580 0.0000000000
169366  -43.699  23.786  22.902 0.0000000000
168458  -44.078  23.732  22.473 0.0000000000
168459  -44.728  23.636  22.735 0.0000000000
168460  -45.420  23.679  22.979 0.0000000000
168487  -45.290  23.628  20.515 0.0000000000
194042  -45.488  23.486  21.738 0.0000000000
228280  -46.029  23.740  22.909 0.0000000000
212070  -46.450  23.549  22.526 0.0000000000
168462  -47.259  23.628  22.675 0.0000000000
168463  -48.117  23.678  22.804 0.0000000000
212809  -47.798  26.272  19.140 0.0000000000
169400  -47.230  24.964  18.947 0.0000000000
169397  -47.515  23.790  19.417 0.0000000000
231114  -48.807  23.955  18.946 0.0000000000
168496  -48.276  23.475  19.483 0.0000000000
191814  -47.462  23.283  19.835 0.0000000000
167634  -48.275  22.999  21.738 0.0000000000
168475  -48.581  23.321  22.355 0.0000000000
168464  -48.982  23.782  22.900 0.0000000000
168465  -49.759  23.793  23.026 0.0000000000
168467  -50.343  23.273  23.199 0.0000000000
167626  -50.476  22.906  23.226 0.0000000000
166813  -50.621  22.440  22.197 0.0000000000
219952  -50.588  22.490  22.747 0.0000000000
166787  -50.514  22.403  23.648 0.0000000000
165948  -50.129  21.895  23.499 0.0000000000
165957  -49.528  21.370  23.186 0.0000000000
225369  -50.581  20.197  21.519 0.0000000000
166866  -50.834  21.845  18.314 0.0000000000
165147  -51.134  19.988  18.555 0.0000000000
153324  -43.178  8.246  33.431 0.0000000000
155116  -42.530  9.713  33.576 0.0000000000
154263  -42.792  8.941  33.491 0.0000000000
200809  -43.790  7.963  33.584 0.0000000000
152343  -44.330  7.847  33.750 0.0000000000
152344  -44.982  7.849  33.920 0.0000000000
208007  -45.783  7.237  34.305 0.0000000000
157474  -42.412  12.188  33.837 0.0000000000
229084  -43.362  11.828  34.015 0.0000000000
215055  -44.207  10.717  34.017 0.0000000000
156675  -44.625  11.598  34.000 0.0000000000
155095  -44.575  10.211  33.975 0.0000000000
202597  -45.076  8.925  34.009 0.0000000000
152345  -45.745  7.951  34.211 0.0000000000
152326  -46.251  7.384  34.626 0.0000000000
219482  -46.733  7.167  34.905 0.0000000000
204779  -47.225  7.281  35.236 0.0000000000
152320  -47.892  7.472  35.660 0.0000000000
154226  -47.625  9.258  34.929 0.0000000000
153278  -48.114  8.179  35.550 0.0000000000
152321  -48.706  7.714  35.926 0.0000000000
152314  -49.856  7.434  36.398 0.0000000000
152315  -50.277  7.558  36.323 0.0000000000
152323  -50.575  7.588  36.011 0.0000000000
164974  -40.257  20.553  30.928 0.0000000000
209179  -41.330  19.927  30.603 0.0000000000
164202  -41.705  19.347  30.676 0.0000000000
169312  -43.929  24.049  25.294 0.0000000000
194085  -43.658  24.188  27.144 0.0000000000
168435  -44.636  23.816  27.946 0.0000000000
168425  -43.921  23.889  28.470 0.0000000000
169257  -43.415  24.088  28.189 0.0000000000
168413  -42.949  23.911  29.601 0.0000000000
168379  -43.192  23.890  30.954 0.0000000000
194503  -42.633  23.819  31.655 0.0000000000
169210  -47.153  24.015  31.761 0.0000000000
169209  -46.492  24.094  31.910 0.0000000000
169208  -45.738  24.024  32.130 0.0000000000
167554  -46.488  22.877  32.448 0.0000000000
167553  -45.623  23.238  32.758 0.0000000000
169207  -45.016  24.128  32.367 0.0000000000
168365  -43.909  24.064  32.612 0.0000000000
168364  -43.154  23.809  32.610 0.0000000000
168349  -42.500  23.560  33.573 0.0000000000
167550  -42.704  23.247  33.711 0.0000000000
166719  -42.500  22.730  33.193 0.0000000000
165872  -42.734  21.551  31.166 0.0000000000
164978  -43.861  20.856  30.876 0.0000000000
214719  -43.221  20.944  30.758 0.0000000000
164977  -42.556  20.581  30.735 0.0000000000
164203  -42.770  19.652  30.731 0.0000000000
204448  -42.807  18.978  30.750 0.0000000000
210404  -42.690  18.323  30.659 0.0000000000
161268  -43.429  17.035  30.992 0.0000000000
161975  -44.008  16.686  31.006 0.0000000000
160503  -44.569  15.485  31.533 0.0000000000
227898  -45.090  16.495  31.336 0.0000000000
212367  -45.245  15.897  31.521 0.0000000000
159798  -45.149  14.912  31.947 0.0000000000
159771  -45.523  14.300  32.468 0.0000000000
159021  -46.210  13.476  33.182 0.0000000000
158241  -47.269  12.878  33.435 0.0000000000
218645  -48.196  16.129  32.277 0.0000000000
160479  -48.145  15.344  32.344 0.0000000000
221483  -47.764  14.675  32.431 0.0000000000
159053  -49.184  14.057  32.814 0.0000000000
159052  -48.616  14.015  32.822 0.0000000000
159051  -47.809  14.090  32.760 0.0000000000
158264  -47.761  13.299  33.331 0.0000000000
158242  -48.026  12.866  33.590 0.0000000000
157480  -47.535  12.400  33.768 0.0000000000
155873  -48.249  11.455  34.266 0.0000000000
156661  -48.787  11.057  34.411 0.0000000000
155855  -49.248  10.592  34.579 0.0000000000
156663  -49.823  11.302  34.285 0.0000000000
155076  -49.962  9.904  34.846 0.0000000000
154218  -50.009  9.451  35.247 0.0000000000
154220  -50.476  8.967  35.577 0.0000000000
152331  -50.440  8.125  35.761 0.0000000000
152330  -50.473  7.460  35.474 0.0000000000
152329  -49.974  7.283  34.744 0.0000000000
152347  -49.428  7.397  34.090 0.0000000000
153306  -48.977  7.752  33.719 0.0000000000
153328  -49.629  8.728  33.532 0.0000000000
153327  -48.842  8.392  33.423 0.0000000000
152359  -48.413  7.645  33.418 0.0000000000
152358  -47.753  7.452  33.046 0.0000000000
153339  -47.063  8.264  32.226 0.0000000000
192039  -49.978  10.653  31.436 0.0000000000
155900  -49.175  10.403  31.645 0.0000000000
227992  -48.436  10.683  30.634 0.0000000000
155905  -48.442  10.529  31.238 0.0000000000
155126  -48.430  10.049  31.782 0.0000000000
222814  -47.074  9.237  31.706 0.0000000000
153345  -46.670  8.627  31.786 0.0000000000
208941  -46.182  8.067  31.632 0.0000000000
153348  -45.451  8.582  31.031 0.0000000000
197540  -44.505  8.994  30.411 0.0000000000
155134  -44.852  9.951  29.773 0.0000000000
154290  -44.165  9.758  29.697 0.0000000000
159084  -50.319  13.523  27.797 0.0000000000
158327  -51.221  12.627  26.529 0.0000000000
158325  -50.028  13.117  26.124 0.0000000000
158326  -50.636  12.941  26.276 0.0000000000
156750  -50.559  12.002  25.713 0.0000000000
156748  -49.742  11.682  25.593 0.0000000000
192866  -48.871  11.656  25.968 0.0000000000
156747  -47.955  11.649  25.988 0.0000000000
159133  -47.869  13.561  24.716 0.0000000000
157603  -47.339  13.413  22.955 0.0000000000
157586  -48.025  12.889  23.051 0.0000000000
157572  -48.381  12.571  23.403 0.0000000000
218343  -47.982  11.795  24.633 0.0000000000
156762  -47.602  11.617  25.322 0.0000000000
192724  -47.157  11.607  26.049 0.0000000000
192582  -46.437  11.472  26.204 0.0000000000
155937  -45.105  10.935  26.594 0.0000000000
155936  -44.399  10.662  26.683 0.0000000000
155960  -44.908  11.031  25.042 0.0000000000
155945  -44.085  10.567  25.993 0.0000000000
205982  -43.822  10.381  26.582 0.0000000000
145331  -48.894  1.904  34.827 0.0000000000
145333  -50.779  2.361  35.110 0.0000000000
145343  -50.165  2.025  34.446 0.0000000000
146360  -50.979  2.926  36.127 0.0000000000
146368  -49.717  2.515  35.160 0.0000000000
146370  -51.320  2.691  35.690 0.0000000000
146376  -47.587  1.873  34.505 0.0000000000
148277  -50.798  4.960  35.866 0.0000000000
148294  -48.683  4.083  35.042 0.0000000000
148295  -50.981  4.783  35.357 0.0000000000
148296  -51.327  4.363  35.748 0.0000000000
149277  -49.758  5.477  36.340 0.0000000000
149284  -50.782  5.490  36.044 0.0000000000
149300  -45.635  5.750  33.683 0.0000000000
150300  -50.166  6.087  36.340 0.0000000000
150305  -49.423  6.127  36.238 0.0000000000
150306  -50.680  6.150  35.906 0.0000000000
150319  -49.871  6.168  34.826 0.0000000000
150331  -49.978  5.684  34.808 0.0000000000
150338  -47.930  5.812  33.059 0.0000000000
151305  -49.176  7.286  36.240 0.0000000000
151312  -48.470  7.096  35.896 0.0000000000
151313  -48.999  6.690  36.041 0.0000000000
151314  -50.668  6.928  35.990 0.0000000000
151347  -44.142  7.024  33.485 0.0000000000
151350  -48.592  6.629  33.715 0.0000000000
152316  -50.507  7.290  36.188 0.0000000000
152322  -49.490  7.896  36.261 0.0000000000
152327  -46.812  7.678  34.881 0.0000000000
152346  -48.766  7.179  33.724 0.0000000000
152373  -47.402  7.883  32.652 0.0000000000
152380  -45.744  8.132  31.311 0.0000000000
153273  -50.109  7.949  36.262 0.0000000000
153274  -50.419  7.949  36.129 0.0000000000
153281  -50.042  8.775  35.824 0.0000000000
153282  -50.396  8.520  35.816 0.0000000000
153287  -47.518  8.540  35.101 0.0000000000
153303  -44.711  8.359  33.862 0.0000000000
153305  -46.136  8.606  34.475 0.0000000000
153309  -50.630  9.002  34.900 0.0000000000
153326  -48.049  8.206  33.082 0.0000000000
153344  -46.048  8.639  31.384 0.0000000000
153347  -44.848  8.476  30.663 0.0000000000
154219  -50.291  9.078  35.601 0.0000000000
154229  -50.629  9.282  35.257 0.0000000000
154241  -44.879  9.591  34.008 0.0000000000
154242  -45.497  9.471  34.106 0.0000000000
154264  -43.350  8.878  33.660 0.0000000000
154267  -50.413  9.571  33.873 0.0000000000
154277  -46.534  9.239  31.293 0.0000000000
154278  -47.169  9.690  31.328 0.0000000000
154279  -47.686  9.623  31.925 0.0000000000
154283  -45.578  9.598  30.588 0.0000000000
154284  -46.117  9.570  30.866 0.0000000000
155084  -48.300  10.240  34.594 0.0000000000
155085  -49.646  9.984  34.824 0.0000000000
155086  -50.409  9.677  34.919 0.0000000000
155125  -47.228  10.123  30.807 0.0000000000
155138  -47.291  10.513  30.272 0.0000000000
155140  -43.863  9.829  29.095 0.0000000000
155141  -44.432  10.073  29.189 0.0000000000
155145  -43.562  9.927  28.398 0.0000000000
155153  -43.293  10.139  26.969 0.0000000000
155169  -43.087  10.329  25.519 0.0000000000
155856  -49.828  10.527  34.621 0.0000000000
155869  -44.225  11.202  34.033 0.0000000000
155870  -45.443  10.751  33.942 0.0000000000
155908  -51.401  11.341  31.086 0.0000000000
155912  -48.763  10.928  30.102 0.0000000000
155917  -46.120  10.555  29.345 0.0000000000
155921  -49.370  11.089  29.730 0.0000000000
155925  -45.205  10.743  28.331 0.0000000000
155926  -45.883  10.946  28.285 0.0000000000
155932  -46.003  11.218  27.594 0.0000000000
155935  -43.945  10.435  27.129 0.0000000000
155938  -45.761  11.235  26.432 0.0000000000
155959  -44.378  10.782  25.398 0.0000000000
155970  -42.944  10.694  24.413 0.0000000000
155972  -44.393  10.850  24.742 0.0000000000
155983  -42.682  10.950  23.978 0.0000000000
156671  -41.399  11.607  33.871 0.0000000000
156678  -46.986  11.404  33.939 0.0000000000
156679  -47.731  11.861  34.053 0.0000000000
156701  -51.602  11.899  32.060 0.0000000000
156705  -51.542  11.652  30.696 0.0000000000
156709  -51.421  11.692  30.209 0.0000000000
156714  -49.629  11.274  29.093 0.0000000000
156717  -51.636  11.896  28.973 0.0000000000
156720  -47.817  11.520  28.151 0.0000000000
156723  -51.300  11.698  28.515 0.0000000000
156726  -46.215  11.386  26.924 0.0000000000
156731  -50.534  11.671  27.506 0.0000000000
156733  -51.610  11.977  27.279 0.0000000000
156735  -46.901  11.564  26.763 0.0000000000
156736  -47.498  11.659  26.588 0.0000000000
156738  -48.978  11.614  26.843 0.0000000000
156740  -51.312  11.911  26.665 0.0000000000
156749  -50.442  11.847  25.721 0.0000000000
156759  -45.414  11.215  25.364 0.0000000000
156765  -50.055  11.924  25.350 0.0000000000
156774  -47.025  11.903  24.086 0.0000000000
156777  -49.380  12.421  24.367 0.0000000000
156789  -45.953  11.892  23.845 0.0000000000
156790  -46.632  12.248  23.657 0.0000000000
156791  -47.498  12.457  23.496 0.0000000000
156800  -42.994  11.807  23.164 0.0000000000
157473  -41.730  12.144  33.838 0.0000000000
157477  -44.793  12.153  33.813 0.0000000000
157478  -45.399  12.117  33.719 0.0000000000
157483  -50.213  12.137  33.514 0.0000000000
157503  -50.746  12.302  33.021 0.0000000000
157520  -51.757  12.090  28.551 0.0000000000
157523  -51.573  12.201  27.243 0.0000000000
157529  -51.142  12.095  26.231 0.0000000000
157561  -50.283  12.300  25.574 0.0000000000
157573  -49.039  12.748  23.611 0.0000000000
157601  -45.657  13.037  22.216 0.0000000000
157602  -46.054  12.883  22.710 0.0000000000
157614  -42.880  12.820  21.902 0.0000000000
158254  -39.388  12.700  33.361 0.0000000000
158255  -40.234  12.859  33.306 0.0000000000
158257  -42.371  12.940  33.353 0.0000000000
158258  -42.982  13.019  33.369 0.0000000000
158260  -44.270  12.944  33.145 0.0000000000
158265  -48.430  13.245  33.457 0.0000000000
158266  -49.263  13.317  33.392 0.0000000000
158285  -40.260  13.418  32.763 0.0000000000
158289  -50.393  13.331  32.771 0.0000000000
158302  -51.005  13.126  28.056 0.0000000000
158303  -51.503  12.571  28.264 0.0000000000
158304  -50.141  13.264  26.903 0.0000000000
158306  -51.085  12.938  27.283 0.0000000000
158328  -51.424  12.476  27.014 0.0000000000
158351  -50.240  12.881  25.874 0.0000000000
158352  -50.729  12.416  25.966 0.0000000000
158365  -49.213  13.136  24.225 0.0000000000
158366  -49.668  12.894  24.741 0.0000000000
158367  -50.010  12.551  25.189 0.0000000000
158390  -47.401  13.561  22.884 0.0000000000
158391  -47.934  13.384  22.927 0.0000000000
158404  -46.610  13.423  22.765 0.0000000000
158416  -43.500  13.268  21.515 0.0000000000
159019  -44.656  13.486  32.919 0.0000000000
159022  -47.415  13.674  33.095 0.0000000000
159049  -45.167  13.870  32.785 0.0000000000
159071  -51.412  13.527  30.841 0.0000000000
159074  -51.447  13.447  30.079 0.0000000000
159109  -47.195  13.837  26.549 0.0000000000
159138  -47.034  13.878  23.701 0.0000000000
159148  -46.397  13.827  22.944 0.0000000000
159150  -47.673  13.703  23.128 0.0000000000
159162  -46.395  13.564  22.578 0.0000000000
159173  -44.407  14.488  21.314 0.0000000000
159184  -44.267  14.413  20.987 0.0000000000
159776  -49.393  14.598  32.565 0.0000000000
159803  -50.809  14.789  29.537 0.0000000000
159822  -49.716  14.295  28.108 0.0000000000
160502  -44.048  15.256  31.554 0.0000000000
160504  -47.532  15.929  32.085 0.0000000000
160505  -50.542  15.986  31.666 0.0000000000
160522  -50.426  15.934  29.240 0.0000000000
160525  -47.245  15.632  28.433 0.0000000000
160527  -48.653  15.252  28.494 0.0000000000
161248  -43.452  16.308  31.164 0.0000000000
161249  -45.934  16.066  31.577 0.0000000000
161252  -47.826  16.698  32.147 0.0000000000
161269  -50.895  16.569  30.704 0.0000000000
161271  -50.846  16.543  30.095 0.0000000000
161275  -50.596  16.899  29.480 0.0000000000
161287  -45.594  16.115  28.242 0.0000000000
161965  -49.517  17.382  32.520 0.0000000000
161966  -49.869  17.325  32.442 0.0000000000
161967  -50.429  17.673  32.325 0.0000000000
161977  -45.036  16.979  31.217 0.0000000000
161994  -42.290  17.045  31.088 0.0000000000
161995  -42.904  17.251  30.979 0.0000000000
161997  -50.868  17.171  31.039 0.0000000000
161999  -50.683  17.214  29.799 0.0000000000
162708  -50.431  18.179  32.089 0.0000000000
162728  -50.749  18.218  31.243 0.0000000000
163442  -49.128  19.081  32.497 0.0000000000
163450  -45.743  19.088  31.356 0.0000000000
163451  -46.526  19.399  31.710 0.0000000000
163452  -47.271  19.505  31.909 0.0000000000
163454  -50.175  19.109  32.143 0.0000000000
163464  -43.394  18.556  30.832 0.0000000000
163467  -50.680  18.713  30.699 0.0000000000
163477  -49.938  18.861  29.390 0.0000000000
163483  -49.157  18.974  28.905 0.0000000000
164181  -49.272  19.595  32.485 0.0000000000
164187  -45.837  20.243  31.303 0.0000000000
164188  -46.584  20.133  31.563 0.0000000000
164205  -44.582  19.397  30.988 0.0000000000
164954  -48.733  20.582  32.364 0.0000000000
164955  -49.154  20.219  32.449 0.0000000000
164963  -45.924  21.069  31.550 0.0000000000
164967  -49.937  20.111  31.966 0.0000000000
164980  -50.027  20.214  31.037 0.0000000000
165848  -47.455  21.597  31.930 0.0000000000
165862  -45.261  21.481  31.519 0.0000000000
165864  -49.311  21.142  32.094 0.0000000000
165865  -49.791  20.740  31.674 0.0000000000
165894  -48.187  21.122  27.552 0.0000000000
165959  -50.588  21.976  22.754 0.0000000000
165969  -50.388  21.272  22.486 0.0000000000
166008  -50.924  21.379  18.878 0.0000000000
166701  -40.849  22.958  33.283 0.0000000000
166705  -47.626  22.163  32.355 0.0000000000
166707  -48.959  21.509  32.209 0.0000000000
166721  -44.469  22.628  32.424 0.0000000000
166722  -45.178  22.313  31.989 0.0000000000
166723  -46.551  22.236  32.140 0.0000000000
166724  -49.051  21.836  31.903 0.0000000000
166728  -41.496  22.120  32.038 0.0000000000
166729  -42.261  22.119  32.105 0.0000000000
166730  -43.009  22.227  32.039 0.0000000000
166741  -49.613  21.988  29.072 0.0000000000
166749  -49.496  22.284  28.481 0.0000000000
166800  -50.570  22.507  23.277 0.0000000000
167548  -41.283  23.257  33.734 0.0000000000
167549  -41.890  23.307  33.852 0.0000000000
167555  -47.203  22.802  32.402 0.0000000000
167570  -44.231  23.110  33.064 0.0000000000
167596  -49.313  23.031  28.867 0.0000000000
167609  -49.835  23.043  27.259 0.0000000000
167613  -49.950  23.133  26.739 0.0000000000
167615  -50.121  23.158  26.092 0.0000000000
167621  -50.605  22.838  23.664 0.0000000000
167635  -49.012  23.005  21.856 0.0000000000
167647  -49.334  22.798  21.178 0.0000000000
167661  -48.159  22.974  20.969 0.0000000000
167677  -49.423  22.982  19.687 0.0000000000
167678  -50.058  22.761  19.649 0.0000000000
167695  -50.610  23.152  17.729 0.0000000000
168350  -43.407  23.505  33.288 0.0000000000
168351  -44.161  23.756  32.950 0.0000000000
168352  -45.431  23.691  32.603 0.0000000000
168354  -46.846  23.308  32.439 0.0000000000
168355  -47.320  23.227  32.390 0.0000000000
168361  -40.463  23.290  32.648 0.0000000000
168362  -41.201  23.467  32.477 0.0000000000
168366  -44.444  24.093  32.580 0.0000000000
168367  -46.139  23.803  32.366 0.0000000000
168368  -46.778  23.741  32.286 0.0000000000
168369  -47.379  23.651  32.142 0.0000000000
168370  -47.953  23.559  31.865 0.0000000000
168397  -43.270  23.797  30.141 0.0000000000
168401  -48.295  23.780  29.558 0.0000000000
168402  -48.484  23.497  30.299 0.0000000000
168414  -44.502  23.781  29.753 0.0000000000
168415  -45.812  23.976  29.169 0.0000000000
168424  -43.118  24.097  28.799 0.0000000000
168452  -50.673  23.618  24.030 0.0000000000
168454  -44.914  23.796  23.247 0.0000000000
168456  -50.633  23.257  23.632 0.0000000000
168461  -45.758  23.500  22.430 0.0000000000
168466  -50.097  23.679  23.142 0.0000000000
168470  -44.492  23.678  22.088 0.0000000000
168471  -45.120  23.525  22.323 0.0000000000
168479  -43.954  23.788  20.892 0.0000000000
168483  -46.882  23.297  21.197 0.0000000000
168488  -45.944  23.544  20.345 0.0000000000
168490  -47.487  23.160  20.630 0.0000000000
168495  -46.934  23.588  19.693 0.0000000000
168502  -50.335  24.137  18.057 0.0000000000
168506  -50.012  24.178  17.159 0.0000000000
169214  -45.320  24.207  31.616 0.0000000000
169215  -46.118  24.203  31.405 0.0000000000
169216  -46.877  24.144  31.193 0.0000000000
169217  -47.500  24.091  30.912 0.0000000000
169218  -47.945  24.124  30.605 0.0000000000
169229  -48.045  24.039  29.795 0.0000000000
169240  -42.546  24.154  29.161 0.0000000000
169242  -46.542  24.189  29.138 0.0000000000
169258  -46.589  24.194  28.065 0.0000000000
169259  -47.311  24.414  28.166 0.0000000000
169260  -48.064  24.526  28.151 0.0000000000
169262  -48.769  23.960  28.475 0.0000000000
169273  -42.523  24.329  27.802 0.0000000000
169275  -43.924  23.918  27.791 0.0000000000
169277  -45.746  23.845  27.470 0.0000000000
169278  -45.963  23.978  27.972 0.0000000000
169301  -48.733  24.656  27.137 0.0000000000
169314  -46.692  24.288  26.480 0.0000000000
169331  -48.310  24.893  25.582 0.0000000000
169334  -49.987  24.269  25.515 0.0000000000
169336  -40.135  24.570  24.380 0.0000000000
169337  -42.232  23.921  24.385 0.0000000000
169339  -43.666  23.843  23.973 0.0000000000
169341  -44.837  24.078  24.451 0.0000000000
169342  -46.173  24.295  24.786 0.0000000000
169343  -46.841  24.424  24.502 0.0000000000
169347  -50.220  24.414  24.840 0.0000000000
169350  -41.362  24.353  23.523 0.0000000000
169359  -49.019  24.548  24.026 0.0000000000
169367  -44.342  23.695  23.035 0.0000000000
169369  -46.731  23.997  23.125 0.0000000000
169370  -47.645  24.060  23.216 0.0000000000
169372  -49.405  24.200  23.445 0.0000000000
169373  -49.993  24.047  23.530 0.0000000000
169378  -42.681  24.242  22.106 0.0000000000
169379  -43.395  23.951  22.272 0.0000000000
169381  -42.485  24.437  21.459 0.0000000000
169387  -43.652  24.651  20.284 0.0000000000
169388  -44.187  24.107  20.291 0.0000000000
169393  -44.616  24.578  19.757 0.0000000000
169394  -45.255  24.402  19.633 0.0000000000
169399  -46.642  25.356  19.088 0.0000000000
169401  -47.533  24.371  19.055 0.0000000000
169414  -49.827  24.621  17.210 0.0000000000
169424  -49.463  24.437  16.803 0.0000000000
169425  -49.669  24.445  17.003 0.0000000000
170086  -48.599  24.867  26.732 0.0000000000
170096  -48.868  24.935  26.319 0.0000000000
170106  -48.893  25.032  25.779 0.0000000000
170107  -49.391  24.947  25.705 0.0000000000
170114  -38.964  25.467  23.923 0.0000000000
170118  -39.653  25.438  23.152 0.0000000000
170119  -40.215  25.158  22.937 0.0000000000
170123  -41.641  24.937  21.821 0.0000000000
170128  -42.178  25.426  20.763 0.0000000000
170129  -42.778  25.397  20.474 0.0000000000
170133  -44.427  25.279  19.636 0.0000000000
170138  -47.938  25.537  18.905 0.0000000000
170139  -48.771  25.445  18.719 0.0000000000
170141  -49.930  25.627  18.068 0.0000000000
170143  -50.042  25.540  17.601 0.0000000000
170155  -49.812  25.385  17.353 0.0000000000
170794  -38.664  26.114  23.805 0.0000000000
170795  -39.136  25.765  23.375 0.0000000000
170802  -41.051  26.124  21.605 0.0000000000
170805  -41.527  26.093  21.211 0.0000000000
170810  -43.080  25.977  20.198 0.0000000000
170811  -43.627  25.898  19.937 0.0000000000
170814  -44.893  25.936  19.535 0.0000000000
170817  -46.449  26.509  19.272 0.0000000000
170819  -46.904  26.073  19.091 0.0000000000
170821  -49.286  26.691  18.791 0.0000000000
170822  -49.739  26.250  18.452 0.0000000000
171454  -37.491  27.197  24.611 0.0000000000
171463  -38.284  26.696  24.046 0.0000000000
171465  -39.029  26.961  23.306 0.0000000000
171470  -39.400  26.806  22.995 0.0000000000
171474  -40.329  26.729  22.219 0.0000000000
171479  -41.876  26.646  21.041 0.0000000000
171480  -42.406  27.023  20.929 0.0000000000
171481  -42.318  26.488  20.722 0.0000000000
171482  -42.869  26.688  20.444 0.0000000000
171484  -44.069  26.880  20.090 0.0000000000
171491  -44.447  26.473  19.730 0.0000000000
171505  -48.549  26.873  19.089 0.0000000000
172107  -37.283  27.438  25.131 0.0000000000
172115  -38.438  27.168  23.870 0.0000000000
172116  -38.841  27.329  23.606 0.0000000000
172124  -39.778  27.232  22.885 0.0000000000
172126  -40.758  27.761  22.427 0.0000000000
172133  -40.715  27.294  22.093 0.0000000000
172142  -41.833  27.364  21.297 0.0000000000
172159  -45.281  27.272  19.876 0.0000000000
172162  -48.365  28.252  19.581 0.0000000000
172163  -48.849  28.173  19.336 0.0000000000
172808  -37.234  28.312  25.866 0.0000000000
172809  -37.838  28.553  25.543 0.0000000000
172811  -37.468  28.051  25.277 0.0000000000
172816  -38.885  28.187  24.331 0.0000000000
172818  -40.194  28.513  23.835 0.0000000000
172819  -39.163  27.877  23.808 0.0000000000
172824  -41.237  28.258  22.691 0.0000000000
172826  -42.454  28.861  22.620 0.0000000000
172831  -42.632  28.613  22.014 0.0000000000
172835  -42.193  28.092  21.536 0.0000000000
172844  -43.930  27.999  20.848 0.0000000000
172846  -45.338  28.497  20.437 0.0000000000
172848  -47.096  29.317  20.132 0.0000000000
172858  -46.883  28.562  19.874 0.0000000000
172859  -47.628  28.950  19.968 0.0000000000
173532  -37.986  29.050  26.839 0.0000000000
173535  -40.027  29.489  26.556 0.0000000000
173539  -39.758  29.210  26.003 0.0000000000
173544  -38.600  28.707  25.298 0.0000000000
173546  -40.592  29.157  24.963 0.0000000000
173549  -42.619  29.378  24.922 0.0000000000
173553  -41.147  29.072  24.520 0.0000000000
173558  -40.900  28.712  23.816 0.0000000000
173559  -42.193  29.046  23.774 0.0000000000
173571  -44.669  29.724  22.006 0.0000000000
173593  -47.178  30.024  20.157 0.0000000000
173594  -47.436  29.953  19.805 0.0000000000
173605  -48.296  29.216  19.506 0.0000000000
174197  -42.366  29.790  26.007 0.0000000000
174204  -43.369  29.579  25.033 0.0000000000
174206  -44.878  30.385  25.246 0.0000000000
174211  -45.017  30.469  24.500 0.0000000000
174214  -44.362  29.991  23.559 0.0000000000
174215  -45.094  30.761  23.736 0.0000000000
174218  -44.304  29.815  22.947 0.0000000000
174262  -47.801  29.728  19.368 0.0000000000
174838  -45.613  31.218  24.479 0.0000000000
191889  -44.971  11.406  23.948 0.0000000000
191961  -47.414  10.923  29.734 0.0000000000
192371  -48.366  20.879  32.078 0.0000000000
192573  -50.306  11.578  28.366 0.0000000000
192684  -40.155  29.200  25.455 0.0000000000
192762  -50.351  11.637  25.990 0.0000000000
192763  -49.905  11.579  26.920 0.0000000000
192862  -44.645  24.114  25.188 0.0000000000
193314  -41.969  23.710  30.979 0.0000000000
193637  -40.742  24.458  24.013 0.0000000000
193715  -46.464  13.851  25.513 0.0000000000
193717  -49.242  11.746  25.235 0.0000000000
194120  -45.473  10.692  28.924 0.0000000000
194202  -50.186  11.843  25.523 0.0000000000
194543  -50.850  11.799  26.089 0.0000000000
194570  -46.532  11.612  24.630 0.0000000000
194660  -42.732  24.272  27.073 0.0000000000
195549  -48.139  21.942  32.386 0.0000000000
195817  -42.527  24.144  23.288 0.0000000000
195841  -47.789  20.294  31.893 0.0000000000
196059  -50.988  11.128  32.853 0.0000000000
196195  -43.148  11.309  23.673 0.0000000000
196591  -43.378  24.157  20.883 0.0000000000
196989  -48.447  23.288  31.397 0.0000000000
198213  -50.151  23.999  18.515 0.0000000000
198442  -45.157  23.817  29.207 0.0000000000
198745  -48.560  16.735  32.376 0.0000000000
198832  -48.058  24.845  18.793 0.0000000000
199419  -47.388  17.806  32.004 0.0000000000
200423  -49.476  24.498  26.306 0.0000000000
200595  -50.854  17.512  30.268 0.0000000000
200708  -41.195  27.316  21.675 0.0000000000
200946  -51.619  11.825  30.394 0.0000000000
201464  -48.940  22.988  29.900 0.0000000000
201465  -47.465  24.588  26.415 0.0000000000
202062  -42.380  10.688  24.317 0.0000000000
202097  -44.033  15.886  31.236 0.0000000000
202432  -46.682  27.683  19.633 0.0000000000
203574  -49.204  16.745  32.472 0.0000000000
204172  -48.596  21.686  32.307 0.0000000000
204193  -51.694  12.877  31.305 0.0000000000
204631  -49.334  6.287  34.317 0.0000000000
205305  -42.922  29.246  23.738 0.0000000000
205471  -44.816  10.855  34.001 0.0000000000
205759  -45.280  7.299  34.021 0.0000000000
205872  -42.909  24.244  28.199 0.0000000000
206041  -49.722  17.920  32.503 0.0000000000
206325  -47.157  24.250  29.125 0.0000000000
207004  -48.968  10.080  34.744 0.0000000000
207035  -44.255  20.113  30.872 0.0000000000
207069  -49.513  21.572  29.426 0.0000000000
207888  -49.133  22.824  20.073 0.0000000000
207924  -47.976  10.819  30.199 0.0000000000
208101  -40.666  19.911  30.747 0.0000000000
208459  -45.884  27.453  19.728 0.0000000000
208920  -51.246  21.720  21.462 0.0000000000
209362  -49.745  19.268  32.420 0.0000000000
209842  -49.980  8.481  34.041 0.0000000000
209989  -50.283  23.170  17.225 0.0000000000
210344  -47.841  17.625  28.595 0.0000000000
210932  -45.162  23.849  27.563 0.0000000000
211329  -51.150  20.720  18.877 0.0000000000
211463  -44.083  21.567  31.199 0.0000000000
212265  -46.990  13.384  33.240 0.0000000000
213058  -45.533  25.640  19.437 0.0000000000
213451  -50.243  17.245  32.300 0.0000000000
213610  -48.373  12.014  34.028 0.0000000000
214263  -49.019  13.714  27.373 0.0000000000
214365  -49.824  20.612  29.372 0.0000000000
215097  -40.819  25.604  21.819 0.0000000000
215335  -51.127  14.158  29.667 0.0000000000
215669  -41.784  25.568  21.124 0.0000000000
215893  -48.870  13.217  33.565 0.0000000000
216268  -45.418  11.514  24.129 0.0000000000
217533  -46.035  13.885  32.901 0.0000000000
218218  -45.985  12.073  33.738 0.0000000000
218468  -49.045  11.905  24.770 0.0000000000
218490  -45.407  11.121  26.003 0.0000000000
218791  -38.340  28.798  25.905 0.0000000000
219091  -43.830  24.129  25.939 0.0000000000
219199  -42.389  23.618  32.800 0.0000000000
219317  -43.767  9.448  29.452 0.0000000000
219650  -41.872  24.278  23.190 0.0000000000
219764  -39.909  25.607  22.694 0.0000000000
220104  -49.725  18.417  32.465 0.0000000000
220590  -46.976  10.173  34.104 0.0000000000
220619  -44.643  12.804  33.285 0.0000000000
221253  -43.092  9.411  28.336 0.0000000000
221776  -44.719  23.854  32.743 0.0000000000
222310  -44.405  17.790  30.962 0.0000000000
222812  -44.324  9.646  33.951 0.0000000000
223069  -47.942  26.961  19.340 0.0000000000
223509  -42.167  18.824  30.709 0.0000000000
223873  -38.573  28.400  24.760 0.0000000000
223887  -45.004  10.250  29.187 0.0000000000
224598  -45.078  9.661  30.292 0.0000000000
224615  -47.851  29.581  19.656 0.0000000000
224810  -45.187  23.545  21.109 0.0000000000
224837  -42.891  24.452  21.071 0.0000000000
224841  -51.712  12.420  31.562 0.0000000000
225173  -50.744  22.350  17.851 0.0000000000
225441  -45.502  17.363  31.355 0.0000000000
225490  -43.000  29.012  22.469 0.0000000000
225661  -46.533  24.742  19.083 0.0000000000
225900  -45.585  26.926  19.626 0.0000000000
226047  -40.912  28.432  23.194 0.0000000000
226245  -44.093  12.540  22.390 0.0000000000
227200  -45.718  14.057  23.547 0.0000000000
227725  -47.665  5.120  34.863 0.0000000000
227822  -40.113  19.910  30.796 0.0000000000
228491  -42.732  23.877  24.524 0.0000000000
228756  -43.181  23.924  31.705 0.0000000000
229141  -42.296  19.337  30.709 0.0000000000
229269  -49.074  3.136  35.160 0.0000000000
229275  -45.795  24.184  19.561 0.0000000000
229698  -49.520  18.491  28.728 0.0000000000
229871  -40.731  24.932  22.646 0.0000000000
231722  -44.321  10.656  27.196 0.0000000000
