#!ascii label  , from subject sub-06_ses-005 vox2ras=TkReg
366
20724  34.697  -62.436  21.468 0.0000000000
24434  42.730  -60.058  14.442 0.0000000000
209995  40.694  -65.921  21.479 0.0000000000
20769  38.004  -62.770  17.155 0.0000000000
17192  42.472  -65.607  17.911 0.0000000000
18007  42.155  -65.369  19.582 0.0000000000
15450  41.346  -67.489  19.868 0.0000000000
22528  39.543  -61.352  15.696 0.0000000000
24427  36.927  -59.427  15.373 0.0000000000
17982  37.240  -64.908  22.094 0.0000000000
18884  38.805  -64.587  19.315 0.0000000000
19843  41.200  -64.085  17.733 0.0000000000
20783  43.607  -62.959  16.730 0.0000000000
16425  41.543  -66.418  15.214 0.0000000000
23374  34.411  -60.275  23.566 0.0000000000
20712  37.379  -62.398  23.554 0.0000000000
18841  40.074  -64.057  23.348 0.0000000000
24404  34.783  -59.604  16.987 0.0000000000
15438  42.233  -67.434  20.546 0.0000000000
23471  41.567  -60.637  14.985 0.0000000000
23490  39.648  -60.068  14.712 0.0000000000
17980  38.614  -65.660  21.857 0.0000000000
17999  39.927  -65.420  20.152 0.0000000000
18014  42.170  -65.157  18.877 0.0000000000
18891  41.570  -64.729  18.750 0.0000000000
18909  42.290  -64.498  18.052 0.0000000000
20764  42.171  -63.245  17.130 0.0000000000
18919  42.875  -64.025  17.342 0.0000000000
18947  43.190  -64.313  15.204 0.0000000000
21557  38.441  -62.189  23.872 0.0000000000
19795  38.986  -63.334  23.565 0.0000000000
20708  40.019  -62.944  23.915 0.0000000000
19849  36.872  -63.369  18.250 0.0000000000
21610  36.252  -61.771  16.885 0.0000000000
26456  36.753  -57.533  15.148 0.0000000000
26443  35.872  -57.777  15.834 0.0000000000
17167  41.889  -65.967  21.191 0.0000000000
17175  41.201  -65.593  20.350 0.0000000000
17173  42.755  -66.155  20.414 0.0000000000
16358  42.744  -66.232  19.785 0.0000000000
16360  41.971  -66.324  18.867 0.0000000000
21628  38.608  -61.882  16.211 0.0000000000
22531  36.971  -61.093  16.114 0.0000000000
23476  37.974  -60.492  15.459 0.0000000000
25406  37.832  -58.980  14.952 0.0000000000
24451  43.660  -59.741  13.958 0.0000000000
18868  35.681  -63.848  21.734 0.0000000000
18886  37.469  -64.496  19.436 0.0000000000
19847  38.198  -63.521  18.125 0.0000000000
18009  41.124  -65.178  19.627 0.0000000000
18893  39.883  -64.366  18.895 0.0000000000
19862  39.168  -63.314  17.481 0.0000000000
20787  40.187  -62.587  16.592 0.0000000000
21648  41.604  -61.801  15.711 0.0000000000
191355  42.894  -61.547  15.527 0.0000000000
16395  41.882  -66.190  16.375 0.0000000000
194373  43.434  -64.395  16.647 0.0000000000
20801  43.666  -62.621  15.997 0.0000000000
22543  44.383  -61.316  14.762 0.0000000000
23380  33.474  -60.441  22.795 0.0000000000
21567  34.632  -61.629  22.365 0.0000000000
21561  36.048  -61.710  23.362 0.0000000000
19810  35.858  -62.843  22.780 0.0000000000
18858  37.306  -64.318  22.793 0.0000000000
18856  38.938  -64.548  23.067 0.0000000000
17966  40.057  -65.385  22.752 0.0000000000
18853  41.249  -64.931  23.274 0.0000000000
17143  42.007  -65.970  22.087 0.0000000000
183573  35.681  -59.508  16.171 0.0000000000
200047  34.476  -62.058  21.537 0.0000000000
22457  33.676  -61.394  20.887 0.0000000000
20725  34.243  -62.292  21.026 0.0000000000
198652  41.736  -60.129  14.705 0.0000000000
23488  41.125  -60.147  14.725 0.0000000000
17155  39.440  -65.789  21.593 0.0000000000
17989  39.639  -65.610  20.815 0.0000000000
17169  40.271  -65.838  21.208 0.0000000000
17183  42.402  -65.403  18.844 0.0000000000
18025  42.241  -64.812  18.451 0.0000000000
18024  42.438  -64.645  18.053 0.0000000000
18908  42.559  -64.421  17.783 0.0000000000
17205  42.985  -65.024  17.418 0.0000000000
17252  41.675  -65.275  13.929 0.0000000000
20703  39.615  -62.379  24.078 0.0000000000
181927  37.120  -63.020  17.790 0.0000000000
21598  36.225  -62.255  17.407 0.0000000000
21609  36.905  -62.053  16.941 0.0000000000
28684  36.163  -56.278  15.306 0.0000000000
17166  42.313  -66.033  20.883 0.0000000000
16347  42.916  -66.299  20.719 0.0000000000
15449  42.111  -67.215  20.055 0.0000000000
15448  42.637  -66.953  20.196 0.0000000000
16351  42.472  -66.629  19.694 0.0000000000
16359  42.546  -66.142  19.308 0.0000000000
15462  40.872  -67.091  19.364 0.0000000000
21627  39.292  -61.811  16.057 0.0000000000
22529  38.404  -61.046  15.571 0.0000000000
181076  39.112  -60.997  15.471 0.0000000000
24438  38.464  -59.297  14.777 0.0000000000
25421  38.318  -58.500  14.712 0.0000000000
26454  38.128  -57.829  14.644 0.0000000000
18871  36.218  -64.382  21.587 0.0000000000
18872  35.809  -64.254  20.894 0.0000000000
18870  36.756  -64.795  21.510 0.0000000000
19831  37.951  -63.845  18.546 0.0000000000
18895  38.368  -64.184  18.926 0.0000000000
17996  42.169  -65.572  20.004 0.0000000000
17997  41.550  -65.375  20.018 0.0000000000
18008  41.822  -65.241  19.610 0.0000000000
18911  40.943  -64.357  18.282 0.0000000000
18892  40.723  -64.697  18.772 0.0000000000
18912  40.099  -64.147  18.447 0.0000000000
19845  39.608  -63.696  18.003 0.0000000000
19861  39.978  -63.419  17.415 0.0000000000
20767  39.583  -62.801  16.931 0.0000000000
20766  40.407  -63.017  16.998 0.0000000000
204878  42.375  -62.829  16.636 0.0000000000
20785  41.597  -62.786  16.554 0.0000000000
21624  42.023  -62.388  16.142 0.0000000000
21647  42.482  -61.967  15.759 0.0000000000
21646  43.262  -62.139  15.795 0.0000000000
13856  38.398  -69.262  15.147 0.0000000000
15532  41.017  -67.096  15.226 0.0000000000
15533  40.603  -67.369  15.363 0.0000000000
16426  41.316  -66.729  15.447 0.0000000000
16410  41.732  -66.368  15.789 0.0000000000
17216  42.800  -65.594  16.684 0.0000000000
17223  42.351  -65.735  15.665 0.0000000000
19893  43.737  -63.159  14.945 0.0000000000
18935  43.580  -63.642  15.727 0.0000000000
20811  43.958  -62.639  15.303 0.0000000000
22523  44.038  -61.861  15.124 0.0000000000
202012  44.623  -61.549  14.672 0.0000000000
24323  33.104  -59.963  23.123 0.0000000000
23379  34.124  -60.652  22.995 0.0000000000
22449  33.810  -60.905  22.455 0.0000000000
193097  34.424  -61.164  22.669 0.0000000000
21559  37.205  -61.871  23.713 0.0000000000
21560  36.616  -61.714  23.506 0.0000000000
20713  36.776  -62.193  23.363 0.0000000000
21564  36.184  -62.073  23.186 0.0000000000
20715  36.874  -62.823  23.326 0.0000000000
19809  36.322  -63.303  22.934 0.0000000000
19808  37.053  -63.537  23.190 0.0000000000
18842  39.333  -63.963  23.348 0.0000000000
19806  38.583  -63.874  23.361 0.0000000000
18855  39.692  -64.623  23.060 0.0000000000
197116  39.308  -65.090  22.782 0.0000000000
18854  40.458  -64.733  23.102 0.0000000000
17954  42.539  -65.404  23.523 0.0000000000
17955  41.821  -65.097  23.398 0.0000000000
17964  41.716  -65.529  22.855 0.0000000000
23478  36.920  -60.016  15.587 0.0000000000
23460  36.570  -60.452  15.882 0.0000000000
24418  36.341  -59.734  15.763 0.0000000000
26430  35.530  -58.083  16.247 0.0000000000
22527  40.256  -61.183  15.480 0.0000000000
209102  39.646  -61.002  15.326 0.0000000000
17981  37.888  -65.321  21.988 0.0000000000
17992  37.358  -65.136  21.407 0.0000000000
17990  38.801  -65.582  21.089 0.0000000000
18011  39.339  -65.046  19.749 0.0000000000
18006  42.412  -65.502  19.637 0.0000000000
18016  41.769  -65.010  19.036 0.0000000000
18015  42.166  -65.206  19.115 0.0000000000
18890  42.050  -64.873  18.653 0.0000000000
19859  41.546  -63.751  17.347 0.0000000000
19858  42.283  -63.797  17.445 0.0000000000
19857  42.824  -63.699  17.258 0.0000000000
19856  43.356  -63.437  17.090 0.0000000000
204670  42.143  -65.579  15.106 0.0000000000
17237  41.909  -65.585  14.423 0.0000000000
18073  42.551  -64.728  14.610 0.0000000000
20711  38.033  -62.572  23.614 0.0000000000
19796  38.306  -63.143  23.425 0.0000000000
20710  38.692  -62.722  23.663 0.0000000000
20709  39.330  -62.857  23.816 0.0000000000
19794  39.704  -63.423  23.592 0.0000000000
180770  35.679  -61.648  17.124 0.0000000000
23444  35.499  -60.728  16.614 0.0000000000
26441  36.983  -58.212  15.127 0.0000000000
25409  36.017  -58.413  15.863 0.0000000000
27540  36.204  -57.394  15.497 0.0000000000
28685  35.701  -56.568  15.816 0.0000000000
17168  41.108  -65.872  20.950 0.0000000000
17174  42.576  -65.990  20.362 0.0000000000
17995  42.534  -65.816  19.995 0.0000000000
16350  42.927  -66.327  20.365 0.0000000000
17179  42.701  -66.053  19.893 0.0000000000
17182  42.604  -65.823  19.711 0.0000000000
208064  42.235  -65.771  18.638 0.0000000000
21607  38.297  -62.358  16.649 0.0000000000
208705  37.400  -61.854  16.581 0.0000000000
21629  37.937  -61.874  16.427 0.0000000000
22530  37.726  -61.064  15.787 0.0000000000
192991  37.523  -59.887  15.331 0.0000000000
23491  38.911  -59.972  14.868 0.0000000000
24426  37.890  -59.486  15.077 0.0000000000
25407  37.227  -58.864  15.117 0.0000000000
27551  37.120  -56.911  14.772 0.0000000000
24433  43.409  -60.273  14.329 0.0000000000
19813  35.234  -63.244  21.938 0.0000000000
19821  34.917  -63.304  20.609 0.0000000000
19815  35.288  -63.611  21.166 0.0000000000
19848  37.514  -63.482  18.147 0.0000000000
20755  37.767  -63.103  17.714 0.0000000000
18883  39.653  -64.644  19.296 0.0000000000
18881  41.378  -65.022  19.200 0.0000000000
18882  40.520  -64.933  19.202 0.0000000000
18894  39.093  -64.268  18.875 0.0000000000
19829  39.334  -63.987  18.481 0.0000000000
19846  38.877  -63.587  18.085 0.0000000000
20754  38.431  -63.232  17.588 0.0000000000
20768  38.732  -62.800  17.054 0.0000000000
195211  39.745  -62.182  16.410 0.0000000000
21650  39.991  -61.677  15.978 0.0000000000
20765  41.194  -63.185  16.983 0.0000000000
21626  40.422  -62.181  16.205 0.0000000000
21649  40.748  -61.720  15.783 0.0000000000
22526  41.174  -61.171  15.407 0.0000000000
22525  42.149  -61.206  15.330 0.0000000000
22545  42.943  -61.064  15.186 0.0000000000
16372  41.274  -66.271  18.187 0.0000000000
14698  39.389  -68.270  15.169 0.0000000000
16412  41.414  -66.469  16.502 0.0000000000
17207  42.532  -65.737  16.997 0.0000000000
199261  42.988  -65.324  17.150 0.0000000000
18927  43.290  -64.129  16.983 0.0000000000
19871  43.642  -63.009  16.908 0.0000000000
18936  43.440  -64.351  16.069 0.0000000000
19883  43.475  -63.614  16.549 0.0000000000
20782  43.942  -62.752  16.449 0.0000000000
21645  43.755  -62.351  15.744 0.0000000000
22544  43.672  -61.206  14.965 0.0000000000
23486  43.149  -60.615  14.743 0.0000000000
23504  44.232  -60.418  14.305 0.0000000000
24335  32.101  -59.439  21.930 0.0000000000
24324  32.482  -59.643  22.667 0.0000000000
23387  32.595  -60.072  21.912 0.0000000000
22454  33.615  -60.918  21.813 0.0000000000
193789  34.098  -61.317  22.127 0.0000000000
21570  34.790  -62.052  22.047 0.0000000000
22439  36.695  -60.525  24.188 0.0000000000
22445  35.217  -61.054  23.435 0.0000000000
21565  35.557  -61.893  22.982 0.0000000000
20718  35.214  -62.217  22.519 0.0000000000
20720  35.397  -62.750  22.467 0.0000000000
19812  35.717  -63.331  22.423 0.0000000000
18859  36.702  -63.895  22.714 0.0000000000
19807  37.788  -63.753  23.336 0.0000000000
18857  38.145  -64.483  23.032 0.0000000000
17968  37.755  -64.911  22.554 0.0000000000
17967  38.544  -65.155  22.575 0.0000000000
17979  39.335  -65.568  22.341 0.0000000000
17978  40.758  -65.739  22.443 0.0000000000
17965  40.955  -65.329  22.826 0.0000000000
17153  41.155  -65.931  21.748 0.0000000000
21631  36.557  -61.468  16.533 0.0000000000
204873  36.230  -60.894  16.295 0.0000000000
24419  35.287  -59.926  16.613 0.0000000000
25396  35.578  -58.783  16.212 0.0000000000
25397  35.065  -58.434  16.616 0.0000000000
15461  41.731  -66.938  19.480 0.0000000000
15514  40.957  -66.943  15.809 0.0000000000
15552  40.979  -67.028  14.967 0.0000000000
17144  41.462  -65.810  22.354 0.0000000000
17154  40.231  -65.841  22.013 0.0000000000
17165  42.706  -66.249  21.102 0.0000000000
17191  42.459  -65.044  18.126 0.0000000000
17206  42.833  -65.292  17.547 0.0000000000
17215  43.188  -65.094  17.019 0.0000000000
17217  42.240  -65.985  16.275 0.0000000000
17222  42.948  -65.364  16.386 0.0000000000
17224  42.060  -66.020  15.671 0.0000000000
17991  38.041  -65.465  21.289 0.0000000000
18002  37.612  -65.125  20.748 0.0000000000
18010  40.253  -65.105  19.669 0.0000000000
18030  43.189  -64.526  17.233 0.0000000000
18038  43.422  -64.807  16.848 0.0000000000
18045  43.281  -64.925  16.238 0.0000000000
18046  42.697  -65.331  15.642 0.0000000000
18057  42.948  -64.872  15.481 0.0000000000
18058  42.315  -65.220  14.890 0.0000000000
18074  42.049  -65.076  14.142 0.0000000000
18867  36.702  -64.423  22.170 0.0000000000
18896  37.700  -64.175  18.985 0.0000000000
18907  42.803  -64.345  17.483 0.0000000000
18910  41.724  -64.446  18.211 0.0000000000
18918  43.000  -63.941  17.190 0.0000000000
18920  42.407  -64.035  17.538 0.0000000000
18946  43.427  -63.811  14.892 0.0000000000
18964  42.937  -64.037  14.256 0.0000000000
19797  37.539  -63.049  23.485 0.0000000000
19816  34.924  -62.992  21.360 0.0000000000
19824  37.054  -64.173  19.151 0.0000000000
19830  38.635  -63.872  18.522 0.0000000000
19842  41.963  -64.192  17.711 0.0000000000
19844  40.405  -63.889  17.876 0.0000000000
19860  40.766  -63.618  17.338 0.0000000000
19870  43.716  -63.115  16.463 0.0000000000
19882  43.745  -63.026  16.081 0.0000000000
20704  39.041  -62.284  23.928 0.0000000000
20716  36.288  -62.547  23.080 0.0000000000
20717  35.731  -62.355  22.849 0.0000000000
20721  35.010  -62.596  21.993 0.0000000000
20728  34.537  -62.780  20.834 0.0000000000
20756  36.523  -62.821  17.912 0.0000000000
20770  37.351  -62.667  17.284 0.0000000000
20771  36.795  -62.580  17.451 0.0000000000
20784  43.022  -63.183  16.859 0.0000000000
20786  40.805  -62.696  16.525 0.0000000000
20788  39.019  -62.306  16.521 0.0000000000
20800  44.043  -61.985  15.184 0.0000000000
21566  35.074  -61.842  22.540 0.0000000000
21571  34.316  -61.722  21.833 0.0000000000
21575  34.069  -61.805  21.260 0.0000000000
21608  37.628  -62.290  16.816 0.0000000000
21622  43.629  -62.715  16.326 0.0000000000
21623  42.862  -62.552  16.255 0.0000000000
21625  41.159  -62.320  16.037 0.0000000000
21630  37.059  -61.602  16.474 0.0000000000
21643  44.467  -61.600  14.808 0.0000000000
21644  43.846  -62.265  15.542 0.0000000000
22444  35.627  -61.402  23.369 0.0000000000
22448  35.047  -61.461  22.942 0.0000000000
22510  38.859  -61.461  15.772 0.0000000000
22511  38.167  -61.504  15.914 0.0000000000
22512  37.537  -61.492  16.257 0.0000000000
22513  35.955  -61.296  16.660 0.0000000000
22524  43.475  -61.651  15.454 0.0000000000
23378  34.717  -60.886  23.258 0.0000000000
23381  32.955  -60.138  22.533 0.0000000000
23386  33.232  -60.554  22.193 0.0000000000
23445  34.832  -60.280  17.099 0.0000000000
23461  35.916  -60.218  16.208 0.0000000000
23472  40.756  -60.672  15.038 0.0000000000
23473  39.993  -60.668  14.955 0.0000000000
23474  39.322  -60.573  15.040 0.0000000000
23475  38.662  -60.505  15.268 0.0000000000
23477  37.265  -60.524  15.665 0.0000000000
23485  43.965  -60.805  14.626 0.0000000000
23487  42.363  -60.455  14.852 0.0000000000
24420  35.017  -59.213  16.556 0.0000000000
24425  38.233  -59.937  15.159 0.0000000000
24450  44.562  -59.974  13.985 0.0000000000
25395  36.044  -59.105  15.722 0.0000000000
25408  36.569  -58.755  15.438 0.0000000000
25422  37.615  -58.371  14.798 0.0000000000
26442  36.405  -58.020  15.515 0.0000000000
26455  37.411  -57.661  14.841 0.0000000000
27541  35.770  -57.190  15.847 0.0000000000
27552  36.448  -56.910  15.115 0.0000000000
178272  43.310  -63.562  17.051 0.0000000000
180845  36.042  -56.876  15.506 0.0000000000
181528  42.496  -65.801  16.178 0.0000000000
184289  41.905  -66.024  17.211 0.0000000000
189381  41.729  -65.760  20.562 0.0000000000
190722  35.518  -57.522  16.175 0.0000000000
190726  42.998  -59.762  14.155 0.0000000000
191441  36.405  -64.567  21.006 0.0000000000
195869  33.890  -61.917  20.634 0.0000000000
198629  36.211  -63.879  22.275 0.0000000000
201743  37.499  -59.325  15.208 0.0000000000
207767  36.446  -59.273  15.515 0.0000000000
209477  35.562  -61.186  16.862 0.0000000000
210461  43.748  -63.084  15.603 0.0000000000
