#!ascii label  , from subject sub-05_ses-002 vox2ras=TkReg
1122
67795  26.373  -39.923  81.317 0.0000000000
102381  42.708  -17.891  64.953 0.0000000000
110011  49.606  -13.649  66.055 0.0000000000
213876  45.230  -27.681  73.081 0.0000000000
72927  29.827  -36.337  75.993 0.0000000000
67843  28.643  -39.319  78.986 0.0000000000
200531  45.995  -15.617  66.481 0.0000000000
103309  45.571  -17.876  72.196 0.0000000000
83785  40.686  -30.282  74.779 0.0000000000
75687  34.323  -35.610  76.213 0.0000000000
196640  55.308  -11.135  56.646 0.0000000000
109013  51.103  -14.130  61.505 0.0000000000
90274  41.419  -26.370  69.927 0.0000000000
205198  43.908  -21.561  71.583 0.0000000000
70276  27.963  -38.196  78.751 0.0000000000
67810  27.326  -39.746  80.265 0.0000000000
104520  44.031  -17.071  65.484 0.0000000000
105573  45.708  -15.980  68.829 0.0000000000
103371  43.866  -17.898  68.207 0.0000000000
78401  40.281  -33.162  73.094 0.0000000000
72879  31.272  -36.909  77.743 0.0000000000
74376  32.185  -35.723  76.001 0.0000000000
71578  33.553  -37.003  77.044 0.0000000000
113572  52.879  -11.319  56.819 0.0000000000
110148  53.298  -12.728  57.941 0.0000000000
112315  52.532  -11.949  58.666 0.0000000000
107914  48.735  -14.443  63.912 0.0000000000
220334  49.842  -14.795  61.684 0.0000000000
108982  50.566  -13.358  63.743 0.0000000000
107895  51.478  -14.048  63.497 0.0000000000
188421  49.921  -15.036  64.846 0.0000000000
85219  43.074  -28.894  74.268 0.0000000000
86670  41.286  -28.305  72.240 0.0000000000
90217  43.337  -26.535  72.988 0.0000000000
92675  42.984  -24.429  70.715 0.0000000000
92633  44.788  -24.296  73.372 0.0000000000
95008  45.890  -22.699  72.503 0.0000000000
89117  45.889  -25.925  71.722 0.0000000000
71569  29.470  -37.621  78.258 0.0000000000
105679  47.108  -15.922  63.819 0.0000000000
197259  47.939  -14.311  66.418 0.0000000000
106677  47.086  -15.279  69.466 0.0000000000
103334  47.617  -17.079  70.836 0.0000000000
190334  37.171  -32.926  75.350 0.0000000000
79703  39.891  -32.152  76.186 0.0000000000
79736  41.934  -31.723  74.451 0.0000000000
83821  43.438  -29.869  72.382 0.0000000000
86688  44.209  -27.938  70.922 0.0000000000
77067  35.179  -33.769  74.576 0.0000000000
75672  36.942  -34.790  76.094 0.0000000000
110197  53.872  -12.182  55.054 0.0000000000
110132  51.353  -12.430  59.200 0.0000000000
110099  52.736  -13.439  61.510 0.0000000000
105702  51.467  -15.433  61.796 0.0000000000
99854  43.074  -19.680  68.751 0.0000000000
99825  44.573  -19.454  71.897 0.0000000000
98670  46.100  -20.586  72.012 0.0000000000
65658  25.964  -40.471  81.204 0.0000000000
66684  26.716  -39.920  81.044 0.0000000000
65667  26.626  -40.475  80.277 0.0000000000
103424  43.556  -17.228  65.128 0.0000000000
103392  44.192  -17.128  67.045 0.0000000000
102350  43.165  -18.071  66.999 0.0000000000
71579  32.049  -37.071  77.475 0.0000000000
113574  52.116  -11.464  56.746 0.0000000000
112344  52.779  -11.610  58.034 0.0000000000
113561  52.127  -11.674  57.894 0.0000000000
110046  49.303  -13.535  65.085 0.0000000000
108984  49.806  -13.710  64.146 0.0000000000
110044  50.073  -13.277  65.086 0.0000000000
107870  50.403  -13.927  65.011 0.0000000000
86650  44.194  -28.586  73.849 0.0000000000
87947  43.209  -27.518  73.840 0.0000000000
89064  44.078  -26.999  73.909 0.0000000000
220473  44.054  -25.897  73.410 0.0000000000
90201  45.029  -26.020  73.314 0.0000000000
91409  45.766  -25.161  72.347 0.0000000000
203277  45.407  -27.242  72.789 0.0000000000
71570  28.855  -37.842  78.408 0.0000000000
204422  29.106  -38.532  78.783 0.0000000000
69049  30.183  -38.104  78.162 0.0000000000
104560  45.397  -16.675  63.956 0.0000000000
104567  46.230  -16.704  63.159 0.0000000000
105659  46.284  -16.050  64.883 0.0000000000
106783  47.583  -15.215  64.829 0.0000000000
192093  46.832  -15.042  66.448 0.0000000000
107829  47.668  -14.503  67.690 0.0000000000
106710  46.539  -15.490  67.970 0.0000000000
104438  45.508  -16.772  70.625 0.0000000000
105544  46.617  -16.069  70.504 0.0000000000
104421  46.531  -17.187  71.449 0.0000000000
102282  46.992  -18.113  71.269 0.0000000000
101127  46.521  -18.523  71.882 0.0000000000
77026  38.226  -33.346  75.855 0.0000000000
79728  38.544  -32.431  75.644 0.0000000000
78378  39.621  -33.138  75.480 0.0000000000
79745  41.318  -32.219  73.614 0.0000000000
81093  42.698  -30.860  72.914 0.0000000000
75688  33.497  -35.840  76.113 0.0000000000
75710  34.049  -35.050  74.879 0.0000000000
77058  35.300  -34.510  75.243 0.0000000000
77047  35.890  -34.186  75.521 0.0000000000
75685  35.680  -35.025  76.207 0.0000000000
114755  53.853  -10.543  55.336 0.0000000000
110187  54.391  -11.583  56.074 0.0000000000
109041  53.220  -13.512  59.425 0.0000000000
107949  50.789  -14.263  61.244 0.0000000000
106847  50.450  -14.628  60.323 0.0000000000
199725  51.078  -13.633  59.901 0.0000000000
109050  50.617  -12.993  58.743 0.0000000000
110109  51.446  -13.206  59.883 0.0000000000
111179  52.113  -12.852  60.240 0.0000000000
109012  51.800  -13.477  61.518 0.0000000000
105674  50.293  -15.027  63.354 0.0000000000
106813  51.216  -15.097  62.543 0.0000000000
220452  39.193  -30.860  73.841 0.0000000000
85258  40.184  -29.800  72.768 0.0000000000
87983  41.414  -27.551  71.215 0.0000000000
86689  40.334  -28.271  70.459 0.0000000000
95044  43.523  -22.790  71.105 0.0000000000
95057  42.875  -22.956  69.522 0.0000000000
96275  43.379  -21.766  70.159 0.0000000000
97537  42.834  -20.888  68.211 0.0000000000
217615  43.603  -20.614  70.160 0.0000000000
99834  43.673  -19.463  70.488 0.0000000000
199555  44.072  -20.551  71.450 0.0000000000
93883  46.198  -23.591  71.412 0.0000000000
97444  46.101  -21.363  72.126 0.0000000000
95043  46.062  -22.504  71.091 0.0000000000
97505  46.056  -21.307  70.727 0.0000000000
69034  27.899  -39.139  79.713 0.0000000000
66706  27.965  -39.759  79.358 0.0000000000
194287  27.722  -39.986  78.388 0.0000000000
66717  26.971  -40.418  79.550 0.0000000000
203007  44.993  -16.524  65.581 0.0000000000
105599  45.560  -15.902  67.286 0.0000000000
104489  44.716  -16.774  67.296 0.0000000000
103360  44.748  -17.233  69.156 0.0000000000
103336  44.896  -17.603  70.636 0.0000000000
72915  30.663  -36.560  76.948 0.0000000000
74378  30.732  -35.849  75.537 0.0000000000
74351  32.095  -36.258  76.742 0.0000000000
74338  32.550  -36.341  76.948 0.0000000000
74336  33.966  -36.397  76.920 0.0000000000
72903  35.380  -36.274  76.607 0.0000000000
213718  34.573  -37.160  76.624 0.0000000000
112350  53.487  -11.279  56.864 0.0000000000
110160  54.848  -11.763  57.351 0.0000000000
112332  53.447  -11.759  57.784 0.0000000000
111202  53.111  -12.265  58.755 0.0000000000
110115  53.306  -12.868  60.053 0.0000000000
105694  48.414  -15.642  62.713 0.0000000000
106815  49.227  -14.660  62.803 0.0000000000
107929  49.987  -14.089  62.797 0.0000000000
197931  50.901  -13.621  63.105 0.0000000000
110078  51.616  -13.671  62.756 0.0000000000
108958  51.039  -13.578  64.068 0.0000000000
106779  50.569  -14.630  64.230 0.0000000000
85220  41.974  -29.359  74.447 0.0000000000
86662  41.191  -29.043  73.298 0.0000000000
87949  42.073  -28.364  73.338 0.0000000000
87966  42.210  -27.611  72.625 0.0000000000
90243  42.577  -26.195  71.527 0.0000000000
91439  42.455  -25.599  70.559 0.0000000000
91420  43.357  -25.221  72.193 0.0000000000
92658  43.873  -24.460  72.336 0.0000000000
95011  44.461  -22.906  73.017 0.0000000000
96219  44.571  -21.744  72.718 0.0000000000
93841  45.389  -23.658  73.223 0.0000000000
91418  46.419  -24.610  71.967 0.0000000000
91449  45.805  -24.838  70.767 0.0000000000
71595  28.126  -37.437  77.202 0.0000000000
71594  28.809  -37.126  77.189 0.0000000000
219853  29.682  -36.892  77.431 0.0000000000
72881  30.155  -37.119  77.699 0.0000000000
188299  30.756  -38.081  77.720 0.0000000000
106800  47.899  -15.125  63.897 0.0000000000
107883  48.581  -14.083  65.009 0.0000000000
110031  48.839  -13.830  66.350 0.0000000000
108892  48.398  -14.100  67.631 0.0000000000
106674  48.423  -15.571  69.125 0.0000000000
105541  48.370  -16.459  69.752 0.0000000000
105572  46.147  -15.604  69.180 0.0000000000
195736  47.129  -15.882  70.444 0.0000000000
81059  36.212  -32.633  73.807 0.0000000000
82409  37.788  -32.003  73.988 0.0000000000
82407  39.204  -31.418  74.787 0.0000000000
83750  40.828  -31.006  75.470 0.0000000000
78386  40.289  -32.876  74.875 0.0000000000
79715  41.415  -31.876  75.559 0.0000000000
83766  41.274  -30.658  75.203 0.0000000000
82405  42.880  -30.299  74.472 0.0000000000
207123  43.780  -29.514  73.529 0.0000000000
85256  44.022  -28.918  72.396 0.0000000000
86679  44.736  -27.844  71.913 0.0000000000
85270  43.497  -29.090  71.489 0.0000000000
79730  36.170  -33.219  74.765 0.0000000000
78370  36.827  -33.809  75.790 0.0000000000
75684  37.576  -34.562  75.784 0.0000000000
72913  36.186  -36.105  75.953 0.0000000000
74387  37.024  -35.480  75.200 0.0000000000
111261  54.338  -11.675  54.680 0.0000000000
111223  51.034  -12.307  58.088 0.0000000000
112298  51.926  -12.167  59.053 0.0000000000
111188  52.939  -12.746  59.973 0.0000000000
109010  53.010  -13.177  61.069 0.0000000000
108980  52.957  -13.502  63.351 0.0000000000
107939  52.067  -14.887  62.048 0.0000000000
106834  52.564  -15.202  61.088 0.0000000000
85271  40.245  -29.144  71.572 0.0000000000
99897  42.177  -19.658  67.069 0.0000000000
211625  42.463  -18.714  66.522 0.0000000000
101180  43.393  -18.820  68.919 0.0000000000
102284  44.098  -18.569  70.528 0.0000000000
102258  45.151  -18.326  72.098 0.0000000000
97446  45.059  -21.109  73.112 0.0000000000
198868  45.466  -19.843  72.593 0.0000000000
99811  46.046  -19.102  72.585 0.0000000000
98671  46.290  -19.823  71.625 0.0000000000
214037  44.888  -27.255  71.151 0.0000000000
89136  45.098  -26.277  70.351 0.0000000000
66685  26.193  -40.075  81.446 0.0000000000
65649  25.568  -40.433  81.570 0.0000000000
66672  25.832  -40.131  81.603 0.0000000000
66696  26.505  -40.268  80.943 0.0000000000
103425  43.121  -17.462  65.212 0.0000000000
103394  43.351  -17.715  66.323 0.0000000000
102366  42.960  -17.877  65.711 0.0000000000
113567  52.151  -11.591  57.308 0.0000000000
112351  51.625  -11.733  57.221 0.0000000000
110029  49.583  -13.284  65.674 0.0000000000
110063  49.717  -13.207  64.942 0.0000000000
110028  50.019  -13.603  65.456 0.0000000000
220934  50.141  -13.988  65.340 0.0000000000
107853  49.772  -14.490  66.332 0.0000000000
86649  44.693  -28.158  73.618 0.0000000000
87934  44.290  -27.637  74.026 0.0000000000
89063  44.581  -27.171  73.665 0.0000000000
90192  44.371  -26.498  73.644 0.0000000000
87956  45.372  -27.236  73.130 0.0000000000
89094  45.607  -26.864  72.828 0.0000000000
87965  45.379  -27.335  72.906 0.0000000000
69032  28.639  -39.039  79.127 0.0000000000
70274  28.685  -38.304  78.819 0.0000000000
67842  29.057  -38.918  78.816 0.0000000000
67855  29.194  -39.144  78.459 0.0000000000
105660  45.639  -16.352  65.042 0.0000000000
104543  45.853  -16.391  64.397 0.0000000000
105644  45.995  -15.986  65.536 0.0000000000
105643  46.622  -15.648  65.447 0.0000000000
105629  46.350  -15.534  66.112 0.0000000000
106737  46.795  -15.036  66.925 0.0000000000
106738  46.375  -15.331  66.698 0.0000000000
103321  45.482  -17.530  71.687 0.0000000000
104422  45.958  -17.272  71.499 0.0000000000
103320  45.949  -17.657  71.905 0.0000000000
103308  46.376  -17.685  71.890 0.0000000000
102255  46.227  -18.144  72.230 0.0000000000
77037  38.405  -33.618  75.775 0.0000000000
78360  38.915  -33.015  75.946 0.0000000000
77045  39.280  -33.717  75.219 0.0000000000
217420  33.673  -35.419  75.251 0.0000000000
75698  34.106  -35.426  75.652 0.0000000000
75709  34.689  -34.932  75.262 0.0000000000
75697  34.919  -35.103  75.843 0.0000000000
77048  35.575  -34.796  75.836 0.0000000000
75686  34.908  -35.271  76.058 0.0000000000
112357  54.930  -10.981  56.159 0.0000000000
113579  54.188  -10.830  55.705 0.0000000000
112356  55.269  -11.033  55.997 0.0000000000
111248  55.354  -11.300  55.878 0.0000000000
111241  55.315  -11.497  56.743 0.0000000000
109014  50.840  -14.105  61.766 0.0000000000
107960  50.850  -14.128  60.338 0.0000000000
109022  50.884  -14.158  60.637 0.0000000000
109028  51.145  -13.648  59.993 0.0000000000
109021  51.194  -13.918  60.864 0.0000000000
109020  51.732  -13.426  60.911 0.0000000000
105693  49.348  -15.847  63.628 0.0000000000
105692  49.834  -15.606  63.075 0.0000000000
83786  40.193  -30.560  74.578 0.0000000000
83813  39.711  -30.273  73.166 0.0000000000
85247  40.356  -29.928  73.466 0.0000000000
213627  41.748  -26.930  70.914 0.0000000000
89138  40.988  -26.937  69.835 0.0000000000
96256  43.750  -22.206  71.510 0.0000000000
96267  43.349  -22.321  70.750 0.0000000000
199273  43.687  -21.679  70.923 0.0000000000
97508  43.368  -21.063  69.858 0.0000000000
97507  43.705  -21.127  70.453 0.0000000000
206275  43.802  -20.526  70.725 0.0000000000
97484  44.157  -21.111  71.904 0.0000000000
93884  46.105  -23.808  71.029 0.0000000000
93890  46.065  -23.183  70.906 0.0000000000
221405  46.015  -23.104  70.461 0.0000000000
95048  46.017  -22.681  70.485 0.0000000000
69018  27.377  -39.568  80.044 0.0000000000
69035  27.360  -39.012  79.652 0.0000000000
67828  27.719  -39.414  79.825 0.0000000000
66707  27.646  -40.042  79.673 0.0000000000
66716  27.591  -40.032  79.369 0.0000000000
66708  27.325  -40.150  80.133 0.0000000000
104546  44.100  -17.069  64.968 0.0000000000
103438  44.190  -17.118  64.425 0.0000000000
216169  44.918  -16.575  65.157 0.0000000000
104532  44.529  -16.799  65.259 0.0000000000
104518  45.070  -16.466  66.162 0.0000000000
104505  44.567  -16.782  66.533 0.0000000000
103379  43.994  -17.449  67.618 0.0000000000
103378  44.438  -17.098  67.643 0.0000000000
103370  44.443  -17.299  68.297 0.0000000000
103348  44.758  -17.405  69.933 0.0000000000
102312  44.391  -17.700  69.526 0.0000000000
203501  31.366  -36.859  77.808 0.0000000000
72905  31.459  -36.565  76.887 0.0000000000
72892  31.702  -36.750  77.481 0.0000000000
193754  32.958  -37.050  77.155 0.0000000000
203969  32.821  -36.726  77.262 0.0000000000
72890  33.406  -36.680  77.091 0.0000000000
74337  33.201  -36.377  76.901 0.0000000000
72889  34.145  -36.746  77.097 0.0000000000
72888  34.686  -36.815  77.015 0.0000000000
113583  52.623  -10.896  56.227 0.0000000000
188507  52.786  -10.683  56.466 0.0000000000
113571  53.057  -10.990  56.506 0.0000000000
112342  53.890  -11.687  57.359 0.0000000000
113564  53.091  -11.314  56.892 0.0000000000
216427  52.727  -11.770  58.391 0.0000000000
112333  53.028  -11.717  58.130 0.0000000000
112314  52.927  -12.183  58.805 0.0000000000
110130  53.290  -12.822  59.206 0.0000000000
111203  53.092  -12.463  59.032 0.0000000000
106816  48.580  -15.005  63.046 0.0000000000
106826  48.914  -15.247  62.396 0.0000000000
106798  48.808  -14.629  63.387 0.0000000000
108983  50.266  -13.330  63.870 0.0000000000
107912  49.959  -13.892  63.466 0.0000000000
109001  50.540  -13.697  63.365 0.0000000000
109000  50.669  -13.943  62.614 0.0000000000
186277  50.960  -13.530  63.113 0.0000000000
108981  50.804  -13.455  63.699 0.0000000000
215491  50.376  -14.402  64.811 0.0000000000
187520  50.816  -13.881  64.414 0.0000000000
106780  50.041  -14.839  64.653 0.0000000000
106797  49.986  -15.019  63.988 0.0000000000
105642  49.492  -15.283  65.056 0.0000000000
86630  42.617  -29.163  74.402 0.0000000000
86642  41.941  -29.073  74.056 0.0000000000
86641  42.554  -28.895  74.126 0.0000000000
89080  43.505  -26.929  73.632 0.0000000000
89081  42.943  -27.339  73.415 0.0000000000
89095  42.946  -26.742  72.770 0.0000000000
194940  42.226  -27.017  72.011 0.0000000000
90229  42.671  -26.535  72.111 0.0000000000
90242  42.849  -25.740  71.920 0.0000000000
90228  43.304  -26.044  72.589 0.0000000000
92634  44.596  -24.725  73.379 0.0000000000
91411  43.890  -25.238  72.786 0.0000000000
201325  44.329  -24.343  72.861 0.0000000000
93860  44.256  -23.625  72.754 0.0000000000
93859  44.572  -23.554  73.185 0.0000000000
95010  44.700  -22.926  73.283 0.0000000000
92632  45.107  -24.175  73.239 0.0000000000
90241  46.024  -25.517  71.950 0.0000000000
91419  46.126  -25.155  72.041 0.0000000000
91428  46.163  -25.140  71.800 0.0000000000
91427  46.329  -24.566  71.803 0.0000000000
91436  46.093  -25.276  71.385 0.0000000000
70292  27.786  -37.999  78.244 0.0000000000
71584  27.577  -37.842  77.670 0.0000000000
71581  29.249  -37.412  77.999 0.0000000000
71582  28.797  -37.614  78.033 0.0000000000
71593  29.115  -37.221  77.684 0.0000000000
72907  29.350  -36.835  77.135 0.0000000000
72895  29.587  -37.086  77.708 0.0000000000
72894  29.801  -37.029  77.697 0.0000000000
71580  29.780  -37.284  77.958 0.0000000000
104558  46.717  -16.359  63.559 0.0000000000
104565  47.563  -16.468  62.736 0.0000000000
105678  47.569  -15.619  63.779 0.0000000000
219185  48.051  -14.439  66.091 0.0000000000
107899  48.197  -14.700  64.849 0.0000000000
108945  48.241  -14.242  66.021 0.0000000000
108944  48.522  -14.037  65.898 0.0000000000
218187  48.484  -13.878  66.590 0.0000000000
110000  48.685  -13.773  67.275 0.0000000000
108909  48.347  -13.918  67.238 0.0000000000
106694  47.534  -14.959  68.857 0.0000000000
107812  48.114  -14.725  68.499 0.0000000000
106676  47.559  -15.320  69.404 0.0000000000
105556  48.283  -15.942  69.413 0.0000000000
105557  47.884  -16.024  69.938 0.0000000000
105587  45.726  -16.053  68.081 0.0000000000
105586  46.102  -15.665  68.481 0.0000000000
214253  47.256  -16.917  71.107 0.0000000000
104435  47.705  -16.785  70.871 0.0000000000
104434  47.999  -16.850  70.564 0.0000000000
81043  37.123  -32.663  74.769 0.0000000000
221922  37.345  -32.392  74.192 0.0000000000
81042  37.723  -32.512  75.267 0.0000000000
81013  39.509  -32.198  76.145 0.0000000000
82392  38.878  -31.871  75.272 0.0000000000
217794  39.700  -31.707  75.856 0.0000000000
82390  39.862  -31.506  75.088 0.0000000000
82375  39.976  -31.449  75.660 0.0000000000
77054  39.828  -33.355  74.326 0.0000000000
78393  40.409  -33.021  74.088 0.0000000000
79744  41.760  -31.812  74.114 0.0000000000
78384  41.346  -32.130  74.356 0.0000000000
81055  42.056  -31.538  74.877 0.0000000000
82372  41.540  -31.571  75.499 0.0000000000
81039  42.034  -31.429  74.954 0.0000000000
82388  42.245  -30.817  74.821 0.0000000000
82406  42.425  -30.900  74.463 0.0000000000
82456  43.066  -30.313  72.594 0.0000000000
82440  43.032  -30.300  73.172 0.0000000000
82455  43.547  -29.922  72.879 0.0000000000
83812  43.851  -29.650  72.910 0.0000000000
83820  43.847  -29.524  72.695 0.0000000000
83829  43.666  -29.315  72.099 0.0000000000
74377  31.485  -35.833  75.731 0.0000000000
75702  31.183  -35.526  75.066 0.0000000000
75701  31.892  -35.554  75.267 0.0000000000
77068  34.603  -34.045  74.055 0.0000000000
78395  35.051  -33.384  73.688 0.0000000000
78394  35.506  -33.155  74.026 0.0000000000
199720  35.844  -33.103  74.246 0.0000000000
78387  35.709  -33.423  74.725 0.0000000000
77038  36.527  -34.280  76.004 0.0000000000
78371  36.342  -33.889  75.638 0.0000000000
77029  36.675  -34.505  76.166 0.0000000000
77028  37.003  -34.055  76.092 0.0000000000
74358  37.201  -34.600  76.013 0.0000000000
72902  36.089  -35.934  76.287 0.0000000000
74399  37.461  -35.167  74.848 0.0000000000
110196  54.343  -11.724  55.028 0.0000000000
110209  53.502  -12.430  54.973 0.0000000000
110161  53.969  -12.109  57.457 0.0000000000
106824  49.542  -15.118  61.421 0.0000000000
105724  49.369  -15.607  60.459 0.0000000000
106837  49.629  -15.273  60.858 0.0000000000
110133  50.877  -12.725  58.880 0.0000000000
110150  50.344  -12.815  58.141 0.0000000000
110149  50.852  -12.506  58.494 0.0000000000
204232  50.803  -12.406  57.907 0.0000000000
111205  51.268  -12.292  58.755 0.0000000000
111222  51.539  -12.117  58.572 0.0000000000
111204  51.633  -12.189  58.897 0.0000000000
111171  52.143  -13.106  60.855 0.0000000000
111178  52.574  -12.864  60.432 0.0000000000
111177  52.879  -12.966  60.735 0.0000000000
110107  52.981  -13.070  60.943 0.0000000000
109011  52.915  -13.804  61.632 0.0000000000
108967  51.919  -13.811  63.082 0.0000000000
110076  52.286  -13.396  63.045 0.0000000000
107894  51.965  -14.025  63.067 0.0000000000
105690  51.083  -15.324  62.372 0.0000000000
106812  51.750  -14.862  62.396 0.0000000000
106823  51.691  -15.110  62.070 0.0000000000
107948  52.588  -15.037  61.206 0.0000000000
105701  52.021  -15.250  61.516 0.0000000000
86671  40.984  -28.829  72.655 0.0000000000
85257  40.493  -29.253  72.357 0.0000000000
86682  40.790  -28.703  71.934 0.0000000000
91438  42.844  -25.070  70.955 0.0000000000
95065  42.774  -22.350  68.862 0.0000000000
98712  42.944  -20.266  68.502 0.0000000000
98724  42.297  -20.244  67.316 0.0000000000
99881  42.513  -19.818  67.548 0.0000000000
101214  42.120  -19.235  66.514 0.0000000000
99880  42.636  -19.326  67.588 0.0000000000
101196  42.921  -18.873  67.813 0.0000000000
101167  43.274  -19.244  69.026 0.0000000000
99826  44.181  -19.528  71.118 0.0000000000
101153  43.657  -19.033  70.191 0.0000000000
101129  44.437  -19.092  71.385 0.0000000000
101140  44.554  -18.631  71.209 0.0000000000
101128  44.970  -18.823  71.984 0.0000000000
209809  45.015  -22.514  73.213 0.0000000000
97447  44.632  -21.185  72.713 0.0000000000
197535  45.191  -21.702  73.038 0.0000000000
97482  46.157  -20.995  71.913 0.0000000000
98639  45.599  -20.404  72.484 0.0000000000
98656  46.029  -20.242  72.159 0.0000000000
99798  45.609  -19.152  72.841 0.0000000000
185823  46.219  -19.727  72.048 0.0000000000
99810  46.216  -19.117  72.234 0.0000000000
97483  46.196  -20.469  71.603 0.0000000000
98689  46.184  -20.546  70.518 0.0000000000
86680  44.322  -28.179  71.498 0.0000000000
192205  44.613  -27.686  71.302 0.0000000000
87987  44.526  -27.321  70.698 0.0000000000
67811  27.045  -39.791  80.613 0.0000000000
66695  27.073  -40.055  80.685 0.0000000000
65668  26.015  -40.749  80.702 0.0000000000
103439  43.577  -17.243  64.591 0.0000000000
103409  43.970  -17.203  66.232 0.0000000000
103410  43.453  -17.344  65.656 0.0000000000
103393  43.649  -17.549  66.967 0.0000000000
102333  43.536  -17.995  67.587 0.0000000000
70290  31.367  -37.370  77.604 0.0000000000
71565  31.526  -36.899  77.529 0.0000000000
70289  32.047  -37.499  77.310 0.0000000000
190911  32.589  -37.582  76.781 0.0000000000
113573  52.823  -11.161  56.608 0.0000000000
113565  52.838  -11.479  57.518 0.0000000000
113566  52.659  -11.483  57.363 0.0000000000
113560  52.574  -11.591  57.856 0.0000000000
112334  52.536  -11.773  58.346 0.0000000000
108971  48.859  -13.830  64.927 0.0000000000
107897  49.024  -14.082  64.196 0.0000000000
108970  49.583  -13.399  64.769 0.0000000000
108969  49.986  -13.291  64.486 0.0000000000
110062  50.170  -13.201  64.773 0.0000000000
108968  50.494  -13.236  64.326 0.0000000000
108959  50.540  -13.346  64.777 0.0000000000
86638  43.877  -28.477  74.126 0.0000000000
87937  42.978  -28.247  73.978 0.0000000000
198810  44.025  -28.014  74.251 0.0000000000
89066  43.625  -27.183  73.890 0.0000000000
89079  43.861  -26.704  73.772 0.0000000000
90216  43.828  -25.913  73.231 0.0000000000
90203  44.120  -26.206  73.602 0.0000000000
90202  44.311  -25.969  73.493 0.0000000000
91398  44.638  -25.265  73.393 0.0000000000
214708  45.139  -24.594  73.070 0.0000000000
90200  45.424  -26.053  73.035 0.0000000000
89093  45.809  -26.293  72.703 0.0000000000
89118  45.413  -26.609  71.881 0.0000000000
71571  28.329  -37.925  78.389 0.0000000000
205892  29.181  -38.013  78.577 0.0000000000
70273  29.730  -37.965  78.402 0.0000000000
104559  46.063  -16.508  63.725 0.0000000000
105680  46.651  -16.136  64.194 0.0000000000
105657  47.386  -15.540  64.243 0.0000000000
105658  46.937  -15.645  64.794 0.0000000000
188264  47.031  -15.203  65.896 0.0000000000
107855  47.391  -14.738  66.659 0.0000000000
107854  47.834  -14.318  66.820 0.0000000000
107842  47.226  -14.801  67.104 0.0000000000
107830  47.238  -14.817  67.672 0.0000000000
106695  46.938  -15.129  68.875 0.0000000000
104451  45.446  -16.575  69.949 0.0000000000
104450  45.984  -16.288  70.237 0.0000000000
104437  46.160  -16.807  70.897 0.0000000000
104420  46.979  -17.378  71.344 0.0000000000
102269  47.286  -17.624  71.058 0.0000000000
102270  46.780  -17.926  71.614 0.0000000000
200204  46.707  -18.700  71.307 0.0000000000
189161  37.711  -33.293  75.763 0.0000000000
79718  38.353  -32.827  76.000 0.0000000000
79705  38.811  -32.703  76.035 0.0000000000
79704  39.479  -32.480  76.094 0.0000000000
216019  40.944  -32.613  73.264 0.0000000000
79743  41.947  -31.608  73.780 0.0000000000
81068  42.119  -31.419  73.908 0.0000000000
81094  42.376  -31.295  72.726 0.0000000000
82457  42.680  -30.748  72.362 0.0000000000
75689  32.748  -35.810  76.134 0.0000000000
75700  32.570  -35.555  75.490 0.0000000000
75723  33.571  -34.905  74.272 0.0000000000
197262  34.141  -34.521  74.365 0.0000000000
77059  34.715  -34.480  74.726 0.0000000000
77057  35.671  -33.869  75.122 0.0000000000
77039  35.960  -34.518  75.759 0.0000000000
75673  36.369  -34.989  76.232 0.0000000000
112363  55.367  -10.971  55.404 0.0000000000
111249  55.200  -11.537  55.478 0.0000000000
110188  54.202  -11.803  55.630 0.0000000000
110131  53.246  -13.151  59.002 0.0000000000
107950  50.374  -14.560  61.530 0.0000000000
106836  49.816  -15.043  61.028 0.0000000000
106835  50.633  -14.553  60.907 0.0000000000
107961  50.539  -14.136  59.692 0.0000000000
107977  50.359  -13.617  58.890 0.0000000000
109043  50.854  -13.226  59.312 0.0000000000
110117  51.165  -13.102  59.576 0.0000000000
214120  51.544  -12.692  59.583 0.0000000000
111191  51.691  -12.374  59.338 0.0000000000
110108  51.866  -12.982  60.231 0.0000000000
110101  51.899  -13.324  60.948 0.0000000000
110090  52.163  -12.979  61.813 0.0000000000
106795  51.122  -14.788  63.172 0.0000000000
106794  51.602  -14.653  62.855 0.0000000000
106814  51.009  -15.009  62.897 0.0000000000
105691  50.608  -15.357  62.686 0.0000000000
210823  38.659  -30.980  73.468 0.0000000000
87976  41.578  -27.753  71.920 0.0000000000
86681  41.099  -28.121  71.554 0.0000000000
87984  40.909  -27.911  70.824 0.0000000000
190105  40.641  -27.588  70.163 0.0000000000
93877  43.445  -23.369  71.068 0.0000000000
93885  43.045  -23.691  70.517 0.0000000000
95045  43.160  -22.967  70.619 0.0000000000
95050  42.996  -22.526  70.180 0.0000000000
96281  42.960  -21.562  69.177 0.0000000000
96297  42.657  -21.434  67.956 0.0000000000
97520  43.117  -20.945  69.406 0.0000000000
98701  43.187  -20.237  69.167 0.0000000000
212543  43.323  -19.655  69.275 0.0000000000
204502  43.540  -19.963  70.218 0.0000000000
98680  43.934  -19.999  70.907 0.0000000000
98673  44.324  -20.023  71.646 0.0000000000
206621  46.195  -23.346  72.062 0.0000000000
96215  46.033  -22.081  72.214 0.0000000000
95037  46.083  -22.424  71.891 0.0000000000
197550  46.064  -22.273  71.528 0.0000000000
96265  46.029  -21.751  71.432 0.0000000000
97495  46.063  -20.952  71.103 0.0000000000
96266  46.022  -21.917  70.898 0.0000000000
70277  27.518  -38.347  78.518 0.0000000000
70257  27.748  -38.612  79.066 0.0000000000
70256  27.994  -38.663  79.255 0.0000000000
70255  28.227  -38.714  79.203 0.0000000000
69033  28.143  -38.997  79.499 0.0000000000
219277  28.230  -39.442  79.331 0.0000000000
66726  28.003  -39.707  78.825 0.0000000000
216480  27.185  -40.343  78.822 0.0000000000
212269  44.813  -16.981  64.243 0.0000000000
218607  45.199  -16.478  65.120 0.0000000000
105630  45.801  -15.980  66.062 0.0000000000
105613  45.995  -15.591  66.957 0.0000000000
105614  45.601  -15.986  66.509 0.0000000000
104488  45.220  -16.406  67.646 0.0000000000
104475  45.294  -16.429  68.393 0.0000000000
104476  44.879  -16.843  67.978 0.0000000000
104464  45.293  -16.571  69.158 0.0000000000
103359  45.102  -16.979  69.709 0.0000000000
103347  45.108  -17.021  70.357 0.0000000000
103322  45.120  -17.766  71.392 0.0000000000
77066  38.869  -34.077  74.286 0.0000000000
72916  30.244  -36.364  76.421 0.0000000000
74366  30.373  -36.141  75.840 0.0000000000
74365  30.966  -36.268  76.161 0.0000000000
74364  31.839  -36.135  76.391 0.0000000000
214069  32.166  -36.556  77.257 0.0000000000
74350  32.481  -36.215  76.719 0.0000000000
74363  32.430  -36.054  76.478 0.0000000000
74362  32.872  -36.038  76.443 0.0000000000
74361  33.644  -36.025  76.410 0.0000000000
75676  34.455  -35.774  76.474 0.0000000000
75675  34.972  -35.537  76.390 0.0000000000
74335  34.501  -36.220  76.941 0.0000000000
71590  35.007  -36.810  76.806 0.0000000000
71616  34.714  -37.095  75.806 0.0000000000
113570  53.824  -11.058  56.380 0.0000000000
112349  53.965  -11.132  56.810 0.0000000000
110176  55.207  -11.819  57.203 0.0000000000
112341  54.996  -11.814  57.407 0.0000000000
111232  54.032  -11.950  57.613 0.0000000000
111221  53.493  -11.960  58.029 0.0000000000
112343  53.067  -11.540  57.688 0.0000000000
110147  53.330  -12.551  58.319 0.0000000000
107973  53.397  -13.446  59.918 0.0000000000
107957  53.620  -13.853  60.777 0.0000000000
105705  49.158  -15.483  61.773 0.0000000000
106825  49.413  -14.925  62.056 0.0000000000
107913  49.312  -14.197  63.546 0.0000000000
107930  49.678  -14.244  62.953 0.0000000000
107941  49.867  -14.486  62.264 0.0000000000
107940  50.400  -14.240  61.981 0.0000000000
197340  50.992  -13.933  62.392 0.0000000000
190133  51.436  -13.835  62.121 0.0000000000
108999  51.018  -13.678  62.958 0.0000000000
110061  51.865  -13.659  62.833 0.0000000000
108957  51.493  -13.954  63.611 0.0000000000
107882  51.014  -13.983  64.166 0.0000000000
189965  51.102  -14.263  63.861 0.0000000000
106796  50.719  -14.771  63.687 0.0000000000
105675  49.722  -15.364  63.813 0.0000000000
85206  40.826  -30.227  74.786 0.0000000000
85234  40.914  -29.639  73.669 0.0000000000
85233  41.199  -29.402  73.827 0.0000000000
190741  41.576  -28.617  73.203 0.0000000000
87958  41.885  -28.140  72.886 0.0000000000
87948  42.696  -27.952  73.577 0.0000000000
87957  42.440  -27.758  73.069 0.0000000000
87967  41.744  -27.949  72.445 0.0000000000
89107  42.010  -27.456  72.197 0.0000000000
89119  42.257  -26.729  71.497 0.0000000000
90258  42.217  -26.256  70.886 0.0000000000
90273  41.894  -25.977  70.198 0.0000000000
200254  42.601  -25.637  71.281 0.0000000000
92667  43.159  -24.588  71.319 0.0000000000
92659  43.345  -24.704  71.844 0.0000000000
92666  43.536  -24.187  71.695 0.0000000000
93871  43.840  -23.641  72.131 0.0000000000
95027  44.115  -22.961  72.467 0.0000000000
200487  44.063  -22.429  72.125 0.0000000000
96238  44.089  -21.871  72.050 0.0000000000
198040  44.622  -22.334  73.111 0.0000000000
215764  44.764  -22.516  73.285 0.0000000000
93858  45.728  -23.350  73.053 0.0000000000
91396  45.365  -24.785  72.642 0.0000000000
92647  45.942  -24.364  72.497 0.0000000000
93857  46.208  -23.478  72.374 0.0000000000
92665  46.689  -24.122  71.962 0.0000000000
92674  46.206  -24.180  71.434 0.0000000000
72928  29.384  -36.302  75.579 0.0000000000
71583  28.243  -37.763  77.874 0.0000000000
72918  28.863  -36.888  76.512 0.0000000000
72917  29.291  -36.542  76.289 0.0000000000
221256  29.695  -36.484  76.593 0.0000000000
185192  29.929  -36.608  77.059 0.0000000000
72893  30.946  -36.961  77.499 0.0000000000
72880  30.840  -36.881  77.516 0.0000000000
70272  30.375  -37.579  78.075 0.0000000000
70271  31.235  -37.551  77.720 0.0000000000
105677  48.071  -15.538  63.407 0.0000000000
106799  48.340  -14.847  63.619 0.0000000000
106782  47.864  -15.026  64.293 0.0000000000
106781  48.257  -14.715  64.107 0.0000000000
107898  48.620  -14.220  64.490 0.0000000000
201252  48.739  -13.920  65.518 0.0000000000
110047  48.841  -13.849  65.775 0.0000000000
110012  49.230  -13.799  66.232 0.0000000000
108906  49.356  -14.280  67.002 0.0000000000
108907  49.102  -14.061  67.240 0.0000000000
108890  49.053  -14.419  67.706 0.0000000000
107810  48.987  -15.177  68.590 0.0000000000
108893  48.030  -14.192  67.668 0.0000000000
107811  48.628  -15.015  68.723 0.0000000000
105598  46.069  -15.675  67.664 0.0000000000
106696  46.499  -15.370  68.762 0.0000000000
106678  46.591  -15.405  69.388 0.0000000000
105560  46.297  -15.684  69.860 0.0000000000
105559  46.824  -15.597  69.982 0.0000000000
105558  47.457  -15.667  69.967 0.0000000000
105543  47.725  -16.359  70.439 0.0000000000
81069  36.536  -32.393  73.429 0.0000000000
199164  38.251  -31.421  73.755 0.0000000000
81056  38.310  -32.240  75.032 0.0000000000
82408  38.397  -31.695  74.537 0.0000000000
83788  38.840  -31.188  74.112 0.0000000000
83787  39.515  -30.910  74.367 0.0000000000
83768  40.928  -30.530  75.068 0.0000000000
77044  39.714  -33.302  74.981 0.0000000000
78377  39.971  -32.920  75.250 0.0000000000
221030  40.568  -32.292  75.806 0.0000000000
78385  40.838  -32.508  74.607 0.0000000000
78376  40.860  -32.470  75.182 0.0000000000
79716  40.857  -32.027  75.875 0.0000000000
195061  40.878  -31.642  76.110 0.0000000000
83749  40.813  -30.794  75.640 0.0000000000
83767  41.067  -30.667  75.241 0.0000000000
203675  41.488  -30.331  74.954 0.0000000000
85204  41.981  -29.726  74.728 0.0000000000
83784  43.073  -29.736  74.579 0.0000000000
82424  42.912  -30.302  73.776 0.0000000000
82423  43.400  -29.852  73.927 0.0000000000
83783  43.536  -29.613  74.258 0.0000000000
83798  44.022  -29.011  73.649 0.0000000000
85245  44.390  -28.550  73.144 0.0000000000
214240  44.934  -28.079  72.907 0.0000000000
85244  44.929  -27.939  72.495 0.0000000000
85268  44.409  -28.335  72.083 0.0000000000
85269  43.926  -28.688  71.791 0.0000000000
85281  43.842  -28.482  71.162 0.0000000000
83842  42.960  -29.429  71.217 0.0000000000
85282  43.278  -28.822  70.834 0.0000000000
74389  30.528  -35.654  74.889 0.0000000000
75713  31.667  -35.355  74.512 0.0000000000
79746  35.732  -32.758  73.641 0.0000000000
79739  36.100  -32.939  74.148 0.0000000000
196775  36.688  -33.080  75.067 0.0000000000
202048  35.996  -33.635  75.249 0.0000000000
78379  36.730  -33.381  75.493 0.0000000000
79719  36.889  -33.074  75.386 0.0000000000
198397  37.473  -33.763  75.865 0.0000000000
75683  37.694  -34.038  75.839 0.0000000000
75707  38.139  -34.309  75.052 0.0000000000
190742  35.853  -35.916  76.417 0.0000000000
74346  36.150  -35.422  76.350 0.0000000000
74360  36.503  -35.508  76.113 0.0000000000
74375  36.571  -35.745  75.559 0.0000000000
74374  36.963  -35.299  75.697 0.0000000000
74386  37.410  -35.143  75.341 0.0000000000
67785  26.013  -39.901  81.613 0.0000000000
111270  54.033  -11.748  54.235 0.0000000000
112337  51.447  -12.065  58.195 0.0000000000
112317  51.854  -12.028  58.675 0.0000000000
112297  52.285  -12.138  59.054 0.0000000000
111190  52.019  -12.524  59.736 0.0000000000
111189  52.441  -12.481  59.729 0.0000000000
112296  52.635  -12.223  59.137 0.0000000000
110116  53.104  -12.915  60.162 0.0000000000
110106  53.089  -13.022  60.752 0.0000000000
106821  54.102  -13.806  61.088 0.0000000000
108998  51.883  -13.484  61.845 0.0000000000
216024  52.092  -13.356  61.909 0.0000000000
110089  52.583  -13.735  61.862 0.0000000000
195279  51.871  -14.482  62.739 0.0000000000
106793  52.363  -14.414  62.363 0.0000000000
108997  52.937  -14.044  61.859 0.0000000000
107928  52.976  -14.083  61.579 0.0000000000
107937  53.155  -14.168  61.091 0.0000000000
105714  52.274  -15.396  60.943 0.0000000000
102382  42.200  -18.377  64.979 0.0000000000
85246  40.704  -29.359  73.091 0.0000000000
85272  39.964  -29.723  72.008 0.0000000000
97538  42.613  -20.880  67.592 0.0000000000
204935  41.879  -19.402  66.017 0.0000000000
101237  42.137  -18.785  65.767 0.0000000000
215567  42.606  -18.375  65.989 0.0000000000
101236  42.912  -18.261  66.436 0.0000000000
102334  43.060  -18.385  67.547 0.0000000000
192337  43.656  -18.263  68.860 0.0000000000
101166  43.538  -19.010  69.529 0.0000000000
202454  43.655  -18.605  69.328 0.0000000000
102313  44.003  -18.170  69.445 0.0000000000
102296  44.348  -18.013  70.139 0.0000000000
102272  45.095  -18.233  71.682 0.0000000000
102271  45.348  -17.978  72.036 0.0000000000
96237  44.409  -21.141  72.517 0.0000000000
98657  44.613  -20.570  72.613 0.0000000000
98672  44.654  -19.965  72.339 0.0000000000
196576  45.177  -20.842  72.673 0.0000000000
98640  45.160  -20.260  72.992 0.0000000000
99813  44.941  -19.281  72.506 0.0000000000
99812  45.236  -19.121  72.713 0.0000000000
205912  45.210  -18.143  72.795 0.0000000000
192279  46.110  -18.268  72.728 0.0000000000
101112  46.134  -18.551  72.535 0.0000000000
99824  46.382  -19.196  71.727 0.0000000000
99833  46.406  -19.360  71.166 0.0000000000
204222  46.206  -20.672  71.088 0.0000000000
190455  46.296  -20.076  71.122 0.0000000000
86669  45.084  -27.645  72.176 0.0000000000
87981  45.267  -26.844  71.422 0.0000000000
216839  45.705  -26.269  71.401 0.0000000000
87982  44.991  -26.786  70.773 0.0000000000
89135  45.477  -26.299  70.938 0.0000000000
91437  45.727  -25.452  70.701 0.0000000000
67827  28.227  -39.327  79.449 0.0000000000
70288  32.663  -37.171  77.153 0.0000000000
71566  31.004  -37.042  77.594 0.0000000000
71567  30.568  -37.232  77.779 0.0000000000
71568  30.059  -37.465  78.090 0.0000000000
71577  34.317  -37.005  77.004 0.0000000000
71591  34.664  -37.058  76.848 0.0000000000
71603  34.958  -37.065  76.371 0.0000000000
72887  34.989  -36.324  76.964 0.0000000000
72891  31.969  -36.881  77.544 0.0000000000
72904  31.673  -36.635  77.289 0.0000000000
72906  30.160  -36.945  77.473 0.0000000000
72914  35.644  -36.373  76.222 0.0000000000
74339  31.938  -36.406  76.938 0.0000000000
74345  36.546  -35.115  76.209 0.0000000000
74347  34.520  -35.884  76.694 0.0000000000
74348  33.788  -36.151  76.628 0.0000000000
74349  33.006  -36.176  76.632 0.0000000000
74359  36.906  -35.034  76.040 0.0000000000
74373  37.285  -34.957  75.757 0.0000000000
75674  35.805  -35.358  76.374 0.0000000000
75695  37.989  -34.180  75.567 0.0000000000
75696  37.826  -34.876  75.239 0.0000000000
75699  33.291  -35.607  75.619 0.0000000000
77027  37.906  -33.890  75.774 0.0000000000
77030  36.217  -34.791  76.147 0.0000000000
77036  39.085  -33.382  75.655 0.0000000000
77046  38.746  -33.979  75.136 0.0000000000
77055  39.347  -33.780  74.616 0.0000000000
78361  37.881  -33.108  75.885 0.0000000000
78362  36.959  -34.069  75.978 0.0000000000
78366  40.500  -32.536  75.449 0.0000000000
78367  40.059  -32.615  75.668 0.0000000000
78368  39.553  -32.824  75.880 0.0000000000
78369  37.220  -33.703  75.802 0.0000000000
78375  41.365  -32.138  75.069 0.0000000000
78380  36.355  -33.421  75.304 0.0000000000
78392  40.921  -32.633  73.854 0.0000000000
79717  40.130  -32.305  76.049 0.0000000000
79726  41.891  -31.935  74.915 0.0000000000
79727  41.112  -32.158  75.568 0.0000000000
79729  37.786  -32.911  75.648 0.0000000000
79737  41.671  -31.877  74.847 0.0000000000
79738  36.544  -32.923  74.412 0.0000000000
81027  41.194  -31.991  75.926 0.0000000000
81028  40.443  -31.984  76.064 0.0000000000
81029  39.940  -31.908  76.160 0.0000000000
81030  39.075  -32.296  76.034 0.0000000000
81040  42.009  -31.646  74.904 0.0000000000
81041  39.205  -31.884  75.928 0.0000000000
81054  42.112  -31.406  74.685 0.0000000000
81057  37.788  -32.282  74.621 0.0000000000
81058  36.813  -32.567  74.025 0.0000000000
81067  42.477  -30.887  73.917 0.0000000000
81077  42.528  -30.851  73.580 0.0000000000
81078  42.248  -31.317  73.356 0.0000000000
81080  36.317  -32.294  72.906 0.0000000000
82373  40.976  -30.930  75.859 0.0000000000
82374  40.847  -31.045  75.493 0.0000000000
82376  39.568  -31.887  76.077 0.0000000000
82389  42.013  -31.340  75.075 0.0000000000
82391  39.558  -31.620  75.414 0.0000000000
82439  43.356  -30.057  73.249 0.0000000000
83747  41.418  -30.993  75.427 0.0000000000
83748  41.126  -30.823  75.533 0.0000000000
83764  42.342  -30.099  74.784 0.0000000000
83765  41.942  -30.087  74.816 0.0000000000
83769  40.405  -30.848  74.920 0.0000000000
83770  39.983  -31.234  74.887 0.0000000000
83799  43.782  -29.370  73.739 0.0000000000
83800  39.799  -30.426  73.896 0.0000000000
83811  44.009  -29.159  73.391 0.0000000000
83819  44.082  -29.139  72.976 0.0000000000
85203  42.681  -29.522  74.672 0.0000000000
85205  41.440  -30.019  74.746 0.0000000000
85218  43.387  -29.070  74.296 0.0000000000
85231  44.332  -28.593  73.476 0.0000000000
85232  44.125  -28.962  74.229 0.0000000000
85235  40.506  -30.056  74.171 0.0000000000
85255  44.417  -28.477  72.669 0.0000000000
86637  44.350  -28.116  74.042 0.0000000000
86639  43.555  -28.320  74.168 0.0000000000
86640  42.836  -28.468  74.140 0.0000000000
86648  45.126  -27.773  73.225 0.0000000000
86651  42.303  -28.596  73.811 0.0000000000
86652  41.624  -28.974  73.669 0.0000000000
86659  45.306  -27.574  72.947 0.0000000000
86660  45.003  -27.989  73.182 0.0000000000
86661  41.410  -28.453  72.825 0.0000000000
86678  45.016  -27.446  71.701 0.0000000000
87935  43.825  -27.522  74.099 0.0000000000
87936  43.439  -27.847  74.072 0.0000000000
87945  45.072  -27.304  73.299 0.0000000000
87946  44.764  -27.762  73.729 0.0000000000
87975  45.274  -27.036  71.886 0.0000000000
89065  44.046  -26.925  74.081 0.0000000000
89077  45.458  -26.774  73.030 0.0000000000
89078  45.011  -26.632  73.367 0.0000000000
89096  42.702  -27.237  72.918 0.0000000000
89104  45.740  -26.058  72.317 0.0000000000
89105  45.591  -26.793  72.693 0.0000000000
89106  42.481  -27.116  72.436 0.0000000000
89120  41.878  -27.254  71.646 0.0000000000
89126  46.002  -25.877  71.131 0.0000000000
89127  41.346  -26.753  70.343 0.0000000000
90193  44.143  -26.543  73.785 0.0000000000
90204  43.884  -26.422  73.607 0.0000000000
90215  45.706  -25.902  72.645 0.0000000000
90227  45.864  -25.686  72.355 0.0000000000
90257  46.168  -25.569  71.564 0.0000000000
90259  41.716  -26.467  70.435 0.0000000000
90271  45.455  -25.852  70.572 0.0000000000
91397  45.090  -25.258  73.125 0.0000000000
91399  44.428  -25.443  73.422 0.0000000000
91400  44.237  -25.130  73.127 0.0000000000
91410  45.442  -25.455  72.688 0.0000000000
92646  46.520  -23.996  72.266 0.0000000000
92648  45.644  -24.083  73.008 0.0000000000
92649  44.673  -24.117  73.288 0.0000000000
92656  46.666  -24.129  72.039 0.0000000000
92657  46.267  -24.567  72.155 0.0000000000
92673  46.530  -24.008  71.695 0.0000000000
93842  45.018  -23.623  73.319 0.0000000000
93843  44.760  -23.568  73.347 0.0000000000
93870  46.649  -23.905  72.101 0.0000000000
93876  46.518  -23.818  71.854 0.0000000000
93878  43.208  -23.970  71.163 0.0000000000
93891  46.018  -23.441  70.529 0.0000000000
94990  45.242  -23.144  73.273 0.0000000000
94991  44.901  -23.008  73.353 0.0000000000
95007  46.002  -22.598  72.257 0.0000000000
95009  45.410  -22.829  73.103 0.0000000000
95038  43.748  -22.995  71.734 0.0000000000
95042  46.106  -23.044  71.494 0.0000000000
96216  45.673  -22.068  72.580 0.0000000000
96217  45.381  -22.297  72.859 0.0000000000
96218  44.728  -21.928  72.959 0.0000000000
96220  44.354  -22.321  72.677 0.0000000000
96236  46.188  -22.084  72.164 0.0000000000
96255  46.060  -21.690  71.860 0.0000000000
96290  42.815  -21.554  68.530 0.0000000000
97445  45.753  -21.041  72.374 0.0000000000
97464  46.127  -20.834  72.067 0.0000000000
97494  46.092  -21.074  71.784 0.0000000000
97496  43.847  -21.080  71.219 0.0000000000
97532  42.988  -20.910  68.855 0.0000000000
97545  42.309  -20.882  67.006 0.0000000000
98638  45.930  -20.434  72.249 0.0000000000
98641  44.873  -20.497  72.736 0.0000000000
98658  44.181  -20.569  71.922 0.0000000000
98690  43.375  -20.429  69.711 0.0000000000
98723  42.734  -20.290  67.850 0.0000000000
99797  45.873  -19.727  72.427 0.0000000000
99799  44.941  -19.871  72.596 0.0000000000
99843  43.434  -19.912  69.622 0.0000000000
99853  43.476  -19.436  69.790 0.0000000000
99864  42.957  -19.264  68.319 0.0000000000
99911  41.872  -19.788  66.448 0.0000000000
99922  41.657  -19.294  65.423 0.0000000000
101100  45.975  -18.670  72.862 0.0000000000
101113  45.478  -18.569  72.966 0.0000000000
101114  44.975  -18.593  72.691 0.0000000000
101141  44.032  -19.054  70.767 0.0000000000
101181  43.158  -18.967  68.490 0.0000000000
101213  42.428  -19.068  67.048 0.0000000000
102256  45.871  -18.037  72.440 0.0000000000
102257  45.327  -18.006  72.538 0.0000000000
102283  44.685  -18.107  70.957 0.0000000000
102297  43.845  -18.602  69.875 0.0000000000
102325  43.366  -18.503  68.198 0.0000000000
103335  45.260  -17.309  70.992 0.0000000000
103361  44.196  -17.769  68.908 0.0000000000
104423  45.649  -17.154  71.149 0.0000000000
104436  46.776  -16.694  70.950 0.0000000000
104463  45.829  -16.099  69.520 0.0000000000
104465  44.967  -16.894  68.589 0.0000000000
104504  45.137  -16.401  66.883 0.0000000000
104519  44.517  -16.803  65.774 0.0000000000
104544  45.142  -16.550  64.688 0.0000000000
104545  44.585  -16.788  64.861 0.0000000000
105542  48.160  -16.608  70.199 0.0000000000
105631  45.436  -16.302  65.948 0.0000000000
105645  45.408  -16.374  65.515 0.0000000000
105696  47.471  -16.118  63.398 0.0000000000
105700  54.401  -14.095  61.222 0.0000000000
105713  53.967  -13.872  61.091 0.0000000000
106675  47.966  -15.668  69.515 0.0000000000
106693  48.055  -15.107  69.106 0.0000000000
106709  46.903  -15.153  68.194 0.0000000000
106721  46.836  -15.099  67.495 0.0000000000
106722  46.428  -15.333  67.242 0.0000000000
106765  47.736  -14.863  65.539 0.0000000000
106766  47.200  -15.356  65.321 0.0000000000
106777  51.409  -14.441  63.460 0.0000000000
106778  50.787  -14.690  63.818 0.0000000000
106822  52.091  -15.031  61.789 0.0000000000
106832  54.470  -13.922  61.214 0.0000000000
106844  54.333  -13.814  60.887 0.0000000000
106860  50.143  -14.637  59.650 0.0000000000
107813  47.784  -14.582  68.115 0.0000000000
107814  47.334  -14.850  68.244 0.0000000000
107840  49.463  -14.656  67.006 0.0000000000
107841  47.595  -14.515  67.296 0.0000000000
107872  47.525  -14.764  66.201 0.0000000000
107884  48.316  -14.365  65.532 0.0000000000
107896  50.824  -14.306  64.239 0.0000000000
107909  52.341  -14.026  62.374 0.0000000000
107910  51.939  -14.020  62.808 0.0000000000
107911  51.716  -14.160  63.069 0.0000000000
107936  54.109  -13.821  61.122 0.0000000000
107938  52.642  -14.505  61.748 0.0000000000
107945  54.081  -13.768  61.016 0.0000000000
107946  53.088  -14.193  60.646 0.0000000000
107976  50.807  -13.715  59.637 0.0000000000
108874  48.909  -14.737  68.205 0.0000000000
108875  48.495  -14.483  68.130 0.0000000000
108876  48.113  -14.332  67.996 0.0000000000
108891  48.758  -14.155  67.718 0.0000000000
108908  48.882  -13.883  67.388 0.0000000000
108910  47.933  -14.150  67.255 0.0000000000
108924  49.620  -14.168  66.514 0.0000000000
108925  48.671  -13.766  66.895 0.0000000000
108926  48.088  -14.146  66.367 0.0000000000
108943  49.903  -13.958  66.094 0.0000000000
109019  52.883  -13.026  61.104 0.0000000000
109027  53.473  -13.619  60.903 0.0000000000
109999  49.246  -13.943  66.661 0.0000000000
110013  49.099  -13.845  66.622 0.0000000000
110030  49.019  -13.779  65.783 0.0000000000
110043  51.580  -13.680  63.278 0.0000000000
110045  49.750  -13.181  65.176 0.0000000000
110059  52.251  -13.558  62.723 0.0000000000
110060  52.041  -13.384  62.952 0.0000000000
110075  52.404  -13.915  62.148 0.0000000000
110077  52.129  -13.125  62.728 0.0000000000
110100  51.958  -13.299  61.109 0.0000000000
111172  51.985  -13.187  60.761 0.0000000000
111180  51.828  -12.710  59.879 0.0000000000
111187  53.139  -12.751  59.512 0.0000000000
111236  55.251  -11.623  57.151 0.0000000000
111242  55.244  -11.558  56.258 0.0000000000
112313  53.204  -11.892  58.274 0.0000000000
112316  52.164  -11.970  58.684 0.0000000000
112335  51.928  -11.797  58.149 0.0000000000
112336  51.758  -11.914  58.318 0.0000000000
112345  51.676  -11.834  57.833 0.0000000000
113580  53.521  -10.772  55.877 0.0000000000
113582  52.788  -10.465  56.301 0.0000000000
187124  40.565  -33.007  73.408 0.0000000000
188909  45.711  -22.766  72.811 0.0000000000
190542  52.123  -13.147  62.611 0.0000000000
193276  50.204  -13.599  65.262 0.0000000000
194003  48.218  -13.970  66.894 0.0000000000
194239  53.346  -11.502  57.413 0.0000000000
194240  42.720  -18.581  67.132 0.0000000000
195230  54.867  -11.884  57.041 0.0000000000
195276  42.992  -30.333  73.922 0.0000000000
196268  43.008  -25.148  71.595 0.0000000000
198337  49.496  -13.312  65.151 0.0000000000
198833  41.384  -29.536  74.273 0.0000000000
198865  45.677  -18.221  72.928 0.0000000000
199199  46.020  -24.606  71.333 0.0000000000
199967  40.966  -29.854  74.268 0.0000000000
200349  42.957  -22.115  69.602 0.0000000000
201607  45.663  -26.308  72.953 0.0000000000
202142  41.911  -30.816  75.062 0.0000000000
203603  45.198  -19.771  72.634 0.0000000000
203644  40.434  -31.625  75.783 0.0000000000
203964  42.839  -19.738  68.076 0.0000000000
204033  44.869  -21.772  72.962 0.0000000000
204551  44.689  -24.872  73.426 0.0000000000
204803  44.910  -24.814  73.344 0.0000000000
208057  35.199  -35.956  76.672 0.0000000000
210353  42.963  -23.157  70.146 0.0000000000
210972  42.806  -26.975  72.979 0.0000000000
211426  54.464  -13.989  61.093 0.0000000000
211630  43.051  -21.489  69.637 0.0000000000
212887  42.538  -18.235  65.466 0.0000000000
213455  46.008  -21.695  72.260 0.0000000000
213702  48.929  -13.763  67.108 0.0000000000
214156  43.584  -23.653  71.532 0.0000000000
216107  46.125  -23.738  72.696 0.0000000000
216184  47.222  -16.435  70.769 0.0000000000
217029  52.972  -13.504  63.371 0.0000000000
217177  51.056  -12.234  57.758 0.0000000000
219118  42.644  -18.958  67.388 0.0000000000
219987  46.035  -23.244  72.736 0.0000000000
220437  52.763  -14.059  61.823 0.0000000000
221197  46.199  -20.119  71.902 0.0000000000
