#!ascii label  , from subject sub-02_ses-009.long.sub-02 vox2ras=TkReg
1882
227208  20.401  -13.295  41.923 0.0000000000
69857  36.452  -13.186  45.832 0.0000000000
107791  39.426  10.403  25.714 0.0000000000
217351  29.201  -3.267  30.507 0.0000000000
80632  33.942  -8.199  39.527 0.0000000000
225726  52.364  18.163  16.934 0.0000000000
101574  39.390  6.473  28.606 0.0000000000
95856  34.270  2.065  25.507 0.0000000000
62498  18.053  -18.839  39.039 0.0000000000
199343  26.899  -13.394  43.949 0.0000000000
71209  29.406  -12.844  40.008 0.0000000000
75915  22.999  -10.403  39.237 0.0000000000
113768  46.402  14.390  20.809 0.0000000000
69837  24.356  -14.666  47.004 0.0000000000
66097  19.106  -16.882  46.102 0.0000000000
111333  45.662  13.056  25.675 0.0000000000
193881  15.573  -19.440  42.917 0.0000000000
60031  11.321  -21.154  42.320 0.0000000000
92260  32.270  0.689  29.797 0.0000000000
84580  31.463  -5.468  35.395 0.0000000000
77294  32.404  -10.346  31.558 0.0000000000
72501  30.961  -13.496  34.986 0.0000000000
98154  39.204  3.830  28.274 0.0000000000
99350  36.923  4.067  27.037 0.0000000000
94728  36.378  1.527  27.386 0.0000000000
210981  41.964  6.855  29.976 0.0000000000
69971  19.550  -14.858  38.824 0.0000000000
64974  19.283  -17.821  37.946 0.0000000000
67386  19.151  -16.214  40.599 0.0000000000
73588  23.967  -12.125  43.663 0.0000000000
74768  25.530  -11.315  42.076 0.0000000000
73638  21.567  -11.760  40.741 0.0000000000
72467  20.243  -13.359  37.446 0.0000000000
108990  40.275  12.032  23.697 0.0000000000
108939  41.500  11.302  27.929 0.0000000000
111351  42.348  12.716  25.289 0.0000000000
111389  42.871  12.677  23.280 0.0000000000
62324  19.516  -18.742  48.192 0.0000000000
62373  19.067  -19.987  43.306 0.0000000000
59946  18.107  -20.979  45.630 0.0000000000
57412  12.128  -22.197  47.959 0.0000000000
59953  12.416  -20.997  45.652 0.0000000000
58750  10.702  -21.886  44.371 0.0000000000
54908  9.388  -23.966  43.140 0.0000000000
53633  8.648  -24.801  44.184 0.0000000000
85856  32.390  -4.268  39.125 0.0000000000
81845  32.587  -7.048  37.929 0.0000000000
80707  32.198  -7.787  34.405 0.0000000000
79468  32.934  -8.510  35.940 0.0000000000
75924  27.324  -10.626  37.721 0.0000000000
71247  30.571  -12.408  37.989 0.0000000000
75956  27.791  -11.341  35.314 0.0000000000
74905  28.504  -12.408  33.404 0.0000000000
205134  31.138  -1.286  29.886 0.0000000000
92294  31.893  -0.772  26.784 0.0000000000
89740  29.866  -2.152  26.771 0.0000000000
124666  53.876  20.835  14.935 0.0000000000
119681  52.449  18.396  14.966 0.0000000000
105240  39.563  8.243  28.217 0.0000000000
102739  37.089  6.699  26.837 0.0000000000
106493  41.784  8.869  30.035 0.0000000000
68608  31.439  -15.440  45.042 0.0000000000
68628  32.789  -15.238  42.877 0.0000000000
71170  28.952  -12.495  42.110 0.0000000000
74806  26.812  -10.422  39.981 0.0000000000
77217  23.914  -10.207  36.680 0.0000000000
113744  49.148  14.564  23.241 0.0000000000
114881  49.671  15.227  20.936 0.0000000000
116077  48.986  16.192  18.394 0.0000000000
116088  50.345  16.173  16.226 0.0000000000
71140  22.766  -13.433  45.079 0.0000000000
69878  19.538  -15.018  44.329 0.0000000000
69841  21.849  -15.138  46.532 0.0000000000
71114  25.980  -13.958  45.846 0.0000000000
111386  45.252  12.992  23.520 0.0000000000
64898  18.812  -17.650  42.135 0.0000000000
62453  17.251  -18.755  41.086 0.0000000000
62481  15.012  -19.244  40.112 0.0000000000
189588  15.198  -20.920  45.922 0.0000000000
62405  13.161  -19.112  42.634 0.0000000000
52394  6.661  -27.088  44.891 0.0000000000
190630  35.127  1.243  28.800 0.0000000000
218150  30.522  -1.543  32.996 0.0000000000
226479  30.966  -3.005  35.786 0.0000000000
87169  29.951  -4.377  33.100 0.0000000000
81963  30.798  -6.454  31.967 0.0000000000
193704  31.361  -9.239  30.792 0.0000000000
76054  30.105  -10.830  29.754 0.0000000000
69928  33.069  -13.395  41.641 0.0000000000
194012  33.784  -11.944  39.162 0.0000000000
208321  34.016  -10.257  37.434 0.0000000000
224399  31.988  -12.225  33.310 0.0000000000
224751  29.621  -12.085  31.264 0.0000000000
93527  33.634  0.404  26.960 0.0000000000
92324  32.822  -0.256  24.495 0.0000000000
95826  39.342  2.564  27.912 0.0000000000
95836  37.884  2.464  27.690 0.0000000000
94717  37.666  1.530  28.242 0.0000000000
98146  40.431  4.516  28.904 0.0000000000
69935  19.709  -14.345  40.495 0.0000000000
68683  19.557  -15.433  39.736 0.0000000000
69904  19.255  -14.996  41.379 0.0000000000
73590  22.362  -12.493  43.306 0.0000000000
73616  22.432  -11.752  42.366 0.0000000000
73618  21.056  -12.503  41.618 0.0000000000
72430  20.210  -13.164  39.939 0.0000000000
108976  39.642  11.340  24.660 0.0000000000
207941  40.804  11.081  27.246 0.0000000000
110121  41.924  12.150  26.728 0.0000000000
110127  41.243  12.157  25.930 0.0000000000
110148  41.402  12.683  24.491 0.0000000000
56128  10.670  -22.831  47.086 0.0000000000
57422  10.945  -22.101  45.858 0.0000000000
57428  10.565  -22.729  45.441 0.0000000000
56151  9.801  -22.657  43.768 0.0000000000
56146  9.831  -23.622  44.871 0.0000000000
228388  9.063  -24.284  43.475 0.0000000000
81806  32.918  -6.715  39.531 0.0000000000
80633  33.594  -7.707  39.013 0.0000000000
80678  33.120  -7.950  36.736 0.0000000000
79433  33.794  -8.849  38.249 0.0000000000
71135  36.306  -12.478  45.165 0.0000000000
77214  25.896  -10.197  35.942 0.0000000000
74850  27.846  -10.473  36.472 0.0000000000
195814  26.373  -11.204  35.283 0.0000000000
75985  26.583  -11.071  33.934 0.0000000000
90962  29.957  -1.769  30.172 0.0000000000
89721  29.778  -1.630  28.406 0.0000000000
118440  52.158  17.748  17.924 0.0000000000
119669  52.706  18.752  18.087 0.0000000000
120931  53.060  19.245  17.603 0.0000000000
211051  53.154  19.565  16.045 0.0000000000
119675  52.413  18.420  15.748 0.0000000000
103939  39.570  7.392  28.437 0.0000000000
103949  38.738  7.442  27.681 0.0000000000
101584  38.614  6.366  28.085 0.0000000000
97015  35.851  3.014  26.548 0.0000000000
209153  36.007  4.062  26.244 0.0000000000
97024  34.246  2.935  24.787 0.0000000000
102708  40.855  6.814  29.482 0.0000000000
105222  40.748  7.910  29.339 0.0000000000
105231  40.173  8.324  28.839 0.0000000000
63747  18.882  -18.149  38.318 0.0000000000
61252  17.429  -19.663  38.465 0.0000000000
69875  29.356  -14.630  44.453 0.0000000000
193213  30.143  -13.587  43.297 0.0000000000
72381  27.761  -13.086  42.992 0.0000000000
74793  24.371  -10.287  41.007 0.0000000000
74779  26.238  -10.254  41.449 0.0000000000
75899  25.035  -10.175  39.852 0.0000000000
75913  25.259  -10.116  39.117 0.0000000000
75927  23.424  -10.510  37.910 0.0000000000
75939  22.174  -10.718  37.720 0.0000000000
82002  30.044  -7.141  29.375 0.0000000000
113758  48.056  14.076  21.863 0.0000000000
113756  49.182  14.712  21.889 0.0000000000
113774  47.758  14.777  20.591 0.0000000000
224340  48.370  15.455  18.397 0.0000000000
116083  48.867  15.662  17.511 0.0000000000
116082  49.517  16.186  17.695 0.0000000000
71117  23.714  -14.123  46.044 0.0000000000
71119  22.620  -14.282  45.857 0.0000000000
69839  23.131  -14.813  46.946 0.0000000000
204369  25.818  -14.260  46.624 0.0000000000
72353  24.145  -13.386  45.218 0.0000000000
111364  46.625  13.161  24.359 0.0000000000
111366  45.685  12.950  24.757 0.0000000000
111397  42.889  12.933  22.117 0.0000000000
68612  19.635  -15.608  45.239 0.0000000000
67354  18.829  -16.390  43.090 0.0000000000
66108  18.880  -17.338  44.134 0.0000000000
62375  17.291  -20.234  43.029 0.0000000000
190107  17.516  -19.028  42.451 0.0000000000
223537  16.299  -19.022  41.896 0.0000000000
62480  15.649  -19.217  40.499 0.0000000000
63658  15.272  -19.252  42.076 0.0000000000
59909  14.040  -21.582  47.350 0.0000000000
60009  12.061  -20.684  43.638 0.0000000000
61149  13.348  -20.494  44.177 0.0000000000
61191  11.980  -20.030  42.888 0.0000000000
61220  13.134  -19.801  41.037 0.0000000000
90916  31.555  -0.888  32.223 0.0000000000
84570  31.692  -5.237  37.248 0.0000000000
221087  31.988  -3.271  37.600 0.0000000000
203279  30.568  -4.398  35.830 0.0000000000
87154  30.187  -3.964  34.565 0.0000000000
85893  30.801  -5.277  34.189 0.0000000000
84621  30.516  -5.809  32.237 0.0000000000
83243  31.447  -6.418  33.859 0.0000000000
78416  31.703  -8.541  33.487 0.0000000000
80729  31.703  -7.917  32.353 0.0000000000
78439  31.932  -9.799  31.455 0.0000000000
77323  30.823  -10.224  29.797 0.0000000000
76040  31.277  -10.831  30.862 0.0000000000
194655  31.293  -12.777  41.486 0.0000000000
69899  33.082  -14.602  41.523 0.0000000000
69931  31.419  -13.029  40.717 0.0000000000
71274  29.903  -13.687  36.460 0.0000000000
69979  31.719  -14.480  38.629 0.0000000000
71243  32.867  -13.969  37.137 0.0000000000
73668  33.901  -11.394  38.373 0.0000000000
72484  33.920  -12.419  35.712 0.0000000000
74870  33.501  -11.477  34.900 0.0000000000
209883  31.588  -12.998  34.165 0.0000000000
74948  27.582  -11.871  31.706 0.0000000000
206948  28.778  -12.374  32.215 0.0000000000
93486  33.743  1.208  29.160 0.0000000000
217946  33.971  1.010  27.815 0.0000000000
93503  32.898  0.455  28.153 0.0000000000
91036  31.464  -1.210  25.911 0.0000000000
213135  32.390  -0.327  25.875 0.0000000000
124675  53.828  20.844  14.154 0.0000000000
100449  39.314  5.889  28.514 0.0000000000
209284  38.159  4.999  27.528 0.0000000000
219136  37.961  3.581  27.528 0.0000000000
95844  36.726  2.505  27.119 0.0000000000
95846  35.264  1.859  26.454 0.0000000000
209916  42.095  6.370  30.093 0.0000000000
100439  40.747  6.078  29.284 0.0000000000
199570  19.062  -16.654  38.535 0.0000000000
66164  19.226  -17.206  38.979 0.0000000000
196416  18.877  -17.433  40.155 0.0000000000
73577  25.421  -12.559  44.122 0.0000000000
73597  25.935  -12.453  42.854 0.0000000000
73599  25.145  -11.905  42.971 0.0000000000
196251  23.299  -10.941  41.620 0.0000000000
74810  21.841  -11.210  39.799 0.0000000000
74833  21.220  -11.458  38.283 0.0000000000
209929  20.672  -12.216  39.181 0.0000000000
71222  19.800  -13.720  38.793 0.0000000000
113785  45.279  13.951  19.065 0.0000000000
68570  24.165  -15.215  47.911 0.0000000000
110107  43.497  12.422  27.593 0.0000000000
111323  43.809  12.742  26.771 0.0000000000
111349  43.626  12.988  25.174 0.0000000000
111378  43.781  13.078  24.155 0.0000000000
110146  42.571  12.655  24.250 0.0000000000
110168  41.509  12.298  23.282 0.0000000000
64871  19.298  -17.479  47.084 0.0000000000
207198  18.805  -17.934  45.376 0.0000000000
62341  18.707  -19.206  45.657 0.0000000000
222623  18.464  -20.932  45.301 0.0000000000
61145  17.043  -20.769  44.840 0.0000000000
58716  13.367  -21.106  47.554 0.0000000000
58718  12.321  -21.671  46.897 0.0000000000
223024  11.995  -21.684  44.925 0.0000000000
225339  11.201  -21.577  43.111 0.0000000000
57458  10.509  -22.540  42.441 0.0000000000
83172  32.419  -5.872  38.608 0.0000000000
225296  32.271  -6.255  36.923 0.0000000000
83232  32.147  -6.661  35.186 0.0000000000
81886  32.622  -7.332  35.925 0.0000000000
80705  32.632  -8.009  35.156 0.0000000000
77271  32.248  -9.366  34.087 0.0000000000
196394  28.812  -11.503  38.968 0.0000000000
223588  29.975  -12.885  39.382 0.0000000000
73669  29.299  -11.534  38.213 0.0000000000
199359  29.470  -11.857  36.371 0.0000000000
73710  28.411  -12.640  35.236 0.0000000000
73720  29.526  -13.156  34.180 0.0000000000
74889  28.064  -11.768  34.301 0.0000000000
74907  27.075  -11.550  33.103 0.0000000000
92251  31.587  -0.311  29.848 0.0000000000
92272  32.344  -0.908  28.097 0.0000000000
90994  30.967  -1.214  28.397 0.0000000000
91023  30.833  -1.248  26.882 0.0000000000
123432  53.703  20.241  16.032 0.0000000000
122173  53.025  19.508  15.225 0.0000000000
106517  39.460  9.284  27.348 0.0000000000
195142  38.722  9.598  25.982 0.0000000000
105261  38.636  8.796  26.799 0.0000000000
99344  36.840  4.806  26.780 0.0000000000
100472  35.547  5.480  26.121 0.0000000000
105206  42.995  8.027  30.929 0.0000000000
107747  43.309  9.320  31.012 0.0000000000
108926  43.055  10.443  29.978 0.0000000000
107760  41.381  10.209  29.110 0.0000000000
107769  40.613  10.121  28.141 0.0000000000
68605  34.459  -14.804  45.444 0.0000000000
69873  34.491  -13.982  44.397 0.0000000000
195114  32.528  -15.269  44.073 0.0000000000
69891  30.727  -13.032  42.717 0.0000000000
72405  29.285  -12.575  41.048 0.0000000000
227702  26.721  -11.922  42.100 0.0000000000
189958  27.400  -11.038  41.483 0.0000000000
73647  28.422  -11.133  40.341 0.0000000000
197524  27.205  -10.687  38.667 0.0000000000
75925  25.866  -10.165  37.583 0.0000000000
77234  24.563  -9.801  35.752 0.0000000000
116056  51.005  15.705  20.836 0.0000000000
114900  47.836  14.949  19.192 0.0000000000
116067  49.862  15.529  19.777 0.0000000000
116065  50.685  15.828  19.886 0.0000000000
117207  51.181  16.267  19.080 0.0000000000
117214  50.855  16.525  17.634 0.0000000000
117219  51.143  17.024  17.103 0.0000000000
117224  51.566  17.491  15.585 0.0000000000
72377  21.332  -13.046  43.514 0.0000000000
71160  20.055  -13.718  42.931 0.0000000000
71142  21.294  -13.765  44.565 0.0000000000
69855  20.575  -14.990  45.835 0.0000000000
68589  20.221  -15.715  46.929 0.0000000000
203278  22.819  -15.493  47.860 0.0000000000
67331  20.165  -16.626  47.823 0.0000000000
64863  19.833  -17.564  48.723 0.0000000000
69830  36.258  -13.951  46.765 0.0000000000
213662  33.942  -15.178  46.777 0.0000000000
192510  30.260  -15.423  45.773 0.0000000000
69863  28.613  -14.846  45.509 0.0000000000
69849  27.900  -14.862  46.168 0.0000000000
72361  26.529  -13.408  44.481 0.0000000000
72363  24.861  -12.659  44.591 0.0000000000
72375  22.781  -12.706  43.967 0.0000000000
112577  48.816  14.061  23.738 0.0000000000
112587  47.590  13.371  22.994 0.0000000000
112598  45.708  13.755  22.029 0.0000000000
111388  43.514  13.253  23.106 0.0000000000
112600  44.324  13.465  21.897 0.0000000000
112613  44.940  13.792  20.493 0.0000000000
69893  19.305  -15.104  42.769 0.0000000000
66129  18.843  -16.657  41.790 0.0000000000
63700  18.540  -18.388  40.319 0.0000000000
213671  18.609  -18.552  42.902 0.0000000000
62451  18.295  -18.739  41.486 0.0000000000
195287  17.858  -18.881  39.766 0.0000000000
62500  16.937  -19.372  39.727 0.0000000000
62519  16.075  -19.896  38.883 0.0000000000
61105  16.809  -20.885  45.726 0.0000000000
62342  15.641  -20.428  44.814 0.0000000000
61148  14.029  -20.434  44.363 0.0000000000
62403  14.776  -19.262  42.946 0.0000000000
61219  13.782  -19.492  41.281 0.0000000000
52392  7.655  -25.950  44.773 0.0000000000
93498  37.024  1.201  28.614 0.0000000000
199522  32.207  0.712  30.637 0.0000000000
90943  31.459  -0.143  31.248 0.0000000000
90931  30.860  -1.030  31.346 0.0000000000
88459  29.641  -2.227  31.252 0.0000000000
89627  30.713  -2.088  34.682 0.0000000000
88426  29.918  -2.899  33.069 0.0000000000
87187  29.371  -3.835  31.629 0.0000000000
216893  29.456  -5.151  31.362 0.0000000000
83284  30.497  -6.334  31.545 0.0000000000
80757  30.545  -7.162  30.750 0.0000000000
216515  31.391  -7.120  32.716 0.0000000000
80741  31.444  -7.681  31.858 0.0000000000
79553  31.130  -8.728  30.385 0.0000000000
77333  30.766  -9.814  29.449 0.0000000000
76080  30.209  -10.642  28.354 0.0000000000
79398  34.830  -9.237  40.504 0.0000000000
69888  34.929  -13.960  43.099 0.0000000000
71165  35.047  -12.919  42.762 0.0000000000
227392  34.879  -11.987  42.253 0.0000000000
201999  31.588  -13.093  39.651 0.0000000000
71207  33.072  -12.594  40.634 0.0000000000
74791  35.260  -11.032  41.100 0.0000000000
75886  35.319  -10.492  40.768 0.0000000000
77163  34.644  -9.859  39.823 0.0000000000
78319  33.964  -9.239  38.832 0.0000000000
77213  33.129  -9.202  36.892 0.0000000000
75982  32.798  -10.070  34.809 0.0000000000
76012  31.952  -11.533  32.494 0.0000000000
212637  29.767  -12.781  33.220 0.0000000000
74923  30.172  -12.298  32.279 0.0000000000
76025  31.294  -11.294  31.450 0.0000000000
74964  29.702  -11.326  30.161 0.0000000000
93512  36.025  1.293  27.866 0.0000000000
93525  35.146  0.957  27.056 0.0000000000
94741  34.018  1.007  26.128 0.0000000000
92292  33.003  -0.398  26.942 0.0000000000
93538  33.185  0.278  26.157 0.0000000000
93545  33.578  0.621  25.071 0.0000000000
117232  51.932  17.309  14.945 0.0000000000
94715  39.076  2.041  28.144 0.0000000000
95827  38.819  2.335  27.972 0.0000000000
94716  38.304  1.843  28.340 0.0000000000
95825  39.717  2.683  28.349 0.0000000000
71184  20.157  -13.849  40.940 0.0000000000
71171  20.114  -13.827  41.705 0.0000000000
72396  20.709  -12.909  42.127 0.0000000000
73603  21.383  -12.544  42.445 0.0000000000
72397  20.439  -13.137  41.430 0.0000000000
72418  20.347  -13.191  40.644 0.0000000000
108965  39.638  11.035  25.285 0.0000000000
107800  39.330  10.428  24.896 0.0000000000
107784  40.040  10.619  26.657 0.0000000000
108949  40.954  11.511  26.724 0.0000000000
108958  39.925  11.081  25.911 0.0000000000
108964  40.124  11.655  25.104 0.0000000000
57423  10.590  -22.715  46.283 0.0000000000
56134  10.193  -23.313  45.780 0.0000000000
56140  10.087  -23.254  45.122 0.0000000000
56141  9.977  -23.804  45.357 0.0000000000
80623  33.856  -7.835  39.998 0.0000000000
220392  33.627  -7.692  39.405 0.0000000000
80645  33.703  -7.818  38.538 0.0000000000
80644  33.867  -8.522  38.733 0.0000000000
72345  37.413  -12.285  46.257 0.0000000000
71123  36.572  -12.678  45.685 0.0000000000
77232  25.987  -10.277  35.249 0.0000000000
75958  26.538  -10.425  35.478 0.0000000000
75970  26.062  -10.439  34.802 0.0000000000
75986  25.977  -10.662  34.096 0.0000000000
89694  29.456  -2.195  30.367 0.0000000000
89712  29.388  -2.127  29.073 0.0000000000
119670  52.127  17.853  17.180 0.0000000000
119667  52.399  18.197  18.407 0.0000000000
210446  52.469  18.299  17.555 0.0000000000
120934  52.782  18.799  17.149 0.0000000000
120937  52.732  18.829  16.195 0.0000000000
119673  52.569  18.418  16.644 0.0000000000
102725  39.365  6.913  28.339 0.0000000000
102726  38.896  6.981  27.916 0.0000000000
101575  39.107  6.432  28.281 0.0000000000
95855  34.846  2.403  25.897 0.0000000000
97016  35.236  3.025  26.014 0.0000000000
213361  34.410  2.554  25.297 0.0000000000
211441  34.040  2.324  24.814 0.0000000000
94757  33.924  1.679  25.045 0.0000000000
102716  40.166  6.917  29.151 0.0000000000
102709  40.596  7.316  29.413 0.0000000000
202212  40.001  7.270  28.954 0.0000000000
103931  40.211  7.713  28.927 0.0000000000
63748  18.508  -18.516  38.674 0.0000000000
62515  18.209  -18.987  38.193 0.0000000000
62516  17.767  -19.341  38.369 0.0000000000
214969  17.569  -19.162  39.048 0.0000000000
193017  28.247  -13.891  43.987 0.0000000000
71149  28.338  -13.449  43.206 0.0000000000
72360  27.512  -13.582  43.722 0.0000000000
75901  23.466  -10.038  39.955 0.0000000000
74808  24.679  -10.088  40.434 0.0000000000
198994  23.882  -10.130  39.315 0.0000000000
77174  24.392  -10.099  38.893 0.0000000000
75928  22.767  -10.586  38.321 0.0000000000
206123  22.788  -10.608  37.557 0.0000000000
75929  22.097  -10.807  38.299 0.0000000000
80773  30.480  -7.705  29.863 0.0000000000
113767  47.207  14.424  21.006 0.0000000000
113766  48.080  14.501  21.236 0.0000000000
113775  46.933  14.617  20.386 0.0000000000
114923  48.745  15.060  16.934 0.0000000000
69851  24.140  -14.383  46.485 0.0000000000
200300  23.481  -14.530  46.412 0.0000000000
69838  23.766  -14.700  46.826 0.0000000000
69836  24.990  -14.234  46.651 0.0000000000
71116  24.375  -13.997  46.059 0.0000000000
190802  45.744  13.003  25.906 0.0000000000
111346  45.809  13.036  25.263 0.0000000000
111365  46.102  13.046  24.903 0.0000000000
111347  45.261  13.020  24.977 0.0000000000
67337  19.385  -16.407  45.711 0.0000000000
67339  19.345  -16.242  45.107 0.0000000000
66102  18.981  -16.874  45.410 0.0000000000
62376  16.401  -19.648  42.836 0.0000000000
190951  16.729  -19.105  42.010 0.0000000000
190914  16.017  -19.178  42.330 0.0000000000
222630  15.932  -19.134  41.916 0.0000000000
189660  15.372  -19.261  42.478 0.0000000000
58703  14.531  -21.759  47.771 0.0000000000
60023  11.532  -21.139  43.107 0.0000000000
226405  11.986  -20.644  43.150 0.0000000000
60022  11.668  -20.636  42.534 0.0000000000
61207  12.031  -20.245  42.073 0.0000000000
84575  31.687  -5.475  36.610 0.0000000000
85875  31.143  -4.908  36.528 0.0000000000
85882  30.839  -4.961  36.009 0.0000000000
200102  30.682  -4.838  35.400 0.0000000000
228041  30.953  -5.232  34.865 0.0000000000
84592  31.224  -5.901  33.923 0.0000000000
218041  31.593  -6.153  34.363 0.0000000000
77293  31.957  -9.711  32.123 0.0000000000
78438  31.736  -9.213  32.011 0.0000000000
77308  31.873  -10.313  30.959 0.0000000000
76039  31.932  -10.774  31.447 0.0000000000
214081  30.455  -12.544  40.663 0.0000000000
69916  31.337  -12.859  41.030 0.0000000000
69933  30.599  -12.643  40.318 0.0000000000
202799  30.601  -13.838  36.209 0.0000000000
71260  31.566  -14.132  36.982 0.0000000000
71272  32.398  -13.704  35.979 0.0000000000
191706  33.801  -13.059  36.098 0.0000000000
72486  32.537  -13.310  35.436 0.0000000000
72499  32.910  -12.770  34.955 0.0000000000
73709  30.972  -13.246  34.444 0.0000000000
93487  32.920  0.928  29.182 0.0000000000
93502  33.473  0.992  28.351 0.0000000000
99332  39.269  5.209  28.360 0.0000000000
207584  38.561  4.103  27.907 0.0000000000
94736  37.254  2.327  27.433 0.0000000000
97005  37.632  2.802  27.474 0.0000000000
94737  36.566  2.077  27.190 0.0000000000
95845  36.048  2.349  26.793 0.0000000000
94738  35.926  1.607  26.931 0.0000000000
101555  42.709  6.177  30.431 0.0000000000
98153  39.776  4.056  28.473 0.0000000000
99324  40.198  5.540  29.058 0.0000000000
100440  40.006  6.137  29.071 0.0000000000
67397  19.390  -15.900  40.054 0.0000000000
200443  19.266  -16.713  39.290 0.0000000000
202356  19.185  -16.463  39.886 0.0000000000
64937  19.083  -17.602  39.420 0.0000000000
66144  18.931  -16.850  40.382 0.0000000000
73587  24.747  -12.137  43.573 0.0000000000
198977  25.409  -12.284  43.382 0.0000000000
74749  24.406  -11.809  43.127 0.0000000000
74772  21.992  -11.128  41.930 0.0000000000
74771  22.682  -11.167  42.045 0.0000000000
74784  21.796  -10.920  41.326 0.0000000000
74795  22.365  -10.533  40.899 0.0000000000
74796  21.832  -11.072  40.525 0.0000000000
74811  21.243  -11.656  39.374 0.0000000000
73649  20.707  -11.999  39.839 0.0000000000
71210  19.880  -13.735  39.536 0.0000000000
72446  20.145  -13.178  39.222 0.0000000000
69970  19.632  -14.301  38.413 0.0000000000
108932  42.407  11.369  28.851 0.0000000000
110102  42.892  11.972  28.289 0.0000000000
219736  42.060  12.351  25.988 0.0000000000
111324  43.040  12.485  26.900 0.0000000000
193497  43.305  12.506  26.234 0.0000000000
191934  44.063  12.992  26.156 0.0000000000
111350  42.921  12.829  25.201 0.0000000000
111369  43.041  12.865  24.705 0.0000000000
110130  42.445  12.824  24.736 0.0000000000
108974  40.797  12.575  24.079 0.0000000000
110160  41.514  12.490  23.898 0.0000000000
108989  40.943  12.269  23.461 0.0000000000
63604  19.486  -18.168  47.714 0.0000000000
221245  19.187  -18.475  46.409 0.0000000000
62328  19.360  -18.844  47.118 0.0000000000
61104  18.882  -20.164  46.228 0.0000000000
218061  18.009  -20.575  45.917 0.0000000000
61122  17.568  -20.797  45.369 0.0000000000
224280  17.569  -20.375  45.764 0.0000000000
57411  12.706  -21.799  48.309 0.0000000000
58706  12.524  -21.686  47.635 0.0000000000
57427  10.850  -22.037  45.077 0.0000000000
58737  11.376  -21.663  45.365 0.0000000000
58749  11.277  -21.624  44.709 0.0000000000
58763  11.165  -21.429  44.058 0.0000000000
58764  10.800  -21.861  43.649 0.0000000000
227781  10.812  -22.136  42.720 0.0000000000
57445  10.625  -22.394  43.231 0.0000000000
208219  9.436  -23.242  43.445 0.0000000000
56157  10.009  -22.857  42.923 0.0000000000
54899  9.145  -24.354  44.653 0.0000000000
81820  32.955  -6.860  38.872 0.0000000000
83161  32.613  -6.287  39.070 0.0000000000
215328  32.628  -6.360  38.284 0.0000000000
83184  32.425  -5.992  37.993 0.0000000000
83195  32.470  -6.618  37.499 0.0000000000
83221  32.468  -6.783  36.202 0.0000000000
81856  32.565  -7.137  37.221 0.0000000000
79456  33.178  -8.237  36.854 0.0000000000
80688  32.896  -8.017  36.218 0.0000000000
79479  32.676  -8.319  35.417 0.0000000000
79490  32.576  -8.163  34.874 0.0000000000
78399  32.547  -8.848  34.996 0.0000000000
74831  28.083  -11.012  38.164 0.0000000000
73670  28.755  -11.431  38.472 0.0000000000
74839  28.838  -11.135  37.902 0.0000000000
75946  27.816  -10.883  35.936 0.0000000000
73690  29.255  -11.187  36.655 0.0000000000
74860  28.951  -11.621  35.865 0.0000000000
74859  28.996  -12.134  35.727 0.0000000000
74873  28.866  -11.827  35.029 0.0000000000
194311  28.774  -11.804  34.494 0.0000000000
74874  28.444  -11.652  34.869 0.0000000000
74890  27.314  -11.590  33.931 0.0000000000
90960  31.465  -0.965  30.113 0.0000000000
90977  31.529  -1.101  28.816 0.0000000000
90978  31.053  -1.296  29.160 0.0000000000
88488  29.643  -1.946  27.652 0.0000000000
89730  30.224  -1.485  27.207 0.0000000000
89739  30.418  -1.782  26.518 0.0000000000
120936  52.841  19.198  15.689 0.0000000000
120939  52.749  18.918  14.819 0.0000000000
122176  53.058  19.227  14.490 0.0000000000
119680  52.897  18.152  14.395 0.0000000000
105248  39.337  8.630  27.627 0.0000000000
106518  39.084  9.001  27.073 0.0000000000
105249  39.003  8.413  27.360 0.0000000000
102738  37.765  6.813  27.384 0.0000000000
103951  37.510  7.378  26.847 0.0000000000
102748  36.451  6.577  26.302 0.0000000000
99343  37.594  4.498  27.118 0.0000000000
100461  37.529  5.235  27.203 0.0000000000
98176  34.918  3.649  25.624 0.0000000000
209210  35.335  4.221  25.883 0.0000000000
99360  34.667  4.365  25.161 0.0000000000
217945  34.788  5.148  24.917 0.0000000000
201706  42.498  6.897  30.381 0.0000000000
103905  43.405  7.295  31.055 0.0000000000
103911  42.569  7.365  30.571 0.0000000000
105220  41.568  8.251  29.775 0.0000000000
106490  42.771  8.783  30.766 0.0000000000
106492  42.242  8.835  30.326 0.0000000000
107749  43.400  10.054  30.625 0.0000000000
107751  42.201  9.437  30.076 0.0000000000
107753  42.463  10.098  29.785 0.0000000000
107754  41.700  9.699  29.749 0.0000000000
105239  39.785  8.453  28.439 0.0000000000
106504  40.301  8.995  28.962 0.0000000000
106511  39.678  8.971  27.955 0.0000000000
106516  39.833  9.590  27.494 0.0000000000
218690  33.401  -15.183  45.248 0.0000000000
210337  33.056  -15.175  44.627 0.0000000000
68615  31.601  -15.300  44.372 0.0000000000
71157  29.226  -13.102  42.826 0.0000000000
68624  30.639  -13.978  43.290 0.0000000000
71168  29.887  -12.536  42.610 0.0000000000
200770  29.932  -12.294  41.795 0.0000000000
71183  29.541  -12.293  41.692 0.0000000000
73615  25.889  -11.505  42.324 0.0000000000
73613  26.542  -12.560  42.333 0.0000000000
196528  26.457  -11.437  42.041 0.0000000000
191804  26.262  -10.168  40.585 0.0000000000
73637  26.857  -10.542  41.096 0.0000000000
226481  26.970  -10.584  40.516 0.0000000000
73636  28.216  -11.486  41.054 0.0000000000
73648  27.638  -10.762  40.104 0.0000000000
74821  27.514  -10.722  39.417 0.0000000000
74822  26.728  -10.398  39.366 0.0000000000
77187  24.778  -9.985  38.264 0.0000000000
75926  25.667  -10.045  38.351 0.0000000000
77186  25.263  -10.055  37.760 0.0000000000
77197  25.218  -10.026  36.986 0.0000000000
77216  24.551  -9.953  36.438 0.0000000000
73671  20.921  -12.047  38.037 0.0000000000
72456  20.538  -12.674  37.762 0.0000000000
113743  49.585  14.784  23.382 0.0000000000
114873  49.651  15.211  21.425 0.0000000000
114872  50.124  15.361  21.540 0.0000000000
114880  50.070  15.459  21.053 0.0000000000
114879  50.606  15.612  21.206 0.0000000000
114889  50.005  15.465  20.600 0.0000000000
114909  46.320  14.983  18.301 0.0000000000
114901  46.925  14.780  19.077 0.0000000000
116073  48.807  15.766  18.877 0.0000000000
114906  49.184  15.529  19.536 0.0000000000
116072  49.544  15.886  19.259 0.0000000000
116066  50.259  15.602  19.913 0.0000000000
116071  50.298  15.801  19.480 0.0000000000
116070  50.789  16.005  19.442 0.0000000000
116076  49.872  16.233  18.808 0.0000000000
117215  50.188  16.222  17.116 0.0000000000
117211  50.371  16.322  18.178 0.0000000000
212608  50.638  16.602  16.775 0.0000000000
72367  21.706  -13.279  44.177 0.0000000000
71150  20.962  -13.542  43.879 0.0000000000
71141  22.051  -13.596  44.808 0.0000000000
69853  22.234  -14.626  46.223 0.0000000000
69867  21.166  -14.512  45.507 0.0000000000
69854  21.550  -14.890  45.971 0.0000000000
68601  21.026  -15.385  46.352 0.0000000000
68588  21.304  -15.531  46.948 0.0000000000
68571  23.500  -15.349  47.872 0.0000000000
67309  22.098  -15.203  49.188 0.0000000000
67330  20.622  -16.259  47.937 0.0000000000
225025  20.651  -16.514  48.743 0.0000000000
66090  20.375  -16.694  48.350 0.0000000000
69832  35.349  -14.732  46.248 0.0000000000
69862  29.239  -15.026  45.293 0.0000000000
69850  26.270  -14.172  46.240 0.0000000000
193435  26.473  -13.978  45.668 0.0000000000
71125  26.853  -13.910  45.091 0.0000000000
214919  26.337  -13.662  45.092 0.0000000000
72351  25.451  -12.987  44.698 0.0000000000
205677  25.491  -13.373  45.164 0.0000000000
72354  23.546  -13.389  45.174 0.0000000000
72364  24.091  -12.909  44.730 0.0000000000
72366  22.382  -13.055  44.482 0.0000000000
72376  22.002  -12.840  43.761 0.0000000000
221059  37.885  8.883  25.365 0.0000000000
111374  46.335  13.161  24.015 0.0000000000
112579  47.537  13.260  23.649 0.0000000000
112588  46.751  13.253  23.074 0.0000000000
112597  46.649  13.696  22.202 0.0000000000
112589  45.931  13.286  22.840 0.0000000000
202245  43.277  12.974  23.593 0.0000000000
205945  43.847  13.220  23.680 0.0000000000
111405  43.272  13.040  21.638 0.0000000000
111396  43.341  13.209  22.422 0.0000000000
112608  43.742  13.237  21.011 0.0000000000
112607  44.316  13.567  21.193 0.0000000000
69885  19.825  -14.367  43.931 0.0000000000
219896  19.523  -14.613  42.390 0.0000000000
69886  19.394  -15.036  43.550 0.0000000000
66123  18.829  -16.979  42.966 0.0000000000
209873  18.870  -16.534  42.417 0.0000000000
213347  18.825  -17.117  42.315 0.0000000000
64920  18.716  -17.856  40.626 0.0000000000
63677  18.638  -18.366  41.138 0.0000000000
62372  18.748  -19.346  44.083 0.0000000000
63629  18.878  -18.491  43.943 0.0000000000
62400  18.646  -18.931  43.513 0.0000000000
62426  17.384  -18.894  41.683 0.0000000000
62425  17.943  -18.883  42.011 0.0000000000
62452  17.818  -18.804  41.228 0.0000000000
62477  17.703  -18.824  40.519 0.0000000000
62499  17.484  -19.231  39.829 0.0000000000
62478  17.168  -19.039  40.521 0.0000000000
207570  15.697  -19.251  39.937 0.0000000000
61241  15.418  -19.585  39.313 0.0000000000
62502  14.688  -19.685  39.421 0.0000000000
59927  15.375  -21.319  47.070 0.0000000000
207443  16.051  -21.060  45.843 0.0000000000
215295  16.679  -20.817  45.450 0.0000000000
61124  15.910  -20.829  45.391 0.0000000000
59952  12.464  -20.971  46.172 0.0000000000
203902  12.537  -21.113  45.824 0.0000000000
61171  13.077  -20.041  43.689 0.0000000000
61170  13.799  -20.072  43.716 0.0000000000
62379  14.196  -19.417  43.382 0.0000000000
62404  13.989  -19.038  42.927 0.0000000000
62428  13.908  -19.209  42.117 0.0000000000
53625  8.199  -25.292  45.207 0.0000000000
52378  7.781  -25.706  45.496 0.0000000000
52393  7.002  -26.484  44.708 0.0000000000
93485  34.282  1.042  29.964 0.0000000000
92238  32.313  0.666  31.360 0.0000000000
92239  31.778  0.258  30.976 0.0000000000
92230  31.937  0.279  31.645 0.0000000000
90903  31.021  -1.256  32.666 0.0000000000
90917  30.972  -1.093  32.006 0.0000000000
89664  30.377  -1.364  31.763 0.0000000000
89679  29.982  -1.839  31.546 0.0000000000
89665  29.996  -1.899  32.129 0.0000000000
88369  31.595  -3.165  36.966 0.0000000000
88382  30.949  -2.472  35.361 0.0000000000
87162  30.038  -4.032  33.818 0.0000000000
88410  30.050  -3.104  33.708 0.0000000000
218512  29.839  -3.648  33.287 0.0000000000
87181  29.491  -3.288  32.010 0.0000000000
208150  29.496  -4.091  32.157 0.0000000000
85910  29.656  -4.759  31.861 0.0000000000
85905  29.961  -4.715  32.479 0.0000000000
84620  30.699  -6.059  32.298 0.0000000000
83277  30.594  -6.054  31.969 0.0000000000
83293  30.397  -6.610  31.089 0.0000000000
81976  30.750  -6.745  31.503 0.0000000000
81918  32.039  -7.366  34.463 0.0000000000
81919  31.724  -6.940  34.062 0.0000000000
81931  31.858  -7.609  33.926 0.0000000000
79526  31.546  -8.281  31.872 0.0000000000
79540  31.316  -8.350  31.237 0.0000000000
78461  31.051  -9.358  29.978 0.0000000000
76067  30.428  -10.506  29.270 0.0000000000
76068  29.965  -10.910  28.856 0.0000000000
74993  29.507  -11.430  28.556 0.0000000000
69882  33.904  -14.703  43.386 0.0000000000
69880  34.722  -13.521  43.953 0.0000000000
69889  34.452  -14.451  42.855 0.0000000000
69913  32.916  -13.984  41.802 0.0000000000
69897  34.244  -14.378  42.136 0.0000000000
71167  34.379  -13.703  42.149 0.0000000000
71179  34.832  -12.615  42.388 0.0000000000
71180  34.408  -12.826  42.084 0.0000000000
71233  30.367  -12.170  38.699 0.0000000000
69969  30.514  -12.869  39.332 0.0000000000
69982  30.903  -13.074  38.679 0.0000000000
224763  33.538  -13.882  38.802 0.0000000000
69964  32.293  -12.818  39.443 0.0000000000
193219  33.261  -12.376  39.820 0.0000000000
205722  34.116  -11.805  40.910 0.0000000000
72425  34.384  -11.403  40.654 0.0000000000
208324  35.267  -10.912  40.988 0.0000000000
73646  34.504  -11.143  40.444 0.0000000000
227212  34.145  -10.603  37.748 0.0000000000
212787  34.152  -10.246  38.651 0.0000000000
75922  34.086  -10.162  38.149 0.0000000000
78318  34.181  -9.589  39.202 0.0000000000
77185  33.884  -9.781  38.002 0.0000000000
78340  33.705  -9.308  37.967 0.0000000000
75934  33.470  -9.962  36.878 0.0000000000
74872  32.765  -12.254  34.030 0.0000000000
74883  32.845  -11.325  34.733 0.0000000000
75984  32.658  -11.252  33.615 0.0000000000
75998  32.471  -10.835  33.278 0.0000000000
210758  32.365  -11.586  33.057 0.0000000000
220003  28.693  -12.781  33.663 0.0000000000
74888  29.623  -13.004  33.653 0.0000000000
74904  29.060  -12.862  33.394 0.0000000000
194313  29.566  -12.281  31.891 0.0000000000
218303  30.177  -11.992  31.586 0.0000000000
74945  30.816  -11.759  31.860 0.0000000000
76026  30.708  -11.498  31.181 0.0000000000
74946  29.992  -11.658  30.908 0.0000000000
190631  36.585  1.156  28.794 0.0000000000
93499  36.416  1.301  28.263 0.0000000000
93500  35.855  1.288  28.446 0.0000000000
93513  34.145  0.865  27.273 0.0000000000
191329  35.058  0.920  27.321 0.0000000000
93526  34.278  0.873  26.933 0.0000000000
93536  34.511  0.947  26.646 0.0000000000
93537  33.646  0.692  26.548 0.0000000000
92282  32.135  -0.870  27.445 0.0000000000
92281  32.741  -0.744  27.500 0.0000000000
92293  32.496  -0.615  26.891 0.0000000000
92315  32.428  -0.336  25.229 0.0000000000
92314  32.734  0.029  25.827 0.0000000000
212791  32.834  0.103  25.188 0.0000000000
93546  33.121  0.402  25.508 0.0000000000
93554  33.276  0.241  24.768 0.0000000000
124680  54.248  21.509  13.832 0.0000000000
200575  54.167  21.541  13.095 0.0000000000
125937  54.728  22.208  13.401 0.0000000000
198570  51.836  16.461  14.902 0.0000000000
96997  39.014  3.199  28.120 0.0000000000
97004  38.513  3.201  28.049 0.0000000000
95835  38.335  2.712  28.030 0.0000000000
94726  37.555  1.879  27.778 0.0000000000
94727  37.077  1.909  27.597 0.0000000000
203342  40.137  3.644  28.623 0.0000000000
197098  19.661  -14.287  39.830 0.0000000000
68694  19.480  -15.422  39.107 0.0000000000
69936  19.623  -14.888  40.094 0.0000000000
69919  19.501  -14.932  40.729 0.0000000000
211780  19.237  -15.590  40.932 0.0000000000
73589  23.130  -12.251  43.538 0.0000000000
73600  23.497  -11.851  43.130 0.0000000000
73602  22.043  -12.217  42.758 0.0000000000
73617  21.907  -12.127  42.027 0.0000000000
73629  21.155  -12.308  40.856 0.0000000000
72417  20.519  -12.494  40.323 0.0000000000
72408  20.657  -12.721  40.973 0.0000000000
71197  20.082  -13.824  40.230 0.0000000000
108991  39.651  11.578  23.984 0.0000000000
108940  40.951  10.852  27.721 0.0000000000
110109  41.890  12.041  27.473 0.0000000000
110122  41.291  11.623  27.219 0.0000000000
213927  41.477  11.969  26.531 0.0000000000
211651  41.791  12.639  25.406 0.0000000000
110131  41.904  12.872  24.861 0.0000000000
110132  41.304  12.565  25.145 0.0000000000
108975  40.132  12.105  24.398 0.0000000000
62321  19.466  -19.467  48.348 0.0000000000
62325  19.479  -19.279  47.882 0.0000000000
61092  19.369  -19.924  47.977 0.0000000000
195942  10.399  -22.582  44.739 0.0000000000
57433  10.265  -22.338  44.013 0.0000000000
56145  9.888  -22.926  44.541 0.0000000000
56152  9.407  -23.246  44.341 0.0000000000
54898  9.449  -23.880  44.500 0.0000000000
196019  9.700  -24.066  45.048 0.0000000000
81796  32.997  -6.794  40.460 0.0000000000
81819  33.234  -7.299  39.138 0.0000000000
204153  33.212  -7.321  38.751 0.0000000000
81855  33.049  -7.637  37.576 0.0000000000
80657  33.513  -7.909  38.022 0.0000000000
80667  33.504  -8.140  37.818 0.0000000000
213365  33.287  -8.836  37.260 0.0000000000
75948  26.625  -10.351  36.354 0.0000000000
74840  28.146  -10.780  37.275 0.0000000000
75947  27.294  -10.273  35.943 0.0000000000
75957  27.152  -10.832  35.462 0.0000000000
213600  27.072  -11.208  35.017 0.0000000000
75968  27.501  -11.484  34.642 0.0000000000
75969  26.749  -11.031  34.551 0.0000000000
90961  30.682  -1.402  30.286 0.0000000000
90995  30.339  -1.348  28.731 0.0000000000
89711  29.854  -1.669  28.993 0.0000000000
89722  29.383  -2.148  28.387 0.0000000000
118438  51.842  17.186  18.280 0.0000000000
118434  52.453  17.330  19.000 0.0000000000
118436  52.613  17.902  18.849 0.0000000000
122167  53.627  19.853  17.258 0.0000000000
120933  53.005  19.190  16.573 0.0000000000
120940  52.568  18.831  15.428 0.0000000000
220229  39.515  7.761  28.311 0.0000000000
195349  38.945  7.933  27.670 0.0000000000
103940  39.092  7.352  27.968 0.0000000000
102737  38.418  6.895  27.734 0.0000000000
101585  38.032  6.397  27.821 0.0000000000
98169  36.343  3.620  26.688 0.0000000000
99351  36.408  4.250  26.637 0.0000000000
98170  35.645  3.595  26.141 0.0000000000
98177  34.462  3.589  24.932 0.0000000000
212995  41.344  7.153  29.634 0.0000000000
103912  42.104  7.186  30.082 0.0000000000
206588  41.409  7.834  29.602 0.0000000000
105221  41.069  8.328  29.536 0.0000000000
106497  40.811  8.941  29.338 0.0000000000
105230  40.613  8.441  29.210 0.0000000000
209876  39.940  8.131  28.597 0.0000000000
198401  17.285  -20.228  37.823 0.0000000000
61253  17.100  -19.909  38.474 0.0000000000
69861  29.855  -15.029  44.808 0.0000000000
68617  30.492  -15.001  44.340 0.0000000000
69884  29.424  -14.235  43.574 0.0000000000
71148  28.918  -13.808  43.409 0.0000000000
71158  28.632  -12.949  42.591 0.0000000000
74781  24.964  -10.479  41.371 0.0000000000
74780  25.616  -10.734  41.548 0.0000000000
199658  25.014  -10.146  40.878 0.0000000000
74807  25.418  -10.137  40.403 0.0000000000
75898  25.940  -10.179  39.774 0.0000000000
77188  24.080  -10.418  38.308 0.0000000000
77199  24.000  -10.297  37.580 0.0000000000
75937  23.182  -10.439  36.982 0.0000000000
75938  22.390  -10.673  37.028 0.0000000000
82003  29.744  -6.601  29.450 0.0000000000
113752  48.702  14.187  22.400 0.0000000000
113751  49.141  14.630  22.542 0.0000000000
113757  48.684  14.267  21.696 0.0000000000
113765  48.822  14.653  21.158 0.0000000000
114882  49.210  14.979  20.821 0.0000000000
212076  47.720  15.301  18.276 0.0000000000
114916  47.890  15.299  17.667 0.0000000000
116090  49.273  15.613  16.811 0.0000000000
116089  49.836  15.799  16.451 0.0000000000
71130  23.155  -13.918  45.586 0.0000000000
71131  22.348  -13.887  45.420 0.0000000000
71118  23.183  -14.346  45.988 0.0000000000
69852  22.855  -14.567  46.378 0.0000000000
69840  22.466  -14.823  46.839 0.0000000000
205050  25.558  -14.036  46.154 0.0000000000
71127  25.032  -13.534  45.347 0.0000000000
71115  24.982  -13.898  45.890 0.0000000000
71129  23.905  -13.815  45.577 0.0000000000
111344  46.495  13.137  24.856 0.0000000000
198413  46.087  13.031  24.567 0.0000000000
111375  45.772  12.917  24.234 0.0000000000
201686  43.103  12.943  22.889 0.0000000000
69869  19.727  -15.014  45.031 0.0000000000
68625  18.990  -15.631  44.016 0.0000000000
67341  18.959  -16.228  44.376 0.0000000000
66114  18.828  -16.837  43.574 0.0000000000
209872  18.964  -17.388  43.452 0.0000000000
61189  17.871  -20.155  42.519 0.0000000000
62402  18.004  -19.161  42.840 0.0000000000
192330  17.136  -19.547  42.546 0.0000000000
62454  16.777  -18.846  41.156 0.0000000000
62479  16.409  -19.246  40.393 0.0000000000
62455  16.070  -19.200  41.186 0.0000000000
63701  15.392  -19.142  40.775 0.0000000000
205061  14.970  -19.252  40.928 0.0000000000
221636  15.168  -21.505  47.638 0.0000000000
59928  14.375  -21.235  46.794 0.0000000000
59993  12.089  -20.703  44.259 0.0000000000
59992  12.860  -20.966  44.507 0.0000000000
61172  12.799  -20.743  43.922 0.0000000000
206290  12.363  -20.250  43.535 0.0000000000
61190  12.658  -19.566  43.197 0.0000000000
62429  13.182  -19.575  41.760 0.0000000000
61221  12.467  -20.173  41.374 0.0000000000
90929  31.692  -0.174  31.929 0.0000000000
90915  32.136  -0.566  32.496 0.0000000000
90902  31.699  -1.036  32.924 0.0000000000
90894  31.115  -1.454  33.493 0.0000000000
85857  32.160  -4.387  38.432 0.0000000000
87124  32.220  -3.603  38.226 0.0000000000
198202  31.508  -4.564  37.341 0.0000000000
87136  31.218  -3.768  36.780 0.0000000000
87146  30.715  -3.671  35.856 0.0000000000
210833  30.675  -3.231  35.433 0.0000000000
87153  30.388  -3.998  35.289 0.0000000000
222812  30.331  -4.593  34.177 0.0000000000
85887  30.351  -4.961  33.517 0.0000000000
84609  30.396  -5.487  32.544 0.0000000000
84599  30.625  -5.531  32.980 0.0000000000
83255  31.008  -6.036  33.154 0.0000000000
83266  30.861  -6.212  32.609 0.0000000000
80716  32.204  -7.977  34.348 0.0000000000
80717  31.920  -7.893  33.914 0.0000000000
79504  31.804  -8.158  33.013 0.0000000000
78450  31.554  -9.038  31.544 0.0000000000
78451  31.659  -9.772  31.001 0.0000000000
77322  31.271  -9.927  30.389 0.0000000000
77309  31.302  -10.352  30.441 0.0000000000
76053  30.802  -10.595  30.115 0.0000000000
68641  31.597  -14.469  41.952 0.0000000000
203953  33.254  -14.715  42.096 0.0000000000
68655  31.886  -14.450  41.323 0.0000000000
69915  32.211  -14.234  41.028 0.0000000000
69930  32.172  -13.470  40.706 0.0000000000
203023  30.487  -13.160  37.611 0.0000000000
69993  30.476  -13.787  38.528 0.0000000000
71244  31.005  -14.404  37.631 0.0000000000
71231  32.718  -14.185  38.086 0.0000000000
72463  34.311  -13.207  37.926 0.0000000000
72451  33.810  -11.604  38.931 0.0000000000
227236  33.872  -12.523  37.759 0.0000000000
72473  33.608  -12.164  37.163 0.0000000000
74848  33.673  -10.987  36.653 0.0000000000
75945  33.406  -10.475  36.322 0.0000000000
74858  33.123  -12.163  35.149 0.0000000000
73708  32.954  -12.376  34.484 0.0000000000
73717  31.952  -12.580  33.767 0.0000000000
210728  28.261  -12.316  32.781 0.0000000000
202710  28.903  -12.608  32.881 0.0000000000
213137  28.076  -12.201  32.193 0.0000000000
74947  28.220  -12.062  31.585 0.0000000000
220023  28.945  -12.129  31.414 0.0000000000
74965  29.098  -11.716  30.610 0.0000000000
74966  28.245  -11.829  30.754 0.0000000000
217158  34.501  1.220  29.190 0.0000000000
190789  34.857  1.138  28.017 0.0000000000
93501  34.239  1.204  28.547 0.0000000000
93514  33.473  0.401  27.479 0.0000000000
201251  33.304  -0.092  27.085 0.0000000000
92305  31.770  -0.772  26.217 0.0000000000
92304  32.191  -0.523  26.291 0.0000000000
91035  31.967  -0.743  25.630 0.0000000000
123437  53.495  20.156  14.481 0.0000000000
100459  38.700  5.707  28.108 0.0000000000
99333  39.006  5.383  28.247 0.0000000000
99342  38.132  4.174  27.530 0.0000000000
98162  37.555  3.829  27.300 0.0000000000
198428  38.074  3.082  27.692 0.0000000000
98167  37.598  3.259  27.383 0.0000000000
98168  37.021  3.429  27.125 0.0000000000
97014  36.540  2.956  26.915 0.0000000000
202509  35.481  2.513  26.331 0.0000000000
95847  34.647  1.799  25.980 0.0000000000
102689  42.906  6.452  30.511 0.0000000000
102699  42.404  6.571  30.253 0.0000000000
100432  41.501  5.820  29.645 0.0000000000
101560  41.746  6.140  29.917 0.0000000000
102707  41.555  6.617  29.803 0.0000000000
101566  40.433  6.553  29.262 0.0000000000
101573  39.948  6.548  29.060 0.0000000000
66176  19.306  -17.356  38.211 0.0000000000
67403  19.342  -16.068  39.319 0.0000000000
64954  19.199  -17.691  38.669 0.0000000000
63723  18.807  -18.020  39.047 0.0000000000
63724  18.455  -18.357  39.440 0.0000000000
72373  26.454  -13.141  43.721 0.0000000000
73585  26.420  -13.002  42.981 0.0000000000
73586  25.892  -12.754  43.544 0.0000000000
73598  25.641  -11.917  42.764 0.0000000000
74758  24.833  -11.504  42.521 0.0000000000
74760  23.124  -11.592  42.600 0.0000000000
74770  23.819  -11.313  42.089 0.0000000000
74782  24.133  -10.874  41.453 0.0000000000
74794  23.394  -10.561  41.087 0.0000000000
75888  23.042  -10.361  40.449 0.0000000000
75902  22.271  -10.659  39.530 0.0000000000
74832  21.739  -11.125  38.601 0.0000000000
74823  21.822  -11.199  39.171 0.0000000000
73661  20.955  -11.862  38.700 0.0000000000
72445  20.602  -12.461  38.523 0.0000000000
72429  20.389  -12.582  39.617 0.0000000000
213706  20.408  -12.747  39.003 0.0000000000
113777  45.501  13.964  19.905 0.0000000000
113776  46.140  14.439  20.177 0.0000000000
113784  45.903  14.310  19.423 0.0000000000
69825  24.430  -14.919  47.513 0.0000000000
68569  24.858  -15.044  47.934 0.0000000000
110100  44.116  12.086  28.509 0.0000000000
190788  44.680  12.800  27.609 0.0000000000
110108  42.579  12.372  27.625 0.0000000000
111322  44.551  13.042  26.590 0.0000000000
219661  45.049  13.109  25.926 0.0000000000
111348  44.819  13.073  25.336 0.0000000000
111367  44.651  13.057  24.958 0.0000000000
111368  43.816  13.035  24.715 0.0000000000
111379  43.166  12.884  24.206 0.0000000000
110158  42.757  12.631  23.755 0.0000000000
110147  42.011  12.630  24.319 0.0000000000
110159  42.133  12.490  23.723 0.0000000000
110167  41.972  12.397  23.007 0.0000000000
66096  19.383  -16.893  46.762 0.0000000000
64877  18.856  -17.454  45.774 0.0000000000
63612  18.931  -18.127  46.066 0.0000000000
205541  18.786  -18.620  45.370 0.0000000000
62352  18.725  -19.454  44.949 0.0000000000
61095  18.940  -19.271  46.795 0.0000000000
61121  19.123  -19.973  45.583 0.0000000000
220152  18.700  -20.414  43.755 0.0000000000
61169  17.992  -20.482  43.450 0.0000000000
62354  17.160  -20.482  43.793 0.0000000000
62377  15.949  -20.062  43.560 0.0000000000
58705  13.129  -21.238  47.800 0.0000000000
58717  12.736  -21.174  47.225 0.0000000000
58736  12.273  -21.667  45.506 0.0000000000
59972  12.243  -20.996  44.906 0.0000000000
60010  11.626  -21.098  43.833 0.0000000000
194300  11.031  -21.665  42.623 0.0000000000
57457  10.856  -22.230  42.038 0.0000000000
83162  32.262  -5.523  39.322 0.0000000000
194487  32.214  -5.021  38.880 0.0000000000
84551  32.209  -5.309  38.222 0.0000000000
84569  32.059  -5.860  37.034 0.0000000000
200040  31.909  -5.848  35.968 0.0000000000
83223  32.001  -6.103  35.467 0.0000000000
83222  32.272  -6.441  35.836 0.0000000000
81887  32.442  -6.980  35.633 0.0000000000
221553  32.422  -7.545  34.764 0.0000000000
81885  32.798  -7.709  36.271 0.0000000000
80697  32.609  -7.798  35.104 0.0000000000
80706  32.496  -7.868  34.671 0.0000000000
79491  32.348  -8.153  34.409 0.0000000000
211964  31.771  -9.068  33.474 0.0000000000
77282  32.549  -10.246  32.288 0.0000000000
72427  29.085  -12.332  39.638 0.0000000000
71208  29.898  -12.983  39.852 0.0000000000
72443  29.234  -12.165  39.163 0.0000000000
193140  29.595  -12.233  38.960 0.0000000000
72454  29.754  -11.739  38.407 0.0000000000
212994  28.917  -10.990  37.241 0.0000000000
73679  29.426  -11.243  37.584 0.0000000000
72465  29.984  -11.745  37.642 0.0000000000
71275  29.874  -12.619  36.699 0.0000000000
72490  29.269  -13.323  36.200 0.0000000000
216056  29.562  -13.373  35.284 0.0000000000
226324  29.761  -13.320  34.648 0.0000000000
220960  28.842  -12.348  34.444 0.0000000000
204470  28.649  -12.136  34.064 0.0000000000
74906  27.817  -11.968  33.285 0.0000000000
74925  27.519  -11.842  32.485 0.0000000000
92261  31.790  0.301  29.401 0.0000000000
92270  32.323  0.495  28.813 0.0000000000
92271  31.871  -0.003  28.586 0.0000000000
213899  31.919  -0.864  28.583 0.0000000000
91008  31.442  -0.979  27.218 0.0000000000
91009  30.856  -1.157  27.606 0.0000000000
91022  31.369  -1.014  26.553 0.0000000000
91037  30.971  -1.517  26.236 0.0000000000
124657  54.000  20.782  15.697 0.0000000000
122170  53.485  19.852  16.409 0.0000000000
123433  53.332  19.872  15.621 0.0000000000
123435  53.559  20.261  15.276 0.0000000000
107785  39.484  10.309  26.446 0.0000000000
107786  39.050  9.910  26.218 0.0000000000
106529  38.792  9.410  26.560 0.0000000000
106530  38.384  9.181  26.127 0.0000000000
105250  38.481  8.134  27.210 0.0000000000
105263  37.414  7.921  26.275 0.0000000000
100460  38.106  5.798  27.738 0.0000000000
100462  36.899  5.520  26.992 0.0000000000
99352  35.882  4.732  26.366 0.0000000000
100471  36.198  5.459  26.691 0.0000000000
101598  36.000  6.023  26.339 0.0000000000
101599  35.555  6.051  25.702 0.0000000000
105210  42.331  8.106  30.510 0.0000000000
106489  43.329  8.635  31.187 0.0000000000
108928  43.373  11.135  29.528 0.0000000000
108929  42.767  10.860  29.387 0.0000000000
108933  41.766  10.971  28.611 0.0000000000
107755  41.126  9.530  29.448 0.0000000000
107761  40.688  9.738  28.939 0.0000000000
108934  41.108  10.544  28.423 0.0000000000
108941  40.562  10.431  27.492 0.0000000000
107774  40.186  10.147  27.225 0.0000000000
69859  35.595  -14.035  45.201 0.0000000000
69871  35.717  -13.313  44.976 0.0000000000
68614  34.222  -14.530  44.829 0.0000000000
68619  33.475  -14.899  43.962 0.0000000000
68620  32.942  -15.236  43.654 0.0000000000
195877  30.697  -14.629  43.664 0.0000000000
68623  31.211  -14.329  43.191 0.0000000000
68630  31.688  -14.536  42.794 0.0000000000
69901  30.942  -12.603  41.952 0.0000000000
214864  30.015  -12.577  41.136 0.0000000000
225741  29.417  -12.880  40.538 0.0000000000
72382  27.194  -12.833  42.701 0.0000000000
72394  28.058  -12.612  42.474 0.0000000000
73626  26.753  -10.815  41.750 0.0000000000
72407  27.757  -11.770  41.655 0.0000000000
216825  28.268  -12.300  41.908 0.0000000000
72406  28.922  -12.149  41.650 0.0000000000
217232  28.732  -11.824  40.506 0.0000000000
217174  29.079  -12.490  40.338 0.0000000000
73659  28.516  -11.123  39.567 0.0000000000
73660  28.230  -11.058  38.852 0.0000000000
75912  26.200  -10.344  38.922 0.0000000000
206827  26.457  -10.471  38.102 0.0000000000
75936  26.591  -10.438  37.236 0.0000000000
77196  25.894  -10.198  36.715 0.0000000000
77215  25.203  -9.917  36.190 0.0000000000
77248  24.660  -9.923  35.265 0.0000000000
198726  21.584  -11.005  37.958 0.0000000000
74842  21.157  -11.483  37.589 0.0000000000
85925  28.758  -4.167  30.125 0.0000000000
116055  51.660  15.704  21.010 0.0000000000
113782  47.410  14.744  19.882 0.0000000000
114892  48.253  14.942  20.115 0.0000000000
114891  49.016  15.087  20.344 0.0000000000
114907  48.488  15.367  19.059 0.0000000000
114899  48.730  15.238  19.774 0.0000000000
114898  49.446  15.292  20.014 0.0000000000
114897  49.919  15.419  20.136 0.0000000000
116060  50.827  15.809  20.401 0.0000000000
116059  51.413  15.819  20.546 0.0000000000
116069  51.185  16.146  19.574 0.0000000000
117209  51.587  16.683  18.689 0.0000000000
117210  51.067  16.426  18.488 0.0000000000
118441  51.763  17.373  17.569 0.0000000000
118443  51.588  17.468  16.567 0.0000000000
223299  52.082  18.004  16.217 0.0000000000
72384  20.973  -12.932  42.823 0.0000000000
72385  20.363  -13.404  42.432 0.0000000000
71159  20.656  -13.402  43.186 0.0000000000
71151  20.176  -13.795  43.559 0.0000000000
71143  20.495  -13.973  44.285 0.0000000000
71132  21.567  -13.947  45.245 0.0000000000
71133  20.812  -14.205  44.949 0.0000000000
69868  20.316  -14.680  45.303 0.0000000000
68611  19.867  -15.119  45.654 0.0000000000
68602  20.052  -15.418  46.220 0.0000000000
67336  19.650  -16.193  46.366 0.0000000000
69826  23.805  -15.067  47.289 0.0000000000
224176  23.192  -15.207  47.385 0.0000000000
68586  22.623  -15.179  47.272 0.0000000000
68540  23.099  -15.540  48.949 0.0000000000
68553  22.131  -15.604  48.478 0.0000000000
68572  22.047  -15.609  47.770 0.0000000000
207161  21.543  -15.645  47.472 0.0000000000
67333  20.820  -15.908  47.468 0.0000000000
220027  19.714  -16.260  47.063 0.0000000000
66093  19.690  -16.864  47.398 0.0000000000
64864  19.628  -17.592  48.137 0.0000000000
63600  19.633  -18.063  48.338 0.0000000000
64861  20.230  -17.526  49.321 0.0000000000
63599  19.930  -18.202  48.911 0.0000000000
71112  37.063  -12.517  46.501 0.0000000000
69844  36.261  -13.788  46.112 0.0000000000
69846  35.241  -14.586  45.568 0.0000000000
68592  33.914  -15.218  46.116 0.0000000000
68594  32.598  -15.343  45.564 0.0000000000
68595  31.792  -15.623  46.264 0.0000000000
68609  30.765  -15.425  45.431 0.0000000000
193832  28.881  -14.549  44.901 0.0000000000
71138  27.693  -13.975  44.414 0.0000000000
69864  27.976  -14.680  45.595 0.0000000000
69865  27.514  -14.190  45.050 0.0000000000
71139  27.116  -13.801  44.422 0.0000000000
72362  25.955  -12.986  44.236 0.0000000000
73579  24.452  -12.354  44.222 0.0000000000
72352  24.616  -13.175  45.093 0.0000000000
72374  23.597  -12.523  44.161 0.0000000000
72383  21.594  -12.520  43.185 0.0000000000
210064  38.905  9.873  24.889 0.0000000000
113736  49.795  14.496  24.066 0.0000000000
113745  48.714  14.172  23.092 0.0000000000
112570  48.193  13.573  24.336 0.0000000000
112578  48.230  13.566  23.668 0.0000000000
112586  48.232  13.668  23.004 0.0000000000
112596  47.503  13.731  22.350 0.0000000000
112604  46.538  14.215  21.518 0.0000000000
112605  45.854  14.203  21.275 0.0000000000
192610  44.962  12.975  24.653 0.0000000000
111387  44.430  13.115  23.692 0.0000000000
111394  44.456  13.259  23.105 0.0000000000
111395  43.908  13.427  22.640 0.0000000000
112599  44.775  13.337  22.270 0.0000000000
112606  45.063  13.810  21.396 0.0000000000
112612  45.589  14.314  20.668 0.0000000000
112620  44.785  13.591  19.599 0.0000000000
69903  19.616  -14.505  41.820 0.0000000000
213692  19.195  -15.095  42.033 0.0000000000
68643  18.967  -15.598  41.655 0.0000000000
207921  19.060  -15.833  42.442 0.0000000000
67365  18.927  -16.162  41.929 0.0000000000
66136  18.872  -16.725  41.096 0.0000000000
194916  18.753  -17.284  40.874 0.0000000000
204286  18.199  -18.603  39.777 0.0000000000
64880  18.803  -17.420  45.026 0.0000000000
64885  18.961  -17.844  43.692 0.0000000000
63642  18.791  -18.051  42.585 0.0000000000
62401  18.436  -19.192  43.171 0.0000000000
62424  18.344  -18.696  42.366 0.0000000000
62450  18.539  -18.563  41.647 0.0000000000
62475  18.476  -18.613  40.967 0.0000000000
62476  18.204  -18.700  40.332 0.0000000000
62517  17.216  -19.432  39.038 0.0000000000
62518  16.701  -19.635  38.956 0.0000000000
62501  16.247  -19.502  39.544 0.0000000000
61254  16.532  -20.134  38.406 0.0000000000
59947  17.586  -20.973  45.445 0.0000000000
61123  17.279  -20.880  45.311 0.0000000000
62355  16.037  -20.296  44.374 0.0000000000
59950  14.029  -21.285  46.658 0.0000000000
61107  14.272  -21.027  45.929 0.0000000000
61127  13.469  -20.942  44.798 0.0000000000
61126  14.172  -20.765  45.094 0.0000000000
61125  15.018  -20.734  45.327 0.0000000000
61147  14.800  -20.364  44.596 0.0000000000
62378  15.072  -19.666  43.476 0.0000000000
62427  14.681  -19.236  42.466 0.0000000000
62456  14.673  -19.374  41.594 0.0000000000
193328  14.331  -19.447  40.699 0.0000000000
61233  13.614  -19.790  40.506 0.0000000000
62482  14.167  -19.666  39.880 0.0000000000
53624  8.596  -24.739  44.907 0.0000000000
53634  8.214  -25.349  44.525 0.0000000000
52405  7.868  -25.945  44.183 0.0000000000
93497  37.488  1.283  28.664 0.0000000000
204456  33.346  1.108  29.829 0.0000000000
92249  32.744  1.094  30.195 0.0000000000
92250  31.755  0.270  30.261 0.0000000000
92240  31.506  -0.500  30.561 0.0000000000
197489  31.189  -1.059  30.462 0.0000000000
90930  31.286  -0.633  31.577 0.0000000000
90944  31.148  -0.689  30.957 0.0000000000
90945  30.815  -1.216  30.804 0.0000000000
89692  30.303  -1.589  30.727 0.0000000000
89693  29.733  -1.974  30.761 0.0000000000
88460  29.395  -2.666  30.805 0.0000000000
89626  31.069  -1.460  34.344 0.0000000000
89635  30.628  -1.830  34.090 0.0000000000
88409  30.358  -2.544  34.210 0.0000000000
88425  30.319  -2.144  33.506 0.0000000000
89649  30.164  -2.088  32.761 0.0000000000
88437  29.762  -2.707  32.411 0.0000000000
87182  29.539  -3.000  31.401 0.0000000000
87188  29.348  -3.514  31.033 0.0000000000
85917  29.246  -4.331  31.231 0.0000000000
85924  29.091  -4.721  30.642 0.0000000000
84632  30.033  -5.558  31.799 0.0000000000
83285  29.971  -5.943  31.411 0.0000000000
83294  30.017  -6.294  30.862 0.0000000000
81992  30.076  -6.731  30.276 0.0000000000
225030  30.200  -7.188  30.137 0.0000000000
83242  31.878  -6.529  34.507 0.0000000000
83254  31.259  -6.601  33.251 0.0000000000
81948  31.082  -6.782  32.336 0.0000000000
81947  31.746  -7.676  33.066 0.0000000000
80730  31.464  -7.354  32.313 0.0000000000
81962  31.113  -6.989  31.902 0.0000000000
81975  31.023  -7.445  31.363 0.0000000000
80756  30.877  -7.973  30.634 0.0000000000
79554  30.811  -8.352  29.961 0.0000000000
78472  30.662  -9.300  29.069 0.0000000000
77345  30.374  -9.694  28.503 0.0000000000
77346  30.377  -10.220  27.901 0.0000000000
76095  30.338  -10.920  27.822 0.0000000000
79407  34.393  -8.808  39.985 0.0000000000
69879  35.162  -13.007  44.338 0.0000000000
71146  35.487  -12.711  44.009 0.0000000000
71153  35.736  -12.401  43.834 0.0000000000
71155  35.131  -13.534  42.770 0.0000000000
72379  35.881  -11.947  43.632 0.0000000000
74766  36.269  -11.169  42.398 0.0000000000
69951  30.492  -12.737  39.815 0.0000000000
202470  31.073  -12.943  39.608 0.0000000000
69947  32.183  -13.161  40.198 0.0000000000
69966  31.737  -13.968  39.490 0.0000000000
219461  32.087  -13.004  39.635 0.0000000000
71195  32.843  -13.178  41.132 0.0000000000
72415  34.130  -12.093  41.627 0.0000000000
73624  35.405  -11.325  41.570 0.0000000000
74767  36.026  -11.029  42.067 0.0000000000
75874  35.772  -10.687  41.669 0.0000000000
74829  34.052  -10.804  38.928 0.0000000000
77162  35.088  -10.174  40.487 0.0000000000
78300  35.225  -9.970  40.753 0.0000000000
78301  34.891  -9.602  40.411 0.0000000000
79406  34.481  -8.976  39.975 0.0000000000
79413  33.971  -8.815  39.357 0.0000000000
209361  33.911  -9.212  38.525 0.0000000000
221061  33.597  -9.139  37.841 0.0000000000
78368  32.889  -9.121  35.907 0.0000000000
75955  33.000  -9.816  36.067 0.0000000000
209451  32.705  -9.549  35.539 0.0000000000
77260  32.604  -9.219  35.209 0.0000000000
208128  32.601  -9.995  34.342 0.0000000000
77272  32.180  -10.033  33.268 0.0000000000
76024  32.361  -10.836  32.009 0.0000000000
73719  30.162  -13.064  33.851 0.0000000000
74887  30.471  -12.753  33.374 0.0000000000
74886  31.349  -12.515  33.361 0.0000000000
204298  29.583  -12.562  32.900 0.0000000000
74903  30.352  -12.442  32.873 0.0000000000
75999  31.650  -12.180  32.906 0.0000000000
74922  31.087  -12.082  32.462 0.0000000000
215083  31.595  -11.416  31.944 0.0000000000
76041  30.424  -11.071  30.531 0.0000000000
74980  29.012  -11.556  29.734 0.0000000000
76055  29.501  -11.212  29.322 0.0000000000
93511  37.171  1.318  28.333 0.0000000000
93523  36.688  1.357  28.088 0.0000000000
93524  36.257  1.351  27.651 0.0000000000
190365  35.758  1.194  27.877 0.0000000000
190013  35.772  1.090  27.445 0.0000000000
94729  35.881  1.187  27.143 0.0000000000
94739  35.241  1.227  26.786 0.0000000000
94740  34.685  1.270  26.275 0.0000000000
94747  34.119  1.524  25.791 0.0000000000
92280  32.581  -0.357  28.013 0.0000000000
93515  33.023  -0.233  27.472 0.0000000000
92303  32.666  -0.343  26.366 0.0000000000
227682  32.999  -0.145  26.445 0.0000000000
93528  33.264  0.049  26.739 0.0000000000
197263  33.451  0.752  25.830 0.0000000000
94748  33.692  1.166  25.438 0.0000000000
118447  52.068  17.959  15.244 0.0000000000
118454  52.587  17.655  14.702 0.0000000000
227483  52.514  17.175  14.721 0.0000000000
54909  9.072  -24.333  44.014 0.0000000000
57410  13.395  -21.614  47.976 0.0000000000
58683  14.948  -21.768  48.532 0.0000000000
58726  12.290  -20.967  46.659 0.0000000000
58727  12.222  -21.286  46.223 0.0000000000
58778  11.012  -21.911  43.125 0.0000000000
59924  18.204  -21.151  46.301 0.0000000000
59930  12.843  -20.999  46.812 0.0000000000
59969  18.622  -20.897  45.935 0.0000000000
59971  12.614  -21.329  45.245 0.0000000000
59994  11.759  -21.310  44.489 0.0000000000
61097  15.202  -21.032  46.404 0.0000000000
61102  18.740  -19.423  46.196 0.0000000000
61103  18.780  -19.484  46.542 0.0000000000
61106  14.583  -21.080  46.467 0.0000000000
61141  19.028  -20.227  44.987 0.0000000000
61142  18.770  -20.545  44.677 0.0000000000
61143  18.300  -20.842  44.458 0.0000000000
61144  17.472  -20.843  44.508 0.0000000000
61146  16.615  -20.628  44.966 0.0000000000
61206  12.538  -19.698  42.256 0.0000000000
61242  14.882  -20.138  38.898 0.0000000000
62320  19.621  -18.911  48.873 0.0000000000
62331  19.014  -18.975  46.544 0.0000000000
62353  18.957  -20.208  44.187 0.0000000000
62356  15.374  -20.086  44.115 0.0000000000
62357  14.551  -20.105  43.876 0.0000000000
62374  18.613  -20.175  42.932 0.0000000000
62380  13.391  -19.278  43.454 0.0000000000
62423  18.613  -18.433  42.261 0.0000000000
63597  20.103  -18.531  49.360 0.0000000000
63608  19.486  -18.474  47.110 0.0000000000
63611  19.238  -18.122  46.749 0.0000000000
63615  18.889  -18.789  46.092 0.0000000000
63620  18.744  -18.778  44.629 0.0000000000
63657  18.684  -18.183  41.869 0.0000000000
63678  15.423  -19.234  41.435 0.0000000000
64867  19.524  -17.524  47.603 0.0000000000
64876  18.973  -17.486  46.465 0.0000000000
64882  18.836  -18.060  44.585 0.0000000000
64892  19.005  -17.616  42.930 0.0000000000
64906  18.696  -17.766  41.383 0.0000000000
66088  19.963  -17.184  48.440 0.0000000000
66091  19.887  -17.118  47.940 0.0000000000
66155  19.080  -17.055  39.687 0.0000000000
67323  21.017  -16.138  48.508 0.0000000000
67334  20.102  -16.157  47.483 0.0000000000
67345  18.814  -16.265  43.745 0.0000000000
67376  18.981  -16.160  41.335 0.0000000000
68549  25.331  -15.298  48.400 0.0000000000
68552  22.956  -15.534  48.422 0.0000000000
68587  22.067  -15.298  47.149 0.0000000000
68591  34.548  -14.966  46.185 0.0000000000
68593  33.305  -15.302  45.980 0.0000000000
68596  30.578  -15.491  46.083 0.0000000000
68603  19.716  -15.862  45.701 0.0000000000
68606  33.884  -15.055  45.371 0.0000000000
68607  32.175  -15.454  44.713 0.0000000000
68610  29.691  -15.415  45.688 0.0000000000
68616  31.221  -14.857  43.947 0.0000000000
68618  19.382  -15.665  44.699 0.0000000000
68621  32.340  -15.199  43.361 0.0000000000
68622  31.759  -14.796  43.471 0.0000000000
68627  33.335  -15.104  43.144 0.0000000000
68629  32.167  -14.890  42.572 0.0000000000
68631  31.139  -13.560  42.862 0.0000000000
68632  18.996  -15.713  43.260 0.0000000000
68638  33.138  -14.911  42.564 0.0000000000
68639  32.732  -14.889  42.126 0.0000000000
68640  32.106  -14.733  41.892 0.0000000000
68642  31.521  -13.463  41.915 0.0000000000
68654  32.449  -14.617  41.448 0.0000000000
68656  31.592  -13.574  41.314 0.0000000000
68671  31.838  -13.705  40.930 0.0000000000
68672  19.485  -15.427  40.329 0.0000000000
69831  35.943  -14.523  46.433 0.0000000000
69843  36.426  -13.248  46.458 0.0000000000
69845  35.945  -14.411  45.722 0.0000000000
69858  36.208  -13.684  45.430 0.0000000000
69860  34.885  -14.197  45.026 0.0000000000
69866  21.963  -14.368  45.676 0.0000000000
69872  35.012  -13.545  44.637 0.0000000000
69874  34.037  -14.531  44.162 0.0000000000
69876  28.858  -14.223  44.230 0.0000000000
69877  20.059  -14.477  44.679 0.0000000000
69881  34.475  -14.257  43.623 0.0000000000
69883  30.023  -14.622  43.841 0.0000000000
69890  33.681  -14.669  42.574 0.0000000000
69892  19.622  -14.298  43.081 0.0000000000
69896  34.865  -14.027  42.500 0.0000000000
69898  33.657  -14.504  41.696 0.0000000000
69900  31.279  -13.096  42.277 0.0000000000
69902  30.437  -12.322  42.070 0.0000000000
69912  33.619  -13.843  41.955 0.0000000000
69914  32.669  -14.122  41.134 0.0000000000
69917  30.687  -12.418  41.265 0.0000000000
69918  19.710  -14.408  41.160 0.0000000000
69929  32.529  -13.485  41.051 0.0000000000
69932  31.092  -12.739  40.445 0.0000000000
69934  30.208  -12.777  40.175 0.0000000000
69946  32.406  -13.091  40.307 0.0000000000
69948  31.969  -12.980  39.965 0.0000000000
69949  31.286  -12.851  40.108 0.0000000000
69950  30.952  -12.772  40.048 0.0000000000
69952  30.220  -12.846  39.569 0.0000000000
69953  19.597  -14.251  39.163 0.0000000000
69954  19.584  -14.874  39.488 0.0000000000
69965  32.595  -13.924  39.639 0.0000000000
69967  30.936  -13.212  39.347 0.0000000000
69968  30.900  -12.897  39.124 0.0000000000
69978  32.359  -14.487  39.012 0.0000000000
69980  30.903  -13.923  39.155 0.0000000000
69981  31.088  -13.220  38.807 0.0000000000
69992  31.119  -14.423  38.327 0.0000000000
71113  36.665  -12.774  46.203 0.0000000000
71122  36.938  -12.434  45.990 0.0000000000
71124  36.215  -12.998  45.323 0.0000000000
71126  25.943  -13.693  45.365 0.0000000000
71128  24.523  -13.701  45.488 0.0000000000
71136  35.819  -12.753  44.762 0.0000000000
71137  28.274  -14.316  44.849 0.0000000000
71147  35.001  -13.193  43.483 0.0000000000
71154  35.179  -12.846  43.313 0.0000000000
71156  29.682  -13.322  43.077 0.0000000000
71166  34.982  -13.417  42.348 0.0000000000
71169  29.492  -12.398  42.368 0.0000000000
71181  33.655  -13.195  42.001 0.0000000000
71182  29.692  -12.749  41.072 0.0000000000
71193  33.707  -12.315  41.173 0.0000000000
71194  33.239  -12.787  41.507 0.0000000000
71196  29.774  -12.976  40.429 0.0000000000
71206  33.843  -12.141  40.355 0.0000000000
71219  32.717  -12.499  39.293 0.0000000000
71220  33.236  -13.649  39.404 0.0000000000
71221  29.475  -12.803  39.356 0.0000000000
71229  33.372  -12.266  39.112 0.0000000000
71230  33.126  -14.078  38.859 0.0000000000
71232  30.702  -12.571  38.593 0.0000000000
71234  29.927  -12.617  39.066 0.0000000000
71242  34.214  -13.575  37.543 0.0000000000
71245  30.436  -14.033  37.635 0.0000000000
71246  30.599  -13.070  38.103 0.0000000000
71257  33.880  -13.379  36.919 0.0000000000
71258  33.087  -13.602  36.371 0.0000000000
71259  32.210  -13.940  36.702 0.0000000000
71261  30.316  -13.910  36.970 0.0000000000
71262  30.375  -12.774  37.194 0.0000000000
71271  32.981  -13.333  35.817 0.0000000000
71273  31.713  -13.919  36.315 0.0000000000
72340  37.559  -12.365  46.789 0.0000000000
72350  25.977  -13.299  44.863 0.0000000000
72365  23.232  -13.054  44.568 0.0000000000
72372  27.016  -13.177  43.344 0.0000000000
72380  35.372  -12.309  43.245 0.0000000000
72393  35.098  -12.088  42.698 0.0000000000
72395  27.347  -12.244  42.143 0.0000000000
72403  34.854  -11.727  41.699 0.0000000000
72404  34.591  -12.073  41.963 0.0000000000
72414  34.576  -11.624  41.290 0.0000000000
72416  28.828  -12.119  41.018 0.0000000000
72426  34.132  -11.758  40.212 0.0000000000
72428  28.780  -11.885  39.921 0.0000000000
72441  33.996  -11.480  39.616 0.0000000000
72442  33.895  -12.046  39.698 0.0000000000
72444  28.920  -11.767  39.338 0.0000000000
72452  33.513  -12.139  38.393 0.0000000000
72453  30.147  -11.824  38.122 0.0000000000
72455  29.237  -11.832  38.808 0.0000000000
72462  33.579  -11.738  37.755 0.0000000000
72464  30.171  -12.168  37.410 0.0000000000
72474  34.339  -13.142  37.265 0.0000000000
72475  29.895  -11.971  36.856 0.0000000000
72485  33.355  -12.891  35.504 0.0000000000
72487  31.806  -13.683  35.565 0.0000000000
72488  31.079  -13.711  35.512 0.0000000000
72489  30.199  -13.648  35.555 0.0000000000
72491  29.366  -12.343  36.302 0.0000000000
72500  31.579  -13.235  34.679 0.0000000000
72502  30.298  -13.449  34.813 0.0000000000
72503  29.098  -13.097  34.902 0.0000000000
73578  24.982  -12.331  44.047 0.0000000000
73601  22.732  -12.017  42.954 0.0000000000
73612  35.315  -11.647  42.147 0.0000000000
73614  26.140  -11.995  42.346 0.0000000000
73623  35.887  -11.312  42.049 0.0000000000
73625  27.125  -11.395  41.961 0.0000000000
73627  26.092  -11.060  41.830 0.0000000000
73628  21.801  -12.012  41.331 0.0000000000
73635  34.949  -11.371  41.188 0.0000000000
73639  20.983  -12.022  40.334 0.0000000000
73645  34.839  -11.183  40.866 0.0000000000
73658  34.138  -10.971  39.790 0.0000000000
73667  33.970  -11.095  39.071 0.0000000000
73677  33.942  -11.105  37.755 0.0000000000
73678  29.717  -11.527  37.854 0.0000000000
73687  33.706  -11.370  37.129 0.0000000000
73688  33.671  -11.785  36.509 0.0000000000
73689  29.764  -11.532  37.144 0.0000000000
73698  33.692  -12.357  35.248 0.0000000000
73699  28.631  -13.061  35.881 0.0000000000
73707  33.638  -12.101  34.784 0.0000000000
73718  30.993  -12.914  33.853 0.0000000000
74757  25.448  -11.594  42.591 0.0000000000
74759  23.894  -11.560  42.742 0.0000000000
74769  24.899  -11.180  41.763 0.0000000000
74778  35.552  -11.201  41.494 0.0000000000
74783  22.371  -10.621  41.630 0.0000000000
74792  25.584  -10.189  41.053 0.0000000000
74797  21.359  -11.625  40.096 0.0000000000
74804  34.971  -10.838  40.612 0.0000000000
74805  34.646  -10.558  40.026 0.0000000000
74809  22.297  -10.615  40.210 0.0000000000
74820  34.243  -10.389  39.361 0.0000000000
74824  21.390  -11.475  38.830 0.0000000000
74830  34.156  -10.762  38.353 0.0000000000
74838  34.163  -10.287  37.976 0.0000000000
74847  33.953  -10.735  37.254 0.0000000000
74849  28.459  -10.892  36.613 0.0000000000
74857  33.300  -11.405  36.054 0.0000000000
74869  33.093  -10.892  35.675 0.0000000000
74871  33.399  -11.856  34.344 0.0000000000
74884  32.975  -11.626  34.005 0.0000000000
74885  32.565  -11.983  33.545 0.0000000000
74902  31.003  -12.435  32.975 0.0000000000
74924  29.421  -12.446  32.458 0.0000000000
75873  36.094  -10.855  42.175 0.0000000000
75887  23.862  -10.004  40.565 0.0000000000
75896  34.919  -10.362  40.231 0.0000000000
75897  34.508  -10.125  39.660 0.0000000000
75900  24.287  -9.876  39.940 0.0000000000
75911  34.126  -10.055  38.924 0.0000000000
75914  23.624  -10.438  38.694 0.0000000000
75916  22.249  -10.723  38.869 0.0000000000
75923  33.999  -10.118  37.694 0.0000000000
75935  27.394  -10.279  36.735 0.0000000000
75944  33.201  -9.662  36.817 0.0000000000
75967  33.052  -10.476  35.221 0.0000000000
75983  32.677  -10.843  34.245 0.0000000000
75997  32.422  -10.375  33.843 0.0000000000
76011  32.580  -10.864  32.678 0.0000000000
77154  34.897  -9.912  40.274 0.0000000000
77173  34.150  -9.899  39.117 0.0000000000
77184  33.956  -9.707  38.616 0.0000000000
77195  33.564  -9.470  37.504 0.0000000000
77198  24.622  -10.101  37.294 0.0000000000
77230  33.079  -9.202  36.585 0.0000000000
77231  32.949  -9.186  35.980 0.0000000000
77233  25.255  -9.924  35.543 0.0000000000
77261  32.527  -9.249  34.735 0.0000000000
78293  35.212  -9.750  40.930 0.0000000000
78309  34.664  -9.480  39.956 0.0000000000
78310  34.081  -9.253  39.194 0.0000000000
78327  33.948  -9.382  38.777 0.0000000000
78328  33.887  -9.444  38.461 0.0000000000
78353  33.427  -9.200  37.550 0.0000000000
78367  33.145  -9.010  36.903 0.0000000000
78382  32.808  -9.165  35.771 0.0000000000
78400  32.496  -8.574  34.545 0.0000000000
78415  31.975  -8.576  33.971 0.0000000000
79399  34.727  -8.862  40.701 0.0000000000
79424  33.896  -8.908  38.524 0.0000000000
79445  33.306  -8.400  37.203 0.0000000000
79455  33.178  -8.913  36.936 0.0000000000
79467  33.088  -8.769  36.431 0.0000000000
79503  31.940  -8.073  33.911 0.0000000000
79525  31.598  -8.543  32.253 0.0000000000
79567  30.891  -8.854  29.561 0.0000000000
80613  34.100  -7.878  40.854 0.0000000000
80656  33.762  -8.418  38.171 0.0000000000
81805  33.395  -7.322  39.798 0.0000000000
81832  32.740  -6.849  38.491 0.0000000000
81844  33.130  -7.453  38.264 0.0000000000
81870  32.934  -7.629  36.881 0.0000000000
81871  32.613  -7.193  36.532 0.0000000000
81902  32.688  -7.813  35.676 0.0000000000
81903  32.576  -7.461  35.328 0.0000000000
81904  32.047  -6.801  34.961 0.0000000000
81932  31.514  -7.146  33.274 0.0000000000
81949  30.799  -6.290  32.294 0.0000000000
83171  32.718  -6.481  38.632 0.0000000000
83183  32.583  -6.476  37.932 0.0000000000
83196  32.382  -6.226  37.404 0.0000000000
83207  32.411  -6.617  36.868 0.0000000000
83208  32.197  -6.198  36.462 0.0000000000
83265  31.126  -6.677  32.723 0.0000000000
84530  32.354  -5.169  40.004 0.0000000000
84552  31.822  -4.889  37.822 0.0000000000
84561  32.132  -5.595  37.613 0.0000000000
84586  31.344  -5.715  34.603 0.0000000000
84600  30.328  -5.019  32.861 0.0000000000
84608  30.709  -5.914  32.546 0.0000000000
85862  31.793  -4.106  37.819 0.0000000000
85867  31.218  -4.364  36.885 0.0000000000
85868  30.856  -4.229  36.363 0.0000000000
85881  31.438  -5.312  36.104 0.0000000000
85886  30.532  -4.656  34.755 0.0000000000
85900  30.875  -5.556  33.501 0.0000000000
85918  28.943  -3.911  30.615 0.0000000000
87135  31.484  -3.874  37.256 0.0000000000
87141  31.193  -3.234  36.331 0.0000000000
87176  29.603  -3.698  32.678 0.0000000000
87200  28.949  -3.473  29.934 0.0000000000
88374  31.332  -2.500  36.005 0.0000000000
88394  30.466  -3.079  34.848 0.0000000000
88395  30.203  -3.348  34.241 0.0000000000
88448  29.640  -2.429  31.807 0.0000000000
88467  29.252  -2.741  30.156 0.0000000000
89678  30.460  -1.504  31.192 0.0000000000
89703  29.781  -1.797  29.527 0.0000000000
89704  29.428  -2.178  29.793 0.0000000000
90979  30.399  -1.473  29.538 0.0000000000
90993  31.663  -1.059  28.064 0.0000000000
91010  30.221  -1.307  27.986 0.0000000000
92262  31.655  -0.277  29.125 0.0000000000
93496  37.923  1.317  28.995 0.0000000000
94708  37.907  1.422  28.640 0.0000000000
94718  37.129  1.511  27.925 0.0000000000
94725  38.099  2.123  28.045 0.0000000000
95834  38.787  2.837  27.972 0.0000000000
96988  40.151  3.060  28.683 0.0000000000
96996  39.591  3.231  28.354 0.0000000000
97013  37.144  2.879  27.259 0.0000000000
97023  34.693  3.007  25.416 0.0000000000
98160  38.743  3.694  28.097 0.0000000000
98161  38.340  3.603  27.851 0.0000000000
99323  41.049  5.351  29.293 0.0000000000
99331  39.624  5.568  28.711 0.0000000000
99340  38.966  4.489  28.155 0.0000000000
99341  38.627  4.781  27.817 0.0000000000
99359  35.098  4.942  25.711 0.0000000000
100450  39.148  6.048  28.377 0.0000000000
100481  35.084  5.610  25.391 0.0000000000
101561  41.158  6.381  29.568 0.0000000000
101586  37.424  6.061  27.306 0.0000000000
101587  36.641  6.058  26.787 0.0000000000
102690  43.037  6.886  30.750 0.0000000000
102724  39.665  6.819  28.771 0.0000000000
103938  39.809  7.607  28.594 0.0000000000
103950  38.121  7.472  27.352 0.0000000000
103958  37.845  7.963  26.890 0.0000000000
105211  41.922  8.189  30.056 0.0000000000
105241  39.216  8.066  27.948 0.0000000000
106496  41.290  8.915  29.752 0.0000000000
106505  39.920  9.008  28.501 0.0000000000
106528  39.226  9.656  26.814 0.0000000000
106535  38.552  9.425  25.297 0.0000000000
107750  42.750  9.598  30.400 0.0000000000
107762  40.269  9.520  28.501 0.0000000000
107770  40.180  9.662  27.855 0.0000000000
107775  39.684  9.940  27.030 0.0000000000
107792  39.019  9.911  25.508 0.0000000000
108930  42.100  10.538  29.250 0.0000000000
108950  40.503  10.858  26.955 0.0000000000
108957  40.641  11.921  25.536 0.0000000000
108963  40.733  12.379  24.783 0.0000000000
110103  42.098  11.796  28.205 0.0000000000
110120  42.615  12.347  26.369 0.0000000000
111294  44.597  12.412  28.278 0.0000000000
111295  44.151  12.411  27.920 0.0000000000
111334  44.376  13.087  25.659 0.0000000000
111335  43.486  12.884  25.679 0.0000000000
111336  42.790  12.524  25.806 0.0000000000
111345  46.085  13.046  25.388 0.0000000000
111376  45.102  12.898  24.210 0.0000000000
111377  44.401  13.030  24.155 0.0000000000
111385  45.997  13.096  23.587 0.0000000000
111404  43.728  13.371  21.873 0.0000000000
112571  47.368  13.270  24.273 0.0000000000
112580  47.002  13.157  23.671 0.0000000000
112590  45.207  13.235  22.742 0.0000000000
112595  48.172  13.935  22.379 0.0000000000
113737  49.283  14.322  23.839 0.0000000000
113759  47.358  14.132  21.668 0.0000000000
113764  49.233  14.881  21.319 0.0000000000
113773  48.549  14.852  20.709 0.0000000000
114878  51.167  15.621  21.309 0.0000000000
114888  50.427  15.723  20.726 0.0000000000
114890  49.607  15.218  20.490 0.0000000000
116061  50.333  15.659  20.260 0.0000000000
116064  51.211  16.038  20.091 0.0000000000
116075  50.626  16.147  18.990 0.0000000000
117206  51.659  16.496  19.182 0.0000000000
117213  51.418  16.863  18.039 0.0000000000
118437  52.292  17.555  18.572 0.0000000000
122168  53.309  19.527  16.881 0.0000000000
124648  54.180  20.685  16.471 0.0000000000
189904  31.862  -14.412  37.602 0.0000000000
190265  29.008  -12.904  33.876 0.0000000000
190394  30.325  -15.260  45.127 0.0000000000
190613  30.957  -15.231  44.712 0.0000000000
190633  32.033  -15.259  43.981 0.0000000000
190653  45.043  13.121  26.387 0.0000000000
190975  32.748  -8.154  35.723 0.0000000000
191114  34.194  -11.266  40.172 0.0000000000
191178  16.889  -18.738  41.460 0.0000000000
192050  33.701  -13.847  38.157 0.0000000000
192468  31.518  -13.793  42.547 0.0000000000
192548  31.850  -15.507  45.445 0.0000000000
192616  31.246  -15.561  45.760 0.0000000000
194398  33.696  -14.847  44.762 0.0000000000
194743  31.722  -13.105  40.323 0.0000000000
194960  32.270  -12.860  34.364 0.0000000000
195091  44.292  13.093  25.193 0.0000000000
195234  42.369  12.431  26.996 0.0000000000
195243  28.595  -11.202  35.958 0.0000000000
195272  18.939  -19.796  45.890 0.0000000000
195309  19.455  -18.785  47.542 0.0000000000
195616  33.310  -12.927  38.676 0.0000000000
195743  19.046  -20.485  45.489 0.0000000000
195753  18.780  -17.974  39.840 0.0000000000
195839  27.580  -10.879  40.779 0.0000000000
196277  44.325  13.043  24.540 0.0000000000
196403  19.145  -19.530  47.380 0.0000000000
196432  31.010  -14.037  36.804 0.0000000000
196601  31.532  -1.023  29.539 0.0000000000
196840  18.783  -17.208  41.610 0.0000000000
196847  18.875  -16.720  44.087 0.0000000000
197202  18.973  -16.832  44.681 0.0000000000
197307  33.749  -12.595  41.816 0.0000000000
198051  31.601  -8.935  32.860 0.0000000000
198184  28.176  -11.896  33.794 0.0000000000
198411  33.779  -10.292  36.883 0.0000000000
199455  30.855  -12.608  40.823 0.0000000000
199954  30.741  -12.856  39.569 0.0000000000
200784  40.544  11.350  26.302 0.0000000000
200819  29.829  -11.895  38.713 0.0000000000
201274  27.259  -14.333  45.874 0.0000000000
202402  30.405  -1.409  32.415 0.0000000000
202682  32.099  -13.350  39.774 0.0000000000
202697  11.241  -21.508  43.435 0.0000000000
202934  17.707  -21.199  46.256 0.0000000000
203524  32.047  -6.956  34.760 0.0000000000
203693  29.992  -1.827  31.075 0.0000000000
203988  19.253  -18.683  46.662 0.0000000000
204030  32.094  -13.288  34.982 0.0000000000
204050  33.924  -8.987  39.078 0.0000000000
205880  39.647  6.016  28.873 0.0000000000
205934  25.498  -13.778  45.608 0.0000000000
206872  39.449  4.650  28.353 0.0000000000
207476  20.338  -18.045  49.644 0.0000000000
207920  18.865  -18.193  43.288 0.0000000000
208897  30.896  -12.884  38.791 0.0000000000
208993  30.290  -13.268  34.265 0.0000000000
210887  30.181  -5.344  32.207 0.0000000000
211682  34.802  -10.068  40.118 0.0000000000
211709  33.197  -7.902  37.121 0.0000000000
212548  42.083  7.651  30.145 0.0000000000
212573  19.859  -14.035  42.378 0.0000000000
212599  33.029  -8.418  36.347 0.0000000000
212642  16.573  -20.396  44.249 0.0000000000
212704  33.784  -9.135  38.208 0.0000000000
213045  33.830  -8.111  39.050 0.0000000000
213262  39.933  4.868  28.558 0.0000000000
215159  36.669  1.503  27.793 0.0000000000
215697  43.932  13.400  23.306 0.0000000000
215819  16.514  -18.891  41.599 0.0000000000
215946  30.197  -12.863  42.843 0.0000000000
216706  16.573  -20.190  43.519 0.0000000000
216823  18.131  -18.758  40.860 0.0000000000
217023  33.458  -8.889  37.616 0.0000000000
217714  34.365  -12.820  36.417 0.0000000000
218032  33.472  -13.857  37.488 0.0000000000
218379  31.269  -13.883  36.023 0.0000000000
219016  31.832  -6.091  34.913 0.0000000000
219419  31.908  -9.596  32.840 0.0000000000
220678  24.602  -10.056  39.440 0.0000000000
220719  42.482  12.507  23.335 0.0000000000
221454  22.820  -10.396  39.890 0.0000000000
222451  28.686  -11.467  35.395 0.0000000000
222503  48.474  15.218  17.424 0.0000000000
222780  26.732  -14.205  46.070 0.0000000000
223368  29.701  -5.585  31.398 0.0000000000
223556  30.235  -12.540  38.961 0.0000000000
223633  31.519  -13.504  35.105 0.0000000000
224858  42.247  6.912  30.182 0.0000000000
224955  32.019  -14.755  43.093 0.0000000000
224960  31.674  -15.072  43.946 0.0000000000
225077  39.703  8.075  28.413 0.0000000000
225180  32.620  -12.581  39.908 0.0000000000
225340  19.426  -17.962  47.237 0.0000000000
225897  32.784  -7.981  35.618 0.0000000000
226217  44.740  13.118  26.136 0.0000000000
226406  25.045  -13.097  44.966 0.0000000000
227015  31.245  -13.547  39.493 0.0000000000
227057  39.735  7.292  28.639 0.0000000000
227265  49.687  15.964  16.991 0.0000000000
227365  35.994  6.444  25.853 0.0000000000
227516  31.392  -4.915  36.942 0.0000000000
227521  28.435  -12.017  41.447 0.0000000000
228111  19.338  -15.792  40.484 0.0000000000
228289  29.569  -1.872  28.707 0.0000000000
