#!ascii label  , from subject sub-01_ses-011.long.sub-01 vox2ras=TkReg
1807
69526  -37.522  -21.762  33.020 0.0000000000
52057  -30.517  -33.734  32.802 0.0000000000
67324  -49.821  -23.652  24.017 0.0000000000
69725  -37.630  -22.108  23.380 0.0000000000
67219  -43.963  -24.183  28.247 0.0000000000
58384  -36.345  -30.081  32.083 0.0000000000
57186  -30.514  -31.144  23.645 0.0000000000
65178  -32.294  -25.335  24.406 0.0000000000
197530  -28.445  -29.191  37.997 0.0000000000
81388  -52.550  -15.252  28.220 0.0000000000
195236  -20.790  -27.607  26.609 0.0000000000
213941  -37.824  -21.087  28.669 0.0000000000
68439  -40.423  -23.378  25.858 0.0000000000
70840  -41.239  -21.421  30.816 0.0000000000
208404  -36.786  -26.263  32.773 0.0000000000
231514  -34.393  -27.387  28.360 0.0000000000
66176  -35.032  -24.325  28.121 0.0000000000
69695  -34.008  -22.253  24.169 0.0000000000
85228  -55.334  -12.278  25.730 0.0000000000
57012  -29.118  -31.397  35.257 0.0000000000
60902  -24.272  -28.640  32.447 0.0000000000
57084  -26.988  -30.793  30.426 0.0000000000
65168  -48.405  -25.340  25.595 0.0000000000
52069  -34.002  -34.312  31.167 0.0000000000
55749  -30.390  -31.631  28.664 0.0000000000
55767  -33.304  -32.553  27.399 0.0000000000
227139  -31.547  -29.973  23.577 0.0000000000
55588  -26.169  -31.605  40.258 0.0000000000
64175  -47.223  -26.106  30.808 0.0000000000
67238  -50.766  -23.462  28.040 0.0000000000
73370  -51.586  -19.499  29.732 0.0000000000
73441  -50.141  -19.413  25.414 0.0000000000
80049  -51.041  -15.850  23.499 0.0000000000
57042  -19.495  -30.390  33.324 0.0000000000
194700  -25.985  -28.519  25.639 0.0000000000
233527  -37.319  -21.613  30.606 0.0000000000
222704  -39.398  -21.068  29.490 0.0000000000
72180  -38.950  -20.580  32.536 0.0000000000
206356  -36.698  -23.732  32.720 0.0000000000
65113  -35.786  -25.261  30.089 0.0000000000
212023  -36.321  -23.302  30.899 0.0000000000
69609  -36.184  -21.978  28.569 0.0000000000
68538  -50.591  -23.044  23.098 0.0000000000
214810  -47.992  -21.812  23.486 0.0000000000
54378  -29.350  -32.784  34.028 0.0000000000
55672  -27.701  -31.451  32.565 0.0000000000
54413  -28.706  -32.279  31.441 0.0000000000
201557  -39.057  -22.405  22.554 0.0000000000
67250  -42.168  -23.829  26.856 0.0000000000
68463  -42.544  -22.847  25.234 0.0000000000
210870  -44.585  -22.956  26.290 0.0000000000
67288  -46.560  -23.687  25.110 0.0000000000
67255  -46.520  -23.992  27.272 0.0000000000
54420  -35.387  -32.327  31.554 0.0000000000
53228  -33.423  -33.106  28.810 0.0000000000
55727  -34.111  -31.436  29.547 0.0000000000
63299  -33.157  -26.674  26.470 0.0000000000
61020  -32.318  -28.510  26.418 0.0000000000
213065  -31.423  -27.386  24.291 0.0000000000
223089  -35.563  -21.334  23.669 0.0000000000
65128  -49.362  -25.507  28.764 0.0000000000
73408  -52.050  -19.653  27.006 0.0000000000
75984  -51.932  -17.953  26.003 0.0000000000
77360  -50.508  -17.376  24.225 0.0000000000
80025  -52.209  -15.913  25.785 0.0000000000
82652  -55.865  -13.252  24.082 0.0000000000
58255  -27.023  -29.666  39.366 0.0000000000
56958  -23.065  -31.138  36.947 0.0000000000
58302  -24.026  -29.496  36.087 0.0000000000
205160  -21.622  -28.067  29.074 0.0000000000
59724  -19.450  -28.838  29.875 0.0000000000
60981  -18.559  -28.620  27.213 0.0000000000
57149  -30.366  -30.730  26.208 0.0000000000
58488  -28.281  -29.752  27.203 0.0000000000
59830  -28.620  -28.928  24.720 0.0000000000
70947  -37.839  -21.454  25.895 0.0000000000
68490  -39.260  -22.908  24.392 0.0000000000
70927  -39.389  -21.516  27.045 0.0000000000
69612  -41.130  -22.815  28.397 0.0000000000
68373  -42.132  -23.585  29.760 0.0000000000
62113  -36.691  -27.916  32.000 0.0000000000
60942  -35.121  -28.543  29.918 0.0000000000
63235  -35.697  -26.927  30.025 0.0000000000
64217  -34.971  -26.102  28.176 0.0000000000
66202  -33.960  -24.571  26.198 0.0000000000
67304  -33.185  -23.841  24.354 0.0000000000
68420  -34.842  -23.120  26.655 0.0000000000
70922  -35.869  -21.453  26.400 0.0000000000
82611  -53.499  -13.472  27.496 0.0000000000
207541  -53.573  -9.777  29.226 0.0000000000
59583  -29.043  -29.965  36.644 0.0000000000
59615  -25.874  -29.090  34.909 0.0000000000
227534  -27.072  -30.055  33.757 0.0000000000
59711  -25.564  -29.720  30.879 0.0000000000
60968  -24.221  -28.920  28.177 0.0000000000
68517  -40.826  -22.741  23.818 0.0000000000
66240  -49.006  -25.104  23.559 0.0000000000
65183  -50.508  -25.587  24.457 0.0000000000
52059  -32.063  -34.592  32.259 0.0000000000
224152  -30.675  -32.881  30.652 0.0000000000
53214  -32.739  -33.712  29.631 0.0000000000
54477  -32.392  -33.034  27.353 0.0000000000
54512  -32.199  -32.393  25.334 0.0000000000
58474  -33.389  -29.877  28.159 0.0000000000
58512  -32.355  -30.867  25.265 0.0000000000
200949  -31.757  -32.233  22.824 0.0000000000
70780  -38.930  -21.096  35.283 0.0000000000
50970  -32.147  -35.338  34.252 0.0000000000
53170  -36.004  -33.927  33.729 0.0000000000
55679  -37.354  -31.321  34.129 0.0000000000
72158  -40.938  -20.462  34.312 0.0000000000
69538  -42.894  -22.570  32.688 0.0000000000
201016  -43.654  -24.954  31.122 0.0000000000
65069  -45.150  -25.411  32.568 0.0000000000
65126  -45.989  -25.603  29.639 0.0000000000
64233  -48.204  -26.167  27.859 0.0000000000
64237  -50.220  -25.913  26.198 0.0000000000
67271  -49.643  -24.058  25.964 0.0000000000
70897  -51.689  -21.253  28.751 0.0000000000
70933  -50.551  -21.525  26.935 0.0000000000
230428  -48.530  -21.552  25.326 0.0000000000
73475  -48.592  -19.388  24.023 0.0000000000
81430  -53.269  -14.060  24.682 0.0000000000
55608  -21.394  -31.997  37.640 0.0000000000
55711  -16.185  -31.184  31.179 0.0000000000
59650  -21.931  -29.309  33.167 0.0000000000
58440  -17.851  -29.737  30.337 0.0000000000
200435  -28.236  -31.095  29.343 0.0000000000
59755  -26.069  -29.714  27.947 0.0000000000
62201  -23.646  -28.265  26.181 0.0000000000
62240  -23.384  -27.401  23.928 0.0000000000
69544  -37.245  -21.800  31.532 0.0000000000
70837  -38.644  -20.826  31.190 0.0000000000
70812  -38.316  -20.917  32.814 0.0000000000
68321  -37.134  -22.845  33.107 0.0000000000
67150  -36.597  -23.448  32.034 0.0000000000
195858  -37.117  -22.370  32.061 0.0000000000
69556  -37.077  -21.970  30.823 0.0000000000
66242  -50.605  -24.590  23.690 0.0000000000
68524  -50.311  -23.398  23.392 0.0000000000
68537  -49.893  -22.897  23.101 0.0000000000
68523  -49.326  -23.135  23.704 0.0000000000
53163  -29.683  -33.332  33.765 0.0000000000
54390  -29.150  -32.692  33.268 0.0000000000
53188  -29.448  -32.873  32.195 0.0000000000
71042  -37.638  -22.003  21.795 0.0000000000
69754  -38.591  -22.488  22.726 0.0000000000
67234  -42.967  -24.110  27.626 0.0000000000
68426  -43.320  -23.292  26.715 0.0000000000
67252  -44.267  -23.381  27.178 0.0000000000
68445  -45.426  -23.179  26.548 0.0000000000
67237  -45.324  -23.646  27.815 0.0000000000
55690  -35.904  -31.624  31.901 0.0000000000
55716  -35.054  -31.504  30.803 0.0000000000
57091  -35.182  -30.699  30.727 0.0000000000
64259  -32.575  -25.998  25.274 0.0000000000
63302  -32.310  -26.701  25.437 0.0000000000
199339  -31.423  -26.370  23.883 0.0000000000
63316  -31.070  -26.470  23.390 0.0000000000
71000  -36.743  -21.570  23.589 0.0000000000
71019  -36.074  -21.403  22.421 0.0000000000
211776  -36.619  -21.553  22.348 0.0000000000
75969  -52.374  -17.780  27.048 0.0000000000
78642  -52.406  -16.594  27.037 0.0000000000
77341  -51.824  -17.200  25.484 0.0000000000
220544  -52.382  -15.897  26.269 0.0000000000
59524  -27.561  -29.313  38.996 0.0000000000
220897  -25.800  -29.615  38.049 0.0000000000
197484  -26.648  -29.115  37.455 0.0000000000
62169  -20.825  -27.774  27.583 0.0000000000
60963  -19.761  -28.243  28.123 0.0000000000
60998  -19.882  -27.921  27.025 0.0000000000
61012  -18.325  -28.475  25.917 0.0000000000
62195  -19.504  -27.911  25.750 0.0000000000
57157  -30.559  -30.794  25.419 0.0000000000
58498  -29.476  -29.800  25.447 0.0000000000
58509  -29.722  -29.771  24.697 0.0000000000
70925  -37.815  -21.274  26.571 0.0000000000
197149  -38.403  -21.443  26.242 0.0000000000
70906  -38.678  -21.164  27.346 0.0000000000
70852  -40.413  -21.212  29.910 0.0000000000
70870  -40.416  -21.452  29.165 0.0000000000
70871  -41.009  -21.773  29.426 0.0000000000
68387  -41.521  -23.361  28.694 0.0000000000
69574  -42.000  -22.761  30.048 0.0000000000
63204  -36.775  -27.348  32.163 0.0000000000
62118  -36.092  -27.607  30.974 0.0000000000
215820  -36.310  -26.384  31.056 0.0000000000
66143  -35.639  -24.588  29.290 0.0000000000
65112  -35.638  -25.257  29.344 0.0000000000
66160  -35.239  -24.962  28.472 0.0000000000
65158  -34.414  -25.735  27.216 0.0000000000
198234  -34.699  -24.530  27.499 0.0000000000
234256  -34.268  -24.112  26.466 0.0000000000
67230  -34.918  -23.963  27.572 0.0000000000
70885  -36.696  -21.487  28.169 0.0000000000
69624  -36.099  -21.758  27.841 0.0000000000
70904  -36.622  -21.382  27.454 0.0000000000
70945  -36.521  -21.329  25.954 0.0000000000
56994  -29.238  -30.958  35.844 0.0000000000
58321  -28.223  -30.276  34.989 0.0000000000
57011  -28.440  -30.884  34.716 0.0000000000
57069  -27.310  -31.238  31.562 0.0000000000
58379  -26.716  -30.620  32.187 0.0000000000
222757  -25.907  -30.049  30.620 0.0000000000
59726  -25.064  -29.374  29.899 0.0000000000
59743  -25.665  -29.776  29.030 0.0000000000
68459  -39.770  -23.086  24.890 0.0000000000
68491  -39.814  -23.055  24.328 0.0000000000
68492  -40.626  -23.189  24.863 0.0000000000
69681  -43.726  -22.383  24.726 0.0000000000
69699  -42.938  -22.265  24.147 0.0000000000
69733  -44.184  -22.167  23.476 0.0000000000
66218  -47.768  -24.730  25.166 0.0000000000
203516  -47.886  -24.714  24.428 0.0000000000
65180  -49.214  -25.496  24.571 0.0000000000
65190  -49.889  -25.407  23.922 0.0000000000
210541  -49.608  -25.864  24.857 0.0000000000
52068  -33.238  -34.476  31.152 0.0000000000
52076  -32.157  -33.997  31.078 0.0000000000
52085  -32.990  -33.892  30.123 0.0000000000
53240  -33.350  -32.908  28.360 0.0000000000
53238  -32.935  -33.177  28.069 0.0000000000
54479  -33.121  -32.961  27.024 0.0000000000
55777  -31.939  -32.575  26.286 0.0000000000
54495  -32.671  -32.508  26.057 0.0000000000
214703  -34.771  -27.876  29.170 0.0000000000
59748  -34.543  -29.096  29.293 0.0000000000
60970  -34.045  -28.510  28.475 0.0000000000
59815  -31.668  -29.395  24.760 0.0000000000
217132  -32.150  -29.981  25.684 0.0000000000
58527  -31.814  -30.301  24.154 0.0000000000
57180  -32.353  -31.797  24.238 0.0000000000
68487  -33.370  -23.265  24.142 0.0000000000
54408  -36.491  -32.638  33.404 0.0000000000
62079  -37.696  -28.054  34.481 0.0000000000
204516  -40.039  -20.353  34.557 0.0000000000
70791  -42.842  -21.766  34.948 0.0000000000
68322  -43.332  -23.126  33.259 0.0000000000
68343  -43.429  -23.867  31.858 0.0000000000
66087  -43.948  -24.410  32.943 0.0000000000
64158  -46.465  -26.161  31.338 0.0000000000
64173  -45.298  -26.101  30.949 0.0000000000
63237  -47.035  -26.502  30.292 0.0000000000
198068  -47.094  -25.947  29.075 0.0000000000
63276  -47.913  -26.736  29.307 0.0000000000
66168  -50.479  -24.280  28.238 0.0000000000
65138  -50.044  -25.596  27.971 0.0000000000
196651  -50.306  -25.123  27.108 0.0000000000
213583  -50.380  -25.745  26.109 0.0000000000
200370  -50.397  -24.339  27.452 0.0000000000
232492  -51.689  -20.531  29.340 0.0000000000
73423  -51.300  -19.503  26.158 0.0000000000
214728  -51.586  -20.474  26.954 0.0000000000
72281  -50.098  -20.477  26.147 0.0000000000
69661  -49.123  -22.042  26.102 0.0000000000
72297  -49.043  -20.389  25.361 0.0000000000
72310  -48.254  -20.941  24.527 0.0000000000
73457  -48.949  -19.615  24.612 0.0000000000
77379  -50.746  -16.950  24.250 0.0000000000
76048  -49.977  -17.302  23.506 0.0000000000
78728  -50.389  -16.453  23.059 0.0000000000
83880  -54.019  -12.943  26.898 0.0000000000
197145  -53.431  -14.028  25.896 0.0000000000
83895  -54.816  -13.085  25.511 0.0000000000
57008  -21.160  -30.749  34.855 0.0000000000
56988  -20.260  -31.059  35.130 0.0000000000
57024  -18.924  -30.892  34.052 0.0000000000
57038  -16.659  -31.332  32.847 0.0000000000
57054  -17.659  -30.593  32.283 0.0000000000
59633  -25.412  -29.033  33.842 0.0000000000
59632  -24.170  -29.040  34.151 0.0000000000
60900  -22.462  -28.658  32.208 0.0000000000
59722  -18.253  -29.503  29.793 0.0000000000
57146  -15.831  -31.007  27.104 0.0000000000
54438  -30.067  -32.273  29.898 0.0000000000
54437  -29.411  -32.175  30.310 0.0000000000
55748  -29.590  -31.450  28.930 0.0000000000
59796  -27.362  -29.097  26.370 0.0000000000
59766  -26.937  -29.750  27.556 0.0000000000
61002  -25.827  -29.033  26.429 0.0000000000
226565  -24.874  -28.701  26.553 0.0000000000
61016  -24.806  -28.410  25.918 0.0000000000
62237  -21.504  -27.413  23.747 0.0000000000
70849  -37.630  -21.255  29.755 0.0000000000
199677  -38.323  -20.990  28.603 0.0000000000
70850  -38.104  -21.007  30.161 0.0000000000
194378  -39.152  -20.712  30.517 0.0000000000
72192  -39.955  -20.529  31.669 0.0000000000
65067  -36.497  -25.113  32.629 0.0000000000
65083  -36.354  -25.379  31.651 0.0000000000
66102  -36.356  -24.681  32.108 0.0000000000
67177  -36.237  -23.973  31.034 0.0000000000
67204  -35.632  -23.903  29.327 0.0000000000
68396  -35.443  -23.071  28.311 0.0000000000
68386  -35.744  -23.099  29.434 0.0000000000
69594  -36.945  -21.656  29.627 0.0000000000
230281  -47.748  -21.150  22.576 0.0000000000
55653  -29.269  -32.126  34.818 0.0000000000
57029  -28.302  -31.643  33.685 0.0000000000
54377  -28.682  -32.253  33.606 0.0000000000
55685  -28.074  -31.861  32.355 0.0000000000
55699  -27.725  -31.603  31.303 0.0000000000
67248  -41.167  -23.784  26.765 0.0000000000
67286  -41.416  -23.527  25.736 0.0000000000
67268  -42.248  -23.468  26.297 0.0000000000
68442  -43.486  -22.907  26.082 0.0000000000
68466  -44.932  -22.755  25.202 0.0000000000
67306  -46.137  -23.343  24.542 0.0000000000
68467  -45.566  -23.036  25.477 0.0000000000
67270  -46.594  -23.766  25.910 0.0000000000
66205  -47.668  -24.774  25.927 0.0000000000
53192  -34.705  -33.525  31.374 0.0000000000
231742  -33.734  -33.657  29.866 0.0000000000
53204  -34.458  -32.807  30.589 0.0000000000
54440  -34.040  -32.240  29.589 0.0000000000
57134  -33.568  -31.418  28.563 0.0000000000
62173  -33.722  -27.070  27.538 0.0000000000
61003  -33.143  -28.170  27.446 0.0000000000
62187  -32.826  -27.306  26.751 0.0000000000
62218  -31.537  -27.841  24.822 0.0000000000
61065  -30.931  -28.732  23.919 0.0000000000
61083  -30.957  -28.885  22.426 0.0000000000
204807  -30.719  -28.066  22.859 0.0000000000
70982  -35.093  -21.485  24.206 0.0000000000
71018  -35.002  -21.396  22.770 0.0000000000
66122  -48.056  -24.464  30.761 0.0000000000
65106  -48.259  -25.538  29.985 0.0000000000
66123  -48.718  -24.062  30.258 0.0000000000
67208  -50.047  -23.614  29.229 0.0000000000
222924  -50.576  -22.955  29.192 0.0000000000
75939  -51.933  -18.374  28.915 0.0000000000
73396  -52.370  -19.595  28.030 0.0000000000
74668  -52.251  -18.669  27.280 0.0000000000
74690  -51.887  -18.537  26.202 0.0000000000
74711  -51.119  -18.422  25.458 0.0000000000
74710  -50.461  -18.728  25.215 0.0000000000
76004  -51.261  -17.929  25.206 0.0000000000
78694  -51.363  -16.898  24.871 0.0000000000
80038  -51.675  -15.781  24.591 0.0000000000
223479  -55.799  -11.694  25.633 0.0000000000
83896  -55.426  -12.935  24.979 0.0000000000
83898  -56.418  -12.440  24.445 0.0000000000
56918  -26.690  -30.876  40.202 0.0000000000
56930  -24.482  -31.395  38.617 0.0000000000
58263  -24.473  -30.493  37.913 0.0000000000
58289  -23.551  -30.178  36.449 0.0000000000
58316  -21.862  -30.201  34.664 0.0000000000
195468  -22.514  -28.224  30.599 0.0000000000
60923  -21.898  -28.402  30.892 0.0000000000
195737  -20.495  -28.307  29.353 0.0000000000
59751  -18.615  -28.665  28.309 0.0000000000
59760  -17.412  -29.382  27.428 0.0000000000
58485  -16.536  -30.215  26.619 0.0000000000
59773  -17.407  -29.319  26.734 0.0000000000
57142  -30.410  -31.121  27.478 0.0000000000
57141  -29.479  -30.684  27.709 0.0000000000
233644  -29.377  -30.276  27.149 0.0000000000
59779  -28.503  -29.571  26.554 0.0000000000
61032  -27.123  -28.561  25.267 0.0000000000
194591  -37.477  -21.619  24.666 0.0000000000
69726  -38.225  -22.309  23.703 0.0000000000
227325  -38.511  -22.007  25.103 0.0000000000
69660  -39.551  -22.476  25.886 0.0000000000
68422  -40.180  -22.932  26.171 0.0000000000
70889  -39.622  -21.304  28.216 0.0000000000
69626  -40.418  -22.418  27.446 0.0000000000
68411  -40.694  -23.262  27.245 0.0000000000
67216  -41.373  -24.072  27.888 0.0000000000
67217  -41.750  -24.367  28.104 0.0000000000
66161  -42.697  -24.812  28.656 0.0000000000
59699  -36.771  -29.003  32.275 0.0000000000
59717  -35.701  -29.462  30.970 0.0000000000
60916  -36.120  -28.447  31.375 0.0000000000
62137  -35.401  -27.688  29.834 0.0000000000
62136  -35.107  -27.345  29.368 0.0000000000
64188  -35.953  -25.933  30.447 0.0000000000
63275  -35.227  -26.374  28.720 0.0000000000
62156  -34.568  -26.909  28.188 0.0000000000
64231  -34.348  -26.233  27.491 0.0000000000
229881  -33.604  -25.550  26.036 0.0000000000
65173  -33.206  -24.954  25.199 0.0000000000
66224  -32.769  -24.310  24.202 0.0000000000
226523  -33.427  -24.493  25.187 0.0000000000
67284  -33.828  -23.743  25.246 0.0000000000
68458  -34.336  -22.689  25.429 0.0000000000
68410  -35.313  -22.796  27.713 0.0000000000
69638  -35.068  -22.452  26.374 0.0000000000
69677  -35.204  -21.901  25.403 0.0000000000
70966  -35.533  -21.578  24.864 0.0000000000
70967  -36.833  -21.258  24.729 0.0000000000
205596  -52.952  -14.739  27.769 0.0000000000
85198  -53.180  -12.456  29.028 0.0000000000
85199  -53.565  -11.992  28.666 0.0000000000
86581  -54.595  -11.158  27.598 0.0000000000
221202  -55.467  -10.064  27.198 0.0000000000
89069  -55.887  -9.828  26.809 0.0000000000
59565  -28.454  -29.478  36.887 0.0000000000
59580  -26.985  -29.179  36.416 0.0000000000
59598  -27.448  -29.421  35.896 0.0000000000
59616  -26.542  -29.338  34.582 0.0000000000
59654  -25.976  -29.278  33.490 0.0000000000
58340  -27.285  -30.677  33.283 0.0000000000
58378  -26.281  -29.988  32.514 0.0000000000
60913  -24.616  -28.809  31.626 0.0000000000
60937  -23.659  -28.484  29.894 0.0000000000
203388  -23.188  -28.279  28.635 0.0000000000
62172  -22.443  -28.003  27.448 0.0000000000
69728  -39.146  -22.703  23.142 0.0000000000
68533  -40.452  -22.559  23.118 0.0000000000
218153  -41.863  -22.757  24.392 0.0000000000
65192  -50.534  -25.132  23.909 0.0000000000
66229  -50.595  -25.089  24.251 0.0000000000
218440  -31.058  -34.157  32.814 0.0000000000
53177  -30.398  -33.418  32.166 0.0000000000
53191  -31.359  -33.766  31.357 0.0000000000
53212  -31.336  -33.073  30.360 0.0000000000
54450  -30.959  -32.400  29.358 0.0000000000
53215  -33.216  -33.636  29.457 0.0000000000
53237  -32.702  -33.225  28.460 0.0000000000
55751  -31.809  -32.435  27.881 0.0000000000
204770  -31.479  -32.004  26.648 0.0000000000
55776  -31.475  -32.027  26.017 0.0000000000
57178  -31.028  -31.700  24.293 0.0000000000
58464  -34.492  -29.814  29.704 0.0000000000
207162  -33.809  -30.503  28.829 0.0000000000
57143  -33.095  -31.190  27.501 0.0000000000
59781  -32.850  -29.002  27.318 0.0000000000
58491  -32.849  -30.705  27.111 0.0000000000
57160  -32.835  -31.935  26.118 0.0000000000
55793  -32.335  -32.158  24.898 0.0000000000
54521  -32.101  -32.353  24.190 0.0000000000
66251  -31.849  -24.157  22.942 0.0000000000
68314  -37.548  -22.446  34.007 0.0000000000
70788  -38.217  -21.456  34.067 0.0000000000
58224  -27.941  -30.457  40.650 0.0000000000
59547  -30.007  -29.379  38.488 0.0000000000
59567  -30.190  -29.898  37.922 0.0000000000
58292  -30.197  -30.801  37.150 0.0000000000
54358  -29.947  -32.697  35.511 0.0000000000
53145  -29.870  -33.321  34.629 0.0000000000
52035  -30.585  -34.116  34.211 0.0000000000
52049  -31.376  -34.632  33.307 0.0000000000
50987  -31.964  -34.822  32.984 0.0000000000
50979  -33.085  -35.136  32.872 0.0000000000
50990  -34.023  -35.098  32.581 0.0000000000
50992  -35.199  -34.897  33.444 0.0000000000
52060  -34.871  -34.554  32.468 0.0000000000
53182  -35.650  -33.510  32.672 0.0000000000
55691  -36.392  -31.866  32.767 0.0000000000
57059  -36.630  -30.652  32.564 0.0000000000
59680  -37.073  -29.499  32.933 0.0000000000
60896  -37.289  -28.433  33.140 0.0000000000
62091  -37.280  -27.809  33.488 0.0000000000
67130  -37.131  -23.680  33.941 0.0000000000
72155  -38.980  -20.636  33.914 0.0000000000
218838  -39.902  -20.352  33.509 0.0000000000
72183  -41.016  -20.829  32.125 0.0000000000
70781  -42.359  -21.148  35.353 0.0000000000
70802  -41.977  -21.173  33.337 0.0000000000
70828  -41.970  -21.604  31.790 0.0000000000
69559  -42.649  -22.911  31.109 0.0000000000
67178  -42.919  -24.290  30.594 0.0000000000
66145  -43.057  -25.060  29.289 0.0000000000
66104  -44.318  -25.021  32.068 0.0000000000
65115  -44.119  -25.721  30.430 0.0000000000
66147  -44.641  -24.973  29.317 0.0000000000
66166  -46.486  -24.642  28.360 0.0000000000
65146  -47.523  -25.419  27.808 0.0000000000
65160  -48.693  -26.200  27.030 0.0000000000
64207  -49.098  -26.459  28.677 0.0000000000
196707  -49.330  -26.412  27.175 0.0000000000
64253  -49.510  -26.140  25.928 0.0000000000
64262  -50.299  -26.090  25.367 0.0000000000
223458  -50.432  -24.993  25.078 0.0000000000
67291  -49.993  -24.413  25.189 0.0000000000
69603  -51.193  -21.477  29.512 0.0000000000
68414  -51.284  -22.228  28.587 0.0000000000
70935  -52.153  -20.662  27.857 0.0000000000
69646  -51.541  -21.557  27.786 0.0000000000
68431  -50.819  -22.648  27.637 0.0000000000
68429  -49.459  -22.747  26.537 0.0000000000
68446  -48.954  -22.821  25.775 0.0000000000
68469  -48.843  -22.899  25.009 0.0000000000
69703  -48.319  -22.132  24.400 0.0000000000
218661  -47.924  -20.792  23.845 0.0000000000
73487  -47.922  -19.566  22.869 0.0000000000
76022  -49.714  -18.305  24.123 0.0000000000
74771  -48.635  -18.362  23.033 0.0000000000
74783  -47.948  -18.769  21.919 0.0000000000
81405  -53.060  -14.777  26.375 0.0000000000
221319  -52.531  -14.921  25.339 0.0000000000
81429  -51.987  -14.976  24.123 0.0000000000
82651  -54.829  -13.450  24.634 0.0000000000
81459  -53.514  -14.195  23.309 0.0000000000
81457  -51.927  -14.874  22.493 0.0000000000
55619  -22.306  -31.683  37.107 0.0000000000
59595  -25.351  -29.110  35.591 0.0000000000
59611  -23.058  -29.337  34.569 0.0000000000
58377  -20.233  -29.810  32.769 0.0000000000
60910  -20.558  -28.735  31.176 0.0000000000
59687  -19.181  -29.421  31.390 0.0000000000
58374  -18.221  -30.137  31.971 0.0000000000
57083  -16.606  -30.732  30.749 0.0000000000
54427  -29.300  -32.391  30.950 0.0000000000
221693  -28.701  -32.002  30.635 0.0000000000
57103  -27.529  -31.091  30.175 0.0000000000
57130  -28.439  -30.793  28.730 0.0000000000
58472  -27.381  -30.226  28.477 0.0000000000
58462  -26.586  -30.252  29.153 0.0000000000
59762  -24.909  -29.244  28.054 0.0000000000
61000  -23.780  -28.432  26.782 0.0000000000
196401  -21.833  -27.783  26.489 0.0000000000
61046  -27.504  -28.249  24.217 0.0000000000
62230  -25.725  -27.910  24.782 0.0000000000
62228  -24.394  -27.657  24.600 0.0000000000
62214  -23.280  -27.762  25.063 0.0000000000
62212  -21.535  -27.721  25.115 0.0000000000
223512  -20.334  -27.690  25.564 0.0000000000
69536  -37.423  -21.655  32.285 0.0000000000
70811  -37.934  -21.163  32.290 0.0000000000
219653  -37.809  -21.328  32.737 0.0000000000
69535  -37.235  -22.357  32.713 0.0000000000
68330  -36.937  -22.992  32.540 0.0000000000
67325  -50.376  -23.983  23.698 0.0000000000
53164  -29.985  -33.530  33.219 0.0000000000
53175  -29.492  -33.094  32.905 0.0000000000
53176  -29.923  -33.288  32.509 0.0000000000
69752  -37.573  -22.102  22.781 0.0000000000
69779  -38.046  -22.228  22.336 0.0000000000
69753  -38.108  -22.382  23.009 0.0000000000
66177  -43.198  -24.361  28.191 0.0000000000
67235  -43.722  -23.875  27.685 0.0000000000
67236  -44.504  -23.653  27.761 0.0000000000
67220  -44.748  -24.022  28.306 0.0000000000
57075  -35.999  -30.835  31.994 0.0000000000
57074  -35.632  -30.981  31.312 0.0000000000
58403  -35.936  -30.354  31.578 0.0000000000
226911  -32.327  -25.795  24.742 0.0000000000
196982  -37.109  -21.843  23.155 0.0000000000
71020  -36.495  -21.514  22.945 0.0000000000
71021  -37.052  -21.793  22.573 0.0000000000
69778  -37.468  -22.018  22.245 0.0000000000
79986  -52.326  -15.907  27.882 0.0000000000
232801  -52.368  -16.267  27.475 0.0000000000
79999  -52.436  -15.976  27.216 0.0000000000
196120  -52.390  -16.215  26.621 0.0000000000
79987  -52.621  -15.375  27.488 0.0000000000
228495  -28.207  -29.181  38.645 0.0000000000
59546  -27.414  -29.153  38.344 0.0000000000
197483  -27.282  -29.100  37.722 0.0000000000
62182  -20.537  -27.743  27.060 0.0000000000
61014  -19.652  -27.905  26.420 0.0000000000
62196  -20.057  -27.717  25.980 0.0000000000
57167  -30.640  -30.979  24.664 0.0000000000
58510  -30.127  -30.308  25.033 0.0000000000
58526  -30.213  -30.524  24.209 0.0000000000
218399  -37.893  -21.168  27.246 0.0000000000
70887  -38.032  -21.020  28.006 0.0000000000
70839  -40.633  -21.145  30.612 0.0000000000
70853  -41.119  -21.609  30.141 0.0000000000
69573  -41.502  -22.299  29.739 0.0000000000
69557  -41.705  -21.992  30.405 0.0000000000
63190  -36.828  -26.816  32.443 0.0000000000
63203  -36.532  -26.779  31.721 0.0000000000
64135  -36.630  -26.347  32.164 0.0000000000
197232  -35.433  -24.300  28.767 0.0000000000
233775  -35.539  -24.927  28.900 0.0000000000
66159  -34.878  -25.061  27.938 0.0000000000
70886  -37.321  -21.242  28.439 0.0000000000
70905  -37.285  -21.201  27.726 0.0000000000
70924  -37.223  -21.250  27.004 0.0000000000
56993  -28.730  -30.646  35.379 0.0000000000
57068  -26.963  -30.871  31.140 0.0000000000
58419  -26.383  -30.487  30.680 0.0000000000
58441  -25.996  -30.115  30.091 0.0000000000
198379  -26.052  -30.106  29.448 0.0000000000
228697  -40.172  -23.204  25.279 0.0000000000
216333  -40.171  -23.199  24.840 0.0000000000
68460  -40.527  -23.372  25.303 0.0000000000
68496  -44.422  -22.506  24.578 0.0000000000
69701  -44.011  -22.224  24.105 0.0000000000
66219  -48.465  -25.170  24.835 0.0000000000
65174  -49.056  -25.632  25.114 0.0000000000
213305  -33.631  -34.325  30.914 0.0000000000
52078  -33.368  -34.078  30.509 0.0000000000
54466  -33.219  -32.912  27.763 0.0000000000
54494  -32.850  -32.936  26.526 0.0000000000
220777  -33.031  -32.739  26.487 0.0000000000
60971  -34.420  -27.866  28.663 0.0000000000
196234  -34.018  -27.850  28.193 0.0000000000
59832  -31.233  -29.443  24.111 0.0000000000
58541  -31.931  -30.684  23.333 0.0000000000
68488  -33.775  -22.901  24.429 0.0000000000
68514  -33.523  -22.630  23.769 0.0000000000
68332  -43.625  -23.860  32.851 0.0000000000
65089  -47.183  -25.637  31.150 0.0000000000
65088  -46.705  -25.529  31.615 0.0000000000
64159  -46.851  -26.072  31.088 0.0000000000
63219  -46.607  -26.298  30.693 0.0000000000
63220  -47.015  -26.422  30.475 0.0000000000
63257  -47.269  -26.595  30.016 0.0000000000
63239  -47.973  -26.555  29.823 0.0000000000
65139  -50.299  -25.059  27.686 0.0000000000
66181  -50.527  -24.276  27.880 0.0000000000
74609  -51.320  -18.947  29.841 0.0000000000
220454  -51.446  -19.929  29.932 0.0000000000
72222  -51.763  -20.107  29.400 0.0000000000
73422  -50.535  -19.761  25.946 0.0000000000
72282  -51.054  -20.285  26.454 0.0000000000
72280  -49.205  -20.731  25.827 0.0000000000
72298  -49.730  -20.099  25.622 0.0000000000
73440  -49.354  -19.815  25.138 0.0000000000
78711  -50.759  -16.464  23.807 0.0000000000
204606  -50.356  -16.879  23.694 0.0000000000
78729  -50.738  -16.075  23.081 0.0000000000
80064  -51.025  -15.647  22.720 0.0000000000
83881  -54.639  -12.529  26.264 0.0000000000
83885  -54.430  -13.053  26.112 0.0000000000
83886  -55.085  -12.733  25.569 0.0000000000
54331  -25.161  -32.212  39.828 0.0000000000
57026  -20.327  -30.627  34.108 0.0000000000
57025  -19.598  -30.717  33.934 0.0000000000
57041  -18.905  -30.646  33.544 0.0000000000
57040  -18.127  -30.721  33.085 0.0000000000
234330  -18.354  -30.398  32.524 0.0000000000
60891  -24.305  -28.775  33.073 0.0000000000
60890  -23.729  -28.680  32.968 0.0000000000
60901  -23.606  -28.560  32.415 0.0000000000
57128  -16.039  -30.814  28.102 0.0000000000
55739  -30.040  -31.929  29.332 0.0000000000
61018  -26.249  -28.932  26.084 0.0000000000
59795  -26.718  -29.198  26.473 0.0000000000
209265  -25.738  -28.744  26.013 0.0000000000
61017  -25.352  -28.719  26.225 0.0000000000
61031  -25.382  -28.463  25.671 0.0000000000
70835  -37.598  -21.354  30.420 0.0000000000
70836  -37.991  -21.102  30.813 0.0000000000
70825  -38.401  -20.763  32.030 0.0000000000
72191  -39.187  -20.568  31.790 0.0000000000
72198  -39.539  -20.637  31.109 0.0000000000
66086  -36.562  -24.425  32.760 0.0000000000
225637  -36.448  -24.043  32.304 0.0000000000
234489  -36.426  -23.546  31.446 0.0000000000
67191  -36.035  -23.770  30.377 0.0000000000
67205  -35.797  -23.613  29.826 0.0000000000
68372  -36.172  -22.973  30.155 0.0000000000
69571  -36.690  -22.185  30.192 0.0000000000
69572  -37.200  -21.675  30.238 0.0000000000
67337  -50.726  -23.537  23.157 0.0000000000
68536  -48.669  -22.546  23.408 0.0000000000
71023  -47.827  -21.416  22.959 0.0000000000
55664  -29.118  -32.354  34.239 0.0000000000
55663  -28.755  -31.986  34.123 0.0000000000
54399  -28.518  -32.304  32.131 0.0000000000
54389  -28.570  -32.244  32.822 0.0000000000
55700  -28.106  -31.912  31.715 0.0000000000
55713  -28.227  -31.879  31.137 0.0000000000
69780  -38.637  -22.232  22.164 0.0000000000
67249  -41.652  -24.061  27.111 0.0000000000
67267  -41.668  -23.783  26.387 0.0000000000
68427  -44.047  -23.089  26.593 0.0000000000
68443  -44.379  -22.847  25.921 0.0000000000
68465  -44.046  -22.650  25.306 0.0000000000
68444  -45.066  -22.970  26.009 0.0000000000
67254  -45.907  -23.518  27.122 0.0000000000
67269  -46.042  -23.441  26.309 0.0000000000
201189  -46.564  -23.817  26.635 0.0000000000
66204  -47.089  -24.257  26.255 0.0000000000
66190  -46.993  -24.369  26.945 0.0000000000
54419  -34.815  -32.839  31.201 0.0000000000
229594  -34.459  -33.307  30.834 0.0000000000
57105  -34.599  -31.301  30.133 0.0000000000
55740  -33.725  -31.901  29.022 0.0000000000
57118  -33.942  -31.043  29.173 0.0000000000
63294  -33.410  -26.912  27.024 0.0000000000
63306  -31.824  -27.068  24.884 0.0000000000
62219  -32.013  -27.602  25.548 0.0000000000
62231  -31.285  -28.066  24.229 0.0000000000
62247  -31.020  -27.862  23.644 0.0000000000
70999  -35.027  -21.428  23.438 0.0000000000
67179  -48.701  -23.455  31.325 0.0000000000
68377  -50.258  -22.151  30.556 0.0000000000
67195  -50.197  -22.798  29.932 0.0000000000
68389  -50.645  -22.349  29.769 0.0000000000
78599  -51.775  -16.323  28.845 0.0000000000
78598  -51.447  -16.169  29.205 0.0000000000
77260  -51.736  -17.160  28.903 0.0000000000
222128  -52.082  -17.750  28.475 0.0000000000
229957  -52.221  -18.482  28.378 0.0000000000
75953  -52.334  -18.164  27.815 0.0000000000
75985  -52.210  -17.662  26.329 0.0000000000
74691  -52.164  -18.264  26.558 0.0000000000
74689  -51.480  -18.771  25.944 0.0000000000
74712  -51.611  -18.160  25.722 0.0000000000
76005  -51.712  -17.657  25.534 0.0000000000
77342  -52.000  -16.671  25.510 0.0000000000
78676  -51.663  -16.932  25.191 0.0000000000
231481  -51.759  -16.648  25.226 0.0000000000
78695  -51.594  -16.519  24.952 0.0000000000
80024  -51.877  -16.022  25.236 0.0000000000
86607  -56.321  -11.170  25.474 0.0000000000
85230  -56.329  -11.657  25.104 0.0000000000
58240  -26.524  -30.229  39.597 0.0000000000
221982  -25.895  -30.344  39.143 0.0000000000
58254  -26.398  -29.786  38.935 0.0000000000
59561  -24.833  -29.585  37.101 0.0000000000
58277  -24.839  -29.941  37.620 0.0000000000
58290  -24.203  -29.849  36.745 0.0000000000
58300  -22.731  -30.196  35.509 0.0000000000
58301  -23.379  -29.853  35.788 0.0000000000
197256  -22.549  -28.160  29.960 0.0000000000
196164  -21.512  -28.104  29.669 0.0000000000
60946  -21.114  -28.181  29.188 0.0000000000
60982  -18.846  -28.461  27.670 0.0000000000
202563  -19.158  -28.399  28.083 0.0000000000
212885  -18.304  -28.806  27.699 0.0000000000
59750  -18.031  -29.059  28.227 0.0000000000
59761  -18.044  -29.053  27.088 0.0000000000
61028  -18.188  -28.449  25.206 0.0000000000
59793  -17.805  -28.908  25.667 0.0000000000
57150  -30.825  -31.372  26.634 0.0000000000
199327  -30.057  -30.669  26.969 0.0000000000
59814  -29.094  -29.278  25.115 0.0000000000
59798  -28.846  -29.337  25.851 0.0000000000
59813  -28.365  -29.026  25.439 0.0000000000
59812  -27.588  -28.928  25.697 0.0000000000
61033  -27.867  -28.776  25.019 0.0000000000
69697  -38.218  -22.033  24.501 0.0000000000
69678  -37.940  -21.721  25.218 0.0000000000
70926  -38.892  -21.465  26.638 0.0000000000
69641  -38.958  -21.878  26.050 0.0000000000
69642  -39.432  -21.995  26.499 0.0000000000
226969  -39.928  -22.447  26.448 0.0000000000
220615  -38.874  -21.043  29.019 0.0000000000
70869  -39.771  -21.200  28.991 0.0000000000
69595  -40.863  -22.032  28.759 0.0000000000
70908  -40.248  -21.797  27.898 0.0000000000
69611  -40.671  -22.279  28.110 0.0000000000
68398  -40.897  -23.045  27.800 0.0000000000
68412  -41.106  -23.649  27.589 0.0000000000
68399  -41.227  -23.591  28.138 0.0000000000
68388  -41.803  -23.875  29.048 0.0000000000
68400  -41.504  -24.076  28.455 0.0000000000
67206  -41.889  -24.455  28.705 0.0000000000
67218  -42.212  -24.619  28.345 0.0000000000
67207  -42.294  -24.817  28.974 0.0000000000
60917  -36.562  -28.442  31.865 0.0000000000
208785  -36.414  -28.863  31.741 0.0000000000
62124  -35.959  -27.149  30.542 0.0000000000
62117  -35.732  -27.574  30.268 0.0000000000
63256  -35.430  -27.232  29.777 0.0000000000
65101  -36.096  -25.260  30.843 0.0000000000
64172  -36.295  -25.820  31.122 0.0000000000
64218  -35.261  -25.906  28.591 0.0000000000
64203  -35.519  -25.980  29.146 0.0000000000
196434  -34.918  -26.641  28.408 0.0000000000
63289  -34.694  -26.442  27.921 0.0000000000
64232  -34.675  -26.032  27.718 0.0000000000
65157  -34.139  -25.160  26.771 0.0000000000
207927  -33.921  -25.634  26.566 0.0000000000
65167  -33.781  -25.155  26.144 0.0000000000
64251  -33.451  -25.195  25.711 0.0000000000
66216  -33.564  -24.766  25.644 0.0000000000
67266  -34.412  -23.548  26.288 0.0000000000
67265  -34.030  -23.928  25.901 0.0000000000
68436  -34.159  -23.317  25.664 0.0000000000
68457  -33.971  -23.128  25.030 0.0000000000
68437  -34.597  -22.904  26.030 0.0000000000
68397  -35.742  -22.651  28.813 0.0000000000
69608  -35.658  -22.323  28.153 0.0000000000
69640  -35.960  -21.544  27.143 0.0000000000
69639  -35.456  -21.941  26.766 0.0000000000
69658  -35.361  -21.905  26.057 0.0000000000
69657  -34.830  -22.282  25.769 0.0000000000
70944  -35.885  -21.577  25.551 0.0000000000
70946  -37.199  -21.300  26.266 0.0000000000
225094  -36.537  -21.335  25.298 0.0000000000
197858  -37.202  -21.375  25.433 0.0000000000
70985  -37.049  -21.595  24.127 0.0000000000
86560  -53.312  -11.502  28.979 0.0000000000
87824  -53.549  -10.590  28.877 0.0000000000
85208  -54.162  -11.782  27.922 0.0000000000
87836  -54.099  -10.345  28.470 0.0000000000
89055  -54.909  -9.185  28.229 0.0000000000
87847  -55.262  -9.564  27.703 0.0000000000
231803  -55.619  -9.720  27.245 0.0000000000
91847  -55.068  -8.641  27.625 0.0000000000
59582  -28.270  -29.759  36.121 0.0000000000
58320  -27.637  -29.991  34.713 0.0000000000
58319  -27.082  -29.761  34.344 0.0000000000
59635  -26.572  -29.594  33.825 0.0000000000
57044  -27.800  -31.270  33.177 0.0000000000
57028  -28.016  -30.970  33.919 0.0000000000
225509  -27.386  -31.104  32.761 0.0000000000
58397  -26.184  -30.092  31.819 0.0000000000
59693  -25.687  -29.659  31.486 0.0000000000
59675  -25.821  -29.536  32.181 0.0000000000
59692  -25.155  -29.273  31.202 0.0000000000
59691  -24.664  -28.982  30.855 0.0000000000
59709  -24.733  -29.093  30.313 0.0000000000
60950  -24.236  -28.812  28.933 0.0000000000
60949  -23.694  -28.501  29.177 0.0000000000
218961  -23.799  -28.560  28.590 0.0000000000
62150  -22.221  -28.131  28.013 0.0000000000
210417  -23.572  -28.517  28.074 0.0000000000
69698  -38.715  -22.499  24.124 0.0000000000
234297  -38.640  -22.550  23.714 0.0000000000
68489  -38.980  -22.745  23.729 0.0000000000
68516  -40.074  -22.918  23.776 0.0000000000
68462  -41.776  -23.037  25.080 0.0000000000
68494  -42.435  -22.664  24.569 0.0000000000
69732  -43.505  -22.110  23.704 0.0000000000
67307  -46.729  -23.781  24.306 0.0000000000
66226  -48.135  -24.631  23.741 0.0000000000
199412  -50.246  -25.667  24.360 0.0000000000
65191  -50.355  -25.407  23.966 0.0000000000
52058  -31.565  -34.375  32.551 0.0000000000
52066  -31.012  -33.896  32.145 0.0000000000
52067  -31.793  -34.188  31.817 0.0000000000
53202  -32.497  -33.769  30.370 0.0000000000
53201  -31.764  -33.538  30.693 0.0000000000
53213  -32.123  -33.359  29.997 0.0000000000
54439  -31.606  -32.936  29.650 0.0000000000
220271  -33.829  -33.273  29.677 0.0000000000
53216  -33.564  -33.457  29.353 0.0000000000
53227  -33.253  -33.288  28.907 0.0000000000
54465  -32.737  -33.243  27.705 0.0000000000
54464  -32.287  -32.915  28.111 0.0000000000
201776  -31.417  -31.870  27.763 0.0000000000
55766  -31.816  -32.440  27.101 0.0000000000
55784  -31.955  -32.459  25.608 0.0000000000
55783  -31.495  -32.054  25.317 0.0000000000
55792  -31.939  -32.386  24.984 0.0000000000
59736  -35.233  -29.027  30.422 0.0000000000
58449  -35.241  -29.879  30.645 0.0000000000
210890  -34.853  -29.596  30.221 0.0000000000
58475  -33.765  -29.846  28.571 0.0000000000
58463  -34.133  -29.760  29.097 0.0000000000
57133  -33.357  -30.702  28.224 0.0000000000
58483  -33.056  -30.289  27.734 0.0000000000
220631  -32.694  -28.168  26.930 0.0000000000
59780  -32.453  -29.074  26.673 0.0000000000
58500  -32.436  -30.589  25.999 0.0000000000
57151  -32.726  -31.153  26.406 0.0000000000
57159  -32.617  -31.532  25.650 0.0000000000
55785  -32.526  -32.137  25.485 0.0000000000
57169  -32.437  -31.740  24.911 0.0000000000
55824  -32.198  -32.021  23.227 0.0000000000
55810  -32.251  -32.147  23.873 0.0000000000
55809  -31.947  -32.347  23.628 0.0000000000
226930  -31.457  -32.236  23.333 0.0000000000
66238  -32.265  -24.197  23.606 0.0000000000
67319  -32.715  -23.779  23.794 0.0000000000
227171  -28.005  -30.894  40.777 0.0000000000
50969  -31.574  -34.906  33.917 0.0000000000
50977  -31.879  -35.104  33.673 0.0000000000
50989  -33.531  -35.099  32.379 0.0000000000
52053  -36.411  -34.264  34.801 0.0000000000
52052  -35.775  -34.619  34.108 0.0000000000
52061  -35.497  -34.309  33.012 0.0000000000
52071  -35.011  -33.838  32.151 0.0000000000
55678  -37.001  -32.001  33.602 0.0000000000
57048  -36.825  -31.233  33.088 0.0000000000
209782  -36.348  -31.197  32.424 0.0000000000
58364  -37.415  -30.006  33.627 0.0000000000
59659  -37.561  -29.388  33.688 0.0000000000
203125  -37.242  -28.932  32.965 0.0000000000
223829  -37.644  -28.868  33.535 0.0000000000
63162  -37.389  -27.378  34.206 0.0000000000
63177  -37.087  -26.906  33.324 0.0000000000
68313  -37.234  -22.996  33.823 0.0000000000
70789  -38.719  -21.040  34.373 0.0000000000
70800  -38.535  -21.015  33.589 0.0000000000
72144  -39.144  -20.631  34.668 0.0000000000
202516  -40.493  -20.392  34.625 0.0000000000
72157  -40.275  -20.364  34.083 0.0000000000
198344  -40.704  -20.459  33.496 0.0000000000
198144  -40.857  -20.489  32.729 0.0000000000
72170  -41.305  -20.715  33.200 0.0000000000
216318  -43.022  -22.439  33.613 0.0000000000
70803  -42.672  -21.763  33.946 0.0000000000
69527  -42.551  -21.866  33.014 0.0000000000
70814  -42.017  -21.457  32.498 0.0000000000
69537  -42.502  -22.020  32.178 0.0000000000
69545  -42.410  -22.191  31.425 0.0000000000
69546  -42.823  -22.697  31.844 0.0000000000
67165  -43.534  -24.385  31.274 0.0000000000
67164  -43.199  -23.911  31.182 0.0000000000
66120  -43.239  -24.849  30.625 0.0000000000
66119  -42.795  -24.784  30.116 0.0000000000
66136  -43.089  -25.132  29.997 0.0000000000
65070  -45.737  -25.352  32.513 0.0000000000
66088  -44.314  -24.829  32.954 0.0000000000
65068  -44.702  -25.323  32.449 0.0000000000
64189  -45.784  -25.993  30.326 0.0000000000
65104  -44.599  -25.897  30.838 0.0000000000
65125  -45.172  -25.437  29.810 0.0000000000
65124  -44.275  -25.509  29.844 0.0000000000
66148  -45.526  -24.963  29.214 0.0000000000
66165  -45.851  -24.502  28.598 0.0000000000
65135  -46.416  -25.171  29.018 0.0000000000
64219  -47.650  -26.088  28.449 0.0000000000
65136  -47.045  -25.266  28.434 0.0000000000
198363  -47.947  -25.470  27.162 0.0000000000
65117  -48.781  -24.879  29.357 0.0000000000
65127  -48.763  -26.115  29.278 0.0000000000
64236  -49.909  -26.092  27.020 0.0000000000
64223  -49.834  -26.129  27.607 0.0000000000
64248  -50.048  -26.080  26.407 0.0000000000
64247  -49.830  -26.226  26.344 0.0000000000
64255  -50.054  -26.082  25.966 0.0000000000
64254  -50.058  -26.113  25.614 0.0000000000
64256  -50.203  -26.080  25.789 0.0000000000
66206  -50.102  -24.893  25.866 0.0000000000
66207  -50.497  -25.395  25.482 0.0000000000
202338  -51.483  -21.237  29.229 0.0000000000
69617  -51.471  -21.655  28.946 0.0000000000
68391  -51.227  -21.984  29.134 0.0000000000
72264  -52.264  -20.036  27.605 0.0000000000
72248  -52.245  -20.312  28.270 0.0000000000
72263  -52.007  -20.311  27.248 0.0000000000
72262  -51.172  -20.905  26.953 0.0000000000
203835  -51.248  -21.359  27.349 0.0000000000
69645  -51.046  -21.946  27.494 0.0000000000
69629  -51.375  -22.176  27.959 0.0000000000
69644  -50.211  -22.336  27.155 0.0000000000
68430  -50.080  -23.179  27.139 0.0000000000
70952  -48.844  -21.424  25.761 0.0000000000
197864  -48.588  -22.109  25.416 0.0000000000
68468  -48.473  -22.273  24.858 0.0000000000
227121  -48.620  -22.604  24.537 0.0000000000
70968  -48.335  -21.657  24.850 0.0000000000
73456  -48.385  -20.194  24.220 0.0000000000
73474  -48.078  -20.020  23.475 0.0000000000
71001  -47.751  -20.645  23.271 0.0000000000
76023  -50.370  -17.934  24.448 0.0000000000
74732  -50.091  -18.492  24.672 0.0000000000
77398  -49.619  -17.187  22.802 0.0000000000
76070  -49.436  -17.750  23.224 0.0000000000
76092  -48.992  -17.695  22.511 0.0000000000
74770  -48.161  -18.706  22.471 0.0000000000
82619  -53.270  -14.105  27.280 0.0000000000
81396  -52.983  -14.780  27.032 0.0000000000
82625  -53.362  -14.059  26.525 0.0000000000
81416  -53.357  -14.070  25.329 0.0000000000
233378  -53.019  -14.648  25.855 0.0000000000
211030  -52.572  -14.520  24.434 0.0000000000
83908  -55.786  -12.973  24.471 0.0000000000
82638  -55.436  -13.204  24.602 0.0000000000
229763  -55.434  -13.365  24.352 0.0000000000
82685  -54.544  -14.144  23.379 0.0000000000
81458  -52.655  -14.574  22.822 0.0000000000
56946  -24.201  -31.115  38.110 0.0000000000
55621  -23.221  -31.573  37.414 0.0000000000
55631  -22.549  -31.375  36.728 0.0000000000
55651  -19.580  -31.121  35.048 0.0000000000
55639  -19.839  -31.372  35.559 0.0000000000
55661  -17.111  -31.581  33.963 0.0000000000
55698  -16.332  -31.179  31.777 0.0000000000
55684  -16.277  -31.459  32.282 0.0000000000
55697  -15.833  -31.679  31.689 0.0000000000
55710  -15.730  -31.625  30.967 0.0000000000
59597  -26.762  -29.199  35.749 0.0000000000
215922  -26.350  -29.090  36.265 0.0000000000
59596  -26.098  -29.112  35.654 0.0000000000
59651  -22.557  -29.091  33.341 0.0000000000
59631  -23.454  -29.110  34.077 0.0000000000
59629  -22.031  -29.531  33.746 0.0000000000
225872  -21.524  -29.724  33.514 0.0000000000
59648  -20.749  -29.608  32.770 0.0000000000
60933  -20.334  -28.496  30.031 0.0000000000
196382  -21.198  -28.604  31.078 0.0000000000
60920  -19.824  -28.743  30.188 0.0000000000
59705  -18.480  -29.436  30.460 0.0000000000
58416  -18.140  -29.732  30.826 0.0000000000
58395  -18.746  -29.775  31.676 0.0000000000
194724  -17.671  -30.033  30.928 0.0000000000
58373  -17.659  -30.276  31.570 0.0000000000
58415  -17.171  -30.218  30.325 0.0000000000
57156  -16.116  -30.791  26.508 0.0000000000
53199  -30.311  -32.975  31.141 0.0000000000
53189  -29.941  -33.062  31.759 0.0000000000
54415  -29.746  -32.727  31.207 0.0000000000
55725  -28.990  -31.853  30.009 0.0000000000
202579  -28.488  -31.666  30.164 0.0000000000
57104  -28.063  -31.354  29.904 0.0000000000
58482  -28.791  -30.144  27.500 0.0000000000
57140  -28.644  -30.486  28.098 0.0000000000
58481  -28.106  -30.032  27.772 0.0000000000
59765  -26.316  -29.593  27.488 0.0000000000
234253  -27.046  -29.977  28.097 0.0000000000
58479  -26.578  -29.889  27.992 0.0000000000
200238  -26.858  -30.118  28.535 0.0000000000
58471  -26.323  -29.993  28.475 0.0000000000
59754  -25.828  -29.762  28.464 0.0000000000
208719  -25.550  -29.456  27.974 0.0000000000
61015  -24.281  -28.460  26.351 0.0000000000
61001  -24.392  -28.703  26.961 0.0000000000
62186  -23.231  -28.208  26.578 0.0000000000
62185  -22.523  -28.040  26.689 0.0000000000
62199  -22.329  -27.867  25.996 0.0000000000
61045  -26.903  -28.040  24.238 0.0000000000
195179  -26.283  -27.780  24.251 0.0000000000
62241  -24.058  -27.306  24.000 0.0000000000
62227  -23.698  -27.638  24.528 0.0000000000
62226  -23.053  -27.566  24.428 0.0000000000
194470  -21.023  -27.496  23.960 0.0000000000
201642  -21.559  -27.545  24.338 0.0000000000
62224  -21.096  -27.579  24.592 0.0000000000
62211  -20.791  -27.594  25.222 0.0000000000
199655  -20.255  -27.602  25.049 0.0000000000
70823  -37.446  -21.454  30.979 0.0000000000
70824  -37.811  -21.219  31.588 0.0000000000
67139  -36.985  -23.388  33.236 0.0000000000
68341  -36.876  -22.849  31.922 0.0000000000
67163  -36.612  -23.036  31.442 0.0000000000
68355  -36.633  -22.629  30.827 0.0000000000
68356  -36.940  -22.441  31.434 0.0000000000
65205  -50.587  -24.816  23.496 0.0000000000
220959  -50.664  -24.011  23.321 0.0000000000
54400  -29.047  -32.583  32.549 0.0000000000
210373  -29.027  -32.514  31.970 0.0000000000
67233  -42.158  -24.293  27.601 0.0000000000
205103  -42.806  -23.776  27.075 0.0000000000
67251  -43.519  -23.590  27.147 0.0000000000
68428  -44.759  -23.059  26.650 0.0000000000
67253  -45.056  -23.253  27.220 0.0000000000
55717  -35.412  -31.714  31.278 0.0000000000
54429  -34.950  -32.211  30.947 0.0000000000
63303  -32.858  -26.315  25.896 0.0000000000
63307  -32.134  -26.366  24.794 0.0000000000
208528  -31.641  -26.669  24.323 0.0000000000
63317  -31.216  -26.971  23.799 0.0000000000
64274  -31.075  -25.985  23.058 0.0000000000
195399  -36.148  -21.336  23.575 0.0000000000
200053  -35.700  -21.334  23.018 0.0000000000
224892  -52.024  -16.882  28.343 0.0000000000
222443  -52.315  -17.349  27.767 0.0000000000
77291  -52.417  -17.089  27.232 0.0000000000
77309  -52.355  -17.208  26.653 0.0000000000
233109  -52.224  -17.241  26.166 0.0000000000
220356  -51.977  -17.453  25.851 0.0000000000
77323  -52.163  -16.941  25.890 0.0000000000
78659  -52.262  -16.443  26.050 0.0000000000
59522  -26.301  -29.457  38.338 0.0000000000
59523  -26.902  -29.365  38.665 0.0000000000
59544  -26.163  -29.292  37.778 0.0000000000
59578  -25.477  -29.307  36.853 0.0000000000
62148  -21.094  -27.910  28.120 0.0000000000
210290  -20.778  -28.158  28.681 0.0000000000
60964  -20.467  -28.023  28.134 0.0000000000
60983  -19.495  -28.238  27.567 0.0000000000
60997  -19.117  -28.254  26.968 0.0000000000
60996  -18.471  -28.551  26.634 0.0000000000
61013  -19.016  -28.198  26.181 0.0000000000
61029  -18.881  -28.156  25.481 0.0000000000
58499  -29.884  -30.283  25.797 0.0000000000
205814  -38.345  -21.240  26.800 0.0000000000
70851  -39.612  -20.949  29.963 0.0000000000
199407  -39.930  -21.139  29.508 0.0000000000
69596  -41.322  -22.559  29.052 0.0000000000
69597  -41.833  -23.041  29.329 0.0000000000
217952  -36.329  -27.982  31.500 0.0000000000
62112  -36.452  -27.437  31.562 0.0000000000
63218  -36.247  -26.999  31.040 0.0000000000
63236  -35.999  -26.628  30.470 0.0000000000
66134  -35.724  -24.785  29.777 0.0000000000
65123  -35.425  -25.449  28.756 0.0000000000
65134  -35.101  -25.546  28.279 0.0000000000
65145  -34.821  -25.651  27.750 0.0000000000
66189  -34.555  -25.155  27.357 0.0000000000
66203  -34.335  -24.586  26.917 0.0000000000
67246  -34.699  -23.908  26.937 0.0000000000
70923  -36.544  -21.335  26.725 0.0000000000
58291  -29.034  -30.331  36.023 0.0000000000
58304  -28.439  -30.135  35.541 0.0000000000
199955  -27.525  -30.297  34.053 0.0000000000
57055  -27.249  -31.121  32.205 0.0000000000
204095  -26.953  -30.922  31.737 0.0000000000
58398  -26.521  -30.563  31.454 0.0000000000
59710  -25.120  -29.356  30.573 0.0000000000
218896  -25.515  -29.767  30.284 0.0000000000
59742  -25.179  -29.442  29.198 0.0000000000
59752  -24.752  -29.178  28.707 0.0000000000
217281  -40.410  -23.007  24.369 0.0000000000
68493  -41.151  -22.931  24.527 0.0000000000
68495  -43.065  -22.432  24.728 0.0000000000
69700  -43.465  -22.227  24.284 0.0000000000
67289  -47.216  -24.232  24.749 0.0000000000
66227  -48.653  -25.131  24.184 0.0000000000
65189  -49.411  -25.394  24.109 0.0000000000
65181  -49.926  -25.731  24.482 0.0000000000
65182  -50.396  -25.934  24.753 0.0000000000
51001  -32.549  -34.497  31.600 0.0000000000
52077  -32.859  -34.126  30.763 0.0000000000
53239  -33.146  -33.063  28.278 0.0000000000
53252  -32.990  -33.122  27.600 0.0000000000
54478  -32.809  -33.235  27.075 0.0000000000
54493  -32.456  -32.968  26.899 0.0000000000
54504  -32.401  -32.555  26.010 0.0000000000
54505  -32.316  -32.320  25.419 0.0000000000
60958  -34.855  -28.499  29.467 0.0000000000
59735  -34.863  -29.064  29.834 0.0000000000
60957  -34.479  -28.482  28.993 0.0000000000
59747  -34.122  -29.141  28.790 0.0000000000
59757  -33.654  -29.195  28.300 0.0000000000
59816  -31.889  -29.276  25.453 0.0000000000
59799  -32.170  -29.170  26.072 0.0000000000
58511  -32.056  -30.139  24.952 0.0000000000
58528  -32.244  -31.020  24.536 0.0000000000
57179  -32.194  -31.179  23.824 0.0000000000
57188  -32.224  -31.440  23.153 0.0000000000
49934  -32.727  -35.493  34.195 0.0000000000
53171  -36.779  -33.541  34.322 0.0000000000
53183  -36.137  -33.229  33.265 0.0000000000
60884  -37.671  -28.507  33.926 0.0000000000
72133  -39.377  -20.748  35.506 0.0000000000
72145  -39.658  -20.441  34.936 0.0000000000
195898  -39.888  -20.530  35.764 0.0000000000
72146  -40.254  -20.376  35.148 0.0000000000
72147  -41.009  -20.460  35.260 0.0000000000
69528  -43.111  -22.436  34.621 0.0000000000
68331  -43.206  -23.253  32.325 0.0000000000
67151  -43.785  -24.328  32.147 0.0000000000
66105  -46.949  -24.523  32.068 0.0000000000
65071  -46.370  -25.010  32.307 0.0000000000
64136  -45.517  -25.861  32.075 0.0000000000
64156  -45.259  -26.033  31.568 0.0000000000
213143  -45.949  -26.227  31.122 0.0000000000
197235  -46.093  -26.228  30.767 0.0000000000
64204  -46.497  -26.155  29.945 0.0000000000
225838  -46.574  -25.897  29.471 0.0000000000
226948  -46.922  -26.336  29.654 0.0000000000
196599  -47.691  -26.510  28.967 0.0000000000
64220  -48.260  -26.662  28.645 0.0000000000
66150  -49.938  -24.615  28.694 0.0000000000
65129  -49.857  -25.378  28.372 0.0000000000
66167  -50.221  -24.830  28.294 0.0000000000
65147  -50.134  -25.702  27.414 0.0000000000
65148  -50.277  -25.627  26.862 0.0000000000
66192  -50.056  -25.030  26.420 0.0000000000
67257  -50.040  -24.197  26.790 0.0000000000
72221  -51.447  -20.451  29.762 0.0000000000
70877  -51.676  -20.854  29.202 0.0000000000
72283  -51.682  -19.912  26.697 0.0000000000
70954  -50.523  -20.861  26.611 0.0000000000
69662  -49.707  -21.961  26.670 0.0000000000
70953  -49.627  -21.248  26.367 0.0000000000
70969  -48.596  -20.994  25.256 0.0000000000
72311  -48.653  -20.300  24.902 0.0000000000
77399  -50.038  -16.853  23.096 0.0000000000
82620  -53.805  -13.549  26.701 0.0000000000
82626  -54.132  -13.497  25.884 0.0000000000
82636  -54.112  -13.605  25.295 0.0000000000
82667  -55.826  -13.683  23.626 0.0000000000
82666  -55.266  -13.967  23.576 0.0000000000
54340  -22.999  -32.109  38.043 0.0000000000
56991  -21.941  -30.970  35.579 0.0000000000
56972  -21.711  -31.339  35.925 0.0000000000
56989  -20.881  -31.047  35.240 0.0000000000
57005  -19.262  -31.023  34.505 0.0000000000
57023  -18.286  -30.938  33.817 0.0000000000
55671  -17.028  -31.351  33.345 0.0000000000
57039  -17.277  -30.946  32.919 0.0000000000
57053  -16.836  -30.952  32.203 0.0000000000
222860  -25.452  -29.023  34.410 0.0000000000
59614  -25.074  -29.051  34.915 0.0000000000
195056  -24.866  -28.995  34.275 0.0000000000
59652  -23.230  -28.922  33.469 0.0000000000
59673  -22.397  -28.984  32.787 0.0000000000
59739  -18.597  -29.229  29.309 0.0000000000
59723  -18.943  -29.199  29.925 0.0000000000
58461  -17.583  -29.831  29.664 0.0000000000
57114  -15.886  -31.238  29.087 0.0000000000
57127  -15.811  -31.251  28.370 0.0000000000
57138  -15.758  -31.147  27.717 0.0000000000
55775  -15.655  -31.652  27.231 0.0000000000
208079  -30.030  -32.534  30.622 0.0000000000
55738  -29.250  -31.716  29.502 0.0000000000
57117  -28.896  -31.237  29.162 0.0000000000
59778  -27.817  -29.370  26.842 0.0000000000
58487  -27.607  -29.716  27.402 0.0000000000
59777  -27.134  -29.421  26.983 0.0000000000
59776  -26.541  -29.410  27.042 0.0000000000
59775  -26.025  -29.298  26.987 0.0000000000
59764  -25.788  -29.389  27.447 0.0000000000
59774  -25.416  -29.059  26.860 0.0000000000
62202  -24.118  -28.255  25.766 0.0000000000
63311  -22.272  -27.233  23.433 0.0000000000
62239  -22.733  -27.386  23.797 0.0000000000
70868  -38.040  -21.050  29.133 0.0000000000
197779  -38.273  -20.958  29.583 0.0000000000
197332  -38.834  -20.885  29.884 0.0000000000
199526  -38.489  -20.802  30.511 0.0000000000
70838  -39.969  -20.801  30.510 0.0000000000
72199  -40.273  -20.781  31.093 0.0000000000
70826  -40.809  -21.049  31.129 0.0000000000
216496  -36.644  -25.616  33.057 0.0000000000
201760  -36.513  -25.738  32.311 0.0000000000
224042  -36.414  -25.244  32.187 0.0000000000
66118  -36.214  -24.640  31.309 0.0000000000
67149  -36.312  -24.026  31.738 0.0000000000
66135  -35.909  -24.559  30.464 0.0000000000
67190  -35.770  -24.221  29.820 0.0000000000
67215  -35.304  -23.746  28.402 0.0000000000
68385  -35.518  -23.446  28.851 0.0000000000
69593  -36.269  -22.260  29.417 0.0000000000
69610  -36.740  -21.573  28.924 0.0000000000
70867  -37.407  -21.295  29.100 0.0000000000
69764  -49.320  -22.467  22.740 0.0000000000
55652  -28.635  -31.527  34.372 0.0000000000
55673  -28.167  -31.765  33.014 0.0000000000
205705  -27.632  -31.569  31.953 0.0000000000
57085  -27.397  -31.228  30.871 0.0000000000
224425  -41.169  -23.696  26.210 0.0000000000
67285  -40.863  -23.585  25.768 0.0000000000
68440  -42.045  -23.300  25.778 0.0000000000
68441  -42.703  -23.036  25.899 0.0000000000
68425  -42.771  -23.347  26.513 0.0000000000
68464  -43.254  -22.674  25.338 0.0000000000
68497  -45.126  -22.675  24.356 0.0000000000
68498  -45.751  -22.923  24.099 0.0000000000
211445  -45.627  -22.919  24.803 0.0000000000
223264  -45.979  -23.267  25.121 0.0000000000
222314  -45.639  -23.158  26.004 0.0000000000
67287  -46.044  -23.401  25.653 0.0000000000
66217  -47.155  -24.204  25.516 0.0000000000
52080  -34.216  -33.831  30.890 0.0000000000
52079  -33.775  -33.945  30.446 0.0000000000
53203  -34.051  -33.414  30.292 0.0000000000
198205  -33.778  -33.007  29.262 0.0000000000
55728  -34.561  -32.175  30.311 0.0000000000
53217  -34.092  -32.879  29.933 0.0000000000
54453  -33.659  -32.749  28.815 0.0000000000
55752  -33.401  -32.436  28.233 0.0000000000
218888  -33.289  -31.782  27.848 0.0000000000
62174  -34.079  -27.225  27.999 0.0000000000
60987  -33.623  -27.715  27.715 0.0000000000
62188  -33.178  -27.514  27.285 0.0000000000
62203  -32.403  -27.829  26.291 0.0000000000
63298  -32.570  -27.042  26.103 0.0000000000
61035  -32.023  -28.460  25.872 0.0000000000
61034  -31.672  -28.509  25.218 0.0000000000
61048  -31.333  -28.645  24.543 0.0000000000
59853  -31.116  -29.385  23.448 0.0000000000
59852  -31.180  -29.312  22.869 0.0000000000
61064  -30.830  -28.751  23.207 0.0000000000
62258  -30.678  -28.201  22.221 0.0000000000
62246  -30.863  -27.209  23.150 0.0000000000
69724  -34.439  -21.706  23.858 0.0000000000
69723  -33.921  -22.040  23.540 0.0000000000
70998  -34.435  -21.696  23.173 0.0000000000
71038  -34.309  -21.623  22.472 0.0000000000
227671  -35.496  -21.328  22.450 0.0000000000
71039  -35.002  -21.339  22.138 0.0000000000
66121  -47.496  -24.673  31.150 0.0000000000
65105  -47.645  -25.572  30.619 0.0000000000
64192  -47.923  -26.160  30.082 0.0000000000
66149  -49.394  -24.291  29.163 0.0000000000
67180  -49.298  -23.161  30.938 0.0000000000
67194  -49.499  -23.444  29.978 0.0000000000
66151  -50.369  -23.923  28.676 0.0000000000
67222  -50.702  -23.423  28.521 0.0000000000
74622  -51.688  -18.861  29.401 0.0000000000
73371  -51.973  -19.623  29.053 0.0000000000
74636  -52.147  -19.134  28.652 0.0000000000
223002  -52.348  -19.171  27.652 0.0000000000
73409  -52.269  -19.382  27.364 0.0000000000
73425  -52.050  -18.954  26.779 0.0000000000
73424  -51.770  -19.199  26.458 0.0000000000
73442  -50.861  -19.060  25.704 0.0000000000
74733  -50.737  -18.134  24.989 0.0000000000
76024  -50.981  -17.633  24.777 0.0000000000
76025  -51.467  -17.357  25.106 0.0000000000
77361  -51.064  -17.189  24.679 0.0000000000
202927  -51.027  -16.783  24.487 0.0000000000
78712  -51.255  -16.294  24.356 0.0000000000
80050  -51.484  -15.484  23.844 0.0000000000
85218  -55.568  -11.721  25.898 0.0000000000
83887  -55.662  -12.489  25.128 0.0000000000
85229  -55.871  -12.015  25.325 0.0000000000
83897  -55.928  -12.640  24.631 0.0000000000
83909  -56.176  -12.891  24.262 0.0000000000
55587  -25.432  -31.544  39.680 0.0000000000
56932  -25.473  -30.900  39.279 0.0000000000
56947  -24.756  -30.840  38.395 0.0000000000
56960  -23.873  -30.779  37.661 0.0000000000
58264  -25.196  -30.099  38.119 0.0000000000
58276  -24.285  -30.147  37.380 0.0000000000
56975  -23.191  -30.760  36.760 0.0000000000
56992  -22.437  -30.730  35.870 0.0000000000
58315  -21.363  -30.382  34.495 0.0000000000
58336  -20.690  -30.333  33.726 0.0000000000
195102  -23.372  -28.441  31.325 0.0000000000
60899  -22.591  -28.420  31.392 0.0000000000
60934  -20.924  -28.323  29.854 0.0000000000
198456  -19.806  -28.465  29.563 0.0000000000
200390  -20.013  -28.323  28.774 0.0000000000
60945  -19.249  -28.502  28.656 0.0000000000
224832  -18.744  -28.809  28.898 0.0000000000
198569  -18.309  -29.125  28.765 0.0000000000
58486  -16.999  -29.816  27.047 0.0000000000
58497  -16.993  -29.711  26.378 0.0000000000
219429  -17.913  -28.949  26.363 0.0000000000
58508  -17.087  -29.783  25.689 0.0000000000
55764  -30.819  -31.469  27.992 0.0000000000
57132  -29.943  -31.246  28.212 0.0000000000
58489  -28.936  -29.965  26.874 0.0000000000
57148  -29.636  -30.267  26.532 0.0000000000
61019  -26.905  -28.876  25.931 0.0000000000
196530  -26.532  -28.551  25.631 0.0000000000
70986  -37.629  -21.935  24.008 0.0000000000
69679  -38.863  -22.416  24.769 0.0000000000
70948  -38.457  -21.764  25.645 0.0000000000
69659  -38.984  -22.198  25.419 0.0000000000
69680  -39.396  -22.739  25.136 0.0000000000
68438  -39.936  -22.995  25.516 0.0000000000
70888  -38.801  -21.097  28.132 0.0000000000
202895  -39.281  -21.282  27.634 0.0000000000
70890  -40.299  -21.625  28.494 0.0000000000
70907  -39.824  -21.729  27.505 0.0000000000
69625  -39.901  -22.149  26.942 0.0000000000
69643  -40.320  -22.798  26.805 0.0000000000
68423  -40.613  -23.467  26.633 0.0000000000
67232  -41.311  -23.952  27.364 0.0000000000
226488  -41.622  -24.239  27.610 0.0000000000
231788  -42.570  -24.564  28.067 0.0000000000
59698  -36.393  -29.376  31.874 0.0000000000
58428  -36.075  -29.776  31.447 0.0000000000
59718  -36.077  -29.088  31.390 0.0000000000
218723  -35.679  -28.699  30.924 0.0000000000
234126  -36.045  -28.026  31.189 0.0000000000
220788  -35.855  -28.100  30.815 0.0000000000
60931  -35.510  -28.246  30.205 0.0000000000
60959  -35.163  -28.033  29.641 0.0000000000
62157  -34.771  -27.236  28.718 0.0000000000
64154  -36.453  -26.097  31.670 0.0000000000
202421  -35.740  -25.769  29.726 0.0000000000
64187  -35.790  -26.339  29.805 0.0000000000
198289  -35.434  -26.709  29.365 0.0000000000
63255  -35.074  -26.836  28.908 0.0000000000
63288  -34.248  -26.718  27.740 0.0000000000
63295  -33.924  -26.563  27.259 0.0000000000
221282  -33.676  -26.472  26.745 0.0000000000
64245  -34.001  -26.101  26.943 0.0000000000
64252  -33.529  -26.056  26.305 0.0000000000
64260  -33.169  -25.624  25.610 0.0000000000
65172  -32.741  -25.399  24.987 0.0000000000
65179  -32.809  -24.871  24.578 0.0000000000
65188  -32.310  -24.794  23.994 0.0000000000
66225  -33.194  -24.430  24.731 0.0000000000
67283  -33.491  -24.061  24.940 0.0000000000
195013  -33.729  -24.286  25.481 0.0000000000
67305  -33.599  -23.521  24.689 0.0000000000
69675  -34.169  -22.498  24.798 0.0000000000
67231  -35.161  -23.550  27.912 0.0000000000
68409  -35.043  -23.339  27.294 0.0000000000
69623  -35.560  -22.090  27.468 0.0000000000
68421  -35.145  -22.579  27.071 0.0000000000
69676  -34.654  -22.158  25.161 0.0000000000
69696  -34.529  -21.961  24.507 0.0000000000
70965  -34.998  -21.803  24.859 0.0000000000
70983  -35.828  -21.336  24.199 0.0000000000
196451  -36.195  -21.382  24.808 0.0000000000
70984  -36.472  -21.385  24.152 0.0000000000
82604  -52.967  -13.932  28.794 0.0000000000
82610  -53.160  -14.069  28.047 0.0000000000
83873  -53.271  -13.345  28.309 0.0000000000
83868  -53.379  -12.655  28.528 0.0000000000
83874  -53.657  -12.823  27.755 0.0000000000
85216  -54.243  -12.285  27.210 0.0000000000
85209  -54.625  -11.687  27.169 0.0000000000
89042  -53.959  -9.061  29.074 0.0000000000
204923  -54.665  -9.791  28.288 0.0000000000
87846  -55.097  -10.586  27.276 0.0000000000
86592  -55.225  -11.269  26.697 0.0000000000
87859  -55.785  -10.602  26.571 0.0000000000
87872  -56.013  -10.861  26.065 0.0000000000
89083  -56.160  -9.943  26.203 0.0000000000
90443  -55.658  -9.350  26.642 0.0000000000
90463  -56.079  -9.747  26.056 0.0000000000
225543  -28.634  -29.295  37.473 0.0000000000
59564  -27.915  -29.160  37.398 0.0000000000
59581  -27.701  -29.322  36.620 0.0000000000
58303  -27.850  -29.823  35.390 0.0000000000
59617  -27.122  -29.490  35.121 0.0000000000
59634  -25.981  -29.205  34.169 0.0000000000
202816  -25.384  -29.065  33.192 0.0000000000
60892  -24.853  -28.799  32.855 0.0000000000
57043  -27.039  -30.862  32.655 0.0000000000
210536  -26.767  -30.384  32.833 0.0000000000
58359  -26.826  -30.086  33.351 0.0000000000
224510  -25.910  -29.396  32.841 0.0000000000
59653  -25.362  -29.115  32.542 0.0000000000
60903  -24.890  -28.836  32.249 0.0000000000
194501  -24.075  -28.662  31.096 0.0000000000
60936  -23.070  -28.284  30.237 0.0000000000
60948  -22.984  -28.304  29.441 0.0000000000
59725  -24.569  -29.038  29.904 0.0000000000
223667  -22.586  -28.170  28.879 0.0000000000
62149  -21.666  -28.015  28.094 0.0000000000
62171  -21.912  -27.972  27.662 0.0000000000
62183  -21.219  -27.733  26.978 0.0000000000
58540  -30.109  -30.581  23.447 0.0000000000
69727  -38.616  -22.588  23.305 0.0000000000
68515  -39.490  -22.911  23.776 0.0000000000
68532  -39.740  -22.771  23.309 0.0000000000
69755  -39.726  -22.390  22.673 0.0000000000
69756  -40.461  -22.225  22.398 0.0000000000
68461  -41.039  -23.353  25.209 0.0000000000
68518  -41.593  -22.610  23.862 0.0000000000
68519  -42.303  -22.459  23.957 0.0000000000
67308  -47.352  -24.276  24.007 0.0000000000
65203  -50.103  -25.246  23.615 0.0000000000
65204  -50.383  -25.088  23.574 0.0000000000
66228  -50.638  -24.661  24.089 0.0000000000
53190  -30.651  -33.383  31.588 0.0000000000
53200  -30.995  -33.279  30.970 0.0000000000
54428  -30.770  -32.644  30.108 0.0000000000
54451  -30.822  -31.996  28.928 0.0000000000
52086  -33.505  -33.820  29.897 0.0000000000
209754  -33.031  -33.211  28.530 0.0000000000
53226  -32.904  -33.442  29.097 0.0000000000
53225  -32.420  -33.277  29.258 0.0000000000
54452  -31.969  -32.879  28.882 0.0000000000
54463  -31.546  -32.383  28.608 0.0000000000
55750  -31.217  -31.832  28.357 0.0000000000
55765  -31.159  -31.655  27.277 0.0000000000
57158  -30.945  -31.416  25.779 0.0000000000
57168  -30.977  -31.567  25.013 0.0000000000
57177  -30.686  -31.238  24.065 0.0000000000
58427  -35.690  -30.203  31.081 0.0000000000
58448  -34.754  -30.312  30.233 0.0000000000
57119  -34.288  -30.689  29.737 0.0000000000
229333  -34.110  -30.337  29.334 0.0000000000
225964  -33.197  -31.943  27.159 0.0000000000
211442  -33.471  -28.529  27.922 0.0000000000
59756  -33.209  -29.449  27.802 0.0000000000
227186  -32.354  -29.767  26.234 0.0000000000
58490  -32.599  -30.026  26.745 0.0000000000
222487  -32.867  -29.878  27.360 0.0000000000
57152  -33.043  -31.637  26.827 0.0000000000
55778  -33.169  -32.468  26.788 0.0000000000
54520  -32.132  -32.311  24.782 0.0000000000
234494  -32.410  -32.001  24.577 0.0000000000
55803  -32.281  -32.178  24.422 0.0000000000
55802  -31.909  -32.377  24.321 0.0000000000
55801  -31.508  -32.141  23.916 0.0000000000
57187  -30.956  -31.835  23.565 0.0000000000
69750  -33.495  -22.242  23.171 0.0000000000
69525  -37.359  -22.381  33.376 0.0000000000
70799  -37.985  -21.341  33.313 0.0000000000
69518  -37.693  -21.844  33.725 0.0000000000
70779  -38.452  -21.544  34.989 0.0000000000
56904  -27.440  -30.982  40.630 0.0000000000
58242  -27.964  -29.893  40.264 0.0000000000
58243  -28.582  -30.042  40.695 0.0000000000
59501  -27.728  -29.581  39.707 0.0000000000
231892  -28.234  -29.329  39.324 0.0000000000
195744  -29.095  -29.252  38.565 0.0000000000
223227  -29.849  -29.215  39.052 0.0000000000
59566  -29.221  -29.687  37.282 0.0000000000
58278  -29.820  -30.180  37.176 0.0000000000
234467  -29.586  -30.347  36.615 0.0000000000
56976  -29.682  -30.947  36.470 0.0000000000
56995  -29.784  -31.553  36.144 0.0000000000
55642  -29.843  -32.104  35.705 0.0000000000
54367  -29.636  -32.751  34.747 0.0000000000
217002  -30.108  -33.774  33.844 0.0000000000
52047  -30.473  -33.959  33.523 0.0000000000
52048  -30.962  -34.456  33.832 0.0000000000
218675  -30.887  -34.171  33.256 0.0000000000
50978  -32.435  -35.298  33.536 0.0000000000
50988  -32.537  -34.850  32.533 0.0000000000
51002  -33.127  -34.862  31.964 0.0000000000
51003  -33.709  -34.800  31.638 0.0000000000
51004  -34.295  -34.698  32.011 0.0000000000
50991  -34.615  -35.130  32.935 0.0000000000
52070  -34.514  -34.179  31.609 0.0000000000
53193  -35.231  -33.086  31.850 0.0000000000
54407  -35.886  -32.589  32.439 0.0000000000
212708  -37.605  -30.605  34.118 0.0000000000
57060  -37.190  -30.635  33.311 0.0000000000
58385  -36.928  -30.080  32.755 0.0000000000
59679  -36.675  -29.576  32.364 0.0000000000
60907  -36.953  -28.434  32.441 0.0000000000
62102  -37.015  -27.879  32.639 0.0000000000
225230  -37.048  -27.336  32.774 0.0000000000
64101  -37.204  -25.949  34.462 0.0000000000
64117  -36.971  -26.138  33.576 0.0000000000
65054  -36.675  -24.922  33.278 0.0000000000
72167  -38.889  -20.627  33.228 0.0000000000
72156  -39.570  -20.410  34.159 0.0000000000
234049  -39.309  -20.436  33.556 0.0000000000
72168  -39.459  -20.442  33.003 0.0000000000
72182  -40.390  -20.541  32.204 0.0000000000
70827  -41.282  -21.198  31.521 0.0000000000
72148  -41.853  -20.644  35.819 0.0000000000
72159  -41.679  -20.648  34.773 0.0000000000
70790  -42.197  -21.141  34.333 0.0000000000
72171  -41.491  -20.700  33.875 0.0000000000
70801  -41.431  -20.969  32.661 0.0000000000
70813  -41.532  -21.164  32.109 0.0000000000
70841  -41.828  -21.792  31.111 0.0000000000
69558  -42.175  -22.475  30.756 0.0000000000
68357  -42.383  -23.220  30.440 0.0000000000
68342  -43.026  -23.405  31.513 0.0000000000
68358  -42.801  -23.623  30.831 0.0000000000
227127  -42.246  -23.834  29.998 0.0000000000
232740  -42.315  -24.704  29.419 0.0000000000
224612  -42.776  -24.937  28.923 0.0000000000
66162  -43.429  -24.712  28.769 0.0000000000
66065  -44.116  -24.349  33.599 0.0000000000
217758  -44.093  -24.649  32.357 0.0000000000
65084  -43.999  -25.290  31.401 0.0000000000
64155  -44.723  -25.975  31.277 0.0000000000
65103  -44.199  -25.732  31.084 0.0000000000
65102  -43.630  -25.356  30.660 0.0000000000
65114  -43.607  -25.363  29.903 0.0000000000
66146  -43.800  -25.107  29.321 0.0000000000
66163  -44.245  -24.500  28.832 0.0000000000
67221  -45.456  -23.998  28.348 0.0000000000
66178  -46.105  -24.022  27.927 0.0000000000
66179  -46.872  -24.608  27.708 0.0000000000
66191  -47.536  -24.828  26.646 0.0000000000
65159  -48.196  -25.399  26.415 0.0000000000
65169  -48.856  -25.888  26.180 0.0000000000
64193  -48.278  -26.494  29.714 0.0000000000
63277  -48.343  -26.686  29.097 0.0000000000
64221  -48.749  -26.690  28.592 0.0000000000
65137  -49.640  -26.100  28.247 0.0000000000
64222  -49.299  -26.522  27.930 0.0000000000
64234  -48.831  -26.682  27.924 0.0000000000
64246  -49.272  -26.248  26.512 0.0000000000
216466  -49.064  -25.835  25.617 0.0000000000
65175  -49.606  -26.028  25.331 0.0000000000
64261  -50.032  -25.969  24.992 0.0000000000
65176  -50.502  -25.856  24.943 0.0000000000
65170  -50.481  -25.866  25.356 0.0000000000
66221  -50.637  -25.555  24.889 0.0000000000
66220  -50.585  -24.925  24.616 0.0000000000
67310  -50.268  -24.337  24.324 0.0000000000
230406  -50.828  -22.426  29.359 0.0000000000
68401  -50.955  -22.515  28.980 0.0000000000
225912  -50.950  -22.829  28.473 0.0000000000
73383  -52.167  -19.923  28.732 0.0000000000
70915  -51.999  -20.847  28.536 0.0000000000
70914  -51.827  -21.173  28.140 0.0000000000
70934  -51.729  -20.933  27.462 0.0000000000
69630  -51.574  -21.674  28.382 0.0000000000
68413  -51.005  -22.757  28.081 0.0000000000
67258  -50.606  -23.435  27.619 0.0000000000
67256  -49.633  -23.532  26.536 0.0000000000
231984  -49.293  -23.359  26.049 0.0000000000
67290  -49.252  -23.589  25.448 0.0000000000
67309  -49.500  -23.676  24.726 0.0000000000
68499  -49.068  -23.114  24.347 0.0000000000
68522  -48.613  -22.638  24.060 0.0000000000
69735  -48.218  -22.132  23.919 0.0000000000
216928  -47.981  -21.537  24.092 0.0000000000
71002  -47.782  -21.173  23.418 0.0000000000
71022  -47.626  -20.846  22.798 0.0000000000
211196  -47.583  -20.328  22.291 0.0000000000
73458  -49.725  -19.124  24.924 0.0000000000
74731  -49.330  -18.916  24.367 0.0000000000
74755  -48.986  -18.668  23.778 0.0000000000
76047  -49.940  -17.818  23.848 0.0000000000
74754  -48.371  -19.160  23.342 0.0000000000
230651  -48.159  -18.999  22.818 0.0000000000
74769  -47.862  -19.196  22.381 0.0000000000
80000  -52.602  -15.491  26.749 0.0000000000
81404  -52.590  -15.295  26.111 0.0000000000
225164  -52.085  -15.246  24.781 0.0000000000
82637  -54.830  -13.238  25.116 0.0000000000
82650  -53.940  -13.663  24.815 0.0000000000
222919  -55.328  -13.605  24.089 0.0000000000
82665  -54.267  -13.873  24.113 0.0000000000
81445  -53.211  -14.106  24.019 0.0000000000
81444  -52.593  -14.396  23.635 0.0000000000
81443  -51.945  -14.835  23.296 0.0000000000
80065  -51.416  -15.287  23.023 0.0000000000
55598  -24.226  -31.877  38.784 0.0000000000
197926  -22.773  -31.851  37.596 0.0000000000
55618  -21.605  -31.765  37.026 0.0000000000
55629  -21.400  -31.555  36.363 0.0000000000
54398  -15.440  -32.417  32.573 0.0000000000
206366  -16.222  -31.718  32.784 0.0000000000
55683  -15.831  -31.898  32.398 0.0000000000
59563  -27.167  -29.126  37.081 0.0000000000
59579  -26.021  -29.181  36.676 0.0000000000
59577  -24.834  -29.276  36.353 0.0000000000
59613  -24.352  -29.106  34.827 0.0000000000
59594  -24.548  -29.194  35.555 0.0000000000
59593  -23.823  -29.317  35.397 0.0000000000
58317  -22.510  -29.881  34.784 0.0000000000
233243  -21.300  -29.967  33.741 0.0000000000
58355  -19.912  -30.079  33.044 0.0000000000
60911  -21.738  -28.784  31.723 0.0000000000
59689  -20.360  -29.099  31.727 0.0000000000
59707  -19.688  -28.968  30.694 0.0000000000
234577  -19.552  -29.170  31.153 0.0000000000
218625  -20.694  -29.243  32.183 0.0000000000
59670  -20.233  -29.437  32.306 0.0000000000
58376  -19.674  -29.754  32.450 0.0000000000
58375  -18.934  -30.006  32.354 0.0000000000
57067  -17.196  -30.626  31.728 0.0000000000
57066  -16.677  -30.802  31.479 0.0000000000
57082  -16.014  -31.176  30.382 0.0000000000
57147  -16.236  -30.578  27.027 0.0000000000
54414  -29.356  -32.631  31.576 0.0000000000
55712  -27.993  -31.577  30.592 0.0000000000
57102  -27.077  -30.662  29.713 0.0000000000
57131  -29.168  -30.946  28.512 0.0000000000
58480  -27.488  -29.990  27.948 0.0000000000
58473  -27.948  -30.327  28.330 0.0000000000
57129  -27.792  -30.631  28.914 0.0000000000
57116  -27.211  -30.476  29.057 0.0000000000
58442  -26.482  -30.457  29.913 0.0000000000
234221  -26.089  -29.998  28.902 0.0000000000
59753  -25.319  -29.467  28.561 0.0000000000
59763  -25.186  -29.180  27.473 0.0000000000
60986  -24.557  -29.003  27.521 0.0000000000
60985  -23.888  -28.637  27.483 0.0000000000
60999  -23.204  -28.179  27.220 0.0000000000
62198  -21.246  -27.655  26.294 0.0000000000
59831  -29.269  -29.306  24.386 0.0000000000
61047  -28.140  -28.546  24.294 0.0000000000
196097  -27.528  -28.463  24.685 0.0000000000
227459  -27.087  -28.267  24.685 0.0000000000
61044  -26.414  -28.189  24.999 0.0000000000
62217  -25.722  -28.255  25.255 0.0000000000
194382  -25.601  -27.552  24.136 0.0000000000
62229  -25.078  -27.717  24.701 0.0000000000
62216  -25.233  -28.105  25.227 0.0000000000
194487  -24.698  -27.942  25.200 0.0000000000
196853  -24.021  -27.999  25.171 0.0000000000
195466  -23.465  -28.047  25.631 0.0000000000
220172  -22.528  -27.533  24.358 0.0000000000
197253  -22.650  -27.646  24.956 0.0000000000
195467  -22.803  -27.820  25.543 0.0000000000
195313  -21.732  -27.769  25.823 0.0000000000
198257  -21.192  -27.692  25.714 0.0000000000
62197  -20.669  -27.622  26.022 0.0000000000
62210  -19.892  -27.723  25.369 0.0000000000
62209  -19.355  -27.846  25.061 0.0000000000
54339  -22.476  -32.167  38.012 0.0000000000
55599  -24.776  -31.769  39.214 0.0000000000
55607  -20.934  -31.858  37.241 0.0000000000
55609  -21.972  -31.996  37.640 0.0000000000
55610  -23.307  -31.862  37.917 0.0000000000
55611  -23.671  -31.449  37.852 0.0000000000
55620  -22.802  -31.543  37.170 0.0000000000
55630  -21.982  -31.510  36.540 0.0000000000
55640  -20.508  -31.359  35.687 0.0000000000
55641  -21.147  -31.362  35.776 0.0000000000
55726  -29.504  -32.015  29.787 0.0000000000
55737  -28.637  -31.544  29.679 0.0000000000
55791  -31.532  -32.065  24.618 0.0000000000
56917  -26.012  -30.903  39.694 0.0000000000
56931  -25.025  -31.201  38.958 0.0000000000
56959  -23.459  -31.110  37.263 0.0000000000
56973  -22.221  -31.186  36.175 0.0000000000
56974  -22.721  -30.967  36.464 0.0000000000
56990  -21.446  -31.084  35.369 0.0000000000
57004  -18.531  -31.155  34.430 0.0000000000
57006  -19.955  -30.870  34.569 0.0000000000
57007  -20.593  -30.793  34.692 0.0000000000
57009  -21.674  -30.710  34.995 0.0000000000
57010  -27.951  -30.518  34.461 0.0000000000
57022  -17.604  -31.138  33.553 0.0000000000
57027  -20.885  -30.540  34.293 0.0000000000
57189  -32.288  -31.777  23.634 0.0000000000
58241  -27.241  -30.118  40.162 0.0000000000
58253  -25.334  -30.527  38.741 0.0000000000
58265  -25.826  -29.935  38.538 0.0000000000
58275  -23.697  -30.485  37.079 0.0000000000
58288  -22.962  -30.451  36.163 0.0000000000
58299  -22.171  -30.494  35.237 0.0000000000
58318  -23.138  -29.581  35.160 0.0000000000
58335  -20.122  -30.421  33.528 0.0000000000
58337  -21.131  -30.195  33.959 0.0000000000
58338  -21.581  -29.955  34.079 0.0000000000
58339  -22.089  -29.767  34.287 0.0000000000
58354  -18.903  -30.404  32.951 0.0000000000
58356  -20.482  -30.067  33.207 0.0000000000
58357  -21.036  -29.955  33.403 0.0000000000
58358  -26.371  -29.802  33.152 0.0000000000
58394  -18.149  -29.892  31.351 0.0000000000
58396  -19.257  -29.640  31.934 0.0000000000
58417  -18.637  -29.546  31.074 0.0000000000
58418  -26.025  -30.138  31.148 0.0000000000
59543  -25.453  -29.478  37.554 0.0000000000
59545  -26.784  -29.228  38.041 0.0000000000
59562  -26.042  -29.216  37.200 0.0000000000
59612  -23.655  -29.211  34.701 0.0000000000
59630  -22.690  -29.315  34.052 0.0000000000
59649  -21.354  -29.452  32.989 0.0000000000
59671  -21.213  -29.180  32.331 0.0000000000
59672  -21.866  -29.064  32.535 0.0000000000
59674  -25.255  -29.197  31.845 0.0000000000
59688  -19.743  -29.318  31.758 0.0000000000
59690  -20.965  -28.969  31.691 0.0000000000
59706  -19.126  -29.219  30.714 0.0000000000
59708  -19.994  -28.927  31.221 0.0000000000
59727  -25.585  -29.765  29.657 0.0000000000
59740  -19.180  -28.820  29.331 0.0000000000
59741  -24.647  -29.134  29.374 0.0000000000
59792  -17.403  -29.295  26.075 0.0000000000
59794  -26.252  -29.207  26.575 0.0000000000
59797  -28.090  -29.162  26.144 0.0000000000
59810  -17.431  -29.310  25.487 0.0000000000
59850  -28.870  -28.948  24.026 0.0000000000
60879  -23.939  -28.937  33.538 0.0000000000
60880  -24.715  -28.932  33.559 0.0000000000
60889  -23.024  -28.701  32.756 0.0000000000
60912  -23.847  -28.550  31.821 0.0000000000
60921  -20.195  -28.727  30.641 0.0000000000
60922  -20.750  -28.491  30.544 0.0000000000
60924  -23.019  -28.340  30.865 0.0000000000
60925  -23.608  -28.436  30.623 0.0000000000
60926  -24.267  -28.689  30.323 0.0000000000
60935  -21.991  -28.187  30.154 0.0000000000
60938  -24.204  -28.734  29.602 0.0000000000
60947  -22.171  -28.075  29.387 0.0000000000
60965  -21.378  -28.067  28.609 0.0000000000
60966  -22.014  -28.107  28.615 0.0000000000
60967  -22.575  -28.193  28.400 0.0000000000
60984  -20.194  -27.978  27.576 0.0000000000
61030  -24.933  -28.233  25.508 0.0000000000
62151  -22.925  -28.273  27.921 0.0000000000
62170  -21.437  -27.872  27.598 0.0000000000
62181  -20.269  -27.683  26.544 0.0000000000
62184  -21.889  -27.867  27.147 0.0000000000
62200  -22.973  -28.075  26.086 0.0000000000
62213  -22.184  -27.718  25.384 0.0000000000
62215  -24.509  -28.170  25.509 0.0000000000
62225  -22.090  -27.618  24.717 0.0000000000
62238  -22.067  -27.446  23.959 0.0000000000
63238  -47.335  -26.545  30.160 0.0000000000
63258  -47.585  -26.642  29.792 0.0000000000
63259  -48.112  -26.737  29.552 0.0000000000
63313  -23.717  -27.012  23.414 0.0000000000
64157  -45.940  -26.098  31.503 0.0000000000
64174  -46.729  -26.245  30.821 0.0000000000
64190  -46.587  -26.371  30.399 0.0000000000
64191  -46.768  -26.275  29.947 0.0000000000
64205  -47.353  -26.623  29.592 0.0000000000
64206  -48.559  -26.599  29.168 0.0000000000
64235  -49.722  -26.283  27.047 0.0000000000
65085  -44.568  -25.651  31.726 0.0000000000
65086  -45.008  -25.731  32.098 0.0000000000
65087  -46.121  -25.771  31.909 0.0000000000
65116  -44.833  -25.834  30.374 0.0000000000
66103  -43.939  -24.738  31.701 0.0000000000
66144  -42.594  -24.938  29.507 0.0000000000
66164  -45.064  -24.450  28.773 0.0000000000
66180  -47.397  -24.880  27.253 0.0000000000
67192  -42.137  -24.308  29.369 0.0000000000
67193  -42.453  -24.451  29.871 0.0000000000
67247  -40.788  -23.681  26.279 0.0000000000
68374  -42.436  -23.900  30.252 0.0000000000
68424  -40.980  -23.664  27.145 0.0000000000
72169  -40.157  -20.422  32.875 0.0000000000
72181  -39.669  -20.469  32.344 0.0000000000
72193  -40.625  -20.799  31.608 0.0000000000
72235  -51.971  -20.498  28.935 0.0000000000
72331  -47.708  -20.217  22.841 0.0000000000
73360  -51.243  -19.514  30.051 0.0000000000
74651  -52.379  -18.899  27.972 0.0000000000
85217  -54.848  -11.907  26.394 0.0000000000
85244  -56.183  -12.209  24.867 0.0000000000
86571  -53.940  -11.127  28.391 0.0000000000
86606  -55.881  -11.183  25.979 0.0000000000
87837  -54.513  -10.491  27.938 0.0000000000
87860  -56.288  -10.346  26.093 0.0000000000
87873  -56.504  -10.690  25.427 0.0000000000
89054  -54.039  -9.776  28.827 0.0000000000
89056  -55.169  -8.988  27.869 0.0000000000
89068  -55.625  -9.457  27.256 0.0000000000
89082  -55.869  -10.133  26.713 0.0000000000
90427  -55.495  -9.107  27.197 0.0000000000
195571  -23.143  -28.498  31.998 0.0000000000
195943  -21.375  -28.360  30.365 0.0000000000
198656  -29.196  -29.878  26.174 0.0000000000
201191  -53.847  -12.332  28.096 0.0000000000
203110  -27.635  -30.915  29.515 0.0000000000
203362  -26.502  -29.176  35.188 0.0000000000
206597  -25.688  -29.171  36.233 0.0000000000
208435  -19.404  -28.969  30.288 0.0000000000
208909  -46.351  -26.259  31.077 0.0000000000
210621  -52.351  -16.806  26.359 0.0000000000
214452  -23.727  -31.876  38.355 0.0000000000
217032  -37.226  -21.814  23.649 0.0000000000
220230  -26.532  -29.102  36.852 0.0000000000
221479  -19.393  -30.106  32.854 0.0000000000
223788  -24.041  -31.553  38.340 0.0000000000
223972  -49.358  -18.162  23.606 0.0000000000
225979  -23.404  -28.396  27.673 0.0000000000
228391  -54.990  -10.071  27.677 0.0000000000
228458  -17.151  -30.425  31.135 0.0000000000
228591  -27.826  -29.115  38.019 0.0000000000
229389  -48.982  -24.054  29.559 0.0000000000
229479  -24.880  -28.966  27.057 0.0000000000
229566  -15.572  -31.902  31.285 0.0000000000
230878  -19.534  -28.517  29.062 0.0000000000
232866  -17.828  -29.121  27.721 0.0000000000
