#!ascii label  , from subject sub-06_ses-004.long.sub-06 vox2ras=TkReg
1406
95895  17.881  3.844  -29.440 0.2500000000
95909  18.616  3.785  -29.843 0.2500000000
94775  19.074  3.061  -29.861 0.7500000000
101712  15.601  7.969  -29.104 0.2500000000
100550  16.359  6.851  -28.815 0.1250000000
101711  16.149  7.465  -29.068 0.3750000000
100548  17.206  6.162  -29.165 0.2500000000
98170  17.087  4.828  -29.438 0.2500000000
97017  18.960  4.445  -30.236 0.7500000000
97018  18.197  4.400  -29.786 0.3750000000
95922  19.702  3.174  -30.521 0.8750000000
95908  19.321  3.757  -30.276 0.8750000000
94784  20.121  2.717  -30.673 0.8750000000
100565  16.977  6.957  -29.099 0.3750000000
99399  17.862  5.943  -29.695 0.3750000000
98186  18.465  5.499  -30.024 0.8750000000
191501  18.553  4.950  -29.958 0.7500000000
97053  20.471  4.468  -31.378 1.0000000000
97033  19.393  4.760  -30.806 1.0000000000
98185  18.898  5.136  -30.502 0.8750000000
95921  20.325  3.294  -31.030 1.0000000000
200604  19.463  4.237  -30.664 0.8750000000
94799  21.074  3.097  -31.449 1.0000000000
176079  15.238  8.504  -28.986 0.2500000000
101726  17.474  7.445  -29.627 0.7500000000
100563  18.193  6.573  -30.166 0.8750000000
98199  18.849  5.766  -30.673 0.8750000000
100564  17.667  6.739  -29.541 0.7500000000
188055  20.982  4.798  -31.639 1.0000000000
98198  19.910  4.961  -31.184 1.0000000000
98214  20.069  5.674  -31.298 1.0000000000
201043  21.967  3.805  -32.044 1.0000000000
95937  21.339  3.721  -31.786 1.0000000000
194483  21.770  3.199  -31.863 1.0000000000
95938  20.721  3.779  -31.487 1.0000000000
194953  14.011  8.811  -28.930 0.1250000000
101710  16.758  7.757  -29.392 0.6250000000
100576  18.544  7.044  -30.610 1.0000000000
182591  18.001  7.200  -30.129 0.8750000000
200506  19.562  6.263  -30.943 1.0000000000
97065  22.434  4.668  -32.408 1.0000000000
98227  21.597  5.191  -32.315 1.0000000000
98212  21.139  5.251  -31.910 1.0000000000
99425  20.144  6.358  -31.574 1.0000000000
176190  23.327  3.966  -32.367 1.0000000000
209849  22.095  4.297  -32.178 1.0000000000
177789  24.838  4.015  -31.660 1.0000000000
95935  23.021  3.444  -32.380 1.0000000000
108767  17.639  12.753  -30.284 0.2500000000
104030  13.968  8.979  -29.034 0.2500000000
105146  14.660  9.632  -29.168 0.3750000000
104028  15.972  9.057  -29.207 0.5000000000
102899  17.861  8.655  -30.322 1.0000000000
104049  16.871  9.353  -29.911 0.6250000000
194564  17.889  7.862  -30.228 1.0000000000
100586  20.194  7.089  -31.857 1.0000000000
101746  19.578  7.374  -31.408 1.0000000000
98224  23.510  5.146  -32.488 1.0000000000
98225  22.808  5.250  -32.710 1.0000000000
100603  21.404  6.901  -32.798 1.0000000000
99423  24.555  5.753  -32.343 1.0000000000
97049  24.331  4.512  -31.847 1.0000000000
98208  25.310  5.435  -31.707 1.0000000000
197619  25.780  4.902  -31.665 1.0000000000
107558  17.701  11.908  -30.608 0.5000000000
211334  16.618  12.416  -29.766 0.3750000000
107542  16.096  11.815  -29.678 0.3750000000
106300  16.031  10.705  -29.744 0.5000000000
106299  16.808  10.646  -30.143 0.5000000000
104065  18.090  9.460  -30.558 0.8750000000
104064  18.509  8.860  -30.755 1.0000000000
104080  18.984  9.638  -31.365 1.0000000000
101757  21.008  7.539  -32.840 1.0000000000
102922  19.637  8.502  -31.680 1.0000000000
100600  23.900  6.910  -33.246 1.0000000000
199700  22.727  6.890  -33.463 1.0000000000
100583  26.556  6.673  -32.076 1.0000000000
99437  24.996  6.362  -32.332 1.0000000000
207571  27.059  5.354  -31.900 0.8750000000
108789  18.064  12.453  -30.709 0.5000000000
107540  17.366  11.274  -30.277 0.5000000000
107557  18.294  11.579  -30.929 0.6250000000
106331  19.326  10.692  -31.769 0.6250000000
105203  18.853  10.343  -31.425 1.0000000000
105185  17.878  10.237  -30.762 0.7500000000
104094  20.344  9.294  -32.673 1.0000000000
182207  25.880  8.740  -32.433 1.0000000000
102945  24.374  8.258  -33.132 1.0000000000
101768  23.229  7.867  -33.811 1.0000000000
182354  21.907  8.061  -33.390 1.0000000000
191983  26.057  8.083  -32.013 1.0000000000
101755  24.868  7.214  -32.907 1.0000000000
100614  23.282  7.210  -33.634 1.0000000000
101742  27.228  7.853  -31.782 0.8750000000
101743  26.342  7.435  -31.899 1.0000000000
203499  27.378  6.453  -31.961 0.8750000000
107571  18.733  11.820  -31.330 0.5000000000
107570  19.173  11.445  -31.774 0.8750000000
179502  22.819  10.374  -33.727 1.0000000000
105226  21.779  10.111  -33.890 1.0000000000
209828  25.538  9.036  -32.527 1.0000000000
181642  23.839  9.618  -33.163 1.0000000000
181012  21.999  8.725  -33.546 1.0000000000
105201  26.254  9.942  -32.430 1.0000000000
102919  27.786  8.339  -32.078 1.0000000000
102920  27.121  8.498  -31.941 1.0000000000
104078  26.397  9.257  -32.429 1.0000000000
104075  28.283  8.799  -32.260 1.0000000000
108800  19.071  12.247  -31.641 0.5000000000
107588  19.520  11.802  -32.146 0.8750000000
107605  21.024  11.662  -33.226 1.0000000000
108832  23.589  12.038  -34.105 1.0000000000
106369  22.651  11.063  -34.059 1.0000000000
196294  21.440  11.222  -33.710 1.0000000000
107583  26.369  11.723  -32.353 1.0000000000
107584  25.959  11.290  -32.770 1.0000000000
107581  28.982  11.331  -32.301 1.0000000000
108798  27.075  11.527  -32.140 1.0000000000
106330  26.141  10.635  -32.483 1.0000000000
105211  28.702  9.893  -32.277 1.0000000000
107568  27.202  10.886  -31.983 1.0000000000
104090  28.837  9.246  -32.398 0.8750000000
114618  23.490  16.056  -34.076 1.0000000000
113409  22.357  15.549  -33.091 0.3750000000
113425  23.473  15.341  -34.248 0.8750000000
110082  24.098  13.364  -34.121 1.0000000000
192095  26.712  12.764  -32.161 1.0000000000
108815  25.493  12.548  -32.592 1.0000000000
115769  23.471  16.771  -33.962 0.8750000000
114617  24.310  16.229  -34.249 1.0000000000
113424  23.991  15.567  -34.713 1.0000000000
112330  24.195  14.844  -34.730 1.0000000000
113423  24.661  15.380  -34.572 1.0000000000
111237  24.734  13.619  -34.142 1.0000000000
110052  26.197  13.058  -32.527 1.0000000000
111218  26.859  13.530  -32.914 1.0000000000
110050  27.940  13.190  -32.279 1.0000000000
187238  24.375  17.232  -34.201 0.7500000000
188803  25.239  15.942  -34.141 1.0000000000
208339  26.085  15.110  -34.262 1.0000000000
112311  27.902  14.777  -33.440 1.0000000000
112312  26.773  14.655  -33.732 1.0000000000
178621  26.345  14.312  -33.484 1.0000000000
114616  25.500  16.054  -34.175 1.0000000000
113422  26.053  15.492  -34.395 1.0000000000
113407  26.551  15.086  -34.240 1.0000000000
122496  24.561  22.278  -35.329 0.1250000000
122487  24.666  22.422  -34.210 0.1250000000
122505  25.030  21.680  -36.603 0.2500000000
192195  24.415  22.695  -36.375 0.1250000000
196383  24.797  22.304  -37.253 0.3750000000
123575  24.321  23.237  -36.179 0.2500000000
123592  25.166  22.668  -37.433 0.5000000000
124697  25.398  23.168  -37.203 0.3750000000
124698  24.950  23.273  -37.091 0.2500000000
124687  24.660  23.506  -36.576 0.2500000000
125786  25.104  24.065  -36.290 0.2500000000
126867  25.527  24.961  -37.183 0.2500000000
125784  25.903  24.031  -36.774 0.3750000000
180197  26.136  24.978  -37.005 0.2500000000
97002  16.960  4.485  -29.064 0.1250000000
99383  17.127  5.403  -29.354 0.2500000000
100549  16.806  6.216  -28.936 0.1250000000
94795  23.846  2.595  -32.058 1.0000000000
106351  20.079  10.741  -32.742 0.8750000000
106350  24.723  10.803  -32.908 1.0000000000
94745  17.718  2.725  -28.656 0.1250000000
93594  19.028  2.245  -29.815 0.6250000000
93592  20.078  1.453  -30.182 0.7500000000
101688  15.919  7.322  -28.845 0.1250000000
92516  20.592  1.170  -30.664 1.0000000000
98151  16.626  5.048  -28.967 0.1250000000
93621  21.622  2.182  -31.153 1.0000000000
93619  22.711  2.245  -31.717 1.0000000000
94794  24.566  2.411  -31.825 1.0000000000
106281  13.548  10.777  -28.846 0.3750000000
202885  15.736  13.190  -29.142 0.2500000000
107519  14.361  12.017  -28.954 0.2500000000
186782  26.597  5.028  -31.852 0.8750000000
100582  28.044  6.639  -32.136 0.8750000000
99420  27.442  5.623  -31.998 0.8750000000
202631  29.219  8.137  -32.747 0.8750000000
114598  21.534  16.173  -32.487 0.1250000000
113410  21.353  15.529  -32.623 0.1250000000
110055  19.894  12.942  -31.792 0.3750000000
108818  20.770  12.918  -32.937 0.6250000000
106346  29.002  10.545  -32.288 1.0000000000
180080  29.120  8.722  -32.576 0.8750000000
113408  22.878  15.869  -33.629 0.5000000000
192585  22.077  14.983  -33.291 0.3750000000
111238  22.232  14.412  -33.901 0.8750000000
108812  28.312  12.508  -32.191 1.0000000000
110049  28.778  13.259  -32.086 1.0000000000
111215  29.225  13.831  -32.341 1.0000000000
185866  24.808  16.470  -34.175 1.0000000000
111233  27.746  14.224  -33.128 1.0000000000
116974  24.790  17.841  -34.704 0.8750000000
116989  26.705  17.861  -35.376 1.0000000000
114614  26.947  16.253  -34.488 1.0000000000
113406  27.307  15.075  -34.000 1.0000000000
122476  25.279  22.485  -33.375 0.1250000000
121362  25.221  21.092  -34.469 0.1250000000
120298  25.135  19.887  -37.169 0.6250000000
122515  25.284  21.494  -37.278 0.6250000000
196257  25.564  22.352  -37.521 0.5000000000
123564  24.440  22.803  -35.273 0.2500000000
124696  25.744  23.366  -36.953 0.5000000000
124678  25.223  23.933  -35.747 0.2500000000
125776  24.897  24.394  -36.285 0.2500000000
125775  26.309  23.869  -36.630 0.5000000000
126857  24.729  24.981  -36.627 0.1250000000
183879  25.158  24.680  -36.853 0.2500000000
126874  25.744  25.615  -37.492 0.2500000000
126856  26.789  25.030  -36.489 0.3750000000
127895  26.643  26.160  -36.903 0.2500000000
126868  25.028  25.331  -37.238 0.1250000000
94760  17.782  3.307  -28.813 0.1250000000
202478  18.401  3.269  -29.275 0.3750000000
94759  18.470  2.577  -29.349 0.5000000000
99384  16.582  5.633  -29.025 0.1250000000
94774  19.702  2.534  -30.168 0.7500000000
93606  20.283  2.033  -30.503 1.0000000000
94783  20.694  2.586  -30.925 1.0000000000
195106  19.287  5.374  -31.056 1.0000000000
209332  20.235  3.962  -31.138 1.0000000000
94797  22.302  2.736  -31.851 1.0000000000
94796  23.059  2.788  -32.228 1.0000000000
102900  17.277  8.152  -29.904 0.8750000000
100587  19.760  6.809  -31.320 1.0000000000
98211  23.681  4.583  -32.182 1.0000000000
99442  21.344  5.727  -32.377 1.0000000000
178556  21.116  6.373  -32.381 1.0000000000
179806  23.847  3.957  -32.219 1.0000000000
182466  24.321  3.028  -31.926 1.0000000000
106279  14.719  10.462  -29.079 0.3750000000
105166  16.336  9.920  -29.843 0.5000000000
104048  17.489  9.232  -30.225 0.8750000000
102923  19.010  8.267  -31.209 1.0000000000
101745  19.922  7.815  -31.850 1.0000000000
98209  24.697  5.270  -31.858 1.0000000000
202909  23.438  5.627  -32.801 1.0000000000
100602  21.783  6.213  -32.806 1.0000000000
99453  22.500  6.367  -33.127 1.0000000000
99438  24.419  6.142  -32.697 1.0000000000
191771  26.760  5.874  -31.951 1.0000000000
105165  16.956  10.031  -30.211 0.6250000000
106315  18.333  10.691  -31.053 0.6250000000
104079  19.465  9.250  -31.798 1.0000000000
105215  20.202  9.996  -32.748 1.0000000000
101769  22.542  7.490  -33.628 1.0000000000
211377  21.244  7.929  -33.151 1.0000000000
204808  20.397  8.692  -32.671 1.0000000000
100585  25.379  6.957  -32.209 1.0000000000
188238  27.000  7.186  -31.927 0.8750000000
187077  27.383  4.775  -32.184 0.8750000000
105216  19.734  10.323  -32.282 1.0000000000
104107  21.993  9.430  -33.624 1.0000000000
104077  26.992  9.134  -32.240 1.0000000000
101766  24.640  7.682  -33.021 1.0000000000
102947  23.151  8.457  -33.771 1.0000000000
104104  24.157  8.904  -33.279 1.0000000000
101741  27.928  7.734  -32.054 0.8750000000
106367  24.101  10.895  -33.370 1.0000000000
106370  21.560  10.666  -33.958 1.0000000000
105225  23.582  10.267  -33.350 1.0000000000
177735  22.333  9.857  -33.818 1.0000000000
104091  25.772  9.461  -32.543 1.0000000000
104106  22.652  9.028  -33.701 1.0000000000
105214  24.800  10.247  -32.659 1.0000000000
201492  27.874  10.105  -31.802 1.0000000000
105198  28.183  9.556  -32.089 1.0000000000
108819  20.369  12.611  -32.506 0.6250000000
108836  20.781  12.302  -32.927 0.7500000000
107604  21.746  11.784  -33.514 1.0000000000
107602  23.170  11.579  -34.066 1.0000000000
191267  23.036  12.078  -34.207 1.0000000000
107601  23.877  11.490  -33.758 1.0000000000
185663  24.068  12.631  -34.031 1.0000000000
189459  24.742  12.353  -33.758 1.0000000000
108817  25.002  11.934  -33.419 1.0000000000
108797  27.642  11.975  -32.224 1.0000000000
187696  25.813  11.992  -32.555 1.0000000000
107586  24.585  11.445  -33.324 1.0000000000
185237  23.339  14.661  -34.361 1.0000000000
112316  22.654  14.842  -33.823 0.7500000000
180926  23.203  12.543  -34.194 1.0000000000
110067  24.723  12.930  -33.861 1.0000000000
110083  23.369  13.258  -34.113 1.0000000000
111253  23.404  13.888  -34.218 1.0000000000
110065  25.552  13.141  -33.094 1.0000000000
111252  24.110  14.058  -34.420 1.0000000000
112329  24.913  14.746  -34.635 1.0000000000
111235  25.826  14.114  -33.745 1.0000000000
206118  25.563  13.649  -33.534 1.0000000000
111251  24.781  14.224  -34.575 1.0000000000
111217  27.522  13.657  -32.797 1.0000000000
114615  26.296  16.037  -34.698 1.0000000000
112313  26.059  14.669  -33.944 1.0000000000
113421  26.765  15.601  -34.380 1.0000000000
115784  26.613  17.264  -35.064 1.0000000000
115768  25.248  16.908  -34.846 1.0000000000
122477  25.000  22.008  -33.417 0.1250000000
184831  24.949  21.832  -34.332 0.1250000000
123574  25.280  23.585  -35.039 0.2500000000
123584  24.581  22.970  -36.977 0.2500000000
121372  25.250  21.342  -35.484 0.3750000000
208826  25.449  22.802  -37.403 0.5000000000
122514  25.449  21.788  -37.471 0.7500000000
126866  26.409  25.509  -37.081 0.2500000000
207908  18.081  2.812  -29.037 0.2500000000
94735  17.764  2.785  -28.564 0.1250000000
93580  17.885  2.393  -28.947 0.1250000000
178324  19.078  1.703  -29.752 0.6250000000
93593  19.648  1.877  -30.031 0.7500000000
93605  21.046  1.870  -30.969 1.0000000000
112317  20.934  15.077  -32.309 0.5000000000
108834  21.843  12.426  -33.680 0.8750000000
181285  21.394  13.759  -33.333 0.7500000000
110069  21.861  13.165  -33.817 0.8750000000
111239  21.540  14.575  -33.164 0.7500000000
195991  21.998  13.842  -33.798 1.0000000000
115786  25.580  17.562  -35.051 1.0000000000
206242  27.197  18.000  -35.093 1.0000000000
114613  27.661  16.540  -34.192 1.0000000000
189344  25.205  20.474  -34.434 0.3750000000
120308  25.379  20.287  -37.542 0.7500000000
121392  25.392  20.906  -37.541 0.7500000000
121383  24.937  20.645  -36.778 0.5000000000
122513  25.648  21.627  -37.512 0.7500000000
86188  21.441  -3.047  -29.456 0.7500000000
84937  23.384  -4.073  -29.679 0.7500000000
198046  20.822  -2.757  -29.631 0.7500000000
87472  20.603  -2.300  -29.783 0.7500000000
86203  23.189  -2.789  -30.088 0.7500000000
86204  22.052  -2.859  -29.779 0.7500000000
181063  22.093  -2.240  -30.037 0.7500000000
87489  20.925  -1.820  -29.990 0.7500000000
87486  23.580  -2.208  -30.284 0.7500000000
87487  22.745  -2.091  -30.298 0.7500000000
205917  22.156  -1.743  -30.273 0.7500000000
204734  20.138  0.312  -30.045 0.7500000000
92494  20.138  0.879  -30.102 0.6250000000
88760  21.861  -1.254  -30.413 0.7500000000
90029  21.496  -0.658  -30.492 0.8750000000
91266  21.027  -0.061  -30.468 0.8750000000
87499  23.157  -1.560  -30.563 0.7500000000
88772  22.796  -1.046  -30.765 0.7500000000
90046  21.781  0.027  -30.779 0.8750000000
177963  21.649  0.729  -31.277 0.8750000000
205762  24.055  -1.045  -30.730 0.7500000000
90045  22.790  -0.589  -30.948 0.7500000000
91283  22.912  0.101  -30.967 0.8750000000
93604  21.696  1.455  -31.361 0.8750000000
92512  23.997  0.811  -31.277 0.7500000000
204247  23.338  0.963  -31.152 0.8750000000
210980  22.970  1.792  -31.530 0.8750000000
93615  25.848  1.440  -31.783 0.8750000000
93616  24.916  1.770  -31.705 0.8750000000
94793  25.338  2.163  -31.928 0.8750000000
207621  24.964  2.879  -31.750 0.8750000000
94806  28.487  1.624  -32.736 0.3750000000
94791  27.743  2.059  -32.434 0.6250000000
199477  26.983  2.742  -32.074 0.7500000000
95931  26.159  3.362  -31.846 0.7500000000
95945  28.580  2.161  -33.310 0.5000000000
95946  28.278  2.220  -32.790 0.5000000000
97044  27.942  3.066  -32.871 0.7500000000
97045  27.602  3.900  -32.381 0.7500000000
95966  29.934  2.678  -34.324 0.1250000000
97077  28.882  3.428  -34.534 0.3750000000
97062  28.628  3.918  -33.675 0.6250000000
98222  28.419  4.539  -32.979 0.6250000000
99436  28.550  5.564  -32.661 0.6250000000
97093  31.121  3.255  -34.963 0.1250000000
202716  30.388  3.506  -35.285 0.1250000000
98250  29.619  4.837  -34.892 0.1250000000
99466  29.639  5.262  -35.477 0.1250000000
99451  29.284  5.830  -33.972 0.6250000000
100612  29.426  6.774  -33.897 0.6250000000
101765  29.386  7.326  -33.030 0.7500000000
189464  30.304  5.286  -36.052 0.1250000000
101795  29.722  6.745  -36.747 0.1250000000
101781  29.594  7.283  -35.751 0.1250000000
101775  29.643  7.204  -34.749 0.5000000000
101764  29.592  7.497  -33.814 0.6250000000
187883  29.712  8.711  -33.600 0.7500000000
98259  31.262  4.586  -36.123 0.1250000000
102960  29.863  8.037  -35.128 0.5000000000
104122  29.976  8.849  -35.215 0.5000000000
177957  30.051  9.402  -34.420 0.6250000000
104103  29.944  9.401  -33.149 0.7500000000
116975  24.055  17.988  -33.906 0.6250000000
118126  24.412  18.512  -34.245 0.5000000000
116991  25.508  18.100  -35.164 0.7500000000
203794  30.237  10.565  -34.677 0.6250000000
107616  30.470  11.247  -33.797 0.6250000000
208613  29.860  11.366  -32.731 0.8750000000
106402  30.143  11.024  -35.952 0.5000000000
106383  30.501  11.095  -34.488 0.6250000000
107615  30.767  11.742  -34.272 0.6250000000
107599  30.580  11.938  -33.638 0.7500000000
189490  24.963  18.446  -34.821 0.7500000000
180046  29.851  11.906  -32.786 0.8750000000
191563  29.043  14.387  -32.675 0.8750000000
112310  28.702  14.926  -33.333 0.8750000000
108828  30.524  12.640  -33.536 0.7500000000
183379  30.143  13.873  -32.880 0.8750000000
111231  29.753  14.329  -32.634 0.8750000000
112309  29.421  14.781  -33.033 0.8750000000
187840  29.553  16.048  -33.541 0.8750000000
201277  30.333  11.676  -36.796 0.3750000000
108867  30.835  12.167  -35.522 0.5000000000
108856  31.293  12.711  -35.157 0.5000000000
110081  30.891  13.098  -33.905 0.6250000000
108885  31.063  12.584  -37.408 0.2500000000
108866  31.211  12.578  -35.914 0.3750000000
110091  31.592  13.273  -34.881 0.5000000000
119213  25.454  18.940  -36.083 0.6250000000
118158  25.748  18.625  -36.342 0.7500000000
118142  25.999  18.103  -35.949 0.7500000000
117003  26.417  18.086  -36.223 0.8750000000
113420  27.491  15.847  -34.055 0.8750000000
114612  28.388  16.823  -34.062 0.7500000000
202840  29.523  16.666  -33.700 0.8750000000
111250  30.967  13.750  -33.787 0.6250000000
205865  30.652  14.787  -33.501 0.7500000000
110097  31.688  13.132  -35.580 0.3750000000
111267  32.036  13.660  -35.248 0.5000000000
181637  30.842  16.063  -33.670 0.7500000000
110104  31.543  13.029  -36.530 0.2500000000
119203  25.419  19.202  -35.154 0.6250000000
118156  26.512  18.500  -36.613 0.8750000000
118141  26.840  18.221  -35.864 0.8750000000
116973  27.842  17.948  -34.556 0.8750000000
119212  27.523  19.413  -35.422 0.7500000000
115764  28.649  17.525  -34.310 0.8750000000
177436  29.824  17.276  -33.671 0.7500000000
112307  31.094  15.455  -33.740 0.5000000000
113443  32.684  15.107  -35.968 0.2500000000
112341  32.401  14.876  -35.329 0.5000000000
111248  31.949  14.395  -34.847 0.5000000000
111275  31.970  13.648  -36.846 0.2500000000
120285  25.226  19.415  -36.252 0.5000000000
120297  25.592  19.651  -37.392 0.6250000000
120296  26.017  19.468  -37.179 0.7500000000
119224  27.099  19.368  -36.011 0.7500000000
196209  27.098  20.534  -35.877 0.7500000000
194379  27.514  20.038  -35.457 0.7500000000
119202  28.681  19.909  -34.248 0.7500000000
119211  28.160  19.818  -34.854 0.7500000000
121370  27.734  20.822  -35.108 0.7500000000
119201  29.110  19.625  -33.990 0.7500000000
211324  29.900  18.625  -33.774 0.7500000000
119189  29.673  19.744  -33.648 0.7500000000
115743  31.523  17.269  -33.574 0.5000000000
116950  31.369  17.883  -33.423 0.3750000000
118108  30.420  18.455  -33.544 0.6250000000
113433  32.873  15.881  -35.188 0.2500000000
114610  32.567  16.526  -34.223 0.3750000000
115742  32.106  17.358  -33.739 0.3750000000
120307  25.633  20.084  -37.587 0.6250000000
121371  27.298  21.275  -35.501 0.7500000000
196533  27.782  21.574  -34.582 0.7500000000
121360  28.816  20.966  -33.928 0.7500000000
120264  29.634  20.320  -33.555 0.6250000000
175914  32.291  18.863  -33.292 0.3750000000
120262  30.656  19.769  -33.184 0.3750000000
114635  33.082  16.448  -35.583 0.1250000000
116986  33.299  17.783  -34.886 0.1250000000
118122  33.265  18.143  -34.248 0.2500000000
121382  26.031  21.035  -37.068 0.6250000000
196528  26.732  21.630  -36.059 0.7500000000
196534  28.504  21.561  -34.072 0.7500000000
190547  30.603  20.407  -33.125 0.3750000000
121351  29.421  20.915  -33.593 0.3750000000
120274  29.097  20.323  -33.903 0.7500000000
182080  32.539  19.933  -33.483 0.2500000000
178066  31.582  20.197  -33.135 0.3750000000
120263  30.119  20.056  -33.306 0.6250000000
118171  33.542  18.944  -36.221 0.1250000000
179115  33.834  19.216  -35.046 0.1250000000
117014  33.305  17.616  -36.133 0.1250000000
122504  26.091  22.111  -36.752 0.6250000000
123583  26.282  22.797  -35.999 0.6250000000
123572  28.116  22.744  -34.531 0.3750000000
122495  27.370  21.974  -35.201 0.3750000000
123562  28.620  22.739  -34.049 0.3750000000
123551  31.540  22.693  -32.953 0.2500000000
193469  30.249  21.406  -33.165 0.3750000000
196531  29.163  21.537  -33.716 0.3750000000
120273  33.152  20.463  -33.964 0.1250000000
121347  31.873  20.833  -32.932 0.3750000000
186781  31.184  20.642  -33.006 0.3750000000
183084  33.258  18.805  -36.969 0.1250000000
119185  32.979  19.901  -33.746 0.1250000000
125774  26.861  23.989  -36.114 0.3750000000
123591  25.836  22.858  -37.015 0.3750000000
123582  27.210  23.044  -35.632 0.3750000000
124666  28.404  23.761  -34.291 0.3750000000
124675  27.836  23.399  -34.962 0.3750000000
124656  30.031  23.801  -33.641 0.3750000000
196328  28.823  23.385  -33.793 0.3750000000
205844  28.355  23.209  -34.274 0.3750000000
187739  30.890  23.453  -33.111 0.3750000000
187827  30.421  22.619  -33.308 0.3750000000
195141  29.224  22.724  -33.714 0.3750000000
188674  33.951  22.295  -34.666 0.1250000000
122471  32.179  21.571  -32.891 0.1250000000
123550  32.216  22.801  -33.060 0.2500000000
120282  33.670  20.518  -35.339 0.1250000000
126844  28.281  24.907  -34.626 0.2500000000
126833  28.871  24.911  -34.325 0.2500000000
125764  27.962  24.237  -34.667 0.3750000000
126816  30.567  24.910  -33.658 0.1250000000
196309  29.277  24.491  -33.993 0.3750000000
124665  28.861  23.978  -33.970 0.3750000000
125740  30.915  24.391  -33.327 0.1250000000
125741  30.306  24.339  -33.593 0.2500000000
188704  33.460  23.986  -33.827 0.1250000000
124653  31.759  23.755  -33.133 0.1250000000
126855  27.432  25.196  -35.776 0.3750000000
126845  27.680  24.759  -35.152 0.3750000000
126843  28.813  25.570  -34.598 0.2500000000
126831  30.150  25.514  -34.005 0.1250000000
127860  30.100  26.278  -34.202 0.1250000000
127859  31.156  26.057  -34.029 0.1250000000
128781  30.693  26.552  -34.218 0.1250000000
125763  34.207  24.219  -34.366 0.1250000000
188253  33.052  25.514  -33.866 0.1250000000
129683  30.277  27.452  -34.812 0.1250000000
128778  32.856  26.583  -34.396 0.1250000000
128792  30.909  27.157  -34.668 0.1250000000
194747  34.685  25.625  -34.615 0.1250000000
125762  34.706  24.544  -34.628 0.1250000000
92534  22.855  1.299  -31.347 0.8750000000
94792  26.228  1.889  -31.880 0.6250000000
105238  30.070  9.521  -35.215 0.6250000000
110047  29.999  13.261  -32.741 0.8750000000
111229  30.942  14.338  -33.748 0.5000000000
185809  32.121  13.581  -36.000 0.3750000000
119227  25.552  19.086  -36.931 0.6250000000
118157  26.121  18.557  -36.636 0.8750000000
185385  27.068  18.803  -35.913 0.8750000000
119225  26.568  19.033  -36.776 0.7500000000
116988  27.471  18.453  -35.115 0.8750000000
116987  28.242  18.635  -34.614 0.7500000000
118124  28.883  18.878  -34.169 0.7500000000
115763  29.324  17.672  -34.075 0.7500000000
114611  32.101  16.024  -34.084 0.5000000000
201129  31.945  16.712  -33.848 0.5000000000
114594  30.568  16.638  -33.483 0.7500000000
114625  32.576  15.949  -34.537 0.5000000000
124664  33.127  23.447  -33.644 0.1250000000
126832  29.445  25.198  -34.187 0.2500000000
128780  31.417  26.624  -34.280 0.1250000000
192230  33.661  25.582  -34.029 0.1250000000
99460  29.165  5.091  -33.932 0.5000000000
99435  29.062  5.991  -32.761 0.6250000000
99419  28.001  5.988  -32.254 0.7500000000
105243  29.944  9.627  -36.036 0.3750000000
106403  29.941  10.327  -35.993 0.3750000000
107645  29.866  11.441  -37.494 0.2500000000
187860  30.250  16.060  -33.577 0.7500000000
125738  32.251  24.243  -33.398 0.1250000000
108886  30.363  12.289  -38.220 0.1250000000
82342  22.015  -4.972  -28.984 0.7500000000
193283  21.625  -4.328  -29.111 0.7500000000
84940  20.722  -3.294  -29.210 0.7500000000
86189  20.241  -2.677  -29.403 0.7500000000
82340  23.514  -5.143  -29.330 0.7500000000
86187  22.030  -3.526  -29.618 0.7500000000
84936  24.135  -4.219  -29.845 0.7500000000
90032  19.826  -0.172  -29.754 0.6250000000
88762  20.540  -1.328  -30.035 0.7500000000
86202  23.971  -2.870  -30.101 0.6250000000
87498  24.008  -1.673  -30.518 0.7500000000
88770  24.749  -1.429  -30.562 0.6250000000
207773  25.268  -0.140  -31.279 0.6250000000
194676  26.373  0.429  -31.632 0.5000000000
93613  28.078  0.770  -32.374 0.3750000000
93614  26.876  0.944  -31.929 0.5000000000
93634  28.672  1.623  -32.726 0.1250000000
95954  29.648  2.072  -33.746 0.1250000000
95965  30.538  2.794  -34.277 0.1250000000
97083  32.204  3.449  -34.818 0.1250000000
98257  32.788  4.580  -35.746 0.1250000000
99478  31.497  5.806  -36.381 0.1250000000
100639  31.344  6.719  -36.449 0.1250000000
102973  30.022  7.787  -37.169 0.1250000000
102974  29.402  8.140  -36.885 0.1250000000
104139  28.635  9.223  -37.204 0.1250000000
181204  29.095  10.401  -37.184 0.2500000000
106407  29.990  11.036  -36.835 0.2500000000
119190  24.983  19.415  -34.202 0.5000000000
111290  31.297  13.992  -38.802 0.1250000000
110110  31.425  13.185  -37.505 0.2500000000
112371  32.086  15.119  -37.935 0.1250000000
114648  32.927  16.600  -36.829 0.1250000000
115812  33.140  17.365  -36.985 0.1250000000
191847  25.283  20.421  -35.665 0.3750000000
117020  33.047  18.101  -37.422 0.1250000000
184724  33.307  20.027  -36.877 0.1250000000
119257  32.998  19.332  -37.667 0.1250000000
180769  34.138  22.441  -35.311 0.1250000000
122520  34.061  22.892  -36.479 0.1250000000
127885  28.020  26.067  -35.536 0.2500000000
128795  28.824  26.817  -35.070 0.1250000000
129685  29.177  27.357  -35.131 0.1250000000
128790  32.458  27.119  -34.611 0.1250000000
128777  33.534  26.619  -34.429 0.1250000000
124672  35.104  24.084  -34.953 0.1250000000
127871  34.514  26.140  -34.607 0.1250000000
95932  25.554  4.135  -31.704 0.7500000000
106345  29.737  10.341  -32.586 0.7500000000
104088  29.801  9.784  -32.688 0.7500000000
115747  22.891  17.264  -33.420 0.3750000000
189686  28.806  15.660  -33.626 0.8750000000
93617  24.124  1.983  -31.741 0.8750000000
91267  20.538  0.440  -30.443 0.7500000000
91285  21.100  0.567  -30.848 0.8750000000
92535  22.404  1.669  -31.484 0.8750000000
202519  26.782  3.568  -32.058 0.7500000000
100613  29.311  6.358  -33.123 0.6250000000
197159  29.137  12.619  -32.284 0.8750000000
115783  27.208  17.516  -34.843 0.8750000000
115765  27.786  17.236  -34.364 0.8750000000
114596  28.195  16.155  -33.781 0.8750000000
124686  26.286  23.324  -36.055 0.3750000000
201918  26.557  24.347  -36.610 0.3750000000
127886  27.503  26.262  -36.157 0.1250000000
203052  27.658  25.730  -35.775 0.2500000000
86205  21.407  -2.380  -29.764 0.7500000000
84939  21.434  -3.718  -29.320 0.7500000000
207427  21.974  -4.015  -29.448 0.7500000000
84952  22.750  -3.371  -29.895 0.7500000000
84938  22.554  -4.014  -29.620 0.7500000000
83586  23.818  -4.776  -29.646 0.7500000000
84951  23.653  -3.489  -29.924 0.7500000000
87473  20.029  -2.076  -29.482 0.7500000000
87490  20.398  -1.810  -29.820 0.7500000000
191164  22.564  -2.699  -30.109 0.7500000000
88761  21.190  -1.265  -30.247 0.7500000000
88759  22.516  -1.354  -30.469 0.7500000000
184107  20.402  -0.162  -30.181 0.7500000000
91268  19.739  0.551  -29.708 0.6250000000
90030  20.806  -0.703  -30.232 0.7500000000
88773  22.241  -0.739  -30.865 0.8750000000
88771  23.370  -1.050  -30.754 0.7500000000
195111  22.352  -0.240  -31.117 0.8750000000
91284  22.248  0.386  -31.167 0.8750000000
197977  23.500  0.412  -30.975 0.7500000000
91282  24.414  0.009  -31.124 0.7500000000
92511  24.844  0.588  -31.290 0.7500000000
92532  24.449  1.324  -31.468 0.8750000000
92510  25.784  0.116  -31.416 0.6250000000
201709  25.710  2.681  -31.940 0.7500000000
93635  28.368  1.173  -32.522 0.2500000000
196016  27.844  1.304  -32.433 0.5000000000
191781  27.246  1.711  -32.040 0.6250000000
201349  27.514  3.129  -32.318 0.7500000000
97063  28.390  3.022  -33.539 0.5000000000
95955  29.214  1.821  -33.656 0.2500000000
94815  29.556  1.601  -33.405 0.1250000000
98251  29.776  3.772  -35.153 0.2500000000
98235  28.991  4.625  -33.779 0.3750000000
98221  28.901  5.119  -33.144 0.6250000000
97103  30.761  3.736  -35.510 0.1250000000
97092  32.351  3.608  -35.267 0.1250000000
189634  30.104  4.256  -35.430 0.1250000000
193276  28.779  5.908  -34.957 0.5000000000
100627  29.163  6.567  -35.624 0.1250000000
100634  29.526  6.296  -36.518 0.1250000000
100620  28.872  6.184  -34.987 0.5000000000
100640  30.340  6.324  -36.539 0.1250000000
101787  29.487  6.784  -36.423 0.1250000000
102964  29.632  7.661  -36.513 0.1250000000
102954  29.715  8.064  -34.147 0.6250000000
104125  30.150  8.909  -36.048 0.1250000000
105234  30.329  9.882  -33.659 0.6250000000
106384  30.352  10.585  -34.055 0.6250000000
108844  30.847  12.426  -34.083 0.6250000000
113402  30.535  15.448  -33.526 0.7500000000
182846  30.026  16.664  -33.528 0.7500000000
111261  31.682  13.805  -34.696 0.5000000000
119226  26.049  19.014  -36.952 0.6250000000
115745  29.143  17.042  -33.985 0.7500000000
111266  32.239  14.218  -35.598 0.3750000000
116972  28.664  18.209  -34.325 0.7500000000
183132  30.967  17.480  -33.383 0.6250000000
116953  29.862  18.020  -33.766 0.7500000000
113418  32.194  15.445  -34.319 0.5000000000
114641  32.777  15.989  -36.713 0.1250000000
112364  32.281  14.982  -37.171 0.1250000000
111282  32.145  14.312  -37.051 0.2500000000
112365  31.847  14.521  -37.819 0.1250000000
121381  26.696  20.949  -36.223 0.7500000000
120284  28.116  20.426  -34.850 0.7500000000
119188  30.169  19.281  -33.473 0.6250000000
118105  32.356  18.288  -33.413 0.3750000000
119187  30.858  19.110  -33.279 0.3750000000
114624  32.983  16.504  -34.816 0.1250000000
116969  32.971  17.496  -34.339 0.3750000000
122486  28.286  22.176  -34.259 0.3750000000
119186  32.743  19.381  -33.461 0.3750000000
196780  33.289  17.525  -35.425 0.1250000000
178217  33.512  18.842  -34.319 0.1250000000
117002  33.460  18.063  -35.544 0.1250000000
190873  30.766  21.668  -33.114 0.3750000000
122475  29.497  22.097  -33.525 0.3750000000
121346  32.532  20.966  -33.128 0.2500000000
119210  33.702  19.847  -35.425 0.1250000000
120294  33.507  20.132  -36.082 0.1250000000
199761  33.333  18.033  -36.770 0.1250000000
179067  33.293  19.922  -34.236 0.1250000000
122472  31.454  21.952  -33.008 0.2500000000
120283  33.444  20.492  -34.587 0.1250000000
122494  33.636  21.665  -34.441 0.1250000000
122484  33.247  21.636  -33.827 0.1250000000
124676  27.220  23.569  -35.646 0.3750000000
125753  29.917  24.812  -33.798 0.3750000000
123553  30.345  23.226  -33.434 0.3750000000
122493  33.954  21.751  -35.051 0.1250000000
123561  33.372  22.846  -33.819 0.1250000000
124663  33.654  23.446  -33.985 0.1250000000
123571  34.160  22.958  -34.874 0.1250000000
123549  32.805  22.848  -33.448 0.1250000000
124652  32.433  23.493  -33.301 0.1250000000
120306  33.597  20.670  -36.762 0.1250000000
121389  33.985  21.651  -36.123 0.1250000000
126854  28.092  25.482  -35.210 0.2500000000
127861  29.558  25.877  -34.379 0.2500000000
126814  31.971  24.898  -33.544 0.1250000000
126827  33.457  25.006  -33.863 0.1250000000
125737  32.916  24.075  -33.583 0.1250000000
126826  33.985  25.096  -34.100 0.1250000000
127873  29.091  26.350  -34.645 0.1250000000
127872  29.608  26.526  -34.403 0.1250000000
128793  30.080  26.926  -34.540 0.1250000000
127858  31.874  26.047  -34.081 0.1250000000
123570  34.409  23.453  -35.005 0.1250000000
125752  32.768  24.806  -33.694 0.1250000000
129684  29.721  27.467  -34.942 0.1250000000
128794  29.395  26.934  -34.735 0.1250000000
83588  22.358  -4.481  -29.225 0.7500000000
82341  22.830  -5.146  -29.173 0.7500000000
83568  20.864  -4.079  -29.038 0.7500000000
83589  21.176  -4.786  -28.742 0.7500000000
90015  19.680  -0.834  -29.633 0.5000000000
90031  20.161  -0.802  -29.980 0.6250000000
91281  25.371  -0.730  -30.949 0.6250000000
92509  26.806  -0.564  -31.981 0.5000000000
102981  29.467  8.395  -37.235 0.1250000000
102980  30.924  8.199  -37.560 0.1250000000
102982  28.859  8.684  -36.984 0.1250000000
208154  32.481  16.003  -37.680 0.1250000000
193659  33.936  22.388  -35.985 0.1250000000
123581  34.177  22.815  -35.838 0.1250000000
84916  20.125  -3.773  -28.890 0.7500000000
86190  19.473  -2.484  -29.189 0.5000000000
80894  22.624  -6.082  -28.579 0.6250000000
82325  23.278  -5.686  -29.047 0.6250000000
83566  24.412  -4.743  -28.658 0.3750000000
83567  23.841  -5.148  -29.355 0.6250000000
84915  24.794  -4.168  -29.074 0.2500000000
84935  24.635  -4.016  -29.754 0.3750000000
192750  27.280  -0.458  -32.219 0.3750000000
185934  24.887  18.884  -34.599 0.3750000000
183494  25.277  19.842  -34.907 0.2500000000
82326  22.406  -5.681  -28.942 0.6250000000
86186  24.891  -3.310  -29.791 0.5000000000
87497  24.774  -2.041  -30.459 0.5000000000
87496  25.380  -1.729  -30.571 0.3750000000
205374  24.391  -5.349  -27.477 0.5000000000
82324  23.913  -5.343  -28.549 0.6250000000
91280  26.205  -0.863  -31.439 0.5000000000
80877  22.288  -6.617  -28.166 0.6250000000
86168  19.061  -2.776  -28.722 0.3750000000
84917  19.531  -3.437  -28.517 0.3750000000
80895  21.916  -6.102  -28.620 0.6250000000
82327  21.603  -5.582  -28.834 0.6250000000
82328  20.573  -4.983  -28.492 0.6250000000
80849  24.312  -6.023  -26.769 0.3750000000
80875  23.538  -6.099  -27.811 0.5000000000
80876  22.889  -6.416  -27.997 0.6250000000
87457  18.864  -2.230  -28.810 0.2500000000
82288  24.621  -5.520  -26.998 0.3750000000
84914  25.190  -3.617  -28.552 0.2500000000
84895  24.950  -4.196  -28.203 0.2500000000
92495  19.538  1.227  -29.824 0.3750000000
86185  25.339  -2.984  -29.541 0.2500000000
87484  25.160  -2.137  -30.259 0.3750000000
88758  25.947  -1.647  -30.465 0.2500000000
90040  26.938  -0.924  -31.775 0.2500000000
203910  27.252  -0.752  -32.106 0.2500000000
108733  14.490  12.717  -28.703 0.1250000000
108787  18.876  13.058  -31.186 0.2500000000
92529  28.079  0.678  -32.322 0.2500000000
111240  20.969  14.346  -32.486 0.3750000000
110054  20.307  13.481  -32.157 0.2500000000
114597  22.769  16.681  -33.635 0.2500000000
211067  16.261  13.409  -29.139 0.1250000000
107497  13.942  11.962  -28.866 0.2500000000
92496  18.936  1.353  -29.469 0.2500000000
110053  20.912  13.605  -32.701 0.3750000000
192411  24.793  -2.473  -30.365 0.5000000000
84941  19.756  -3.127  -29.090 0.5000000000
83585  24.267  -4.593  -29.577 0.5000000000
84950  24.349  -3.491  -29.901 0.5000000000
92508  27.416  -0.515  -32.131 0.2500000000
87474  19.362  -1.818  -29.207 0.3750000000
189075  19.931  -1.419  -29.635 0.3750000000
91269  19.246  0.804  -29.392 0.2500000000
206851  21.003  -5.406  -28.596 0.6250000000
88748  19.298  -1.162  -29.255 0.3750000000
204621  26.080  -1.764  -31.277 0.2500000000
80893  23.131  -6.008  -28.416 0.6250000000
82305  23.543  -5.761  -28.367 0.5000000000
83546  24.741  -4.622  -27.844 0.2500000000
84894  25.237  -3.589  -27.692 0.2500000000
84934  25.088  -3.565  -29.327 0.3750000000
86200  25.013  -2.704  -29.993 0.3750000000
80874  24.160  -5.831  -27.369 0.5000000000
80896  21.176  -5.911  -28.467 0.6250000000
80833  24.032  -6.576  -26.534 0.3750000000
80851  23.287  -6.774  -27.527 0.5000000000
87471  25.321  -2.412  -29.822 0.2500000000
88757  26.397  -1.902  -31.026 0.2500000000
108713  13.415  12.523  -28.223 0.1250000000
79587  19.959  -6.535  -27.554 0.5000000000
79564  23.531  -6.957  -26.891 0.2500000000
78368  22.710  -7.732  -26.948 0.3750000000
79566  22.451  -7.681  -27.470 0.5000000000
79586  20.794  -6.859  -27.642 0.5000000000
79569  19.672  -7.007  -27.021 0.3750000000
80880  19.376  -5.519  -27.550 0.5000000000
80879  20.618  -6.181  -27.950 0.5000000000
191327  19.907  -5.872  -27.849 0.5000000000
82329  19.931  -4.837  -28.234 0.3750000000
80897  20.408  -5.504  -28.244 0.5000000000
202291  18.582  -6.938  -25.995 0.1250000000
79570  18.938  -6.806  -26.528 0.3750000000
203397  19.314  -4.218  -27.720 0.2500000000
77223  18.777  -8.507  -25.202 0.1250000000
78360  18.931  -7.411  -26.131 0.2500000000
77244  19.914  -8.042  -26.401 0.3750000000
78355  23.328  -7.526  -25.886 0.2500000000
77232  21.191  -8.332  -26.462 0.3750000000
78370  21.540  -8.140  -27.049 0.5000000000
78346  18.055  -7.321  -25.085 0.1250000000
78372  19.516  -7.443  -26.523 0.3750000000
192155  20.915  -8.006  -26.867 0.3750000000
189923  18.327  -5.661  -26.131 0.1250000000
82289  18.414  -4.866  -26.494 0.1250000000
107646  29.274  10.904  -37.565 0.1250000000
83569  19.794  -4.100  -28.230 0.3750000000
79583  22.690  -7.101  -27.767 0.3750000000
80878  21.493  -6.563  -27.984 0.5000000000
79584  22.075  -7.254  -27.805 0.5000000000
83570  19.415  -3.632  -27.837 0.2500000000
84918  19.118  -3.008  -27.728 0.2500000000
79549  23.781  -7.158  -26.287 0.2500000000
202537  20.336  -7.115  -27.302 0.5000000000
209871  19.459  -6.044  -27.496 0.5000000000
79550  23.183  -7.424  -26.568 0.3750000000
79567  21.824  -7.773  -27.457 0.3750000000
78369  22.192  -8.103  -27.001 0.3750000000
78371  20.271  -7.635  -26.874 0.3750000000
80852  19.159  -6.438  -27.192 0.2500000000
200693  18.969  -5.785  -27.117 0.1250000000
80881  18.836  -5.156  -27.103 0.1250000000
82307  19.265  -4.895  -27.771 0.1250000000
82306  19.746  -5.337  -27.980 0.5000000000
78361  18.463  -7.424  -25.707 0.1250000000
79552  18.240  -6.757  -25.536 0.1250000000
79551  18.348  -6.283  -26.007 0.1250000000
192088  18.136  -6.130  -25.411 0.1250000000
80853  18.616  -6.084  -26.640 0.1250000000
83526  18.807  -4.405  -27.067 0.1250000000
77224  18.309  -8.153  -24.824 0.1250000000
78345  18.406  -7.909  -25.388 0.1250000000
78359  19.372  -7.838  -26.146 0.3750000000
78344  22.297  -8.285  -25.780 0.2500000000
190204  18.488  -5.451  -26.599 0.1250000000
77234  19.639  -8.321  -25.884 0.2500000000
77220  21.184  -8.709  -25.870 0.2500000000
90016  19.291  -0.477  -29.267 0.2500000000
78356  22.678  -7.859  -26.249 0.2500000000
77222  19.336  -8.713  -25.460 0.1250000000
77235  18.930  -8.010  -25.728 0.1250000000
77243  20.535  -8.230  -26.525 0.2500000000
77233  20.247  -8.523  -26.088 0.2500000000
77221  20.601  -8.953  -25.787 0.1250000000
184234  18.676  0.304  -28.539 0.1250000000
116954  23.420  18.113  -33.183 0.1250000000
115746  23.559  17.459  -33.799 0.1250000000
118112  23.182  18.680  -32.572 0.1250000000
118111  23.851  18.587  -33.413 0.1250000000
118092  23.034  19.165  -31.989 0.1250000000
118091  23.893  19.100  -32.605 0.1250000000
193918  25.011  20.093  -33.806 0.1250000000
116956  22.428  17.846  -32.619 0.1250000000
119191  24.542  19.582  -33.204 0.1250000000
199345  24.136  19.847  -32.284 0.1250000000
119167  23.904  20.179  -31.327 0.1250000000
115748  22.406  17.179  -32.629 0.1250000000
110039  19.344  13.417  -31.345 0.1250000000
86169  18.522  -2.414  -28.058 0.1250000000
88729  18.744  -1.150  -28.205 0.1250000000
112299  20.274  14.906  -31.702 0.1250000000
114577  21.876  17.157  -31.979 0.1250000000
116936  21.781  18.569  -32.134 0.1250000000
116923  21.924  19.392  -31.034 0.1250000000
119157  22.893  20.248  -30.218 0.1250000000
120245  24.446  20.480  -31.241 0.1250000000
120251  24.588  20.374  -31.907 0.1250000000
191720  22.267  16.458  -32.628 0.1250000000
93579  18.547  1.925  -29.323 0.1250000000
197072  18.215  1.894  -28.834 0.1250000000
91244  19.331  0.184  -29.309 0.1250000000
118110  24.332  19.008  -33.786 0.1250000000
87475  18.891  -1.525  -28.819 0.1250000000
87458  18.807  -1.856  -28.134 0.1250000000
210010  20.440  14.164  -32.127 0.1250000000
91246  18.881  1.027  -29.129 0.1250000000
91245  18.949  0.475  -29.028 0.1250000000
90017  18.874  -0.797  -28.779 0.1250000000
91225  18.634  0.247  -28.081 0.1250000000
89996  18.623  -0.382  -28.234 0.1250000000
116955  22.583  18.388  -32.580 0.1250000000
116935  22.093  19.103  -32.053 0.1250000000
119168  23.373  19.680  -31.768 0.1250000000
118081  22.549  19.613  -31.417 0.1250000000
120265  24.685  20.282  -32.872 0.1250000000
116917  21.885  19.536  -30.188 0.1250000000
120244  24.846  20.754  -31.497 0.1250000000
80832  24.501  -6.167  -26.193 0.1250000000
82273  24.944  -5.154  -26.496 0.1250000000
83525  24.718  -4.841  -27.183 0.1250000000
83545  24.976  -4.117  -27.302 0.1250000000
86146  25.503  -3.082  -28.087 0.1250000000
86167  25.521  -3.094  -28.965 0.1250000000
86184  25.589  -2.346  -29.260 0.1250000000
87470  25.550  -1.977  -29.958 0.1250000000
88728  26.184  -1.227  -28.485 0.1250000000
88727  26.453  -0.983  -29.182 0.1250000000
91243  27.068  -0.134  -29.609 0.1250000000
187969  26.799  -1.093  -31.483 0.1250000000
91264  27.432  0.077  -30.316 0.1250000000
92507  27.899  -0.054  -32.048 0.1250000000
77218  22.557  -8.510  -25.139 0.1250000000
77231  21.726  -8.438  -26.087 0.1250000000
78343  22.905  -7.945  -25.493 0.1250000000
78342  23.585  -7.717  -25.253 0.1250000000
79536  24.602  -7.075  -25.438 0.1250000000
80831  25.022  -5.650  -25.922 0.1250000000
80817  24.802  -6.388  -25.644 0.1250000000
83524  25.209  -4.389  -26.567 0.1250000000
84866  25.795  -3.980  -26.337 0.1250000000
86145  25.799  -2.654  -27.625 0.1250000000
87456  25.879  -1.844  -28.547 0.1250000000
87438  26.381  -1.681  -27.385 0.1250000000
91224  27.248  0.102  -28.653 0.1250000000
92506  28.189  0.643  -31.625 0.1250000000
92481  27.671  0.890  -29.739 0.1250000000
93612  28.486  1.273  -32.464 0.1250000000
79548  24.330  -6.854  -25.996 0.1250000000
82274  24.689  -5.689  -26.451 0.1250000000
91279  27.266  -0.868  -31.929 0.1250000000
84876  25.477  -3.601  -26.930 0.1250000000
88746  26.389  -1.415  -30.191 0.1250000000
79537  24.054  -7.363  -25.706 0.1250000000
83518  25.638  -4.461  -26.058 0.1250000000
86166  25.661  -2.470  -28.368 0.1250000000
203563  25.594  -3.137  -27.428 0.1250000000
88747  25.918  -1.567  -29.424 0.1250000000
90014  26.779  -0.840  -29.911 0.1250000000
211372  26.076  -1.500  -27.943 0.1250000000
185337  26.805  -0.376  -28.936 0.1250000000
91265  27.076  -0.673  -30.838 0.1250000000
92493  27.994  0.223  -30.870 0.1250000000
91242  27.441  0.461  -29.188 0.1250000000
77208  22.867  -8.775  -24.511 0.1250000000
78333  23.903  -7.982  -24.599 0.1250000000
82259  25.811  -4.742  -25.616 0.1250000000
92492  28.044  1.222  -30.333 0.1250000000
78357  22.134  -8.217  -26.392 0.3750000000
78358  21.762  -8.242  -26.655 0.3750000000
79565  22.999  -7.357  -27.269 0.3750000000
79568  21.013  -7.547  -27.290 0.5000000000
79585  21.432  -7.221  -27.673 0.5000000000
80850  23.810  -6.373  -27.147 0.5000000000
82304  23.991  -5.554  -27.908 0.5000000000
83587  23.099  -4.594  -29.408 0.7500000000
86201  24.561  -2.853  -30.067 0.5000000000
87485  24.348  -2.391  -30.376 0.5000000000
87488  21.598  -1.786  -30.130 0.7500000000
88769  26.130  -1.910  -31.102 0.2500000000
90028  26.612  -1.424  -30.898 0.1250000000
90041  26.476  -1.633  -31.346 0.2500000000
90042  25.529  -1.586  -30.850 0.3750000000
90043  24.632  -0.761  -30.761 0.7500000000
90044  23.656  -0.371  -30.860 0.7500000000
91278  27.576  -0.419  -31.552 0.1250000000
92482  18.583  1.437  -28.994 0.1250000000
92513  22.841  0.716  -31.099 0.8750000000
92514  22.221  1.025  -31.342 0.8750000000
92515  21.190  1.121  -31.114 0.8750000000
92530  27.777  -0.066  -32.175 0.2500000000
92531  25.359  1.021  -31.417 0.8750000000
92533  23.577  1.503  -31.450 0.8750000000
93591  28.334  1.663  -30.820 0.1250000000
93618  23.385  2.159  -31.822 1.0000000000
93620  22.112  2.182  -31.427 1.0000000000
94782  21.306  2.486  -31.073 1.0000000000
94798  21.717  2.629  -31.402 1.0000000000
94805  29.153  1.621  -33.137 0.1250000000
94827  29.812  2.590  -34.070 0.1250000000
95896  17.367  4.024  -29.153 0.1250000000
95933  24.292  3.704  -31.952 1.0000000000
95934  23.671  3.306  -32.304 1.0000000000
95936  22.438  3.304  -32.199 1.0000000000
95978  31.055  2.715  -34.374 0.1250000000
95979  30.360  2.985  -34.788 0.1250000000
97001  17.409  4.387  -29.515 0.2500000000
97019  17.749  5.034  -29.719 0.7500000000
97046  26.999  4.151  -32.149 0.7500000000
97047  26.297  4.222  -31.858 0.7500000000
97048  25.048  4.737  -31.651 1.0000000000
97050  22.619  4.020  -32.270 1.0000000000
97051  21.606  4.261  -31.992 1.0000000000
97052  21.071  4.269  -31.732 1.0000000000
97064  23.057  4.604  -32.399 1.0000000000
97066  21.878  4.727  -32.224 1.0000000000
97067  21.395  4.753  -31.956 1.0000000000
97084  31.510  3.008  -34.575 0.1250000000
97085  29.395  3.152  -34.912 0.1250000000
97102  31.605  3.691  -35.560 0.1250000000
98171  16.757  5.047  -29.162 0.1250000000
98210  24.137  5.166  -32.215 1.0000000000
98213  20.600  5.176  -31.506 1.0000000000
98223  24.012  5.672  -32.651 1.0000000000
98226  22.135  5.168  -32.570 1.0000000000
98258  32.137  4.204  -35.780 0.1250000000
98260  30.641  4.475  -35.733 0.1250000000
99385  16.537  6.362  -28.600 0.1250000000
99398  18.461  6.065  -30.197 0.8750000000
99409  18.798  6.460  -30.580 1.0000000000
99421  26.040  6.315  -32.120 1.0000000000
99422  25.446  6.054  -31.914 1.0000000000
99424  20.743  5.871  -31.847 1.0000000000
99439  23.824  6.221  -32.979 1.0000000000
99440  23.005  5.956  -32.980 1.0000000000
99441  22.282  5.694  -32.991 1.0000000000
99443  20.565  6.519  -32.076 1.0000000000
99452  29.174  5.534  -33.318 0.5000000000
99459  29.215  5.140  -34.442 0.1250000000
99473  31.837  4.924  -36.144 0.1250000000
99474  29.343  5.947  -36.126 0.1250000000
100575  19.258  6.940  -30.911 1.0000000000
100584  25.858  6.926  -32.034 1.0000000000
100596  29.106  6.768  -32.509 0.6250000000
100597  28.717  6.340  -32.331 0.7500000000
100598  25.024  6.902  -32.580 1.0000000000
100599  24.552  6.683  -32.938 1.0000000000
100601  23.222  6.585  -33.239 1.0000000000
100604  20.816  7.013  -32.381 1.0000000000
100615  22.087  6.871  -33.191 1.0000000000
100633  30.873  5.446  -36.338 0.1250000000
101689  15.581  7.835  -28.879 0.1250000000
101725  18.345  7.537  -30.591 1.0000000000
101734  18.936  7.620  -30.980 1.0000000000
101744  25.683  7.497  -32.089 1.0000000000
101753  28.492  7.189  -32.158 0.8750000000
101754  25.241  7.385  -32.453 1.0000000000
101756  24.437  7.196  -33.127 1.0000000000
101758  20.447  7.654  -32.411 1.0000000000
101767  23.945  7.642  -33.330 1.0000000000
101770  21.696  7.459  -33.152 1.0000000000
101794  30.299  7.117  -36.988 0.1250000000
102879  16.740  8.558  -29.445 0.8750000000
102880  15.910  8.055  -29.326 0.2500000000
102881  15.114  8.408  -28.861 0.2500000000
102882  14.343  8.745  -28.890 0.1250000000
102912  18.465  8.192  -30.731 1.0000000000
102921  26.526  8.669  -32.217 1.0000000000
102930  28.811  8.615  -32.327 0.8750000000
102931  25.303  8.678  -32.605 1.0000000000
102932  24.966  8.178  -32.838 1.0000000000
102933  20.657  8.172  -32.943 1.0000000000
102934  20.185  8.297  -32.343 1.0000000000
102935  20.006  8.941  -32.240 1.0000000000
102943  29.447  8.092  -33.388 0.6250000000
102944  29.451  8.741  -33.011 0.7500000000
102946  23.725  8.351  -33.532 1.0000000000
102948  22.611  8.270  -33.704 1.0000000000
102949  21.323  8.478  -33.207 1.0000000000
104029  14.835  9.102  -29.082 0.2500000000
104076  27.634  8.997  -32.169 1.0000000000
104089  29.457  9.279  -32.664 0.8750000000
104092  25.222  9.234  -32.662 1.0000000000
104093  20.810  8.888  -32.982 1.0000000000
104095  19.772  9.592  -32.373 1.0000000000
104105  23.447  8.954  -33.564 1.0000000000
104108  21.425  9.141  -33.297 1.0000000000
104109  20.921  9.681  -33.054 1.0000000000
104116  29.637  8.769  -34.387 0.6250000000
104132  29.056  9.052  -36.698 0.1250000000
104137  30.325  8.630  -38.051 0.1250000000
105145  15.450  9.756  -29.429 0.3750000000
105147  14.186  9.815  -28.933 0.2500000000
105164  17.416  9.815  -30.410 0.8750000000
105184  18.496  9.975  -30.977 0.7500000000
105199  27.470  9.611  -32.084 1.0000000000
105200  26.819  9.770  -32.249 1.0000000000
105202  19.372  9.954  -31.837 1.0000000000
105210  29.268  9.844  -32.473 1.0000000000
105212  25.741  10.230  -32.507 1.0000000000
105213  25.251  9.877  -32.621 1.0000000000
105223  30.143  10.126  -32.974 0.7500000000
105224  24.316  10.233  -33.068 1.0000000000
105227  21.252  10.242  -33.470 1.0000000000
105228  20.634  10.454  -33.131 1.0000000000
105249  29.113  9.779  -36.783 0.2500000000
106278  15.304  10.291  -29.270 0.5000000000
106280  14.079  10.698  -29.012 0.3750000000
106298  17.337  10.463  -30.513 0.5000000000
106316  17.841  11.010  -30.666 0.6250000000
106327  28.312  10.296  -31.879 1.0000000000
106328  27.306  10.255  -31.923 1.0000000000
106329  26.650  10.428  -32.123 1.0000000000
106332  18.752  11.078  -31.416 0.6250000000
106347  28.390  10.971  -31.945 1.0000000000
106348  25.778  10.867  -32.696 1.0000000000
106349  25.250  10.571  -32.633 1.0000000000
106352  19.664  11.077  -32.212 0.8750000000
106366  30.321  10.670  -33.347 0.6250000000
106368  23.367  10.955  -33.763 1.0000000000
106371  21.065  10.910  -33.428 0.8750000000
106372  20.473  11.166  -33.066 0.8750000000
106396  30.201  10.858  -35.223 0.6250000000
106397  30.082  10.190  -35.233 0.6250000000
107498  13.309  11.461  -28.886 0.2500000000
107517  15.426  11.134  -29.306 0.5000000000
107518  14.650  11.494  -29.142 0.2500000000
107520  13.726  11.395  -29.096 0.2500000000
107541  16.772  11.656  -30.028 0.3750000000
107567  27.775  11.289  -31.908 1.0000000000
107569  26.556  11.075  -32.330 1.0000000000
107580  29.572  11.015  -32.518 0.8750000000
107582  28.350  11.695  -32.193 1.0000000000
107585  25.339  11.313  -33.000 1.0000000000
107587  20.005  11.470  -32.562 1.0000000000
107600  30.175  11.460  -33.167 0.7500000000
107603  22.465  11.795  -33.955 1.0000000000
107606  20.445  11.886  -32.750 0.8750000000
107628  30.507  11.599  -35.150 0.5000000000
107636  30.455  11.642  -36.053 0.3750000000
107656  29.169  11.136  -38.303 0.1250000000
108734  13.622  12.277  -28.596 0.2500000000
108753  16.896  13.036  -29.359 0.1250000000
108754  15.007  12.577  -29.054 0.2500000000
108768  17.118  12.600  -29.971 0.2500000000
108788  18.422  12.859  -30.859 0.2500000000
108799  19.347  12.815  -31.559 0.3750000000
108810  29.798  12.589  -32.645 0.8750000000
108811  28.949  11.968  -32.385 0.8750000000
108813  27.429  12.680  -32.127 1.0000000000
108814  26.892  12.173  -32.194 1.0000000000
108816  25.431  11.878  -33.035 1.0000000000
108820  19.881  12.177  -32.387 0.8750000000
108829  30.190  12.224  -33.146 0.7500000000
108830  25.193  12.535  -33.446 1.0000000000
108831  24.360  11.965  -33.799 1.0000000000
108833  22.530  12.533  -33.984 1.0000000000
108835  21.225  12.344  -33.270 0.7500000000
108843  31.185  12.877  -34.491 0.5000000000
108857  30.971  12.259  -34.737 0.5000000000
108876  31.064  12.439  -36.659 0.2500000000
108877  30.538  11.993  -37.325 0.2500000000
109944  13.704  13.286  -28.289 0.1250000000
109945  13.038  13.067  -26.668 0.1250000000
109967  13.959  13.367  -28.207 0.1250000000
110048  29.465  13.225  -32.335 1.0000000000
110051  27.102  13.178  -32.378 1.0000000000
110063  30.473  13.352  -33.333 0.8750000000
110064  30.189  12.802  -33.103 0.7500000000
110066  25.194  13.278  -33.736 1.0000000000
110068  22.596  13.204  -34.039 1.0000000000
110070  21.216  13.077  -33.469 0.6250000000
110080  31.360  13.485  -34.265 0.5000000000
110111  30.874  12.811  -38.109 0.2500000000
111214  29.735  13.754  -32.470 0.8750000000
111216  28.379  13.854  -32.539 1.0000000000
111219  26.228  13.655  -33.282 1.0000000000
111230  30.566  14.072  -33.377 0.6250000000
111232  28.339  14.426  -33.056 0.8750000000
111234  26.976  14.113  -33.233 1.0000000000
111236  25.237  13.881  -34.048 1.0000000000
111249  31.424  14.219  -34.210 0.5000000000
111274  32.274  14.190  -36.302 0.2500000000
111283  31.637  13.849  -37.716 0.2500000000
112308  30.047  14.915  -33.255 0.7500000000
112314  25.389  14.414  -34.304 1.0000000000
112315  22.963  15.233  -33.816 0.8750000000
112326  31.799  14.901  -34.281 0.5000000000
112327  31.226  14.881  -33.876 0.5000000000
112328  25.559  15.056  -34.291 1.0000000000
112331  22.767  14.368  -34.246 0.8750000000
112351  32.440  14.631  -35.921 0.3750000000
112357  32.432  14.784  -36.480 0.2500000000
113391  20.883  16.299  -32.154 0.1250000000
113401  31.498  16.062  -33.840 0.5000000000
113403  29.979  15.529  -33.471 0.7500000000
113404  29.419  15.261  -33.446 0.8750000000
113405  28.042  15.411  -33.649 0.8750000000
113419  31.669  15.467  -34.010 0.5000000000
113434  32.491  15.421  -34.879 0.5000000000
113442  32.934  15.748  -35.959 0.1250000000
113449  32.616  15.383  -36.599 0.1250000000
113456  32.460  15.655  -37.345 0.1250000000
114593  31.182  16.638  -33.655 0.7500000000
114595  28.949  16.395  -33.796 0.8750000000
114640  33.005  16.295  -36.237 0.1250000000
114649  32.636  16.251  -37.328 0.1250000000
115744  30.904  17.063  -33.459 0.7500000000
115761  32.918  16.936  -34.392 0.3750000000
115762  32.512  17.147  -34.054 0.3750000000
115766  26.473  16.629  -34.934 1.0000000000
115767  25.938  16.520  -34.849 1.0000000000
115782  33.149  17.147  -34.920 0.1250000000
115785  26.016  17.066  -35.087 1.0000000000
115797  33.194  17.071  -35.592 0.1250000000
115807  33.113  16.899  -36.241 0.1250000000
116949  31.990  17.818  -33.467 0.3750000000
116951  30.734  17.880  -33.388 0.6250000000
116952  30.269  17.744  -33.415 0.7500000000
116970  32.567  17.847  -33.839 0.3750000000
116971  29.308  18.357  -34.028 0.7500000000
116990  26.204  17.755  -35.356 0.8750000000
118106  31.851  18.355  -33.261 0.3750000000
118107  31.127  18.462  -33.444 0.3750000000
118109  29.527  19.095  -33.874 0.7500000000
118123  32.923  18.658  -33.678 0.3750000000
118125  28.518  19.325  -34.485 0.7500000000
118139  33.655  18.442  -34.904 0.1250000000
118140  27.822  19.075  -35.037 0.7500000000
118143  25.521  18.639  -35.379 0.7500000000
118155  33.685  18.725  -35.627 0.1250000000
119200  33.223  19.348  -33.908 0.1250000000
119223  33.720  19.381  -35.790 0.1250000000
119238  33.411  19.479  -36.495 0.1250000000
119250  33.216  19.501  -37.099 0.1250000000
120260  32.797  20.411  -33.503 0.2500000000
120261  32.210  20.313  -33.274 0.2500000000
120275  28.542  20.416  -34.307 0.7500000000
120295  26.742  19.767  -36.322 0.7500000000
120305  33.719  20.895  -36.080 0.1250000000
121348  31.342  21.285  -33.006 0.3750000000
121349  30.679  21.036  -33.086 0.3750000000
121350  30.053  20.807  -33.268 0.3750000000
121359  33.019  21.010  -33.592 0.1250000000
121361  28.290  20.982  -34.439 0.7500000000
121368  33.661  21.103  -34.847 0.1250000000
121369  33.355  21.054  -34.207 0.1250000000
121380  33.868  21.267  -35.493 0.1250000000
121391  25.492  20.870  -37.612 0.7500000000
121393  25.133  20.638  -37.283 0.7500000000
122470  32.865  21.590  -33.171 0.1250000000
122473  30.863  22.307  -33.156 0.2500000000
122474  30.166  22.030  -33.259 0.3750000000
122483  33.567  22.248  -34.073 0.1250000000
122485  28.923  22.144  -33.922 0.3750000000
122502  34.015  21.880  -35.567 0.1250000000
122503  26.743  22.397  -35.621 0.3750000000
122511  33.798  22.235  -36.623 0.1250000000
123552  30.894  22.933  -33.093 0.2500000000
123554  29.605  23.290  -33.612 0.3750000000
123560  33.830  22.883  -34.296 0.1250000000
123573  27.586  22.654  -35.124 0.3750000000
123580  34.427  23.179  -35.423 0.1250000000
124654  31.174  23.869  -33.053 0.1250000000
124655  30.622  23.859  -33.319 0.2500000000
124657  29.429  23.863  -33.834 0.3750000000
124673  34.548  23.915  -34.806 0.1250000000
124674  34.080  23.562  -34.506 0.1250000000
124685  34.987  23.690  -35.219 0.1250000000
125739  31.550  24.362  -33.276 0.1250000000
125742  29.805  24.248  -33.802 0.3750000000
125749  34.259  24.711  -34.251 0.1250000000
125750  33.816  24.503  -33.989 0.1250000000
125751  33.308  24.472  -33.776 0.1250000000
125754  28.593  24.382  -34.280 0.3750000000
125765  27.423  24.119  -35.302 0.3750000000
125785  25.503  24.000  -36.621 0.2500000000
126815  31.249  24.927  -33.547 0.1250000000
126825  34.471  25.128  -34.424 0.1250000000
126828  32.311  25.472  -33.842 0.1250000000
126829  31.577  25.472  -33.862 0.1250000000
126830  30.873  25.476  -33.862 0.1250000000
126865  27.125  25.626  -36.390 0.3750000000
127855  34.186  25.612  -34.315 0.1250000000
127856  33.892  26.129  -34.313 0.1250000000
127857  32.623  26.046  -34.062 0.1250000000
127874  28.513  26.173  -35.074 0.1250000000
128779  32.156  26.590  -34.360 0.1250000000
128791  31.730  27.142  -34.609 0.1250000000
175889  30.208  10.019  -34.489 0.6250000000
176445  31.590  18.993  -33.211 0.3750000000
176722  29.199  4.194  -34.713 0.3750000000
177932  23.068  9.676  -33.374 1.0000000000
178019  30.425  17.262  -33.333 0.6250000000
178257  29.695  7.372  -36.836 0.1250000000
178401  33.463  18.360  -36.220 0.1250000000
178507  22.113  10.536  -34.039 1.0000000000
179505  32.030  19.617  -33.266 0.2500000000
179696  29.474  11.629  -32.538 0.8750000000
180040  29.347  8.446  -36.725 0.1250000000
181088  27.667  7.187  -32.013 0.8750000000
181607  27.981  5.146  -32.438 0.6250000000
181694  15.521  12.196  -29.333 0.3750000000
182124  28.541  8.084  -32.177 1.0000000000
182560  33.572  19.919  -34.872 0.1250000000
183140  25.049  7.684  -32.756 1.0000000000
183347  24.646  9.524  -32.912 1.0000000000
184051  26.140  12.409  -32.272 1.0000000000
184186  19.401  7.917  -31.460 1.0000000000
184516  28.012  4.094  -32.623 0.6250000000
185453  29.997  8.282  -35.984 0.5000000000
185867  27.356  14.589  -33.519 1.0000000000
186392  25.553  -1.744  -30.487 0.3750000000
186441  18.843  -0.127  -28.873 0.2500000000
186710  21.974  11.148  -33.969 1.0000000000
186891  24.793  8.802  -32.932 1.0000000000
186932  30.229  14.393  -33.074 0.7500000000
187340  20.410  -4.426  -28.612 0.6250000000
187662  27.105  24.588  -35.832 0.3750000000
187849  31.343  23.333  -32.935 0.1250000000
187946  32.186  15.000  -34.668 0.5000000000
189356  17.305  12.087  -30.301 0.3750000000
189550  27.120  16.874  -34.711 0.8750000000
189702  32.034  22.235  -32.865 0.2500000000
190251  25.298  3.446  -31.724 0.7500000000
191023  24.365  -5.062  -27.918 0.5000000000
191210  33.081  22.234  -33.576 0.1250000000
191475  31.982  3.175  -35.017 0.1250000000
191922  25.999  5.625  -31.809 1.0000000000
192040  26.342  20.262  -36.773 0.7500000000
192149  33.842  23.959  -34.111 0.1250000000
192561  31.846  23.215  -32.987 0.1250000000
192890  17.246  8.794  -29.956 1.0000000000
192924  29.862  22.660  -33.456 0.3750000000
193018  29.720  10.483  -36.543 0.3750000000
193747  30.735  12.101  -36.312 0.3750000000
194318  32.543  22.224  -33.170 0.1250000000
194764  27.855  10.624  -31.718 1.0000000000
195565  26.657  8.020  -31.730 0.8750000000
195671  28.775  6.080  -35.549 0.1250000000
195728  29.735  21.473  -33.345 0.3750000000
195872  33.295  26.079  -34.123 0.1250000000
196731  16.251  12.709  -29.392 0.2500000000
197263  25.020  21.437  -33.532 0.1250000000
197335  25.452  8.036  -32.460 1.0000000000
197347  35.544  24.102  -35.235 0.1250000000
197355  30.003  9.246  -33.783 0.6250000000
197985  22.689  13.810  -34.090 1.0000000000
199015  28.994  2.619  -34.091 0.3750000000
199113  19.866  4.376  -31.011 1.0000000000
199276  31.275  19.631  -33.150 0.3750000000
199520  29.006  17.927  -34.216 0.7500000000
199712  26.788  7.626  -31.804 0.8750000000
200068  26.626  -0.688  -28.334 0.1250000000
200261  30.032  10.829  -32.815 0.7500000000
200481  27.841  22.235  -34.684 0.3750000000
200687  33.487  19.446  -34.469 0.1250000000
202444  25.507  6.544  -32.111 1.0000000000
202764  29.461  12.122  -32.544 0.8750000000
202955  32.679  15.402  -35.467 0.5000000000
203021  19.028  8.916  -31.219 1.0000000000
203322  23.030  17.787  -33.099 0.1250000000
203401  18.477  12.225  -30.961 0.5000000000
203511  19.806  3.811  -30.805 1.0000000000
204303  19.525  12.358  -31.925 0.5000000000
204613  29.398  2.717  -34.350 0.1250000000
204656  21.821  5.592  -32.666 1.0000000000
204919  20.754  -8.563  -26.159 0.2500000000
206112  30.587  26.003  -34.037 0.1250000000
206615  29.413  27.677  -35.250 0.1250000000
206990  28.971  8.249  -32.413 0.8750000000
206996  24.132  16.877  -34.139 0.8750000000
207015  29.823  7.775  -35.839 0.5000000000
207264  19.537  -4.552  -28.037 0.2500000000
207792  29.218  6.297  -36.102 0.1250000000
208437  29.956  5.898  -36.379 0.1250000000
208492  14.101  10.261  -28.882 0.3750000000
208539  26.479  2.505  -31.926 0.7500000000
208547  29.040  7.640  -32.415 0.8750000000
208926  29.394  20.017  -33.771 0.7500000000
209086  18.774  8.552  -30.954 1.0000000000
209381  24.730  3.440  -31.717 1.0000000000
209725  18.677  9.384  -30.918 0.8750000000
209765  33.153  16.776  -35.203 0.1250000000
210347  21.492  9.702  -33.453 1.0000000000
210792  31.040  20.132  -33.101 0.3750000000
211381  18.698  12.452  -31.202 0.5000000000
211411  24.968  5.827  -31.956 1.0000000000
211459  15.783  7.698  -29.025 0.1250000000
