#!ascii label  , from subject sub-05_ses-012.long.sub-05 vox2ras=TkReg
371
202618  28.414  15.178  -31.728 0.0000000000
102281  25.659  5.470  -28.304 0.0000000000
124289  26.100  20.768  -30.077 0.0000000000
137789  25.875  30.824  -32.017 0.0000000000
204137  24.133  3.661  -27.572 0.0000000000
127623  28.724  23.524  -29.700 0.0000000000
131965  28.650  26.504  -29.376 0.0000000000
195661  26.511  12.677  -31.632 0.0000000000
108802  27.571  10.069  -30.623 0.0000000000
200344  28.700  12.804  -29.932 0.0000000000
119886  30.020  18.202  -31.201 0.0000000000
116567  30.180  15.684  -29.513 0.0000000000
197165  27.580  18.548  -31.246 0.0000000000
124303  29.474  20.956  -31.153 0.0000000000
135507  26.557  28.926  -32.086 0.0000000000
135490  29.346  29.166  -29.577 0.0000000000
105520  27.293  7.419  -27.983 0.0000000000
129732  27.509  25.248  -30.126 0.0000000000
131975  27.602  26.619  -30.224 0.0000000000
190707  27.594  14.176  -31.577 0.0000000000
112088  28.069  12.728  -31.197 0.0000000000
114372  28.899  14.136  -31.278 0.0000000000
101108  24.600  4.583  -27.784 0.0000000000
121933  26.531  19.828  -30.540 0.0000000000
188599  28.197  19.464  -30.886 0.0000000000
123093  28.190  20.592  -30.183 0.0000000000
128649  30.544  24.499  -29.265 0.0000000000
127621  30.715  23.375  -30.153 0.0000000000
137791  24.287  31.286  -32.760 0.0000000000
135521  24.952  29.119  -32.460 0.0000000000
135519  26.237  29.788  -32.093 0.0000000000
139897  30.027  32.549  -31.607 0.0000000000
214834  30.617  31.925  -31.122 0.0000000000
136609  29.276  30.166  -30.184 0.0000000000
137772  31.238  30.746  -30.760 0.0000000000
135488  30.940  29.145  -29.892 0.0000000000
108784  28.089  10.293  -29.246 0.0000000000
107684  27.280  9.204  -29.310 0.0000000000
98629  23.299  3.358  -27.325 0.0000000000
125424  27.883  21.881  -29.828 0.0000000000
127640  27.534  23.374  -29.807 0.0000000000
129720  29.367  25.199  -29.172 0.0000000000
196020  30.713  26.318  -29.203 0.0000000000
109894  26.255  10.402  -31.474 0.0000000000
110990  26.706  11.405  -31.309 0.0000000000
110975  27.651  11.418  -30.440 0.0000000000
110956  28.403  11.600  -29.271 0.0000000000
118826  29.608  17.017  -31.705 0.0000000000
115526  29.366  15.308  -31.054 0.0000000000
117709  30.119  16.732  -30.062 0.0000000000
116604  26.925  15.317  -31.313 0.0000000000
117723  26.324  16.794  -31.610 0.0000000000
183995  28.061  16.475  -31.849 0.0000000000
119902  28.641  18.225  -31.641 0.0000000000
121965  29.753  19.414  -32.027 0.0000000000
123107  30.915  20.828  -30.965 0.0000000000
125422  29.386  21.970  -30.091 0.0000000000
125437  30.797  21.837  -31.045 0.0000000000
133157  26.417  27.789  -31.361 0.0000000000
138883  27.047  31.358  -31.202 0.0000000000
136611  27.839  30.034  -30.722 0.0000000000
135491  27.743  28.854  -31.086 0.0000000000
133147  27.582  27.743  -30.672 0.0000000000
133145  28.546  27.712  -29.617 0.0000000000
210931  30.977  28.289  -29.286 0.0000000000
104487  25.712  6.194  -29.061 0.0000000000
107702  26.357  8.913  -30.451 0.0000000000
114346  29.099  13.815  -29.960 0.0000000000
113195  29.245  13.133  -28.804 0.0000000000
130826  27.151  25.983  -30.359 0.0000000000
131976  26.874  26.640  -30.591 0.0000000000
115537  28.186  14.272  -31.697 0.0000000000
114384  28.410  13.785  -31.723 0.0000000000
114383  28.661  14.545  -31.520 0.0000000000
97262  22.640  1.658  -26.759 0.0000000000
209980  23.125  2.129  -26.887 0.0000000000
102263  25.195  4.998  -27.815 0.0000000000
123095  26.639  20.417  -30.154 0.0000000000
121932  27.156  20.078  -30.356 0.0000000000
124288  26.771  21.000  -29.936 0.0000000000
130811  31.256  25.525  -29.141 0.0000000000
129730  31.152  24.732  -29.379 0.0000000000
137790  24.808  31.400  -32.469 0.0000000000
136622  23.989  30.781  -32.541 0.0000000000
135520  25.628  29.440  -32.230 0.0000000000
137788  30.895  31.395  -30.961 0.0000000000
137771  32.009  30.692  -30.880 0.0000000000
108777  28.251  10.256  -28.520 0.0000000000
108778  27.668  9.844  -28.844 0.0000000000
197121  24.158  5.565  -28.885 0.0000000000
126572  26.551  22.911  -30.114 0.0000000000
216964  27.057  23.948  -29.942 0.0000000000
130824  28.396  25.874  -29.480 0.0000000000
129731  28.063  25.255  -29.483 0.0000000000
130814  28.950  25.861  -29.127 0.0000000000
130813  29.676  25.788  -29.233 0.0000000000
199914  29.946  26.336  -29.177 0.0000000000
138894  24.780  31.555  -32.406 0.0000000000
111002  26.313  11.541  -31.561 0.0000000000
112100  26.736  12.114  -31.520 0.0000000000
110988  27.540  12.009  -30.947 0.0000000000
112073  28.042  12.162  -30.452 0.0000000000
112052  28.395  12.310  -29.723 0.0000000000
98628  23.855  3.279  -27.297 0.0000000000
98614  24.021  2.824  -26.971 0.0000000000
118838  29.870  17.595  -31.435 0.0000000000
118825  29.965  17.107  -31.238 0.0000000000
119872  30.219  17.681  -30.927 0.0000000000
207104  26.230  14.971  -31.318 0.0000000000
201989  26.877  18.539  -31.212 0.0000000000
118827  26.881  17.313  -31.473 0.0000000000
117722  27.163  16.628  -31.572 0.0000000000
117721  27.731  17.152  -31.465 0.0000000000
191778  28.934  17.572  -31.630 0.0000000000
119887  28.066  18.298  -31.385 0.0000000000
123110  29.250  20.379  -31.374 0.0000000000
121949  29.062  19.746  -31.584 0.0000000000
123109  29.703  20.539  -31.493 0.0000000000
121947  29.902  20.099  -31.481 0.0000000000
186110  30.216  20.697  -31.244 0.0000000000
126553  28.306  23.007  -29.785 0.0000000000
202394  28.526  22.337  -29.888 0.0000000000
126552  29.070  22.809  -29.984 0.0000000000
126550  30.526  22.768  -30.518 0.0000000000
125436  31.284  22.053  -31.195 0.0000000000
201066  25.834  28.763  -32.287 0.0000000000
134384  25.367  28.240  -32.173 0.0000000000
134377  26.172  28.295  -31.884 0.0000000000
133158  25.917  27.765  -31.743 0.0000000000
134376  26.865  28.306  -31.584 0.0000000000
139898  29.302  32.399  -31.413 0.0000000000
138881  28.084  31.567  -30.610 0.0000000000
203266  28.115  30.557  -30.374 0.0000000000
136600  28.915  29.614  -29.997 0.0000000000
135505  28.203  29.382  -30.513 0.0000000000
209061  28.244  28.739  -30.557 0.0000000000
134363  27.896  28.265  -30.612 0.0000000000
134362  28.367  28.315  -30.009 0.0000000000
133146  28.034  27.725  -30.144 0.0000000000
209190  29.045  28.384  -29.463 0.0000000000
136596  32.021  29.682  -30.098 0.0000000000
134360  30.638  28.742  -29.376 0.0000000000
135486  32.343  29.035  -29.969 0.0000000000
134342  31.514  28.019  -29.318 0.0000000000
104502  24.741  6.524  -29.275 0.0000000000
108816  26.732  9.927  -31.283 0.0000000000
107719  26.570  9.400  -30.933 0.0000000000
107718  27.244  9.487  -30.989 0.0000000000
106564  26.881  8.702  -28.705 0.0000000000
105543  26.706  7.938  -29.065 0.0000000000
105532  26.854  7.560  -28.458 0.0000000000
105533  26.302  7.339  -28.728 0.0000000000
218169  29.864  15.478  -30.007 0.0000000000
115510  29.590  15.079  -30.338 0.0000000000
115495  29.891  14.988  -29.596 0.0000000000
128666  27.144  24.565  -30.253 0.0000000000
129733  26.829  25.284  -30.727 0.0000000000
130825  27.875  25.884  -30.008 0.0000000000
197805  28.244  26.366  -29.956 0.0000000000
195653  27.417  13.287  -31.510 0.0000000000
113248  27.098  12.813  -31.393 0.0000000000
114385  27.929  13.626  -31.980 0.0000000000
113234  28.269  13.368  -31.758 0.0000000000
113233  28.594  13.173  -31.056 0.0000000000
99840  24.566  3.987  -27.476 0.0000000000
98627  24.555  3.231  -27.249 0.0000000000
99830  24.974  3.828  -27.086 0.0000000000
101087  25.291  3.996  -26.341 0.0000000000
120917  30.554  18.952  -30.569 0.0000000000
198143  30.780  18.450  -30.240 0.0000000000
120921  26.265  18.823  -31.099 0.0000000000
192008  27.454  19.056  -31.017 0.0000000000
120920  28.099  18.856  -31.170 0.0000000000
121950  27.323  19.574  -30.619 0.0000000000
123111  28.609  20.172  -30.865 0.0000000000
124304  28.878  20.780  -30.691 0.0000000000
127607  29.417  23.857  -29.611 0.0000000000
127622  30.033  23.280  -30.077 0.0000000000
128665  30.928  24.038  -29.749 0.0000000000
127620  31.335  23.589  -30.299 0.0000000000
138890  30.055  32.137  -31.154 0.0000000000
138880  29.429  31.791  -30.889 0.0000000000
137775  28.851  30.722  -30.359 0.0000000000
213918  29.657  30.630  -30.341 0.0000000000
136599  29.696  29.720  -29.902 0.0000000000
135489  30.182  29.254  -29.599 0.0000000000
136607  30.865  30.171  -30.403 0.0000000000
136606  31.635  30.195  -30.486 0.0000000000
215367  27.627  9.789  -29.853 0.0000000000
107700  27.202  9.175  -30.226 0.0000000000
107676  27.391  9.242  -28.280 0.0000000000
99831  22.751  3.169  -27.098 0.0000000000
99842  22.835  3.752  -27.551 0.0000000000
101129  23.552  4.562  -28.111 0.0000000000
101128  24.134  4.826  -28.101 0.0000000000
102264  24.646  4.972  -28.116 0.0000000000
102282  25.055  5.265  -28.527 0.0000000000
125425  26.108  21.461  -30.028 0.0000000000
124305  26.977  21.712  -29.950 0.0000000000
125440  27.133  22.390  -29.968 0.0000000000
216004  27.160  22.957  -29.911 0.0000000000
212259  28.057  23.584  -29.623 0.0000000000
204100  27.736  24.655  -29.531 0.0000000000
127624  28.132  24.121  -29.433 0.0000000000
127608  28.718  24.166  -29.478 0.0000000000
129719  30.104  25.126  -29.179 0.0000000000
130812  30.424  25.702  -29.210 0.0000000000
130810  31.514  26.492  -29.280 0.0000000000
138893  25.253  31.763  -32.238 0.0000000000
110991  26.520  10.861  -31.437 0.0000000000
187814  26.902  10.667  -31.220 0.0000000000
112089  27.081  11.866  -31.283 0.0000000000
110989  27.104  11.363  -30.931 0.0000000000
109883  27.755  10.711  -30.392 0.0000000000
109863  27.937  10.444  -29.914 0.0000000000
109862  28.245  10.860  -29.305 0.0000000000
109854  28.517  10.782  -28.207 0.0000000000
116602  28.883  15.862  -32.325 0.0000000000
205826  28.985  15.272  -31.627 0.0000000000
116601  29.267  15.912  -31.614 0.0000000000
116590  29.622  16.001  -30.917 0.0000000000
116589  29.944  16.082  -30.142 0.0000000000
119871  30.656  17.812  -30.230 0.0000000000
117708  30.548  17.168  -29.801 0.0000000000
117697  30.414  16.452  -29.445 0.0000000000
194185  26.829  14.491  -31.360 0.0000000000
194503  27.645  14.795  -31.535 0.0000000000
116603  27.844  15.442  -31.682 0.0000000000
117735  26.596  16.092  -31.485 0.0000000000
190923  27.512  15.973  -31.641 0.0000000000
196702  28.533  15.866  -32.218 0.0000000000
117734  28.838  16.296  -32.309 0.0000000000
118839  29.488  17.576  -31.657 0.0000000000
119900  29.649  18.222  -31.646 0.0000000000
120919  28.703  19.143  -31.555 0.0000000000
120931  29.513  18.869  -32.066 0.0000000000
120930  29.766  18.767  -31.752 0.0000000000
121946  30.247  19.539  -31.053 0.0000000000
123108  30.603  20.183  -30.994 0.0000000000
124287  27.622  21.164  -29.993 0.0000000000
124286  28.440  21.209  -30.046 0.0000000000
125439  29.850  21.373  -30.621 0.0000000000
126551  29.892  22.593  -30.238 0.0000000000
125421  30.050  21.906  -30.385 0.0000000000
125438  30.351  21.571  -30.805 0.0000000000
124301  30.589  21.234  -31.044 0.0000000000
131986  26.680  27.225  -30.978 0.0000000000
138892  26.256  31.585  -31.857 0.0000000000
138891  27.008  31.909  -31.376 0.0000000000
137778  26.801  30.772  -31.518 0.0000000000
136619  26.677  30.153  -31.715 0.0000000000
136612  27.337  30.104  -31.346 0.0000000000
135506  27.035  29.429  -31.515 0.0000000000
136610  28.483  30.073  -30.287 0.0000000000
191478  27.585  29.545  -30.999 0.0000000000
188010  27.178  28.732  -31.548 0.0000000000
134375  27.445  28.272  -31.168 0.0000000000
133156  27.098  27.760  -31.116 0.0000000000
131985  27.317  27.182  -30.724 0.0000000000
197804  27.745  27.260  -30.309 0.0000000000
131974  28.230  27.048  -29.860 0.0000000000
131973  28.797  27.092  -29.399 0.0000000000
134361  29.908  28.678  -29.322 0.0000000000
134344  29.788  27.947  -29.310 0.0000000000
133136  29.781  27.359  -29.177 0.0000000000
131962  30.869  27.045  -29.234 0.0000000000
133134  31.562  27.327  -29.229 0.0000000000
103379  25.126  6.026  -29.193 0.0000000000
103361  25.975  5.973  -28.564 0.0000000000
106590  26.105  8.382  -30.113 0.0000000000
106589  26.664  8.720  -30.138 0.0000000000
184587  26.469  8.104  -29.778 0.0000000000
106572  25.821  7.791  -29.955 0.0000000000
104500  25.826  7.013  -29.043 0.0000000000
104486  26.170  6.608  -28.631 0.0000000000
197814  29.082  14.765  -31.310 0.0000000000
114359  29.074  14.166  -30.568 0.0000000000
113222  28.913  13.106  -30.382 0.0000000000
114345  29.754  14.204  -29.333 0.0000000000
205977  29.272  13.647  -29.231 0.0000000000
112051  28.749  12.703  -29.243 0.0000000000
110955  28.792  12.108  -29.115 0.0000000000
101109  24.068  4.195  -27.858 0.0000000000
102283  24.401  5.233  -28.541 0.0000000000
103362  25.477  5.624  -28.950 0.0000000000
104501  25.302  6.706  -29.255 0.0000000000
105531  27.178  7.979  -28.400 0.0000000000
106571  26.930  8.554  -29.652 0.0000000000
107701  26.831  9.164  -30.566 0.0000000000
108815  27.371  10.698  -30.865 0.0000000000
109882  27.942  11.142  -29.824 0.0000000000
109893  27.174  10.117  -31.223 0.0000000000
110948  28.535  11.180  -28.718 0.0000000000
112039  29.098  12.396  -28.634 0.0000000000
112072  28.618  12.636  -30.538 0.0000000000
113208  28.866  13.234  -29.558 0.0000000000
113235  27.386  12.456  -31.295 0.0000000000
113247  27.824  13.071  -31.621 0.0000000000
114358  29.387  14.506  -30.071 0.0000000000
114386  27.179  13.789  -31.376 0.0000000000
115511  29.227  14.669  -30.791 0.0000000000
117719  29.902  16.614  -30.724 0.0000000000
117720  29.642  16.529  -31.480 0.0000000000
117733  29.192  16.428  -31.975 0.0000000000
118814  30.196  17.195  -30.478 0.0000000000
118840  29.155  16.910  -31.945 0.0000000000
118841  28.565  16.968  -31.913 0.0000000000
119885  30.364  18.324  -30.665 0.0000000000
119888  27.443  17.903  -31.298 0.0000000000
119889  26.663  17.897  -31.399 0.0000000000
119901  29.215  18.210  -31.764 0.0000000000
119903  28.235  17.665  -31.460 0.0000000000
120918  30.089  18.886  -31.174 0.0000000000
120932  28.993  18.824  -31.881 0.0000000000
121948  29.573  19.928  -31.912 0.0000000000
121951  26.740  19.221  -30.924 0.0000000000
121966  29.403  19.373  -32.125 0.0000000000
123094  27.390  20.545  -30.111 0.0000000000
123096  26.117  20.282  -30.348 0.0000000000
123112  27.888  19.981  -30.258 0.0000000000
124285  29.189  21.277  -30.264 0.0000000000
124302  30.031  21.028  -31.143 0.0000000000
125423  28.683  21.773  -29.966 0.0000000000
125441  26.312  22.228  -29.995 0.0000000000
126571  30.437  22.215  -30.737 0.0000000000
127606  30.278  23.844  -29.572 0.0000000000
127625  27.576  24.049  -29.703 0.0000000000
127641  26.447  24.107  -30.206 0.0000000000
128650  29.813  24.478  -29.264 0.0000000000
128651  29.029  24.608  -29.223 0.0000000000
128652  28.315  24.682  -29.186 0.0000000000
128664  31.500  24.336  -30.037 0.0000000000
129718  30.752  25.098  -29.182 0.0000000000
129721  28.635  25.267  -29.128 0.0000000000
129729  31.676  25.050  -29.798 0.0000000000
130823  31.855  25.820  -29.723 0.0000000000
130834  26.547  26.059  -30.840 0.0000000000
131961  32.170  27.000  -29.240 0.0000000000
131963  30.176  26.900  -29.173 0.0000000000
131964  29.429  26.914  -29.175 0.0000000000
133133  32.109  27.666  -29.336 0.0000000000
133135  30.342  27.538  -29.143 0.0000000000
133137  29.184  27.571  -29.347 0.0000000000
133163  25.516  27.540  -32.036 0.0000000000
134341  32.049  28.419  -29.640 0.0000000000
134343  30.450  28.213  -29.154 0.0000000000
134359  31.306  28.618  -29.585 0.0000000000
135487  31.654  29.080  -29.924 0.0000000000
136597  31.229  29.566  -30.318 0.0000000000
136598  30.534  29.656  -30.124 0.0000000000
136608  30.080  30.178  -30.243 0.0000000000
137773  30.380  30.862  -30.502 0.0000000000
137776  28.020  31.230  -30.201 0.0000000000
138879  30.185  31.612  -30.752 0.0000000000
182414  26.646  13.313  -31.530 0.0000000000
182442  28.652  28.973  -29.917 0.0000000000
183214  28.885  13.645  -30.818 0.0000000000
191740  29.410  23.230  -29.989 0.0000000000
193259  28.005  11.774  -29.876 0.0000000000
193584  25.560  21.470  -30.459 0.0000000000
196673  26.788  23.488  -30.043 0.0000000000
200206  29.254  26.374  -29.160 0.0000000000
206259  30.957  27.750  -29.189 0.0000000000
207178  27.762  22.634  -29.725 0.0000000000
208606  28.392  10.634  -28.829 0.0000000000
211680  28.655  13.588  -31.503 0.0000000000
211839  29.645  15.595  -30.471 0.0000000000
213987  28.487  18.654  -31.533 0.0000000000
214275  29.000  26.734  -29.253 0.0000000000
214888  27.437  9.577  -30.495 0.0000000000
216632  26.823  10.363  -31.397 0.0000000000
